-1.360895112156867981e-06 0.000000000000000000e+00
2.507586032152175903e-07 2.002002002002001985e-02
-3.287568688392639160e-06 4.004004004004003969e-02
-9.639188647270202637e-07 6.006006006006005954e-02
-4.302943125367164612e-06 8.008008008008007939e-02
5.711861886084079742e-04 1.001001001001000923e-01
3.576888330280780792e-02 1.201201201201201191e-01
9.847212629392743111e-02 1.401401401401401459e-01
2.326479672919958830e-01 1.601601601601601588e-01
3.054741851519793272e-01 1.801801801801801717e-01
3.346740249544382095e-01 2.002002002002001846e-01
3.124273351859301329e-01 2.202202202202202252e-01
1.885471118148416281e-01 2.402402402402402382e-01
8.365377900190651417e-02 2.602602602602602788e-01
6.412279047071933746e-02 2.802802802802802917e-01
1.342843926977366209e-01 3.003003003003003046e-01
1.424838120583444834e-01 3.203203203203203175e-01
2.210805080831050873e-01 3.403403403403403304e-01
3.400873937644064426e-01 3.603603603603603434e-01
4.787789452821016312e-01 3.803803803803803563e-01
4.428818763699382544e-01 4.004004004004003692e-01
3.236259201075881720e-01 4.204204204204204376e-01
2.696533035486936569e-01 4.404404404404404505e-01
1.605972810648381710e-01 4.604604604604604634e-01
8.472321787849068642e-02 4.804804804804804763e-01
1.133862859569489956e-02 5.005005005005005447e-01
1.714797690510749817e-06 5.205205205205205576e-01
1.699663698673248291e-07 5.405405405405405705e-01
-4.356261342763900757e-07 5.605605605605605835e-01
-5.813781172037124634e-07 5.805805805805805964e-01
1.013046130537986755e-06 6.006006006006006093e-01
-1.810956746339797974e-06 6.206206206206206222e-01
1.889886334538459778e-06 6.406406406406406351e-01
-8.947681635618209839e-07 6.606606606606606480e-01
-6.519258022308349609e-07 6.806806806806806609e-01
9.895302355289459229e-07 7.007007007007006738e-01
3.611436113715171814e-06 7.207207207207206867e-01
1.173233613371849060e-06 7.407407407407406996e-01
-2.969987690448760986e-06 7.607607607607607125e-01
-2.342974767088890076e-06 7.807807807807807254e-01
-3.292690962553024292e-06 8.008008008008007383e-01
-1.981621608138084412e-06 8.208208208208208623e-01
-1.108506694436073303e-06 8.408408408408408752e-01
1.003732904791831970e-06 8.608608608608608881e-01
1.115258783102035522e-07 8.808808808808809010e-01
-3.627268597483634949e-06 9.009009009009009139e-01
4.360917955636978149e-07 9.209209209209209268e-01
-2.703629434108734131e-06 9.409409409409409397e-01
-4.100147634744644165e-07 9.609609609609609526e-01
-1.068692654371261597e-06 9.809809809809809655e-01
-3.192340955138206482e-06 1.001001001001001089e+00
-1.816079020500183105e-07 1.021021021021021102e+00
-4.381639882922172546e-06 1.041041041041041115e+00
-1.113861799240112305e-06 1.061061061061061128e+00
1.111533492803573608e-06 1.081081081081081141e+00
-2.731569111347198486e-06 1.101101101101101154e+00
9.601935744285583496e-07 1.121121121121121167e+00
2.355081960558891296e-06 1.141141141141141180e+00
-3.102701157331466675e-06 1.161161161161161193e+00
-1.251930370926856995e-06 1.181181181181181206e+00
-8.076895028352737427e-07 1.201201201201201219e+00
-3.231689333915710449e-07 1.221221221221221231e+00
2.603046596050262451e-07 1.241241241241241244e+00
-4.766508936882019043e-06 1.261261261261261257e+00
-4.787929356098175049e-06 1.281281281281281270e+00
9.259674698114395142e-07 1.301301301301301283e+00
2.258457243442535400e-07 1.321321321321321296e+00
-2.098735421895980835e-06 1.341341341341341309e+00
5.334150046110153198e-07 1.361361361361361322e+00
-5.858018994331359863e-06 1.381381381381381335e+00
-3.874301910400390625e-07 1.401401401401401348e+00
-3.823079168796539307e-07 1.421421421421421361e+00
-2.124812453985214233e-06 1.441441441441441373e+00
1.191394403576850891e-06 1.461461461461461386e+00
1.508742570877075195e-07 1.481481481481481399e+00
2.065207809209823608e-07 1.501501501501501412e+00
-2.950429916381835938e-06 1.521521521521521425e+00
-6.782356649637222290e-07 1.541541541541541438e+00
5.826366576366126537e-02 1.561561561561561451e+00
1.937093799933791161e-01 1.581581581581581464e+00
3.101255423389375210e-01 1.601601601601601477e+00
3.983075791038572788e-01 1.621621621621621712e+00
3.533538600895553827e-01 1.641641641641641725e+00
2.834954538848251104e-01 1.661661661661661737e+00
4.030853132717311382e-01 1.681681681681681750e+00
5.055337550584226847e-01 1.701701701701701763e+00
7.014077345374971628e-01 1.721721721721721776e+00
9.538360307924449444e-01 1.741741741741741789e+00
1.181724155088886619e+00 1.761761761761761802e+00
9.663593475706875324e-01 1.781781781781781815e+00
7.281522625125944614e-01 1.801801801801801828e+00
4.052134042140096426e-01 1.821821821821821841e+00
1.790438217576593161e-01 1.841841841841841854e+00
1.424539124127477407e-01 1.861861861861861867e+00
1.370205297134816647e-01 1.881881881881881879e+00
1.104524577967822552e-01 1.901901901901901892e+00
7.728455588221549988e-02 1.921921921921921905e+00
3.578124637715518475e-02 1.941941941941941918e+00
-2.740649506449699402e-06 1.961961961961961931e+00
-1.564389094710350037e-06 1.981981981981981944e+00
4.656612873077392578e-09 2.002002002002002179e+00
-4.102475941181182861e-07 2.022022022022022192e+00
2.416782081127166748e-07 2.042042042042042205e+00
4.068538127467036247e-02 2.062062062062062218e+00
8.173074247315526009e-02 2.082082082082082231e+00
5.972227011807262897e-02 2.102102102102102243e+00
6.686391541734337807e-03 2.122122122122122256e+00
1.935424352996051311e-02 2.142142142142142269e+00
2.133769844658672810e-02 2.162162162162162282e+00
2.278628223575651646e-02 2.182182182182182295e+00
3.831378929316997528e-02 2.202202202202202308e+00
8.737788652069866657e-02 2.222222222222222321e+00
5.433038948103785515e-02 2.242242242242242334e+00
5.359727912582457066e-02 2.262262262262262347e+00
6.021015043370425701e-02 2.282282282282282360e+00
2.272020862437784672e-02 2.302302302302302373e+00
7.473875535652041435e-03 2.322322322322322385e+00
1.657102257013320923e-04 2.342342342342342398e+00
-2.039130777120590210e-06 2.362362362362362411e+00
-1.904787495732307434e-06 2.382382382382382424e+00
-7.671769708395004272e-07 2.402402402402402437e+00
-1.095002517104148865e-06 2.422422422422422450e+00
-4.319008439779281616e-07 2.442442442442442463e+00
-1.500127837061882019e-06 2.462462462462462476e+00
-1.181382685899734497e-06 2.482482482482482489e+00
1.855893060564994812e-06 2.502502502502502502e+00
1.251697540283203125e-06 2.522522522522522515e+00
6.759073585271835327e-07 2.542542542542542527e+00
-4.824250936508178711e-07 2.562562562562562540e+00
-3.170920535922050476e-06 2.582582582582582553e+00
5.490146577358245850e-07 2.602602602602602566e+00
4.544854164123535156e-07 2.622622622622622579e+00
-1.390930265188217163e-06 2.642642642642642592e+00
-8.352333679795265198e-06 2.662662662662662605e+00
2.131098881363868713e-06 2.682682682682682618e+00
4.267785698175430298e-07 2.702702702702702631e+00
-9.655486792325973511e-07 2.722722722722722644e+00
-1.659383997321128845e-06 2.742742742742742657e+00
1.955078914761543274e-06 2.762762762762762669e+00
-6.556743755936622620e-06 2.782782782782782682e+00
-3.823777660727500916e-06 2.802802802802802695e+00
1.331325620412826538e-06 2.822822822822822708e+00
-3.194902092218399048e-06 2.842842842842842721e+00
-4.251487553119659424e-07 2.862862862862862734e+00
2.142041921615600586e-08 2.882882882882882747e+00
-1.253560185432434082e-06 2.902902902902902760e+00
6.265472620725631714e-07 2.922922922922922773e+00
-5.862908437848091125e-06 2.942942942942942786e+00
8.023343980312347412e-07 2.962962962962962798e+00
-1.639826223254203796e-06 2.982982982982982811e+00
1.619337126612663269e-06 3.003003003003002824e+00
-3.590015694499015808e-06 3.023023023023022837e+00
-1.633306965231895447e-06 3.043043043043042850e+00
-3.451248630881309509e-06 3.063063063063062863e+00
-5.034729838371276855e-06 3.083083083083082876e+00
-2.834014594554901123e-06 3.103103103103102889e+00
-1.953216269612312317e-06 3.123123123123122902e+00
-1.074979081749916077e-06 3.143143143143142915e+00
9.946525096893310547e-07 3.163163163163162928e+00
-4.228204488754272461e-06 3.183183183183182940e+00
-5.119945853948593140e-07 3.203203203203202953e+00
-4.341360181570053101e-06 3.223223223223223410e+00
-4.012836143374443054e-06 3.243243243243243423e+00
-2.474989742040634155e-07 3.263263263263263436e+00
9.955838322639465332e-07 3.283283283283283449e+00
-1.259613782167434692e-06 3.303303303303303462e+00
-3.927852958440780640e-07 3.323323323323323475e+00
-2.733664587140083313e-06 3.343343343343343488e+00
1.133186742663383484e-06 3.363363363363363501e+00
-4.373025149106979370e-06 3.383383383383383514e+00
4.014021251350641251e-04 3.403403403403403527e+00
6.807867903262376785e-03 3.423423423423423539e+00
1.722081936895847321e-02 3.443443443443443552e+00
1.453808462247252464e-02 3.463463463463463565e+00
4.170599114149808884e-02 3.483483483483483578e+00
4.014487424865365028e-02 3.503503503503503591e+00
2.510145260021090508e-02 3.523523523523523604e+00
9.686371544376015663e-03 3.543543543543543617e+00
9.998809546232223511e-04 3.563563563563563630e+00
6.439341697841882706e-03 3.583583583583583643e+00
2.009120793081820011e-02 3.603603603603603656e+00
1.949374191462993622e-02 3.623623623623623669e+00
5.584023892879486084e-05 3.643643643643643681e+00
-1.638662070035934448e-06 3.663663663663663694e+00
-1.747859641909599304e-06 3.683683683683683707e+00
8.167698979377746582e-07 3.703703703703703720e+00
1.846347004175186157e-06 3.723723723723723733e+00
-1.507112756371498108e-06 3.743743743743743746e+00
1.704320311546325684e-07 3.763763763763763759e+00
1.045176759362220764e-06 3.783783783783783772e+00
1.665204763412475586e-06 3.803803803803803785e+00
4.079192876815795898e-07 3.823823823823823798e+00
-2.960907295346260071e-06 3.843843843843843811e+00
-2.467771992087364197e-06 3.863863863863863823e+00
-1.014443114399909973e-06 3.883883883883883836e+00
-5.268957465887069702e-07 3.903903903903903849e+00
-2.095941454172134399e-06 3.923923923923923862e+00
-7.357448339462280273e-07 3.943943943943943875e+00
-2.609798684716224670e-06 3.963963963963963888e+00
-2.590240910649299622e-06 3.983983983983983901e+00
-1.355307176709175110e-06 4.004004004004004358e+00
-6.814487278461456299e-06 4.024024024024024371e+00
1.481734216213226318e-06 4.044044044044044384e+00
-2.132030203938484192e-06 4.064064064064064397e+00
-5.052192136645317078e-06 4.084084084084084409e+00
2.191867679357528687e-06 4.104104104104104422e+00
1.633772626519203186e-06 4.124124124124124435e+00
-2.367189154028892517e-06 4.144144144144144448e+00
1.707347109913825989e-06 4.164164164164164461e+00
-3.678724169731140137e-08 4.184184184184184474e+00
2.165324985980987549e-08 4.204204204204204487e+00
2.316199243068695068e-06 4.224224224224224500e+00
-1.546461135149002075e-06 4.244244244244244513e+00
-4.407484084367752075e-07 4.264264264264264526e+00
-2.419808879494667053e-06 4.284284284284284539e+00
-1.821201294660568237e-06 4.304304304304304551e+00
-1.886393874883651733e-06 4.324324324324324564e+00
-2.263113856315612793e-06 4.344344344344344577e+00
7.036142051219940186e-07 4.364364364364364590e+00
2.225162461400032043e-06 4.384384384384384603e+00
-3.923196345567703247e-06 4.404404404404404616e+00
-2.321088686585426331e-06 4.424424424424424629e+00
3.993045538663864136e-07 4.444444444444444642e+00
-1.153908669948577881e-06 4.464464464464464655e+00
-2.240529283881187439e-06 4.484484484484484668e+00
3.322493284940719604e-07 4.504504504504504681e+00
-4.868488758802413940e-06 4.524524524524524693e+00
-2.547167241573333740e-07 4.544544544544544706e+00
-1.840991899371147156e-06 4.564564564564564719e+00
8.831266313791275024e-07 4.584584584584584732e+00
-2.887565642595291138e-06 4.604604604604604745e+00
8.381903171539306641e-07 4.624624624624624758e+00
-4.065921530127525330e-06 4.644644644644644771e+00
-9.292270988225936890e-07 4.664664664664664784e+00
-7.599126547574996948e-06 4.684684684684684797e+00
-2.630753442645072937e-06 4.704704704704704810e+00
8.025672286748886108e-07 4.724724724724724823e+00
1.815147697925567627e-06 4.744744744744744835e+00
1.064036041498184204e-06 4.764764764764764848e+00
-4.092929884791374207e-06 4.784784784784784861e+00
-4.686880856752395630e-06 4.804804804804804874e+00
-2.781627699732780457e-06 4.824824824824824887e+00
-6.076646968722343445e-06 4.844844844844844900e+00
-3.616325557231903076e-06 4.864864864864864913e+00
-5.248002707958221436e-07 4.884884884884884926e+00
-2.767192199826240540e-06 4.904904904904904939e+00
-1.440756022930145264e-06 4.924924924924924952e+00
-2.671498805284500122e-06 4.944944944944944965e+00
-6.687361747026443481e-06 4.964964964964964977e+00
9.997747838497161865e-07 4.984984984984984990e+00
-1.140637323260307312e-06 5.005005005005005003e+00
-1.274980604648590088e-06 5.025025025025025016e+00
-1.136213541030883789e-06 5.045045045045045029e+00
-6.828922778367996216e-07 5.065065065065065042e+00
8.924398571252822876e-07 5.085085085085085055e+00
-1.638196408748626709e-06 5.105105105105105068e+00
-5.422858521342277527e-06 5.125125125125125081e+00
-1.830048859119415283e-07 5.145145145145145094e+00
-2.038897946476936340e-06 5.165165165165165106e+00
-2.394663169980049133e-06 5.185185185185185119e+00
-4.145316779613494873e-06 5.205205205205205132e+00
-3.323191776871681213e-06 5.225225225225225145e+00
4.839149606414139271e-02 5.245245245245245158e+00
2.711099563166499138e-01 5.265265265265265171e+00
7.289204236585646868e-01 5.285285285285285184e+00
1.539232078939676285e+00 5.305305305305305197e+00
2.830872886814177036e+00 5.325325325325325210e+00
4.512452399823814631e+00 5.345345345345345223e+00
5.917938248487189412e+00 5.365365365365365236e+00
6.309552225284278393e+00 5.385385385385385248e+00
5.991113420575857162e+00 5.405405405405405261e+00
5.611278275959193707e+00 5.425425425425425274e+00
5.454964769305661321e+00 5.445445445445445287e+00
5.132226221263408661e+00 5.465465465465465300e+00
5.191534023964777589e+00 5.485485485485485313e+00
4.837594821583479643e+00 5.505505505505505326e+00
4.550229168962687254e+00 5.525525525525525339e+00
4.338139633182436228e+00 5.545545545545545352e+00
4.030170561512932181e+00 5.565565565565565365e+00
3.622205388732254505e+00 5.585585585585585378e+00
3.136495873564854264e+00 5.605605605605605390e+00
2.433084221789613366e+00 5.625625625625625403e+00
1.790641131578013301e+00 5.645645645645645416e+00
1.305158474016934633e+00 5.665665665665665429e+00
8.880590084008872509e-01 5.685685685685685442e+00
5.875166202895343304e-01 5.705705705705705455e+00
6.516997208818793297e-01 5.725725725725725468e+00
5.427091354504227638e-01 5.745745745745745481e+00
4.734117635525763035e-01 5.765765765765765494e+00
3.213922309223562479e-01 5.785785785785785507e+00
1.379552567377686501e-01 5.805805805805805520e+00
9.719598549418151379e-02 5.825825825825825532e+00
1.200353251770138741e-01 5.845845845845845545e+00
8.926352555863559246e-02 5.865865865865865558e+00
4.996880469843745232e-02 5.885885885885885571e+00
4.065448511391878128e-02 5.905905905905905584e+00
1.690771128050982952e-02 5.925925925925925597e+00
3.057914297096431255e-02 5.945945945945945610e+00
5.531665496528148651e-02 5.965965965965965623e+00
1.285023922100663185e-01 5.985985985985985636e+00
2.061496849637478590e-01 6.006006006006005649e+00
3.958372198976576328e-01 6.026026026026025662e+00
3.612114847637712955e-01 6.046046046046045674e+00
2.762827163096517324e-01 6.066066066066065687e+00
2.019659571815282106e-01 6.086086086086085700e+00
1.665483212564140558e-01 6.106106106106105713e+00
5.923244729638099670e-02 6.126126126126125726e+00
1.113414252176880836e-02 6.146146146146145739e+00
3.240326885133981705e-03 6.166166166166165752e+00
-4.371162503957748413e-06 6.186186186186185765e+00
6.681540980935096741e-06 6.206206206206205778e+00
1.266275066882371902e-04 6.226226226226225791e+00
9.205138077959418297e-03 6.246246246246245803e+00
5.969335325062274933e-05 6.266266266266265816e+00
1.544132828712463379e-06 6.286286286286285829e+00
-2.609798684716224670e-06 6.306306306306305842e+00
-1.930864527821540833e-06 6.326326326326325855e+00
-9.194482117891311646e-07 6.346346346346345868e+00
9.064096957445144653e-07 6.366366366366365881e+00
-6.926711648702621460e-07 6.386386386386385894e+00
-1.232139766216278076e-06 6.406406406406405907e+00
-1.132022589445114136e-06 6.426426426426426808e+00
7.939524948596954346e-08 6.446446446446446821e+00
9.150244295597076416e-08 6.466466466466466834e+00
-1.666834577918052673e-06 6.486486486486486847e+00
6.551854312419891357e-07 6.506506506506506859e+00
-2.518529072403907776e-06 6.526526526526526872e+00
9.327195584774017334e-07 6.546546546546546885e+00
-1.926673576235771179e-06 6.566566566566566898e+00
-4.171393811702728271e-06 6.586586586586586911e+00
-5.904585123062133789e-07 6.606606606606606924e+00
-1.080799847841262817e-06 6.626626626626626937e+00
-2.541113644838333130e-06 6.646646646646646950e+00
-1.130392774939537048e-06 6.666666666666666963e+00
-8.288770914077758789e-08 6.686686686686686976e+00
1.010019332170486450e-06 6.706706706706706989e+00
-2.125278115272521973e-06 6.726726726726727001e+00
-2.154381945729255676e-06 6.746746746746747014e+00
-7.417984306812286377e-07 6.766766766766767027e+00
1.066364347934722900e-07 6.786786786786787040e+00
-2.479879185557365417e-06 6.806806806806807053e+00
5.271285772323608398e-07 6.826826826826827066e+00
2.188608050346374512e-07 6.846846846846847079e+00
-2.758810296654701233e-06 6.866866866866867092e+00
-1.034233719110488892e-06 6.886886886886887105e+00
-4.459870979189872742e-06 6.906906906906907118e+00
4.128087311983108521e-07 6.926926926926927131e+00
2.275686711072921753e-06 6.946946946946947143e+00
-5.273614078760147095e-07 6.966966966966967156e+00
4.072207957506179810e-07 6.986986986986987169e+00
4.810281097888946533e-07 7.007007007007007182e+00
-1.291511580348014832e-06 7.027027027027027195e+00
-3.436813130974769592e-06 7.047047047047047208e+00
-2.438900992274284363e-06 7.067067067067067221e+00
-7.823109626770019531e-08 7.087087087087087234e+00
2.063577994704246521e-06 7.107107107107107247e+00
-1.286854967474937439e-06 7.127127127127127260e+00
-3.973022103309631348e-06 7.147147147147147273e+00
3.082677721977233887e-07 7.167167167167167285e+00
6.514601409435272217e-07 7.187187187187187298e+00
-6.088521331548690796e-07 7.207207207207207311e+00
-2.420507371425628662e-06 7.227227227227227324e+00
5.865003913640975952e-07 7.247247247247247337e+00
-2.006534487009048462e-06 7.267267267267267350e+00
5.019828677177429199e-07 7.287287287287287363e+00
-1.972075551748275757e-06 7.307307307307307376e+00
6.624031811952590942e-07 7.327327327327327389e+00
3.296881914138793945e-07 7.347347347347347402e+00
6.658956408500671387e-08 7.367367367367367414e+00
-2.047978341579437256e-06 7.387387387387387427e+00
7.289927452802658081e-07 7.407407407407407440e+00
-7.136259227991104126e-07 7.427427427427427453e+00
1.651700586080551147e-06 7.447447447447447466e+00
1.357402652502059937e-07 7.467467467467467479e+00
1.273816451430320740e-06 7.487487487487487492e+00
8.682254701852798462e-07 7.507507507507507505e+00
1.464271917939186096e-06 7.527527527527527518e+00
1.266365870833396912e-06 7.547547547547547531e+00
-2.259621396660804749e-06 7.567567567567567544e+00
-1.087319105863571167e-07 7.587587587587587556e+00
-1.471955329179763794e-06 7.607607607607607569e+00
2.805609256029129028e-07 7.627627627627627582e+00
-5.939509719610214233e-07 7.647647647647647595e+00
1.422595232725143433e-07 7.667667667667667608e+00
-1.547625288367271423e-06 7.687687687687687621e+00
9.173527359962463379e-08 7.707707707707707634e+00
-4.428438842296600342e-07 7.727727727727727647e+00
-5.433335900306701660e-06 7.747747747747747660e+00
8.437782526016235352e-07 7.767767767767767673e+00
-3.820285201072692871e-06 7.787787787787787686e+00
-2.575572580099105835e-06 7.807807807807807698e+00
-8.700881153345108032e-07 7.827827827827827711e+00
1.038424670696258545e-06 7.847847847847847724e+00
2.039596438407897949e-07 7.867867867867867737e+00
-4.217261448502540588e-06 7.887887887887887750e+00
-3.711087629199028015e-06 7.907907907907907763e+00
-1.981155946850776672e-06 7.927927927927927776e+00
1.729931682348251343e-07 7.947947947947947789e+00
6.088521331548690796e-07 7.967967967967967802e+00
-2.210028469562530518e-06 7.987987987987987815e+00
6.803311407566070557e-07 8.008008008008008716e+00
-1.261942088603973389e-07 8.028028028028028729e+00
2.944841980934143066e-06 8.048048048048048742e+00
-7.511116564273834229e-07 8.068068068068068754e+00
-3.397464752197265625e-06 8.088088088088088767e+00
-1.260545104742050171e-06 8.108108108108108780e+00
-3.374181687831878662e-06 8.128128128128128793e+00
-1.079170033335685730e-06 8.148148148148148806e+00
-4.878733307123184204e-06 8.168168168168168819e+00
-1.423759385943412781e-06 8.188188188188188832e+00
-2.027954906225204468e-06 8.208208208208208845e+00
-6.488990038633346558e-07 8.228228228228228858e+00
-2.335524186491966248e-06 8.248248248248248871e+00
-7.721828296780586243e-06 8.268268268268268884e+00
3.327149897813796997e-07 8.288288288288288896e+00
7.746275514364242554e-07 8.308308308308308909e+00
-7.255934178829193115e-06 8.328328328328328922e+00
-2.176268026232719421e-06 8.348348348348348935e+00
-9.147915989160537720e-07 8.368368368368368948e+00
-2.773012965917587280e-07 8.388388388388388961e+00
-3.951136022806167603e-07 8.408408408408408974e+00
-2.391403540968894958e-06 8.428428428428428987e+00
-6.407033652067184448e-06 8.448448448448449000e+00
1.908512786030769348e-06 8.468468468468469013e+00
6.887130439281463623e-07 8.488488488488489025e+00
-2.183485776185989380e-06 8.508508508508509038e+00
-3.378139808773994446e-06 8.528528528528529051e+00
-2.957182005047798157e-06 8.548548548548549064e+00
-1.051463186740875244e-06 8.568568568568569077e+00
-6.895745173096656799e-06 8.588588588588589090e+00
4.330649971961975098e-08 8.608608608608609103e+00
-1.418171450495719910e-06 8.628628628628629116e+00
1.671724021434783936e-07 8.648648648648649129e+00
-7.892027497291564941e-06 8.668668668668669142e+00
-1.061707735061645508e-07 8.688688688688689155e+00
1.491745933890342712e-06 8.708708708708709167e+00
-4.211906343698501587e-07 8.728728728728729180e+00
4.018656909465789795e-07 8.748748748748749193e+00
-1.928536221385002136e-06 8.768768768768769206e+00
-3.501074388623237610e-06 8.788788788788789219e+00
-2.819579094648361206e-07 8.808808808808809232e+00
-2.146465703845024109e-06 8.828828828828829245e+00
1.206062734127044678e-06 8.848848848848849258e+00
8.947681635618209839e-07 8.868868868868869271e+00
-2.602115273475646973e-06 8.888888888888889284e+00
2.102227881550788879e-06 8.908908908908909297e+00
-3.504799678921699524e-06 8.928928928928929309e+00
-2.625165507197380066e-06 8.948948948948949322e+00
1.132022589445114136e-06 8.968968968968969335e+00
2.747401595115661621e-07 8.988988988988989348e+00
1.767034013755619526e-02 9.009009009009009361e+00
7.051755068823695183e-02 9.029029029029029374e+00
1.488451655022799969e-01 9.049049049049049387e+00
2.096728920005261898e-01 9.069069069069069400e+00
1.778578576631844044e-01 9.089089089089089413e+00
1.619592264760285616e-01 9.109109109109109426e+00
1.664798199199140072e-01 9.129129129129129439e+00
1.193900178186595440e-01 9.149149149149149451e+00
1.484083821997046471e-01 9.169169169169169464e+00
7.610805565491318703e-02 9.189189189189189477e+00
1.729870913550257683e-03 9.209209209209209490e+00
7.376074790954589844e-07 9.229229229229229503e+00
-4.686648026108741760e-06 9.249249249249249516e+00
-3.329943865537643433e-06 9.269269269269269529e+00
-3.546010702848434448e-07 9.289289289289289542e+00
-3.133900463581085205e-07 9.309309309309309555e+00
-5.184439942240715027e-06 9.329329329329329568e+00
-3.055902197957038879e-06 9.349349349349349581e+00
-1.010019332170486450e-06 9.369369369369369593e+00
6.682239472866058350e-08 9.389389389389389606e+00
-5.390029400587081909e-07 9.409409409409409619e+00
-3.803288564085960388e-06 9.429429429429429632e+00
-2.436107024550437927e-06 9.449449449449449645e+00
-1.552980393171310425e-06 9.469469469469469658e+00
-6.433110684156417847e-07 9.489489489489489671e+00
-2.795364707708358765e-06 9.509509509509509684e+00
-1.295935362577438354e-06 9.529529529529529697e+00
-1.312931999564170837e-06 9.549549549549549710e+00
-2.632150426506996155e-06 9.569569569569569722e+00
-8.498318493366241455e-08 9.589589589589589735e+00
7.310882210731506348e-08 9.609609609609609748e+00
-2.704095095396041870e-06 9.629629629629629761e+00
-1.812120899558067322e-06 9.649649649649649774e+00
1.901527866721153259e-06 9.669669669669669787e+00
7.071066647768020630e-07 9.689689689689689800e+00
1.655425876379013062e-07 9.709709709709709813e+00
-9.150244295597076416e-08 9.729729729729729826e+00
-1.894542947411537170e-06 9.749749749749749839e+00
-5.487818270921707153e-07 9.769769769769769852e+00
-1.006294041872024536e-06 9.789789789789789864e+00
-1.356936991214752197e-06 9.809809809809809877e+00
-4.656612873077392578e-07 9.829829829829829890e+00
-3.318302333354949951e-06 9.849849849849849903e+00
2.109445631504058838e-07 9.869869869869869916e+00
-1.981155946850776672e-06 9.889889889889889929e+00
-1.840991899371147156e-06 9.909909909909909942e+00
-3.143912181258201599e-06 9.929929929929929955e+00
-6.703194230794906616e-06 9.949949949949949968e+00
-5.785143002867698669e-06 9.969969969969969981e+00
2.670344483526423573e+01 9.989989989989989994e+00
2.613254419504664838e+01 1.001001001001001001e+01
1.812740758177824318e+01 1.003003003003003002e+01
1.015194872906431556e+01 1.005005005005005003e+01
4.292903690133243799e+00 1.007007007007007005e+01
6.550839946139603853e-01 1.009009009009009006e+01
2.170416782610118389e-02 1.011011011011011007e+01
1.532956957817077637e-06 1.013013013013013008e+01
-7.476191967725753784e-07 1.015015015015015010e+01
9.231735020875930786e-07 1.017017017017017011e+01
-4.755333065986633301e-06 1.019019019019019012e+01
-1.854030415415763855e-06 1.021021021021021014e+01
2.917833626270294189e-06 1.023023023023023015e+01
-2.009095624089241028e-06 1.025025025025025016e+01
8.994247764348983765e-07 1.027027027027027017e+01
-5.194451659917831421e-07 1.029029029029029019e+01
1.323176547884941101e-06 1.031031031031031020e+01
-1.958338543772697449e-06 1.033033033033033021e+01
-3.816094249486923218e-07 1.035035035035035023e+01
1.548556610941886902e-06 1.037037037037037024e+01
-1.144828274846076965e-06 1.039039039039039025e+01
-7.099006325006484985e-07 1.041041041041041026e+01
-1.163687556982040405e-06 1.043043043043043028e+01
-3.022840246558189392e-06 1.045045045045045029e+01
9.569339454174041748e-08 1.047047047047047030e+01
1.461710780858993530e-06 1.049049049049049032e+01
1.425156369805335999e-06 1.051051051051051033e+01
6.833579391241073608e-07 1.053053053053053034e+01
-4.715053364634513855e-06 1.055055055055055035e+01
-5.485489964485168457e-07 1.057057057057057037e+01
-6.286427378654479980e-08 1.059059059059059038e+01
-1.944834366440773010e-06 1.061061061061061039e+01
-1.942738890647888184e-06 1.063063063063063041e+01
1.049185139127075672e-01 1.065065065065065042e+01
1.850857939571142197e-01 1.067067067067067043e+01
2.811765135265886784e-01 1.069069069069069045e+01
2.768145708832889795e-01 1.071071071071071046e+01
4.149498008191585541e-01 1.073073073073073047e+01
4.966492741368710995e-01 1.075075075075075048e+01
7.741348936688154936e-01 1.077077077077077050e+01
8.731084149330854416e-01 1.079079079079079051e+01
8.446077259723097086e-01 1.081081081081081052e+01
6.323185069486498833e-01 1.083083083083083054e+01
5.469983550719916821e-01 1.085085085085085055e+01
4.149047932587563992e-01 1.087087087087087056e+01
1.857209962327033281e-01 1.089089089089089057e+01
9.166250168345868587e-02 1.091091091091091059e+01
6.626844871789216995e-03 1.093093093093093060e+01
-8.870847523212432861e-08 1.095095095095095061e+01
-4.600267857313156128e-06 1.097097097097097063e+01
-5.997717380523681641e-07 1.099099099099099064e+01
1.000706106424331665e-06 1.101101101101101065e+01
2.937663462944328785e-02 1.103103103103103066e+01
9.945735754445195198e-02 1.105105105105105068e+01
2.752463589422404766e-01 1.107107107107107069e+01
6.706498665735125542e-01 1.109109109109109070e+01
1.117524622008204460e+00 1.111111111111111072e+01
1.217924481956288218e+00 1.113113113113113073e+01
1.343742420198395848e+00 1.115115115115115074e+01
1.274167503463104367e+00 1.117117117117117076e+01
1.252987237181514502e+00 1.119119119119119077e+01
1.393896366236731410e+00 1.121121121121121078e+01
1.315877293469384313e+00 1.123123123123123079e+01
1.203485332196578383e+00 1.125125125125125081e+01
8.817828330211341381e-01 1.127127127127127082e+01
7.015261605847626925e-01 1.129129129129129083e+01
7.896266190800815821e-01 1.131131131131131085e+01
7.150056858081370592e-01 1.133133133133133086e+01
7.304897380527108908e-01 1.135135135135135087e+01
5.523461089469492435e-01 1.137137137137137088e+01
3.819567281752824783e-01 1.139139139139139090e+01
1.997124080080538988e-01 1.141141141141141091e+01
1.838633739389479160e-01 1.143143143143143092e+01
1.905320875812321901e-01 1.145145145145145094e+01
2.740767649374902248e-01 1.147147147147147095e+01
4.240207381080836058e-01 1.149149149149149096e+01
5.934571612160652876e-01 1.151151151151151097e+01
9.692719602026045322e-01 1.153153153153153099e+01
1.385156301083043218e+00 1.155155155155155100e+01
1.709748892113566399e+00 1.157157157157157101e+01
2.173458477016538382e+00 1.159159159159159103e+01
2.502380840713158250e+00 1.161161161161161104e+01
2.938792669447138906e+00 1.163163163163163105e+01
3.311276754597201943e+00 1.165165165165165106e+01
3.307837939588353038e+00 1.167167167167167108e+01
3.829460466047748923e+00 1.169169169169169109e+01
5.080785560654476285e+00 1.171171171171171110e+01
6.402350149583071470e+00 1.173173173173173112e+01
7.762927009491249919e+00 1.175175175175175113e+01
8.775656949961557984e+00 1.177177177177177114e+01
9.253382489085197449e+00 1.179179179179179116e+01
9.735350462375208735e+00 1.181181181181181117e+01
1.044713297463022172e+01 1.183183183183183118e+01
1.098491483600810170e+01 1.185185185185185119e+01
1.167449774965643883e+01 1.187187187187187121e+01
1.190780409937724471e+01 1.189189189189189122e+01
1.236026848736219108e+01 1.191191191191191123e+01
1.216810904536396265e+01 1.193193193193193125e+01
1.248834555060602725e+01 1.195195195195195126e+01
1.318946591811254621e+01 1.197197197197197127e+01
1.367230049800127745e+01 1.199199199199199128e+01
1.367040797462686896e+01 1.201201201201201130e+01
1.252199777658097446e+01 1.203203203203203131e+01
1.058054574695415795e+01 1.205205205205205132e+01
1.001283253938890994e+01 1.207207207207207134e+01
9.885060432832688093e+00 1.209209209209209135e+01
9.678903202759101987e+00 1.211211211211211136e+01
9.466131245484575629e+00 1.213213213213213137e+01
7.771115980809554458e+00 1.215215215215215139e+01
6.800880865659564734e+00 1.217217217217217140e+01
6.710571504896506667e+00 1.219219219219219141e+01
6.970252119936048985e+00 1.221221221221221143e+01
7.937929352745413780e+00 1.223223223223223144e+01
9.351477496791630983e+00 1.225225225225225145e+01
1.007556004775688052e+01 1.227227227227227146e+01
1.026951928902417421e+01 1.229229229229229148e+01
9.599623452406376600e+00 1.231231231231231149e+01
1.000628630840219557e+01 1.233233233233233150e+01
1.097828557901084423e+01 1.235235235235235152e+01
1.226424517389386892e+01 1.237237237237237153e+01
1.398180953692644835e+01 1.239239239239239154e+01
1.612231735838577151e+01 1.241241241241241156e+01
1.735385226109065115e+01 1.243243243243243157e+01
1.875072097498923540e+01 1.245245245245245158e+01
2.197208745311945677e+01 1.247247247247247159e+01
2.534506722376681864e+01 1.249249249249249161e+01
2.798098021233454347e+01 1.251251251251251162e+01
2.945037306053563952e+01 1.253253253253253163e+01
2.959213347174227238e+01 1.255255255255255165e+01
2.926427844166755676e+01 1.257257257257257166e+01
2.752133177150972188e+01 1.259259259259259167e+01
2.602831939654424787e+01 1.261261261261261168e+01
2.419339643698185682e+01 1.263263263263263170e+01
2.406889669736847281e+01 1.265265265265265171e+01
2.443493253574706614e+01 1.267267267267267172e+01
2.564215620839968324e+01 1.269269269269269174e+01
2.626842876919545233e+01 1.271271271271271175e+01
2.761966020427644253e+01 1.273273273273273176e+01
2.819380431808531284e+01 1.275275275275275177e+01
3.032911011250689626e+01 1.277277277277277179e+01
3.150367823778651655e+01 1.279279279279279180e+01
3.226274825097061694e+01 1.281281281281281181e+01
3.267743741534650326e+01 1.283283283283283360e+01
3.223490948951803148e+01 1.285285285285285362e+01
3.151782554015517235e+01 1.287287287287287363e+01
3.042118764994665980e+01 1.289289289289289364e+01
2.831945762527175248e+01 1.291291291291291365e+01
2.628070424916222692e+01 1.293293293293293367e+01
2.514410080760717392e+01 1.295295295295295368e+01
2.494482138915918767e+01 1.297297297297297369e+01
2.656387117365375161e+01 1.299299299299299371e+01
2.940243162424303591e+01 1.301301301301301372e+01
3.311077401298098266e+01 1.303303303303303373e+01
3.635826635034754872e+01 1.305305305305305374e+01
3.779896188061684370e+01 1.307307307307307376e+01
3.773291119886562228e+01 1.309309309309309377e+01
3.823457819712348282e+01 1.311311311311311378e+01
3.877945595118217170e+01 1.313313313313313380e+01
3.892627066187560558e+01 1.315315315315315381e+01
3.932837206823751330e+01 1.317317317317317382e+01
4.155961119197309017e+01 1.319319319319319384e+01
4.457990000513382256e+01 1.321321321321321385e+01
4.740895670047029853e+01 1.323323323323323386e+01
4.800656005111522973e+01 1.325325325325325387e+01
4.752925767842680216e+01 1.327327327327327389e+01
4.717442650813609362e+01 1.329329329329329390e+01
4.771359597449190915e+01 1.331331331331331391e+01
4.899592776922509074e+01 1.333333333333333393e+01
4.961415143078193069e+01 1.335335335335335394e+01
4.935449305991642177e+01 1.337337337337337395e+01
4.839531093253754079e+01 1.339339339339339396e+01
4.725496752653270960e+01 1.341341341341341398e+01
4.685477331955917180e+01 1.343343343343343399e+01
4.761576325865462422e+01 1.345345345345345400e+01
4.729941417463123798e+01 1.347347347347347402e+01
4.771329605695791543e+01 1.349349349349349403e+01
4.733474350301548839e+01 1.351351351351351404e+01
4.674394804425537586e+01 1.353353353353353405e+01
4.693876466364599764e+01 1.355355355355355407e+01
4.650990687776356936e+01 1.357357357357357408e+01
4.603229722497053444e+01 1.359359359359359409e+01
4.484941381076350808e+01 1.361361361361361411e+01
4.371143323136493564e+01 1.363363363363363412e+01
4.513808164186775684e+01 1.365365365365365413e+01
4.789137376123107970e+01 1.367367367367367414e+01
5.088381600659340620e+01 1.369369369369369416e+01
5.300124514359049499e+01 1.371371371371371417e+01
5.585870896931737661e+01 1.373373373373373418e+01
5.578389247576706111e+01 1.375375375375375420e+01
5.449541305704042315e+01 1.377377377377377421e+01
5.288209578837268054e+01 1.379379379379379422e+01
4.965500419773161411e+01 1.381381381381381424e+01
4.639275466068647802e+01 1.383383383383383425e+01
4.195025376928970218e+01 1.385385385385385426e+01
3.757611361169256270e+01 1.387387387387387427e+01
3.469617746025323868e+01 1.389389389389389429e+01
3.412732316646724939e+01 1.391391391391391430e+01
3.379433796391822398e+01 1.393393393393393431e+01
3.361507870932109654e+01 1.395395395395395433e+01
3.510883996007032692e+01 1.397397397397397434e+01
3.722884734650142491e+01 1.399399399399399435e+01
3.764797031041234732e+01 1.401401401401401436e+01
3.694803307438269258e+01 1.403403403403403438e+01
3.646221280167810619e+01 1.405405405405405439e+01
3.643437125487253070e+01 1.407407407407407440e+01
3.634804953169077635e+01 1.409409409409409442e+01
3.528606089227832854e+01 1.411411411411411443e+01
3.320439230301417410e+01 1.413413413413413444e+01
3.125659115146845579e+01 1.415415415415415445e+01
3.060370972915552557e+01 1.417417417417417447e+01
3.034324029367417097e+01 1.419419419419419448e+01
3.056200465164147317e+01 1.421421421421421449e+01
3.025476907473057508e+01 1.423423423423423451e+01
3.009960654727183282e+01 1.425425425425425452e+01
2.814769883151166141e+01 1.427427427427427453e+01
2.574846924142912030e+01 1.429429429429429455e+01
2.438740209955722094e+01 1.431431431431431456e+01
2.253062373097054660e+01 1.433433433433433457e+01
2.157729404722340405e+01 1.435435435435435458e+01
2.056173839489929378e+01 1.437437437437437460e+01
1.921826149197295308e+01 1.439439439439439461e+01
1.859004157246090472e+01 1.441441441441441462e+01
1.790544136846438050e+01 1.443443443443443464e+01
1.717019949876703322e+01 1.445445445445445465e+01
1.786709701362997293e+01 1.447447447447447466e+01
1.745702940970659256e+01 1.449449449449449467e+01
1.595219646603800356e+01 1.451451451451451469e+01
1.432047092053107917e+01 1.453453453453453470e+01
1.170220082392916083e+01 1.455455455455455471e+01
9.337345927953720093e+00 1.457457457457457473e+01
7.507752317469567060e+00 1.459459459459459474e+01
6.385675437049940228e+00 1.461461461461461475e+01
5.927501644473522902e+00 1.463463463463463476e+01
5.779099602717906237e+00 1.465465465465465478e+01
6.141409048112109303e+00 1.467467467467467479e+01
6.607019420946016908e+00 1.469469469469469480e+01
7.151440300513058901e+00 1.471471471471471482e+01
8.183827716857194901e+00 1.473473473473473483e+01
9.274935421068221331e+00 1.475475475475475484e+01
1.071211065235547721e+01 1.477477477477477485e+01
1.087839617324061692e+01 1.479479479479479487e+01
1.061424358375370502e+01 1.481481481481481488e+01
1.072933770599775016e+01 1.483483483483483489e+01
1.040656040399335325e+01 1.485485485485485491e+01
1.004073576931841671e+01 1.487487487487487492e+01
1.007908423338085413e+01 1.489489489489489493e+01
1.015646219230256975e+01 1.491491491491491495e+01
1.028610508819110692e+01 1.493493493493493496e+01
1.053067605802789330e+01 1.495495495495495497e+01
1.061354539263993502e+01 1.497497497497497498e+01
1.044683133205398917e+01 1.499499499499499500e+01
9.796055622166022658e+00 1.501501501501501501e+01
9.347315973835065961e+00 1.503503503503503502e+01
9.017424968769773841e+00 1.505505505505505504e+01
9.144320256309583783e+00 1.507507507507507505e+01
9.118699668906629086e+00 1.509509509509509506e+01
9.073898952221497893e+00 1.511511511511511507e+01
9.485638855490833521e+00 1.513513513513513509e+01
9.683690866688266397e+00 1.515515515515515510e+01
9.478023635921999812e+00 1.517517517517517511e+01
8.752667263150215149e+00 1.519519519519519513e+01
8.836473052389919758e+00 1.521521521521521514e+01
8.966032693162560463e+00 1.523523523523523515e+01
9.258060954743996263e+00 1.525525525525525516e+01
9.094166593626141548e+00 1.527527527527527518e+01
8.095420966390520334e+00 1.529529529529529519e+01
6.674287060042843223e+00 1.531531531531531520e+01
5.469610613305121660e+00 1.533533533533533522e+01
4.479231829522177577e+00 1.535535535535535523e+01
4.214282454224303365e+00 1.537537537537537524e+01
4.262637778883799911e+00 1.539539539539539525e+01
4.328086948022246361e+00 1.541541541541541527e+01
4.002955230185762048e+00 1.543543543543543528e+01
3.594118966953828931e+00 1.545545545545545529e+01
2.738730838755145669e+00 1.547547547547547531e+01
2.301742331357672811e+00 1.549549549549549532e+01
1.640612364048138261e+00 1.551551551551551533e+01
1.336771733127534389e+00 1.553553553553553535e+01
1.001156014623120427e+00 1.555555555555555536e+01
1.033192938659340143e+00 1.557557557557557537e+01
1.183544048573821783e+00 1.559559559559559538e+01
1.162525945343077183e+00 1.561561561561561540e+01
9.686491298489272594e-01 1.563563563563563541e+01
6.796769248321652412e-01 1.565565565565565542e+01
7.409644820727407932e-01 1.567567567567567544e+01
7.957181618548929691e-01 1.569569569569569545e+01
8.099719432648271322e-01 1.571571571571571546e+01
5.845277819316834211e-01 1.573573573573573547e+01
2.924526785500347614e-01 1.575575575575575549e+01
6.658614357002079487e-02 1.577577577577577550e+01
6.577133433893322945e-03 1.579579579579579551e+01
-4.684552550315856934e-07 1.581581581581581553e+01
9.411014616489410400e-07 1.583583583583583554e+01
-6.186310201883316040e-07 1.585585585585585555e+01
-2.165324985980987549e-06 1.587587587587587556e+01
-2.165324985980987549e-08 1.589589589589589558e+01
-6.875488907098770142e-07 1.591591591591591559e+01
-2.212822437286376953e-06 1.593593593593593560e+01
-1.848908141255378723e-06 1.595595595595595562e+01
-9.180512279272079468e-07 1.597597597597597563e+01
-9.762588888406753540e-07 1.599599599599599564e+01
4.360917955636978149e-07 1.601601601601601743e+01
-4.975590854883193970e-07 1.603603603603603744e+01
-2.213288098573684692e-06 1.605605605605605746e+01
-3.009103238582611084e-06 1.607607607607607747e+01
5.813781172037124634e-07 1.609609609609609748e+01
1.042149960994720459e-06 1.611611611611611750e+01
6.831251084804534912e-07 1.613613613613613751e+01
-4.693865776062011719e-07 1.615615615615615752e+01
-1.166481524705886841e-07 1.617617617617617753e+01
-3.034248948097229004e-06 1.619619619619619755e+01
2.223532646894454956e-07 1.621621621621621756e+01
-2.814922481775283813e-07 1.623623623623623757e+01
-3.883382305502891541e-06 1.625625625625625759e+01
1.222826540470123291e-06 1.627627627627627760e+01
-1.732725650072097778e-06 1.629629629629629761e+01
3.452878445386886597e-07 1.631631631631631763e+01
1.104781404137611389e-06 1.633633633633633764e+01
1.187669113278388977e-06 1.635635635635635765e+01
-7.222406566143035889e-07 1.637637637637637766e+01
-3.222608938813209534e-06 1.639639639639639768e+01
-4.424946382641792297e-06 1.641641641641641769e+01
-2.519227564334869385e-07 1.643643643643643770e+01
-1.668464392423629761e-06 1.645645645645645772e+01
-1.668231561779975891e-06 1.647647647647647773e+01
5.967449396848678589e-07 1.649649649649649774e+01
-4.598405212163925171e-07 1.651651651651651775e+01
-2.126209437847137451e-06 1.653653653653653777e+01
-2.625165507197380066e-06 1.655655655655655778e+01
-7.790513336658477783e-07 1.657657657657657779e+01
-1.070322468876838684e-06 1.659659659659659781e+01
-5.224719643592834473e-07 1.661661661661661782e+01
8.381903171539306641e-07 1.663663663663663783e+01
-1.227715983986854553e-06 1.665665665665665784e+01
7.711350917816162109e-07 1.667667667667667786e+01
8.962701540440320969e-04 1.669669669669669787e+01
3.818422555923461914e-07 1.671671671671671788e+01
-8.707866072654724121e-08 1.673673673673673790e+01
1.146690919995307922e-06 1.675675675675675791e+01
-8.400529623031616211e-07 1.677677677677677792e+01
1.498963683843612671e-06 1.679679679679679793e+01
2.363166073337197304e-03 1.681681681681681795e+01
1.306027825921773911e-02 1.683683683683683796e+01
2.030716114677488804e-02 1.685685685685685797e+01
3.774501476436853409e-02 1.687687687687687799e+01
2.973072556778788567e-02 1.689689689689689800e+01
2.138018794357776642e-02 1.691691691691691801e+01
3.259759396314620972e-04 1.693693693693693803e+01
-3.271270543336868286e-06 1.695695695695695804e+01
-1.682201400399208069e-06 1.697697697697697805e+01
-1.396285369992256165e-06 1.699699699699699806e+01
7.404014468193054199e-08 1.701701701701701808e+01
-2.858927473425865173e-06 1.703703703703703809e+01
7.641501724720001221e-07 1.705705705705705810e+01
-3.052409738302230835e-07 1.707707707707707812e+01
2.053566277027130127e-07 1.709709709709709813e+01
-4.156492650508880615e-06 1.711711711711711814e+01
-7.159542292356491089e-06 1.713713713713713815e+01
-3.208406269550323486e-06 1.715715715715715817e+01
-1.399079337716102600e-06 1.717717717717717818e+01
-8.405186235904693604e-08 1.719719719719719819e+01
-2.264510840177536011e-06 1.721721721721721821e+01
-1.247739419341087341e-06 1.723723723723723822e+01
-1.068692654371261597e-06 1.725725725725725823e+01
9.706709533929824829e-07 1.727727727727727824e+01
-2.924585714936256409e-06 1.729729729729729826e+01
-8.118804544210433960e-07 1.731731731731731827e+01
-3.361376002430915833e-06 1.733733733733733828e+01
-2.444721758365631104e-07 1.735735735735735830e+01
9.257346391677856445e-07 1.737737737737737831e+01
3.422610461711883545e-08 1.739739739739739832e+01
-2.552522346377372742e-06 1.741741741741741833e+01
1.486390829086303711e-06 1.743743743743743835e+01
-1.515960320830345154e-06 1.745745745745745836e+01
1.147855073213577271e-07 1.747747747747747837e+01
-1.056818291544914246e-06 1.749749749749749839e+01
1.231208443641662598e-06 1.751751751751751840e+01
1.781154423952102661e-07 1.753753753753753841e+01
6.386544555425643921e-07 1.755755755755755843e+01
-8.974922820925712585e-06 1.757757757757757844e+01
3.909226506948471069e-07 1.759759759759759845e+01
-6.220769137144088745e-06 1.761761761761761846e+01
-5.451496690511703491e-06 1.763763763763763848e+01
-1.765554770827293396e-06 1.765765765765765849e+01
2.365559339523315430e-07 1.767767767767767850e+01
-1.930864527821540833e-06 1.769769769769769852e+01
-1.075444743037223816e-06 1.771771771771771853e+01
1.204898580908775330e-06 1.773773773773773854e+01
-8.218921720981597900e-08 1.775775775775775855e+01
-1.150416210293769836e-06 1.777777777777777857e+01
-1.695472747087478638e-06 1.779779779779779858e+01
1.054024323821067810e-06 1.781781781781781859e+01
-5.196779966354370117e-07 1.783783783783783861e+01
-1.771142706274986267e-06 1.785785785785785862e+01
-2.400483936071395874e-07 1.787787787787787863e+01
7.380731403827667236e-07 1.789789789789789864e+01
-2.322020009160041809e-06 1.791791791791791866e+01
-1.033768057823181152e-07 1.793793793793793867e+01
-8.344184607267379761e-06 1.795795795795795868e+01
7.003545761108398438e-07 1.797797797797797870e+01
-9.541399776935577393e-07 1.799799799799799871e+01
-2.808403223752975464e-06 1.801801801801801872e+01
8.754432201385498047e-08 1.803803803803803874e+01
-1.998152583837509155e-06 1.805805805805805875e+01
-1.257518306374549866e-06 1.807807807807807876e+01
-9.371433407068252563e-07 1.809809809809809877e+01
-1.548556610941886902e-06 1.811811811811811879e+01
-1.985579729080200195e-06 1.813813813813813880e+01
4.619359970092773438e-07 1.815815815815815881e+01
-4.456378519535064697e-07 1.817817817817817883e+01
-1.478241756558418274e-06 1.819819819819819884e+01
-4.211207851767539978e-06 1.821821821821821885e+01
4.815573338419198990e-04 1.823823823823823886e+01
4.250431084074079990e-02 1.825825825825825888e+01
1.024942432995885611e-01 1.827827827827827889e+01
2.584555381909012794e-01 1.829829829829829890e+01
3.365647688042372465e-01 1.831831831831831892e+01
2.845161501318216324e-01 1.833833833833833893e+01
2.773985716048628092e-01 1.835835835835835894e+01
2.910151768010109663e-01 1.837837837837837895e+01
1.842644345015287399e-01 1.839839839839839897e+01
1.370397314894944429e-01 1.841841841841841898e+01
1.230692062526941299e-01 1.843843843843843899e+01
5.228590359911322594e-02 1.845845845845845901e+01
1.036874740384519100e-02 1.847847847847847902e+01
-4.556728526949882507e-06 1.849849849849849903e+01
-4.654051735997200012e-06 1.851851851851851904e+01
6.551854312419891357e-07 1.853853853853853906e+01
-8.798670023679733276e-07 1.855855855855855907e+01
-3.660330548882484436e-06 1.857857857857857908e+01
-5.772337317466735840e-06 1.859859859859859910e+01
4.926696419715881348e-07 1.861861861861861911e+01
-1.234002411365509033e-06 1.863863863863863912e+01
-1.152511686086654663e-07 1.865865865865865914e+01
-5.750916898250579834e-08 1.867867867867867915e+01
-2.030516043305397034e-06 1.869869869869869916e+01
4.749745130538940430e-07 1.871871871871871917e+01
-1.651467755436897278e-06 1.873873873873873919e+01
-5.431938916444778442e-06 1.875875875875875920e+01
-1.656590029597282410e-06 1.877877877877877921e+01
1.460546627640724182e-06 1.879879879879879923e+01
-4.109460860490798950e-06 1.881881881881881924e+01
-2.170912921428680420e-06 1.883883883883883925e+01
-3.823079168796539307e-07 1.885885885885885926e+01
-2.720858901739120483e-06 1.887887887887887928e+01
-4.678033292293548584e-06 1.889889889889889929e+01
-1.071952283382415771e-06 1.891891891891891930e+01
-4.777684807777404785e-07 1.893893893893893932e+01
-6.242189556360244751e-07 1.895895895895895933e+01
2.210261300206184387e-06 1.897897897897897934e+01
-1.960666850209236145e-06 1.899899899899899935e+01
1.262174919247627258e-06 1.901901901901901937e+01
8.540228009223937988e-07 1.903903903903903938e+01
-9.187497198581695557e-07 1.905905905905905939e+01
-1.804437488317489624e-06 1.907907907907907941e+01
-4.169531166553497314e-06 1.909909909909909942e+01
-7.201451808214187622e-07 1.911911911911911943e+01
-1.334119588136672974e-06 1.913913913913913944e+01
9.112991392612457275e-07 1.915915915915915946e+01
-2.360669896006584167e-06 1.917917917917917947e+01
-5.122041329741477966e-06 1.919919919919919948e+01
8.083879947662353516e-07 1.921921921921921950e+01
-3.116205334663391113e-06 1.923923923923923951e+01
-4.092464223504066467e-06 1.925925925925925952e+01
-6.849877536296844482e-07 1.927927927927927954e+01
-2.485699951648712158e-06 1.929929929929929955e+01
-1.940177753567695618e-06 1.931931931931931956e+01
-1.236330717802047729e-06 1.933933933933933957e+01
1.439591869711875916e-06 1.935935935935935959e+01
-6.355810910463333130e-06 1.937937937937937960e+01
-1.241452991962432861e-06 1.939939939939939961e+01
-1.026084646582603455e-06 1.941941941941941963e+01
6.158370524644851685e-07 1.943943943943943964e+01
-1.218868419528007507e-06 1.945945945945945965e+01
-1.055421307682991028e-06 1.947947947947947966e+01
-1.483364030718803406e-06 1.949949949949949968e+01
-5.585607141256332397e-07 1.951951951951951969e+01
-9.660143405199050903e-07 1.953953953953953970e+01
-1.580687239766120911e-06 1.955955955955955972e+01
-6.589107215404510498e-07 1.957957957957957973e+01
-4.591420292854309082e-07 1.959959959959959974e+01
-5.078036338090896606e-07 1.961961961961961975e+01
-4.195375367999076843e-06 1.963963963963963977e+01
1.693144440650939941e-06 1.965965965965965978e+01
-6.432645022869110107e-06 1.967967967967967979e+01
-2.630986273288726807e-08 1.969969969969969981e+01
1.101987436413764954e-06 1.971971971971971982e+01
-1.365318894386291504e-06 1.973973973973973983e+01
7.501803338527679443e-07 1.975975975975975985e+01
5.320180207490921021e-07 1.977977977977977986e+01
-6.472691893577575684e-07 1.979979979979979987e+01
-5.854759365320205688e-06 1.981981981981981988e+01
-3.443565219640731812e-07 1.983983983983983990e+01
1.054722815752029419e-07 1.985985985985985991e+01
-5.914596840739250183e-06 1.987987987987987992e+01
-1.402338966727256775e-06 1.989989989989989994e+01
-8.977949619293212891e-07 1.991991991991991995e+01
-1.536682248115539551e-07 1.993993993993993996e+01
-2.374872565269470215e-06 1.995995995995995997e+01
-5.024485290050506592e-07 1.997997997997997999e+01
-2.569053322076797485e-06 2.000000000000000000e+01
