
       Target
                ecliptic
RA      Dec     latitude
278.525  -6.003  17.174

Checked interval [2020-01-01, 2023-12-31]
|           Window [days]                 |    Normal V3 PA [deg]    |
   Start           End         Duration         Start         End         RA            Dec     
 2020-03-23      2020-05-17        55.00     267.92160     248.22104     278.52467      -6.00260 
 2020-08-13      2020-10-07        55.00     104.19776      84.80215     278.52467      -6.00260 
 2021-03-24      2021-05-17        54.00     267.70060     248.39402     278.52467      -6.00260 
 2021-08-13      2021-10-07        55.00     104.35270      84.89884     278.52467      -6.00260 
 2022-03-24      2022-05-18        55.00     267.77727     247.99488     278.52467      -6.00260 
 2022-08-13      2022-10-07        54.95     104.47550      84.99015     278.52467      -6.00260 
 2023-03-24      2023-05-18        55.00     267.85876     248.16683     278.52467      -6.00260 
 2023-08-14      2023-10-08        55.00     104.12073      84.79313     278.52467      -6.00260 


                V3PA          NIRCam           NIRSpec         NIRISS           MIRI          FGS
   Date      min    max      min    max       min    max     min    max      min    max      min    max

2020-03-24   264.32 271.46   264.30 271.43    41.81  48.95   263.75 270.89   269.34 276.48   263.07 270.21
2020-03-25   263.44 271.75   263.42 271.73    40.93  49.24   262.87 271.18   268.46 276.77   262.19 270.50
2020-03-26   262.56 272.05   262.53 272.02    40.05  49.54   261.99 271.48   267.58 277.06   261.31 270.80
2020-03-27   261.91 272.12   261.88 272.09    39.40  49.60   261.34 271.55   266.92 277.13   260.66 270.87
2020-03-28   261.62 271.82   261.59 271.80    39.11  49.31   261.05 271.25   266.64 276.84   260.37 270.57
2020-03-29   261.33 271.53   261.30 271.50    38.82  49.02   260.76 270.96   266.35 276.55   260.08 270.28
2020-03-30   261.04 271.24   261.01 271.21    38.53  48.73   260.47 270.67   266.05 276.26   259.79 269.99
2020-03-31   260.75 270.95   260.72 270.92    38.23  48.44   260.18 270.38   265.76 275.97   259.50 269.70
2020-04-01   260.45 270.66   260.43 270.64    37.94  48.15   259.88 270.09   265.47 275.68   259.20 269.41
2020-04-02   260.16 270.38   260.13 270.35    37.65  47.86   259.59 269.81   265.17 275.39   258.91 269.13
2020-04-03   259.86 270.09   259.83 270.07    37.35  47.58   259.29 269.52   264.88 275.11   258.61 268.84
2020-04-04   259.56 269.81   259.54 269.78    37.05  47.29   258.99 269.24   264.58 274.82   258.31 268.56
2020-04-05   259.26 269.52   259.24 269.50    36.75  47.01   258.69 268.95   264.28 274.54   258.01 268.27
2020-04-06   258.96 269.24   258.93 269.21    36.45  46.73   258.39 268.67   263.97 274.26   257.71 267.99
2020-04-07   258.65 268.96   258.63 268.93    36.14  46.45   258.08 268.39   263.67 273.97   257.40 267.71
2020-04-08   258.35 268.68   258.32 268.65    35.83  46.16   257.78 268.11   263.36 273.69   257.10 267.43
2020-04-09   258.04 268.39   258.01 268.37    35.52  45.88   257.47 267.82   263.05 273.41   256.79 267.14
2020-04-10   257.72 268.11   257.70 268.09    35.21  45.60   257.15 267.54   262.74 273.13   256.47 266.86
2020-04-11   257.41 267.83   257.38 267.80    34.89  45.32   256.84 267.26   262.42 272.84   256.16 266.58
2020-04-12   257.09 267.55   257.06 267.52    34.57  45.03   256.52 266.98   262.10 272.56   255.84 266.30
2020-04-13   256.76 267.26   256.74 267.24    34.25  44.75   256.19 266.69   261.78 272.28   255.51 266.01
2020-04-14   256.44 266.98   256.41 266.95    33.92  44.47   255.87 266.41   261.45 272.00   255.19 265.73
2020-04-15   256.11 266.70   256.08 266.67    33.59  44.18   255.54 266.13   261.12 271.71   254.86 265.44
2020-04-16   255.77 266.41   255.75 266.38    33.26  43.90   255.20 265.84   260.79 271.43   254.52 265.16
2020-04-17   255.43 266.12   255.41 266.10    32.92  43.61   254.86 265.55   260.45 271.14   254.18 264.87
2020-04-18   255.09 265.84   255.06 265.81    32.58  43.32   254.52 265.27   260.10 270.85   253.84 264.58
2020-04-19   254.74 265.55   254.71 265.52    32.23  43.03   254.17 264.98   259.76 270.56   253.49 264.30
2020-04-20   254.39 265.26   254.36 265.23    31.88  42.74   253.82 264.69   259.40 270.27   253.14 264.00
2020-04-21   254.03 264.96   254.00 264.94    31.52  42.45   253.46 264.39   259.04 269.98   252.78 263.71
2020-04-22   253.66 264.67   253.64 264.64    31.15  42.16   253.09 264.10   258.68 269.68   252.41 263.42
2020-04-23   253.29 264.37   253.27 264.34    30.78  41.86   252.72 263.80   258.31 269.39   252.04 263.12
2020-04-24   252.92 264.07   252.89 264.04    30.41  41.56   252.35 263.50   257.93 269.09   251.67 262.82
2020-04-25   252.54 263.77   252.51 263.74    30.02  41.26   251.97 263.20   257.55 268.78   251.28 262.52
2020-04-26   252.15 263.46   252.12 263.44    29.63  40.95   251.58 262.89   257.16 268.48   250.89 262.21
2020-04-27   251.75 263.16   251.72 263.13    29.24  40.64   251.18 262.59   256.76 268.17   250.50 261.90
2020-04-28   251.34 262.84   251.32 262.82    28.83  40.33   250.77 262.27   256.36 267.86   250.09 261.59
2020-04-29   250.93 262.53   250.91 262.50    28.42  40.02   250.36 261.96   255.95 267.54   249.68 261.28
2020-04-30   250.51 262.21   250.48 262.18    28.00  39.70   249.94 261.64   255.53 267.23   249.26 260.96
2020-05-01   250.08 261.89   250.05 261.86    27.57  39.37   249.51 261.32   255.10 266.90   248.83 260.64
2020-05-02   249.64 261.56   249.62 261.53    27.13  39.05   249.07 260.99   254.66 266.58   248.39 260.31
2020-05-03   249.19 261.23   249.17 261.20    26.68  38.72   248.62 260.66   254.21 266.24   247.94 259.98
2020-05-04   248.74 260.89   248.71 260.86    26.22  38.38   248.17 260.32   253.75 265.91   247.49 259.64
2020-05-05   248.27 260.55   248.24 260.52    25.75  38.04   247.70 259.98   253.28 265.56   247.02 259.30
2020-05-06   247.79 260.20   247.76 260.17    25.27  37.69   247.22 259.63   252.80 265.22   246.54 258.95
2020-05-07   247.29 259.85   247.27 259.82    24.78  37.33   246.72 259.28   252.31 264.86   246.04 258.60
2020-05-08   246.79 259.49   246.76 259.46    24.28  36.97   246.22 258.92   251.81 264.50   245.54 258.24
2020-05-09   246.27 259.12   246.25 259.09    23.76  36.61   245.70 258.55   251.29 264.13   245.02 257.87
2020-05-10   245.74 258.74   245.72 258.72    23.23  36.23   245.17 258.17   250.76 263.76   244.49 257.49
2020-05-11   245.20 258.36   245.17 258.34    22.68  35.85   244.63 257.79   250.21 263.38   243.95 257.11
2020-05-12   244.64 257.97   244.61 257.95    22.12  35.46   244.07 257.40   249.65 262.99   243.38 256.72
2020-05-13   244.06 257.57   244.03 257.55    21.55  35.06   243.49 257.00   249.07 262.59   242.81 256.32
2020-05-14   243.46 257.17   243.44 257.14    20.95  34.65   242.89 256.60   248.48 262.18   242.21 255.91
2020-05-15   242.85 256.75   242.83 256.72    20.34  34.23   242.28 256.18   247.87 261.76   241.60 255.50
2020-05-16   242.22 256.32   242.20 256.29    19.71  33.81   241.65 255.75   247.24 261.33   240.97 255.07
2020-05-17   241.57 255.88   241.55 255.85    19.06  33.37   241.00 255.31   246.59 260.89   240.32 254.63

2020-08-14    96.97 111.31    96.95 111.28   234.46 248.80    96.40 110.74   101.99 116.32    95.72 110.06
2020-08-15    96.53 110.65    96.51 110.63   234.02 248.14    95.96 110.08   101.55 115.67    95.28 109.40
2020-08-16    96.10 110.02    96.08 109.99   233.59 247.51    95.53 109.45   101.12 115.04    94.85 108.77
2020-08-17    95.68 109.40    95.66 109.38   233.17 246.89    95.11 108.83   100.70 114.42    94.43 108.15
2020-08-18    95.27 108.81    95.25 108.78   232.76 246.30    94.70 108.24   100.29 113.82    94.02 107.56
2020-08-19    94.87 108.23    94.85 108.20   232.36 245.72    94.30 107.66    99.89 113.24    93.62 106.98
2020-08-20    94.48 107.66    94.46 107.64   231.97 245.15    93.91 107.09    99.50 112.68    93.23 106.41
2020-08-21    94.10 107.12    94.07 107.09   231.59 244.60    93.53 106.55    99.12 112.13    92.85 105.87
2020-08-22    93.73 106.58    93.70 106.56   231.21 244.07    93.16 106.01    98.74 111.60    92.48 105.33
2020-08-23    93.36 106.07    93.33 106.04   230.85 243.55    92.79 105.50    98.37 111.08    92.11 104.81
2020-08-24    93.00 105.56    92.97 105.53   230.49 243.05    92.43 104.99    98.01 110.58    91.75 104.31
2020-08-25    92.65 105.07    92.62 105.04   230.13 242.55    92.08 104.50    97.66 110.08    91.40 103.82
2020-08-26    92.30 104.59    92.27 104.56   229.79 242.07    91.73 104.02    97.31 109.60    91.05 103.34
2020-08-27    91.96 104.12    91.93 104.09   229.44 241.60    91.39 103.55    96.97 109.13    90.71 102.87
2020-08-28    91.62 103.66    91.59 103.63   229.11 241.15    91.05 103.09    96.64 108.67    90.37 102.41
2020-08-29    91.29 103.21    91.26 103.18   228.78 240.70    90.72 102.64    96.30 108.23    90.04 101.96
2020-08-30    90.96 102.77    90.94 102.75   228.45 240.26    90.39 102.20    95.98 107.79    89.71 101.52
2020-08-31    90.64 102.34    90.62 102.32   228.13 239.83    90.07 101.77    95.66 107.36    89.39 101.09
2020-09-01    90.32 101.92    90.30 101.90   227.81 239.41    89.75 101.35    95.34 106.94    89.07 100.67
2020-09-02    90.01 101.51    89.98 101.48   227.50 239.00    89.44 100.94    95.03 106.53    88.76 100.26
2020-09-03    89.70 101.11    89.67 101.08   227.19 238.60    89.13 100.54    94.72 106.12    88.45  99.86
2020-09-04    89.39 100.71    89.37 100.69   226.88 238.20    88.82 100.14    94.41 105.73    88.14  99.46
2020-09-05    89.09 100.32    89.06 100.30   226.58 237.81    88.52  99.75    94.11 105.34    87.84  99.07
2020-09-06    88.79  99.94    88.76  99.92   226.28 237.43    88.22  99.37    93.81 104.96    87.54  98.69
2020-09-07    88.49  99.57    88.47  99.54   225.98 237.05    87.92  99.00    93.51 104.58    87.24  98.32
2020-09-08    88.20  99.20    88.17  99.17   225.68 236.69    87.63  98.63    93.21 104.21    86.95  97.95
2020-09-09    87.90  98.84    87.88  98.81   225.39 236.32    87.33  98.27    92.92 103.85    86.65  97.59
2020-09-10    87.61  98.48    87.59  98.45   225.10 235.97    87.04  97.91    92.63 103.49    86.36  97.23
2020-09-11    87.32  98.13    87.30  98.10   224.81 235.62    86.75  97.56    92.34 103.14    86.07  96.88
2020-09-12    87.04  97.78    87.01  97.76   224.52 235.27    86.47  97.21    92.05 102.80    85.79  96.53
2020-09-13    86.75  97.44    86.73  97.41   224.24 234.93    86.18  96.87    91.77 102.46    85.50  96.19
2020-09-14    86.47  97.10    86.44  97.08   223.95 234.59    85.90  96.53    91.48 102.12    85.22  95.85
2020-09-15    86.18  96.77    86.16  96.75   223.67 234.26    85.61  96.20    91.20 101.79    84.93  95.52
2020-09-16    85.90  96.44    85.88  96.42   223.39 233.93    85.33  95.87    90.92 101.46    84.65  95.19
2020-09-17    85.62  96.12    85.59  96.09   223.11 233.61    85.05  95.55    90.64 101.14    84.37  94.87
2020-09-18    85.34  95.80    85.31  95.77   222.83 233.29    84.77  95.23    90.36 100.82    84.09  94.55
2020-09-19    85.06  95.48    85.03  95.46   222.55 232.97    84.49  94.91    90.08 100.50    83.81  94.23
2020-09-20    84.78  95.17    84.76  95.14   222.27 232.66    84.21  94.60    89.80 100.19    83.53  93.92
2020-09-21    84.50  94.86    84.48  94.83   221.99 232.35    83.93  94.29    89.52  99.87    83.25  93.61
2020-09-22    84.22  94.55    84.20  94.53   221.71 232.04    83.65  93.98    89.24  99.57    82.97  93.30
2020-09-23    83.94  94.25    83.92  94.22   221.43 231.74    83.37  93.68    88.96  99.26    82.69  93.00
2020-09-24    83.66  93.95    83.64  93.92   221.15 231.43    83.09  93.38    88.68  98.96    82.41  92.70
2020-09-25    83.39  93.65    83.36  93.62   220.87 231.13    82.82  93.08    88.40  98.66    82.13  92.40
2020-09-26    83.10  93.35    83.08  93.32   220.59 230.84    82.53  92.78    88.12  98.36    81.85  92.10
2020-09-27    82.82  93.05    82.80  93.03   220.31 230.54    82.25  92.48    87.84  98.07    81.57  91.80
2020-09-28    82.54  92.76    82.52  92.73   220.03 230.25    81.97  92.19    87.56  97.78    81.29  91.51
2020-09-29    82.26  92.47    82.23  92.44   219.75 229.96    81.69  91.90    87.27  97.48    81.01  91.22
2020-09-30    81.98  92.18    81.95  92.15   219.46 229.67    81.41  91.61    86.99  97.20    80.72  90.93
2020-10-01    81.69  91.89    81.66  91.86   219.18 229.38    81.12  91.32    86.71  96.91    80.44  90.64
2020-10-02    81.40  91.60    81.38  91.58   218.89 229.09    80.83  91.03    86.42  96.62    80.15  90.35
2020-10-03    81.12  91.32    81.09  91.29   218.60 228.81    80.55  90.75    86.13  96.33    79.87  90.07
2020-10-04    80.83  91.03    80.80  91.01   218.31 228.52    80.26  90.46    85.84  96.05    79.58  89.78
2020-10-05    80.89  90.40    80.86  90.37   218.37 227.89    80.32  89.83    85.90  95.41    79.63  89.15
2020-10-06    81.18  89.52    81.15  89.50   218.67 227.01    80.61  88.95    86.20  94.54    79.93  88.27
2020-10-07    81.48  88.65    81.45  88.62   218.96 226.14    80.91  88.08    86.49  93.67    80.23  87.40

2021-03-25   263.69 271.65   263.67 271.62    41.18  49.14   263.12 271.08   268.71 276.66   262.44 270.40
2021-03-26   262.81 271.94   262.79 271.92    40.30  49.43   262.24 271.37   267.83 276.96   261.56 270.69
2021-03-27   261.98 272.19   261.96 272.16    39.47  49.68   261.41 271.62   267.00 277.21   260.73 270.94
2021-03-28   261.69 271.90   261.67 271.87    39.18  49.38   261.12 271.33   266.71 276.91   260.44 270.65
2021-03-29   261.40 271.61   261.38 271.58    38.89  49.09   260.83 271.04   266.42 276.62   260.15 270.35
2021-03-30   261.11 271.32   261.09 271.29    38.60  48.80   260.54 270.75   266.13 276.33   259.86 270.06
2021-03-31   260.82 271.03   260.80 271.00    38.31  48.51   260.25 270.46   265.84 276.04   259.57 269.78
2021-04-01   260.53 270.74   260.50 270.71    38.02  48.23   259.96 270.17   265.55 275.75   259.28 269.49
2021-04-02   260.24 270.45   260.21 270.43    37.72  47.94   259.67 269.88   265.25 275.47   258.99 269.20
2021-04-03   259.94 270.17   259.91 270.14    37.43  47.66   259.37 269.60   264.96 275.18   258.69 268.92
2021-04-04   259.64 269.88   259.62 269.86    37.13  47.37   259.07 269.31   264.66 274.90   258.39 268.63
2021-04-05   259.34 269.60   259.32 269.57    36.83  47.09   258.77 269.03   264.36 274.62   258.09 268.35
2021-04-06   259.04 269.32   259.02 269.29    36.53  46.81   258.47 268.75   264.06 274.33   257.79 268.07
2021-04-07   258.74 269.04   258.71 269.01    36.23  46.52   258.17 268.47   263.75 274.05   257.49 267.79
2021-04-08   258.43 268.75   258.41 268.73    35.92  46.24   257.86 268.18   263.45 273.77   257.18 267.50
2021-04-09   258.12 268.47   258.10 268.45    35.61  45.96   257.55 267.90   263.14 273.49   256.87 267.22
2021-04-10   257.81 268.19   257.79 268.16    35.30  45.68   257.24 267.62   262.83 273.21   256.56 266.94
2021-04-11   257.50 267.91   257.47 267.88    34.98  45.40   256.93 267.34   262.51 272.92   256.25 266.66
2021-04-12   257.18 267.63   257.15 267.60    34.67  45.11   256.61 267.06   262.19 272.64   255.93 266.38
2021-04-13   256.86 267.35   256.83 267.32    34.35  44.83   256.29 266.78   261.87 272.36   255.61 266.09
2021-04-14   256.53 267.06   256.51 267.04    34.02  44.55   255.96 266.49   261.55 272.08   255.28 265.81
2021-04-15   256.20 266.78   256.18 266.75    33.69  44.27   255.63 266.21   261.22 271.79   254.95 265.53
2021-04-16   255.87 266.49   255.84 266.47    33.36  43.98   255.30 265.92   260.89 271.51   254.62 265.24
2021-04-17   255.53 266.21   255.51 266.18    33.02  43.70   254.96 265.64   260.55 271.22   254.28 264.96
2021-04-18   255.19 265.92   255.17 265.89    32.68  43.41   254.62 265.35   260.21 270.94   253.94 264.67
2021-04-19   254.85 265.63   254.82 265.61    32.33  43.12   254.28 265.06   259.86 270.65   253.60 264.38
2021-04-20   254.49 265.34   254.47 265.32    31.98  42.83   253.92 264.77   259.51 270.36   253.24 264.09
2021-04-21   254.14 265.05   254.11 265.02    31.63  42.54   253.57 264.48   259.15 270.07   252.89 263.80
2021-04-22   253.78 264.76   253.75 264.73    31.26  42.24   253.21 264.19   258.79 269.77   252.52 263.51
2021-04-23   253.41 264.46   253.38 264.43    30.90  41.95   252.84 263.89   258.42 269.48   252.16 263.21
2021-04-24   253.03 264.16   253.01 264.14    30.52  41.65   252.46 263.59   258.05 269.18   251.78 262.91
2021-04-25   252.65 263.86   252.63 263.84    30.14  41.35   252.08 263.29   257.67 268.88   251.40 262.61
2021-04-26   252.27 263.56   252.24 263.53    29.75  41.05   251.70 262.99   257.28 268.57   251.01 262.31
2021-04-27   251.87 263.25   251.84 263.23    29.36  40.74   251.30 262.68   256.89 268.27   250.62 262.00
2021-04-28   251.47 262.94   251.44 262.92    28.96  40.43   250.90 262.37   256.48 267.96   250.22 261.69
2021-04-29   251.06 262.63   251.03 262.60    28.55  40.12   250.49 262.06   256.08 267.64   249.81 261.38
2021-04-30   250.64 262.31   250.62 262.28    28.13  39.80   250.07 261.74   255.66 267.33   249.39 261.06
2021-05-01   250.22 261.99   250.19 261.96    27.70  39.48   249.65 261.42   255.23 267.00   248.96 260.74
2021-05-02   249.78 261.66   249.75 261.64    27.27  39.15   249.21 261.09   254.80 266.68   248.53 260.41
2021-05-03   249.33 261.33   249.31 261.31    26.82  38.82   248.76 260.76   254.35 266.35   248.08 260.08
2021-05-04   248.88 261.00   248.85 260.97    26.37  38.49   248.31 260.43   253.89 266.01   247.63 259.75
2021-05-05   248.41 260.66   248.39 260.63    25.90  38.15   247.84 260.09   253.43 265.67   247.16 259.41
2021-05-06   247.94 260.31   247.91 260.29    25.42  37.80   247.37 259.74   252.95 265.33   246.69 259.06
2021-05-07   247.45 259.96   247.42 259.93    24.94  37.45   246.88 259.39   252.46 264.98   246.20 258.71
2021-05-08   246.95 259.60   246.92 259.58    24.44  37.09   246.38 259.03   251.96 264.62   245.70 258.35
2021-05-09   246.43 259.24   246.41 259.21    23.92  36.72   245.86 258.67   251.45 264.25   245.18 257.99
2021-05-10   245.91 258.87   245.88 258.84    23.39  36.35   245.34 258.30   250.92 263.88   244.66 257.61
2021-05-11   245.37 258.49   245.34 258.46    22.85  35.97   244.80 257.92   250.38 263.50   244.12 257.23
2021-05-12   244.81 258.10   244.78 258.07    22.30  35.59   244.24 257.53   249.82 263.11   243.56 256.85
2021-05-13   244.24 257.70   244.21 257.68    21.72  35.19   243.67 257.13   249.25 262.72   242.99 256.45
2021-05-14   243.65 257.30   243.62 257.27    21.14  34.78   243.08 256.73   248.66 262.31   242.40 256.05
2021-05-15   243.04 256.88   243.02 256.85    20.53  34.37   242.47 256.31   248.06 261.90   241.79 255.63
2021-05-16   242.42 256.46   242.39 256.43    19.90  33.94   241.85 255.89   247.43 261.47   241.17 255.21
2021-05-17   241.77 256.02   241.74 255.99    19.26  33.51   241.20 255.45   246.79 261.03   240.52 254.77

2021-08-14    97.10 111.49    97.08 111.46   234.59 248.98    96.53 110.92   102.12 116.50    95.85 110.24
2021-08-15    96.66 110.83    96.63 110.80   234.15 248.32    96.09 110.26   101.68 115.85    95.41 109.58
2021-08-16    96.23 110.19    96.20 110.17   233.72 247.68    95.66 109.62   101.24 115.21    94.98 108.94
2021-08-17    95.81 109.57    95.78 109.55   233.29 247.06    95.24 109.00   100.82 114.59    94.56 108.32
2021-08-18    95.40 108.97    95.37 108.95   232.88 246.46    94.83 108.40   100.41 113.99    94.15 107.72
2021-08-19    95.00 108.39    94.97 108.36   232.48 245.88    94.43 107.82   100.01 113.41    93.74 107.14
2021-08-20    94.60 107.82    94.58 107.80   232.09 245.31    94.03 107.25    99.62 112.84    93.35 106.57
2021-08-21    94.22 107.27    94.19 107.25   231.71 244.76    93.65 106.70    99.23 112.29    92.97 106.02
2021-08-22    93.84 106.74    93.82 106.71   231.33 244.23    93.27 106.17    98.86 111.75    92.59 105.49
2021-08-23    93.47 106.22    93.45 106.19   230.96 243.70    92.90 105.65    98.49 111.23    92.22 104.97
2021-08-24    93.11 105.71    93.09 105.68   230.60 243.20    92.54 105.14    98.13 110.72    91.86 104.46
2021-08-25    92.76 105.21    92.73 105.19   230.25 242.70    92.19 104.64    97.77 110.23    91.51 103.96
2021-08-26    92.41 104.73    92.38 104.70   229.90 242.22    91.84 104.16    97.43 109.75    91.16 103.48
2021-08-27    92.07 104.26    92.04 104.23   229.55 241.75    91.50 103.69    97.08 109.27    90.82 103.01
2021-08-28    91.73 103.80    91.70 103.77   229.22 241.29    91.16 103.23    96.75 108.81    90.48 102.55
2021-08-29    91.40 103.35    91.37 103.32   228.89 240.84    90.83 102.78    96.41 108.36    90.15 102.10
2021-08-30    91.07 102.91    91.04 102.88   228.56 240.40    90.50 102.34    96.09 107.92    89.82 101.66
2021-08-31    90.75 102.48    90.72 102.45   228.24 239.96    90.18 101.91    95.76 107.49    89.50 101.23
2021-09-01    90.43 102.06    90.40 102.03   227.92 239.54    89.86 101.49    95.45 107.07    89.18 100.80
2021-09-02    90.12 101.64    90.09 101.62   227.60 239.13    89.55 101.07    95.13 106.66    88.86 100.39
2021-09-03    89.81 101.24    89.78 101.21   227.29 238.72    89.24 100.67    94.82 106.25    88.55  99.99
2021-09-04    89.50 100.84    89.47 100.81   226.99 238.33    88.93 100.27    94.51 105.85    88.25  99.59
2021-09-05    89.19 100.45    89.17 100.42   226.68 237.94    88.62  99.88    94.21 105.46    87.94  99.20
2021-09-06    88.89 100.07    88.87 100.04   226.38 237.55    88.32  99.50    93.91 105.08    87.64  98.82
2021-09-07    88.59  99.69    88.57  99.66   226.08 237.18    88.02  99.12    93.61 104.71    87.34  98.44
2021-09-08    88.30  99.32    88.27  99.29   225.79 236.81    87.73  98.75    93.31 104.34    87.05  98.07
2021-09-09    88.01  98.96    87.98  98.93   225.49 236.44    87.44  98.39    93.02 103.97    86.75  97.71
2021-09-10    87.71  98.60    87.69  98.57   225.20 236.09    87.14  98.03    92.73 103.61    86.46  97.35
2021-09-11    87.42  98.25    87.40  98.22   224.91 235.73    86.85  97.68    92.44 103.26    86.17  96.99
2021-09-12    87.14  97.90    87.11  97.87   224.62 235.39    86.57  97.33    92.15 102.91    85.89  96.65
2021-09-13    86.85  97.56    86.82  97.53   224.34 235.04    86.28  96.99    91.87 102.57    85.60  96.31
2021-09-14    86.57  97.22    86.54  97.19   224.05 234.71    86.00  96.65    91.58 102.23    85.32  95.97
2021-09-15    86.28  96.88    86.26  96.86   223.77 234.37    85.71  96.31    91.30 101.90    85.03  95.63
2021-09-16    86.00  96.56    85.97  96.53   223.49 234.04    85.43  95.99    91.02 101.57    84.75  95.30
2021-09-17    85.72  96.23    85.69  96.20   223.21 233.72    85.15  95.66    90.74 101.25    84.47  94.98
2021-09-18    85.44  95.91    85.41  95.88   222.93 233.40    84.87  95.34    90.45 100.92    84.19  94.66
2021-09-19    85.16  95.59    85.13  95.57   222.65 233.08    84.59  95.02    90.17 100.61    83.91  94.34
2021-09-20    84.88  95.28    84.85  95.25   222.37 232.76    84.31  94.71    89.89 100.29    83.63  94.03
2021-09-21    84.60  94.97    84.57  94.94   222.09 232.45    84.03  94.40    89.62  99.98    83.35  93.72
2021-09-22    84.32  94.66    84.29  94.63   221.81 232.15    83.75  94.09    89.34  99.67    83.07  93.41
2021-09-23    84.04  94.35    84.02  94.33   221.53 231.84    83.47  93.78    89.06  99.37    82.79  93.10
2021-09-24    83.76  94.05    83.74  94.02   221.25 231.54    83.19  93.48    88.78  99.07    82.51  92.80
2021-09-25    83.48  93.75    83.46  93.72   220.97 231.24    82.91  93.18    88.50  98.76    82.23  92.50
2021-09-26    83.20  93.45    83.18  93.43   220.69 230.94    82.63  92.88    88.22  98.47    81.95  92.20
2021-09-27    82.92  93.16    82.89  93.13   220.41 230.64    82.35  92.59    87.94  98.17    81.67  91.90
2021-09-28    82.64  92.86    82.61  92.84   220.13 230.35    82.07  92.29    87.65  97.88    81.39  91.61
2021-09-29    82.36  92.57    82.33  92.54   219.84 230.06    81.79  92.00    87.37  97.58    81.11  91.32
2021-09-30    82.07  92.28    82.05  92.25   219.56 229.77    81.50  91.71    87.09  97.29    80.82  91.03
2021-10-01    81.79  91.99    81.76  91.96   219.28 229.48    81.22  91.42    86.80  97.00    80.54  90.74
2021-10-02    81.50  91.70    81.48  91.68   218.99 229.19    80.93  91.13    86.52  96.72    80.25  90.45
2021-10-03    81.21  91.42    81.19  91.39   218.70 228.90    80.64  90.85    86.23  96.43    79.96  90.16
2021-10-04    80.92  91.13    80.90  91.10   218.41 228.62    80.35  90.56    85.94  96.14    79.67  89.88
2021-10-05    80.81  90.67    80.78  90.64   218.30 228.16    80.24  90.10    85.82  95.69    79.56  89.42
2021-10-06    81.10  89.80    81.08  89.77   218.59 227.28    80.53  89.23    86.12  94.81    79.85  88.55
2021-10-07    81.40  88.92    81.37  88.90   218.88 226.41    80.83  88.35    86.41  93.94    80.15  87.67

2022-03-25   263.95 271.55   263.92 271.52    41.44  49.03   263.38 270.98   268.97 276.56   262.70 270.29
2022-03-26   263.07 271.84   263.04 271.81    40.56  49.33   262.50 271.27   268.09 276.86   261.82 270.59
2022-03-27   262.19 272.14   262.17 272.11    39.68  49.62   261.62 271.57   267.21 277.15   260.94 270.89
2022-03-28   261.77 271.98   261.74 271.95    39.26  49.46   261.20 271.41   266.79 276.99   260.52 270.73
2022-03-29   261.48 271.68   261.46 271.66    38.97  49.17   260.91 271.11   266.50 276.70   260.23 270.43
2022-03-30   261.19 271.39   261.17 271.37    38.68  48.88   260.62 270.82   266.21 276.41   259.94 270.14
2022-03-31   260.90 271.11   260.88 271.08    38.39  48.59   260.33 270.54   265.92 276.12   259.65 269.85
2022-04-01   260.61 270.82   260.59 270.79    38.10  48.31   260.04 270.25   265.63 275.83   259.36 269.57
2022-04-02   260.32 270.53   260.29 270.51    37.81  48.02   259.75 269.96   265.33 275.55   259.07 269.28
2022-04-03   260.02 270.25   260.00 270.22    37.51  47.73   259.45 269.68   265.04 275.26   258.77 269.00
2022-04-04   259.73 269.96   259.70 269.94    37.22  47.45   259.16 269.39   264.74 274.98   258.48 268.71
2022-04-05   259.43 269.68   259.40 269.65    36.92  47.17   258.86 269.11   264.44 274.70   258.18 268.43
2022-04-06   259.13 269.40   259.10 269.37    36.62  46.89   258.56 268.83   264.14 274.41   257.88 268.15
2022-04-07   258.83 269.12   258.80 269.09    36.31  46.60   258.26 268.55   263.84 274.13   257.58 267.87
2022-04-08   258.52 268.84   258.49 268.81    36.01  46.32   257.95 268.27   263.54 273.85   257.27 267.58
2022-04-09   258.21 268.55   258.19 268.53    35.70  46.04   257.64 267.98   263.23 273.57   256.96 267.30
2022-04-10   257.90 268.27   257.88 268.25    35.39  45.76   257.33 267.70   262.92 273.29   256.65 267.02
2022-04-11   257.59 267.99   257.56 267.97    35.08  45.48   257.02 267.42   262.61 273.01   256.34 266.74
2022-04-12   257.27 267.71   257.25 267.68    34.76  45.20   256.70 267.14   262.29 272.73   256.02 266.46
2022-04-13   256.95 267.43   256.93 267.40    34.44  44.92   256.38 266.86   261.97 272.44   255.70 266.18
2022-04-14   256.63 267.15   256.60 267.12    34.12  44.63   256.06 266.58   261.65 272.16   255.38 265.90
2022-04-15   256.30 266.86   256.28 266.84    33.79  44.35   255.73 266.29   261.32 271.88   255.05 265.61
2022-04-16   255.97 266.58   255.95 266.55    33.46  44.07   255.40 266.01   260.99 271.59   254.72 265.33
2022-04-17   255.64 266.29   255.61 266.27    33.12  43.78   255.07 265.72   260.65 271.31   254.39 265.04
2022-04-18   255.30 266.01   255.27 265.98    32.78  43.50   254.73 265.44   260.31 271.02   254.05 264.76
2022-04-19   254.95 265.72   254.93 265.69    32.44  43.21   254.38 265.15   259.97 270.74   253.70 264.47
2022-04-20   254.60 265.43   254.58 265.41    32.09  42.92   254.03 264.86   259.62 270.45   253.35 264.18
2022-04-21   254.25 265.14   254.22 265.11    31.73  42.63   253.68 264.57   259.26 270.16   253.00 263.89
2022-04-22   253.89 264.85   253.86 264.82    31.37  42.34   253.32 264.28   258.90 269.86   252.64 263.60
2022-04-23   253.52 264.55   253.49 264.53    31.01  42.04   252.95 263.98   258.54 269.57   252.27 263.30
2022-04-24   253.15 264.26   253.12 264.23    30.64  41.74   252.58 263.69   258.16 269.27   251.90 263.00
2022-04-25   252.77 263.96   252.74 263.93    30.26  41.44   252.20 263.39   257.79 268.97   251.52 262.71
2022-04-26   252.39 263.65   252.36 263.63    29.87  41.14   251.82 263.08   257.40 268.67   251.13 262.40
2022-04-27   251.99 263.35   251.97 263.32    29.48  40.84   251.42 262.78   257.01 268.36   250.74 262.10
2022-04-28   251.59 263.04   251.57 263.01    29.08  40.53   251.02 262.47   256.61 268.05   250.34 261.79
2022-04-29   251.19 262.73   251.16 262.70    28.67  40.21   250.62 262.16   256.20 267.74   249.94 261.48
2022-04-30   250.77 262.41   250.75 262.38    28.26  39.90   250.20 261.84   255.79 267.43   249.52 261.16
2022-05-01   250.35 262.09   250.32 262.06    27.84  39.58   249.78 261.52   255.36 267.11   249.10 260.84
2022-05-02   249.91 261.77   249.89 261.74    27.40  39.25   249.34 261.20   254.93 266.78   248.66 260.52
2022-05-03   249.47 261.44   249.45 261.41    26.96  38.93   248.90 260.87   254.49 266.45   248.22 260.19
2022-05-04   249.02 261.11   248.99 261.08    26.51  38.59   248.45 260.54   254.04 266.12   247.77 259.85
2022-05-05   248.56 260.77   248.53 260.74    26.05  38.25   247.99 260.20   253.57 265.78   247.31 259.52
2022-05-06   248.08 260.42   248.06 260.40    25.57  37.91   247.51 259.85   253.10 265.44   246.83 259.17
2022-05-07   247.60 260.07   247.57 260.05    25.09  37.56   247.03 259.50   252.61 265.09   246.35 258.82
2022-05-08   247.10 259.72   247.08 259.69    24.59  37.20   246.53 259.15   252.12 264.73   245.85 258.47
2022-05-09   246.59 259.35   246.57 259.33    24.08  36.84   246.02 258.78   251.61 264.37   245.34 258.10
2022-05-10   246.07 258.98   246.04 258.96    23.56  36.47   245.50 258.41   251.08 264.00   244.82 257.73
2022-05-11   245.53 258.61   245.50 258.58    23.02  36.09   244.96 258.04   250.55 263.62   244.28 257.36
2022-05-12   244.98 258.22   244.95 258.19    22.47  35.71   244.41 257.65   249.99 263.24   243.73 256.97
2022-05-13   244.41 257.83   244.38 257.80    21.90  35.31   243.84 257.26   249.43 262.84   243.16 256.58
2022-05-14   243.83 257.42   243.80 257.40    21.31  34.91   243.26 256.85   248.84 262.44   242.57 256.17
2022-05-15   243.22 257.01   243.20 256.99    20.71  34.50   242.65 256.44   248.24 262.03   241.97 255.76
2022-05-16   242.60 256.59   242.58 256.56    20.09  34.08   242.03 256.02   247.62 261.60   241.35 255.34
2022-05-17   241.96 256.16   241.94 256.13    19.45  33.64   241.39 255.59   246.98 261.17   240.71 254.91
2022-05-18   241.30 255.71   241.28 255.69    18.79  33.20   240.73 255.14   246.32 260.73   240.05 254.46

2022-08-14    97.24 111.67    97.21 111.65   234.72 249.16    96.67 111.10   102.25 116.69    95.99 110.42
2022-08-15    96.79 111.01    96.76 110.98   234.28 248.50    96.22 110.44   101.81 116.03    95.54 109.76
2022-08-16    96.36 110.37    96.33 110.34   233.84 247.86    95.79 109.80   101.37 115.38    95.11 109.12
2022-08-17    95.93 109.75    95.91 109.72   233.42 247.23    95.36 109.18   100.95 114.76    94.68 108.50
2022-08-18    95.52 109.14    95.49 109.12   233.01 246.63    94.95 108.57   100.54 114.16    94.27 107.89
2022-08-19    95.12 108.56    95.09 108.53   232.61 246.04    94.55 107.99   100.13 113.57    93.87 107.31
2022-08-20    94.72 107.99    94.70 107.96   232.21 245.47    94.15 107.42    99.74 113.00    93.47 106.74
2022-08-21    94.34 107.43    94.31 107.41   231.83 244.92    93.77 106.86    99.35 112.45    93.09 106.18
2022-08-22    93.96 106.90    93.94 106.87   231.45 244.38    93.39 106.33    98.98 111.91    92.71 105.64
2022-08-23    93.59 106.37    93.57 106.34   231.08 243.86    93.02 105.80    98.61 111.39    92.34 105.12
2022-08-24    93.23 105.86    93.20 105.83   230.72 243.35    92.66 105.29    98.24 110.88    91.98 104.61
2022-08-25    92.87 105.36    92.85 105.34   230.36 242.85    92.30 104.79    97.89 110.38    91.62 104.11
2022-08-26    92.52 104.88    92.50 104.85   230.01 242.36    91.95 104.31    97.54 109.89    91.27 103.63
2022-08-27    92.18 104.40    92.15 104.38   229.67 241.89    91.61 103.83    97.19 109.42    90.93 103.15
2022-08-28    91.84 103.94    91.81 103.91   229.33 241.43    91.27 103.37    96.86 108.96    90.59 102.69
2022-08-29    91.51 103.49    91.48 103.46   229.00 240.98    90.94 102.92    96.52 108.50    90.26 102.24
2022-08-30    91.18 103.05    91.15 103.02   228.67 240.53    90.61 102.48    96.20 108.06    89.93 101.80
2022-08-31    90.86 102.61    90.83 102.59   228.34 240.10    90.29 102.04    95.87 107.63    89.61 101.36
2022-09-01    90.54 102.19    90.51 102.16   228.02 239.68    89.97 101.62    95.55 107.20    89.29 100.94
2022-09-02    90.22 101.77    90.20 101.75   227.71 239.26    89.65 101.20    95.24 106.79    88.97 100.52
2022-09-03    89.91 101.37    89.88 101.34   227.40 238.85    89.34 100.80    94.93 106.38    88.66 100.12
2022-09-04    89.60 100.97    89.58 100.94   227.09 238.46    89.03 100.40    94.62 105.98    88.35  99.72
2022-09-05    89.30 100.58    89.27 100.55   226.79 238.06    88.73 100.01    94.31 105.59    88.05  99.33
2022-09-06    89.00 100.19    88.97 100.17   226.48 237.68    88.43  99.62    94.01 105.21    87.75  98.94
2022-09-07    88.70  99.81    88.67  99.79   226.18 237.30    88.13  99.24    93.71 104.83    87.45  98.56
2022-09-08    88.40  99.44    88.37  99.42   225.89 236.93    87.83  98.87    93.42 104.46    87.15  98.19
2022-09-09    88.11  99.08    88.08  99.05   225.59 236.56    87.54  98.51    93.12 104.09    86.86  97.83
2022-09-10    87.82  98.72    87.79  98.69   225.30 236.20    87.25  98.15    92.83 103.73    86.56  97.47
2022-09-11    87.53  98.36    87.50  98.34   225.01 235.85    86.96  97.79    92.54 103.38    86.27  97.11
2022-09-12    87.24  98.01    87.21  97.99   224.72 235.50    86.67  97.44    92.25 103.03    85.99  96.76
2022-09-13    86.95  97.67    86.92  97.64   224.44 235.16    86.38  97.10    91.97 102.69    85.70  96.42
2022-09-14    86.67  97.33    86.64  97.31   224.15 234.82    86.10  96.76    91.68 102.35    85.42  96.08
2022-09-15    86.38  97.00    86.36  96.97   223.87 234.48    85.81  96.43    91.40 102.01    85.13  95.75
2022-09-16    86.10  96.67    86.07  96.64   223.59 234.15    85.53  96.10    91.11 101.68    84.85  95.42
2022-09-17    85.82  96.34    85.79  96.31   223.31 233.83    85.25  95.77    90.83 101.36    84.57  95.09
2022-09-18    85.54  96.02    85.51  95.99   223.02 233.51    84.97  95.45    90.55 101.03    84.29  94.77
2022-09-19    85.26  95.70    85.23  95.67   222.74 233.19    84.69  95.13    90.27 100.71    84.01  94.45
2022-09-20    84.98  95.38    84.95  95.36   222.46 232.87    84.41  94.81    89.99 100.40    83.73  94.13
2022-09-21    84.70  95.07    84.67  95.05   222.18 232.56    84.13  94.50    89.71 100.09    83.45  93.82
2022-09-22    84.42  94.76    84.39  94.74   221.91 232.25    83.85  94.19    89.43  99.78    83.17  93.51
2022-09-23    84.14  94.46    84.11  94.43   221.63 231.94    83.57  93.89    89.15  99.47    82.89  93.21
2022-09-24    83.86  94.15    83.83  94.13   221.35 231.64    83.29  93.58    88.87  99.17    82.61  92.90
2022-09-25    83.58  93.85    83.55  93.83   221.07 231.34    83.01  93.28    88.59  98.87    82.33  92.60
2022-09-26    83.30  93.55    83.27  93.53   220.79 231.04    82.73  92.98    88.31  98.57    82.05  92.30
2022-09-27    83.02  93.26    82.99  93.23   220.50 230.74    82.45  92.69    88.03  98.27    81.77  92.00
2022-09-28    82.74  92.96    82.71  92.93   220.22 230.45    82.17  92.39    87.75  97.98    81.48  91.71
2022-09-29    82.45  92.67    82.43  92.64   219.94 230.16    81.88  92.10    87.47  97.68    81.20  91.42
2022-09-30    82.17  92.38    82.14  92.35   219.66 229.86    81.60  91.81    87.18  97.39    80.92  91.13
2022-10-01    81.88  92.09    81.86  92.06   219.37 229.57    81.31  91.52    86.90  97.10    80.63  90.84
2022-10-02    81.60  91.80    81.57  91.77   219.09 229.29    81.03  91.23    86.61  96.81    80.35  90.55
2022-10-03    81.31  91.51    81.28  91.48   218.80 229.00    80.74  90.94    86.33  96.53    80.06  90.26
2022-10-04    81.02  91.22    80.99  91.20   218.51 228.71    80.45  90.65    86.04  96.24    79.77  89.97
2022-10-05    80.73  90.94    80.70  90.91   218.22 228.43    80.16  90.37    85.74  95.95    79.48  89.69
2022-10-06    81.02  90.07    80.99  90.04   218.51 227.56    80.45  89.50    86.04  95.08    79.77  88.82
2022-10-07    81.31  89.19    81.29  89.17   218.80 226.68    80.74  88.62    86.33  94.21    80.06  87.94

2023-03-25   264.22 271.44   264.19 271.42    41.70  48.93   263.65 270.87   269.23 276.46   262.97 270.19
2023-03-26   263.34 271.74   263.31 271.71    40.82  49.23   262.77 271.17   268.35 276.75   262.09 270.49
2023-03-27   262.46 272.03   262.43 272.01    39.95  49.52   261.89 271.46   267.47 277.05   261.21 270.78
2023-03-28   261.85 272.06   261.83 272.03    39.34  49.55   261.28 271.49   266.87 277.07   260.60 270.81
2023-03-29   261.57 271.77   261.54 271.74    39.05  49.25   261.00 271.20   266.58 276.78   260.31 270.52
2023-03-30   261.28 271.48   261.25 271.45    38.76  48.96   260.71 270.91   266.29 276.49   260.03 270.23
2023-03-31   260.99 271.19   260.96 271.16    38.48  48.68   260.42 270.62   266.00 276.20   259.74 269.94
2023-04-01   260.70 270.90   260.67 270.88    38.18  48.39   260.13 270.33   265.71 275.92   259.45 269.65
2023-04-02   260.41 270.62   260.38 270.59    37.89  48.10   259.84 270.05   265.42 275.63   259.15 269.37
2023-04-03   260.11 270.33   260.09 270.30    37.60  47.82   259.54 269.76   265.13 275.35   258.86 269.08
2023-04-04   259.82 270.05   259.79 270.02    37.30  47.54   259.25 269.48   264.83 275.06   258.57 268.80
2023-04-05   259.52 269.77   259.49 269.74    37.01  47.25   258.95 269.20   264.53 274.78   258.27 268.51
2023-04-06   259.22 269.48   259.19 269.46    36.71  46.97   258.65 268.91   264.24 274.50   257.97 268.23
2023-04-07   258.92 269.20   258.89 269.18    36.41  46.69   258.35 268.63   263.93 274.22   257.67 267.95
2023-04-08   258.61 268.92   258.59 268.89    36.10  46.41   258.04 268.35   263.63 273.94   257.36 267.67
2023-04-09   258.31 268.64   258.28 268.61    35.80  46.13   257.74 268.07   263.32 273.66   257.06 267.39
2023-04-10   258.00 268.36   257.97 268.33    35.49  45.85   257.43 267.79   263.01 273.37   256.75 267.11
2023-04-11   257.69 268.08   257.66 268.05    35.17  45.57   257.12 267.51   262.70 273.09   256.44 266.83
2023-04-12   257.37 267.80   257.35 267.77    34.86  45.29   256.80 267.23   262.39 272.81   256.12 266.55
2023-04-13   257.05 267.52   257.03 267.49    34.54  45.00   256.48 266.95   262.07 272.53   255.80 266.27
2023-04-14   256.73 267.23   256.70 267.21    34.22  44.72   256.16 266.66   261.75 272.25   255.48 265.98
2023-04-15   256.41 266.95   256.38 266.93    33.89  44.44   255.84 266.38   261.42 271.97   255.15 265.70
2023-04-16   256.08 266.67   256.05 266.64    33.56  44.16   255.51 266.10   261.09 271.68   254.83 265.42
2023-04-17   255.74 266.38   255.72 266.36    33.23  43.87   255.17 265.81   260.76 271.40   254.49 265.13
2023-04-18   255.40 266.10   255.38 266.07    32.89  43.59   254.83 265.53   260.42 271.11   254.15 264.85
2023-04-19   255.06 265.81   255.03 265.79    32.55  43.30   254.49 265.24   260.08 270.83   253.81 264.56
2023-04-20   254.71 265.52   254.69 265.50    32.20  43.01   254.14 264.95   259.73 270.54   253.46 264.27
2023-04-21   254.36 265.23   254.33 265.21    31.85  42.72   253.79 264.66   259.38 270.25   253.11 263.98
2023-04-22   254.00 264.94   253.98 264.92    31.49  42.43   253.43 264.37   259.02 269.96   252.75 263.69
2023-04-23   253.64 264.65   253.61 264.62    31.13  42.14   253.07 264.08   258.65 269.66   252.39 263.40
2023-04-24   253.27 264.35   253.24 264.33    30.76  41.84   252.70 263.78   258.28 269.37   252.02 263.10
2023-04-25   252.89 264.05   252.87 264.03    30.38  41.54   252.32 263.48   257.91 269.07   251.64 262.80
2023-04-26   252.51 263.75   252.48 263.73    30.00  41.24   251.94 263.18   257.52 268.77   251.26 262.50
2023-04-27   252.12 263.45   252.09 263.42    29.61  40.93   251.55 262.88   257.13 268.46   250.87 262.20
2023-04-28   251.72 263.14   251.70 263.11    29.21  40.63   251.15 262.57   256.74 268.16   250.47 261.89
2023-04-29   251.32 262.83   251.29 262.80    28.80  40.32   250.75 262.26   256.33 267.84   250.07 261.58
2023-04-30   250.90 262.51   250.88 262.49    28.39  40.00   250.33 261.94   255.92 267.53   249.65 261.26
2023-05-01   250.48 262.20   250.46 262.17    27.97  39.68   249.91 261.63   255.50 267.21   249.23 260.95
2023-05-02   250.05 261.87   250.03 261.85    27.54  39.36   249.48 261.30   255.07 266.89   248.80 260.62
2023-05-03   249.61 261.55   249.59 261.52    27.10  39.03   249.04 260.98   254.63 266.56   248.36 260.30
2023-05-04   249.16 261.21   249.14 261.19    26.65  38.70   248.59 260.64   254.18 266.23   247.91 259.96
2023-05-05   248.70 260.88   248.68 260.85    26.19  38.36   248.13 260.31   253.72 265.89   247.45 259.63
2023-05-06   248.23 260.53   248.21 260.51    25.72  38.02   247.66 259.96   253.25 265.55   246.98 259.28
2023-05-07   247.75 260.19   247.72 260.16    25.24  37.67   247.18 259.62   252.77 265.20   246.50 258.94
2023-05-08   247.26 259.83   247.23 259.81    24.74  37.32   246.69 259.26   252.27 264.85   246.01 258.58
2023-05-09   246.75 259.47   246.72 259.45    24.24  36.96   246.18 258.90   251.77 264.49   245.50 258.22
2023-05-10   246.23 259.10   246.20 259.08    23.72  36.59   245.66 258.53   251.25 264.12   244.98 257.85
2023-05-11   245.70 258.73   245.67 258.70    23.18  36.22   245.13 258.16   250.71 263.74   244.45 257.48
2023-05-12   245.15 258.35   245.12 258.32    22.64  35.83   244.58 257.78   250.16 263.36   243.90 257.09
2023-05-13   244.58 257.95   244.56 257.93    22.07  35.44   244.01 257.38   249.60 262.97   243.33 256.70
2023-05-14   244.00 257.55   243.98 257.53    21.49  35.04   243.43 256.98   249.02 262.57   242.75 256.30
2023-05-15   243.41 257.14   243.38 257.12    20.89  34.63   242.84 256.57   248.42 262.16   242.15 255.89
2023-05-16   242.79 256.72   242.76 256.70    20.28  34.21   242.22 256.15   247.80 261.74   241.54 255.47
2023-05-17   242.15 256.29   242.13 256.27    19.64  33.78   241.58 255.72   247.17 261.31   240.90 255.04
2023-05-18   241.50 255.85   241.47 255.83    18.99  33.34   240.93 255.28   246.51 260.87   240.25 254.60

2023-08-15    96.93 111.20    96.90 111.18   234.42 248.69    96.36 110.63   101.95 116.22    95.68 109.95
2023-08-16    96.49 110.56    96.47 110.53   233.98 248.04    95.92 109.99   101.51 115.57    95.24 109.30
2023-08-17    96.07 109.93    96.04 109.90   233.56 247.42    95.50 109.36   101.08 114.94    94.82 108.68
2023-08-18    95.65 109.32    95.63 109.30   233.14 246.81    95.08 108.75   100.67 114.34    94.40 108.07
2023-08-19    95.25 108.73    95.22 108.71   232.74 246.22    94.68 108.16   100.26 113.75    94.00 107.48
2023-08-20    94.85 108.16    94.83 108.13   232.34 245.65    94.28 107.59    99.87 113.17    93.60 106.91
2023-08-21    94.47 107.60    94.44 107.58   231.95 245.09    93.90 107.03    99.48 112.62    93.21 106.35
2023-08-22    94.09 107.06    94.06 107.03   231.57 244.55    93.52 106.49    99.10 112.08    92.84 105.81
2023-08-23    93.71 106.53    93.69 106.51   231.20 244.02    93.14 105.96    98.73 111.55    92.46 105.28
2023-08-24    93.35 106.02    93.32 105.99   230.84 243.51    92.78 105.45    98.37 111.04    92.10 104.77
2023-08-25    92.99 105.52    92.97 105.49   230.48 243.01    92.42 104.95    98.01 110.54    91.74 104.27
2023-08-26    92.64 105.03    92.62 105.01   230.13 242.52    92.07 104.46    97.66 110.05    91.39 103.78
2023-08-27    92.30 104.55    92.27 104.53   229.78 242.04    91.73 103.98    97.31 109.57    91.05 103.30
2023-08-28    91.96 104.09    91.93 104.06   229.44 241.58    91.39 103.52    96.97 109.10    90.71 102.84
2023-08-29    91.62 103.63    91.60 103.61   229.11 241.12    91.05 103.06    96.64 108.65    90.37 102.38
2023-08-30    91.29 103.19    91.27 103.16   228.78 240.68    90.72 102.62    96.31 108.21    90.04 101.94
2023-08-31    90.97 102.75    90.94 102.73   228.46 240.24    90.40 102.18    95.98 107.77    89.72 101.50
2023-09-01    90.65 102.33    90.62 102.30   228.14 239.82    90.08 101.76    95.66 107.34    89.40 101.08
2023-09-02    90.33 101.91    90.31 101.88   227.82 239.40    89.76 101.34    95.35 106.93    89.08 100.66
2023-09-03    90.02 101.50    89.99 101.48   227.51 238.99    89.45 100.93    95.03 106.52    88.77 100.25
2023-09-04    89.71 101.10    89.68 101.07   227.20 238.59    89.14 100.53    94.73 106.12    88.46  99.85
2023-09-05    89.40 100.71    89.38 100.68   226.89 238.19    88.83 100.14    94.42 105.72    88.15  99.46
2023-09-06    89.10 100.32    89.08 100.29   226.59 237.81    88.53  99.75    94.12 105.34    87.85  99.07
2023-09-07    88.80  99.94    88.78  99.91   226.29 237.43    88.23  99.37    93.82 104.96    87.55  98.69
2023-09-08    88.50  99.57    88.48  99.54   225.99 237.06    87.93  99.00    93.52 104.58    87.25  98.32
2023-09-09    88.21  99.20    88.18  99.17   225.70 236.69    87.64  98.63    93.23 104.22    86.96  97.95
2023-09-10    87.92  98.84    87.89  98.81   225.41 236.33    87.35  98.27    92.93 103.85    86.67  97.59
2023-09-11    87.63  98.48    87.60  98.46   225.11 235.97    87.06  97.91    92.64 103.50    86.38  97.23
2023-09-12    87.34  98.13    87.31  98.11   224.83 235.62    86.77  97.56    92.35 103.15    86.09  96.88
2023-09-13    87.05  97.79    87.02  97.76   224.54 235.28    86.48  97.22    92.07 102.80    85.80  96.54
2023-09-14    86.77  97.45    86.74  97.42   224.25 234.94    86.20  96.88    91.78 102.46    85.52  96.20
2023-09-15    86.48  97.11    86.46  97.09   223.97 234.60    85.91  96.54    91.50 102.13    85.23  95.86
2023-09-16    86.20  96.78    86.17  96.75   223.69 234.27    85.63  96.21    91.21 101.80    84.95  95.53
2023-09-17    85.92  96.45    85.89  96.43   223.40 233.94    85.35  95.88    90.93 101.47    84.67  95.20
2023-09-18    85.63  96.13    85.61  96.10   223.12 233.62    85.06  95.56    90.65 101.14    84.38  94.88
2023-09-19    85.35  95.81    85.33  95.78   222.84 233.30    84.78  95.24    90.37 100.82    84.10  94.56
2023-09-20    85.07  95.49    85.05  95.47   222.56 232.98    84.50  94.92    90.09 100.51    83.82  94.24
2023-09-21    84.79  95.18    84.77  95.15   222.28 232.67    84.22  94.61    89.81 100.19    83.54  93.93
2023-09-22    84.51  94.87    84.49  94.84   222.00 232.36    83.94  94.30    89.53  99.88    83.26  93.62
2023-09-23    84.23  94.56    84.21  94.53   221.72 232.05    83.66  93.99    89.25  99.58    82.98  93.31
2023-09-24    83.95  94.26    83.93  94.23   221.44 231.74    83.38  93.69    88.97  99.27    82.70  93.00
2023-09-25    83.67  93.95    83.65  93.93   221.16 231.44    83.10  93.38    88.69  98.97    82.42  92.70
2023-09-26    83.39  93.65    83.37  93.63   220.88 231.14    82.82  93.08    88.41  98.67    82.14  92.40
2023-09-27    83.11  93.36    83.09  93.33   220.60 230.84    82.54  92.79    88.13  98.37    81.86  92.10
2023-09-28    82.83  93.06    82.80  93.03   220.32 230.55    82.26  92.49    87.85  98.07    81.58  91.81
2023-09-29    82.55  92.77    82.52  92.74   220.03 230.25    81.98  92.20    87.56  97.78    81.30  91.51
2023-09-30    82.26  92.47    82.24  92.45   219.75 229.96    81.69  91.90    87.28  97.49    81.01  91.22
2023-10-01    81.98  92.18    81.95  92.16   219.47 229.67    81.41  91.61    86.99  97.20    80.73  90.93
2023-10-02    81.69  91.89    81.67  91.87   219.18 229.38    81.12  91.32    86.71  96.91    80.44  90.64
2023-10-03    81.40  91.60    81.38  91.58   218.89 229.09    80.83  91.03    86.42  96.62    80.15  90.35
2023-10-04    81.11  91.32    81.09  91.29   218.60 228.80    80.54  90.75    86.13  96.33    79.86  90.07
2023-10-05    80.82  91.03    80.80  91.00   218.31 228.52    80.25  90.46    85.84  96.05    79.57  89.78
2023-10-06    80.93  90.34    80.91  90.32   218.42 227.83    80.36  89.77    85.95  95.36    79.68  89.09
2023-10-07    81.23  89.47    81.20  89.44   218.71 226.96    80.66  88.90    86.24  94.48    79.97  88.22
2023-10-08    81.52  88.59    81.49  88.57   219.01 226.08    80.95  88.02    86.53  93.61    80.27  87.34
