
       Target
                ecliptic
RA      Dec     latitude
204.222  -7.318   2.579

Checked interval [2020-01-01, 2023-12-31]
|           Window [days]                 |    Normal V3 PA [deg]    |
   Start           End         Duration         Start         End         RA            Dec     
 2020-01-11      2020-02-29        49.00     291.57358     288.60869     204.22151      -7.31806 
 2020-05-31      2020-07-22        52.03     113.86398     110.96999     204.22151      -7.31806 
 2021-01-10      2021-02-28        49.00     291.58978     288.60588     204.22151      -7.31806 
 2021-05-31      2021-07-23        53.00     113.86058     110.94241     204.22151      -7.31806 
 2022-01-10      2022-02-28        49.00     291.60233     288.60451     204.22151      -7.31806 
 2022-06-01      2022-07-23        52.00     113.76387     110.95963     204.22151      -7.31806 
 2023-01-10      2023-03-01        50.00     291.60972     288.50800     204.22151      -7.31806 
 2023-06-01      2023-07-23        52.00     113.75682     110.98137     204.22151      -7.31806 


                V3PA          NIRCam           NIRSpec         NIRISS           MIRI          FGS
   Date      min    max      min    max       min    max     min    max      min    max      min    max

2020-01-12   287.55 295.59   287.52 295.56    65.04  73.07   286.98 295.02   292.57 300.60   286.30 294.34
2020-01-13   286.86 296.18   286.83 296.16    64.35  73.67   286.29 295.61   291.88 301.20   285.61 294.93
2020-01-14   286.37 296.58   286.35 296.55    63.86  74.07   285.80 296.01   291.39 301.60   285.12 295.33
2020-01-15   286.33 296.53   286.30 296.50    63.82  74.02   285.76 295.96   291.34 301.55   285.08 295.28
2020-01-16   286.28 296.48   286.26 296.46    63.77  73.97   285.71 295.91   291.30 301.50   285.03 295.23
2020-01-17   286.24 296.44   286.21 296.41    63.72  73.93   285.67 295.87   291.25 301.45   284.99 295.19
2020-01-18   286.19 296.39   286.16 296.37    63.68  73.88   285.62 295.82   291.20 301.41   284.94 295.14
2020-01-19   286.14 296.35   286.11 296.32    63.62  73.84   285.57 295.78   291.15 301.37   284.89 295.10
2020-01-20   286.08 296.31   286.06 296.28    63.57  73.80   285.51 295.74   291.10 301.32   284.83 295.06
2020-01-21   286.03 296.27   286.00 296.24    63.52  73.76   285.46 295.70   291.05 301.28   284.78 295.02
2020-01-22   285.97 296.23   285.95 296.20    63.46  73.72   285.40 295.66   290.99 301.25   284.72 294.98
2020-01-23   285.91 296.19   285.89 296.17    63.40  73.68   285.34 295.62   290.93 301.21   284.66 294.94
2020-01-24   285.85 296.16   285.83 296.13    63.34  73.64   285.28 295.59   290.87 301.17   284.60 294.91
2020-01-25   285.79 296.12   285.76 296.10    63.28  73.61   285.22 295.55   290.81 301.14   284.54 294.87
2020-01-26   285.73 296.09   285.70 296.06    63.21  73.58   285.16 295.52   290.74 301.10   284.48 294.84
2020-01-27   285.66 296.06   285.63 296.03    63.15  73.55   285.09 295.49   290.67 301.07   284.41 294.81
2020-01-28   285.59 296.03   285.56 296.00    63.08  73.51   285.02 295.46   290.61 301.04   284.34 294.78
2020-01-29   285.52 296.00   285.49 295.97    63.01  73.49   284.95 295.43   290.53 301.01   284.27 294.75
2020-01-30   285.44 295.97   285.42 295.94    62.93  73.46   284.87 295.40   290.46 300.99   284.19 294.72
2020-01-31   285.37 295.94   285.34 295.92    62.86  73.43   284.80 295.37   290.38 300.96   284.12 294.69
2020-02-01   285.29 295.92   285.26 295.89    62.78  73.41   284.72 295.35   290.30 300.93   284.04 294.67
2020-02-02   285.21 295.89   285.18 295.87    62.69  73.38   284.64 295.32   290.22 300.91   283.96 294.64
2020-02-03   285.12 295.87   285.10 295.85    62.61  73.36   284.55 295.30   290.14 300.89   283.87 294.62
2020-02-04   285.04 295.85   285.01 295.82    62.52  73.34   284.47 295.28   290.05 300.87   283.79 294.60
2020-02-05   284.95 295.83   284.92 295.80    62.43  73.32   284.38 295.26   289.96 300.85   283.70 294.58
2020-02-06   284.85 295.81   284.83 295.79    62.34  73.30   284.28 295.24   289.87 300.83   283.60 294.56
2020-02-07   284.76 295.80   284.73 295.77    62.25  73.28   284.19 295.23   289.77 300.81   283.51 294.55
2020-02-08   284.66 295.78   284.63 295.75    62.15  73.27   284.09 295.21   289.67 300.80   283.41 294.53
2020-02-09   284.56 295.77   284.53 295.74    62.04  73.25   283.99 295.20   289.57 300.78   283.31 294.52
2020-02-10   284.45 295.75   284.42 295.73    61.94  73.24   283.88 295.18   289.47 300.77   283.20 294.50
2020-02-11   284.34 295.74   284.31 295.72    61.83  73.23   283.77 295.17   289.36 300.76   283.09 294.49
2020-02-12   284.23 295.73   284.20 295.71    61.71  73.22   283.66 295.16   289.24 300.75   282.98 294.48
2020-02-13   284.11 295.73   284.08 295.70    61.60  73.21   283.54 295.16   289.13 300.74   282.86 294.48
2020-02-14   283.99 295.72   283.96 295.69    61.48  73.21   283.42 295.15   289.00 300.74   282.74 294.47
2020-02-15   283.86 295.72   283.84 295.69    61.35  73.20   283.29 295.15   288.88 300.73   282.61 294.47
2020-02-16   283.73 295.71   283.71 295.69    61.22  73.20   283.16 295.14   288.75 300.73   282.48 294.46
2020-02-17   283.60 295.71   283.57 295.69    61.09  73.20   283.03 295.14   288.61 300.73   282.35 294.46
2020-02-18   283.46 295.71   283.43 295.69    60.95  73.20   282.89 295.14   288.47 300.73   282.21 294.46
2020-02-19   283.31 295.72   283.29 295.69    60.80  73.21   282.74 295.15   288.33 300.73   282.06 294.47
2020-02-20   283.16 295.72   283.14 295.70    60.65  73.21   282.59 295.15   288.18 300.74   281.91 294.47
2020-02-21   283.01 295.73   282.98 295.70    60.50  73.22   282.44 295.16   288.02 300.75   281.76 294.48
2020-02-22   282.85 295.74   282.82 295.71    60.33  73.23   282.28 295.17   287.86 300.76   281.60 294.49
2020-02-23   282.68 295.75   282.65 295.73    60.17  73.24   282.11 295.18   287.69 300.77   281.43 294.50
2020-02-24   282.50 295.77   282.48 295.74    59.99  73.25   281.93 295.20   287.52 300.78   281.25 294.52
2020-02-25   282.32 295.78   282.29 295.76    59.81  73.27   281.75 295.21   287.34 300.80   281.07 294.53
2020-02-26   282.13 295.80   282.10 295.78    59.62  73.29   281.56 295.23   287.15 300.82   280.88 294.55
2020-02-27   281.93 295.83   281.91 295.80    59.42  73.31   281.36 295.26   286.95 300.84   280.68 294.57
2020-02-28   281.73 295.85   281.70 295.82    59.21  73.34   281.16 295.28   286.74 300.87   280.48 294.60
2020-02-29   281.51 295.88   281.49 295.85    59.00  73.37   280.94 295.31   286.53 300.89   280.26 294.63

2020-06-01   106.68 121.03   106.65 121.01   244.16 258.52   106.11 120.46   111.69 126.05   105.43 119.78
2020-06-02   106.70 120.83   106.68 120.80   244.19 258.32   106.13 120.26   111.72 125.84   105.45 119.58
2020-06-03   106.73 120.63   106.70 120.61   244.22 258.12   106.16 120.06   111.74 125.65   105.48 119.38
2020-06-04   106.75 120.44   106.72 120.42   244.24 257.93   106.18 119.87   111.77 125.46   105.50 119.19
2020-06-05   106.77 120.26   106.74 120.24   244.26 257.75   106.20 119.69   111.78 125.28   105.52 119.01
2020-06-06   106.79 120.09   106.76 120.06   244.27 257.58   106.22 119.52   111.80 125.10   105.54 118.84
2020-06-07   106.80 119.92   106.77 119.89   244.29 257.41   106.23 119.35   111.82 124.94   105.55 118.67
2020-06-08   106.81 119.76   106.79 119.73   244.30 257.25   106.24 119.19   111.83 124.77   105.56 118.51
2020-06-09   106.82 119.60   106.80 119.58   244.31 257.09   106.25 119.03   111.84 124.62   105.57 118.35
2020-06-10   106.83 119.45   106.81 119.43   244.32 256.94   106.26 118.88   111.85 124.47   105.58 118.20
2020-06-11   106.84 119.31   106.81 119.28   244.33 256.80   106.27 118.74   111.85 124.33   105.59 118.06
2020-06-12   106.84 119.17   106.82 119.15   244.33 256.66   106.27 118.60   111.86 124.19   105.59 117.92
2020-06-13   106.84 119.04   106.82 119.01   244.33 256.52   106.27 118.47   111.86 124.05   105.59 117.79
2020-06-14   106.85 118.91   106.82 118.88   244.33 256.40   106.28 118.34   111.86 123.92   105.59 117.66
2020-06-15   106.84 118.78   106.82 118.76   244.33 256.27   106.27 118.21   111.86 123.80   105.59 117.53
2020-06-16   106.84 118.66   106.82 118.63   244.33 256.15   106.27 118.09   111.86 123.68   105.59 117.41
2020-06-17   106.84 118.54   106.81 118.52   244.33 256.03   106.27 117.97   111.85 123.56   105.59 117.29
2020-06-18   106.83 118.43   106.81 118.40   244.32 255.92   106.26 117.86   111.85 123.45   105.58 117.18
2020-06-19   106.83 118.32   106.80 118.30   244.31 255.81   106.26 117.75   111.84 123.34   105.58 117.07
2020-06-20   106.82 118.22   106.79 118.19   244.31 255.70   106.25 117.65   111.83 123.23   105.57 116.96
2020-06-21   106.81 118.11   106.78 118.09   244.30 255.60   106.24 117.54   111.82 123.13   105.56 116.86
2020-06-22   106.80 118.01   106.77 117.99   244.28 255.50   106.23 117.44   111.81 123.03   105.55 116.76
2020-06-23   106.78 117.92   106.76 117.89   244.27 255.40   106.21 117.35   111.80 122.93   105.53 116.67
2020-06-24   106.77 117.82   106.74 117.80   244.26 255.31   106.20 117.25   111.79 122.84   105.52 116.57
2020-06-25   106.76 117.73   106.73 117.71   244.24 255.22   106.19 117.16   111.77 122.75   105.51 116.48
2020-06-26   106.74 117.65   106.71 117.62   244.23 255.13   106.17 117.08   111.75 122.66   105.49 116.40
2020-06-27   106.72 117.56   106.70 117.53   244.21 255.05   106.15 116.99   111.74 122.58   105.47 116.31
2020-06-28   106.70 117.48   106.68 117.45   244.19 254.97   106.13 116.91   111.72 122.49   105.45 116.23
2020-06-29   106.68 117.40   106.66 117.37   244.17 254.89   106.11 116.83   111.70 122.41   105.43 116.15
2020-06-30   106.66 117.32   106.64 117.30   244.15 254.81   106.09 116.75   111.68 122.34   105.41 116.07
2020-07-01   106.64 117.25   106.61 117.22   244.13 254.73   106.07 116.68   111.65 122.26   105.39 116.00
2020-07-02   106.62 117.17   106.59 117.15   244.10 254.66   106.05 116.60   111.63 122.19   105.37 115.92
2020-07-03   106.59 117.10   106.57 117.08   244.08 254.59   106.02 116.53   111.61 122.12   105.34 115.85
2020-07-04   106.57 117.04   106.54 117.01   244.05 254.52   106.00 116.47   111.58 122.05   105.31 115.79
2020-07-05   106.54 116.97   106.51 116.94   244.03 254.46   105.97 116.40   111.55 121.98   105.29 115.72
2020-07-06   106.51 116.91   106.48 116.88   244.00 254.39   105.94 116.34   111.53 121.92   105.26 115.65
2020-07-07   106.48 116.84   106.45 116.82   243.97 254.33   105.91 116.27   111.50 121.86   105.23 115.59
2020-07-08   106.45 116.78   106.42 116.76   243.94 254.27   105.88 116.21   111.47 121.80   105.20 115.53
2020-07-09   106.42 116.73   106.39 116.70   243.91 254.21   105.85 116.16   111.43 121.74   105.17 115.47
2020-07-10   106.39 116.67   106.36 116.64   243.87 254.16   105.82 116.10   111.40 121.68   105.14 115.42
2020-07-11   106.35 116.61   106.33 116.59   243.84 254.10   105.78 116.04   111.37 121.63   105.10 115.36
2020-07-12   106.32 116.56   106.29 116.53   243.80 254.05   105.75 115.99   111.33 121.58   105.07 115.31
2020-07-13   106.28 116.51   106.25 116.48   243.77 254.00   105.71 115.94   111.30 121.53   105.03 115.26
2020-07-14   106.24 116.46   106.22 116.43   243.73 253.95   105.67 115.89   111.26 121.48   104.99 115.21
2020-07-15   106.20 116.41   106.18 116.39   243.69 253.90   105.63 115.84   111.22 121.43   104.95 115.16
2020-07-16   106.16 116.37   106.14 116.34   243.65 253.85   105.59 115.80   111.18 121.38   104.91 115.12
2020-07-17   106.12 116.32   106.10 116.30   243.61 253.81   105.55 115.75   111.14 121.34   104.87 115.07
2020-07-18   106.08 116.28   106.05 116.25   243.57 253.77   105.51 115.71   111.09 121.30   104.83 115.03
2020-07-19   106.04 116.24   106.01 116.21   243.52 253.73   105.47 115.67   111.05 121.25   104.78 114.99
2020-07-20   105.99 116.20   105.96 116.17   243.48 253.69   105.42 115.63   111.01 121.21   104.74 114.95
2020-07-21   106.48 115.62   106.45 115.60   243.97 253.11   105.91 115.05   111.50 120.64   105.23 114.37
2020-07-22   107.04 114.98   107.01 114.95   244.53 252.47   106.47 114.41   112.06 119.99   105.79 113.73

2021-01-11   287.70 295.47   287.67 295.44    65.19  72.96   287.13 294.90   292.72 300.48   286.45 294.22
2021-01-12   287.01 296.07   286.98 296.04    64.50  73.55   286.44 295.50   292.02 301.08   285.76 294.82
2021-01-13   286.39 296.60   286.36 296.57    63.87  74.08   285.82 296.03   291.40 301.61   285.14 295.34
2021-01-14   286.34 296.55   286.32 296.52    63.83  74.03   285.77 295.98   291.36 301.56   285.09 295.29
2021-01-15   286.30 296.50   286.27 296.47    63.78  73.98   285.73 295.93   291.31 301.51   285.05 295.25
2021-01-16   286.25 296.45   286.22 296.42    63.74  73.94   285.68 295.88   291.26 301.46   285.00 295.20
2021-01-17   286.20 296.40   286.17 296.38    63.69  73.89   285.63 295.83   291.21 301.42   284.95 295.15
2021-01-18   286.15 296.36   286.12 296.33    63.64  73.85   285.58 295.79   291.16 301.38   284.90 295.11
2021-01-19   286.09 296.32   286.07 296.29    63.58  73.80   285.52 295.75   291.11 301.33   284.84 295.07
2021-01-20   286.04 296.28   286.01 296.25    63.53  73.76   285.47 295.71   291.05 301.29   284.79 295.03
2021-01-21   285.98 296.24   285.96 296.21    63.47  73.72   285.41 295.67   291.00 301.25   284.73 294.99
2021-01-22   285.92 296.20   285.90 296.17    63.41  73.68   285.35 295.63   290.94 301.21   284.67 294.95
2021-01-23   285.86 296.16   285.84 296.13    63.35  73.65   285.29 295.59   290.88 301.18   284.61 294.91
2021-01-24   285.80 296.12   285.77 296.10    63.29  73.61   285.23 295.55   290.81 301.14   284.55 294.87
2021-01-25   285.73 296.09   285.71 296.06    63.22  73.58   285.16 295.52   290.75 301.11   284.48 294.84
2021-01-26   285.67 296.06   285.64 296.03    63.15  73.54   285.10 295.49   290.68 301.07   284.42 294.81
2021-01-27   285.60 296.03   285.57 296.00    63.08  73.51   285.03 295.46   290.61 301.04   284.35 294.77
2021-01-28   285.53 296.00   285.50 295.97    63.01  73.48   284.96 295.43   290.54 301.01   284.27 294.74
2021-01-29   285.45 295.97   285.42 295.94    62.94  73.45   284.88 295.40   290.47 300.98   284.20 294.72
2021-01-30   285.37 295.94   285.35 295.91    62.86  73.43   284.80 295.37   290.39 300.95   284.12 294.69
2021-01-31   285.30 295.91   285.27 295.89    62.78  73.40   284.73 295.34   290.31 300.93   284.04 294.66
2021-02-01   285.21 295.89   285.19 295.86    62.70  73.37   284.64 295.32   290.23 300.90   283.96 294.64
2021-02-02   285.13 295.86   285.10 295.84    62.62  73.35   284.56 295.29   290.14 300.88   283.88 294.61
2021-02-03   285.04 295.84   285.02 295.82    62.53  73.33   284.47 295.27   290.06 300.86   283.79 294.59
2021-02-04   284.95 295.82   284.93 295.79    62.44  73.31   284.38 295.25   289.97 300.84   283.70 294.57
2021-02-05   284.86 295.80   284.83 295.78    62.35  73.29   284.29 295.23   289.88 300.82   283.61 294.55
2021-02-06   284.76 295.78   284.74 295.76    62.25  73.27   284.19 295.21   289.78 300.80   283.51 294.53
2021-02-07   284.67 295.77   284.64 295.74    62.15  73.25   284.10 295.20   289.68 300.78   283.41 294.52
2021-02-08   284.56 295.75   284.54 295.73    62.05  73.24   283.99 295.18   289.58 300.77   283.31 294.50
2021-02-09   284.46 295.74   284.43 295.71    61.94  73.23   283.89 295.17   289.47 300.75   283.21 294.49
2021-02-10   284.35 295.73   284.32 295.70    61.84  73.21   283.78 295.16   289.36 300.74   283.10 294.48
2021-02-11   284.24 295.72   284.21 295.69    61.72  73.20   283.67 295.15   289.25 300.73   282.98 294.47
2021-02-12   284.12 295.71   284.09 295.68    61.61  73.20   283.55 295.14   289.13 300.72   282.87 294.46
2021-02-13   284.00 295.70   283.97 295.68    61.49  73.19   283.43 295.13   289.01 300.72   282.75 294.45
2021-02-14   283.87 295.70   283.85 295.67    61.36  73.18   283.30 295.13   288.89 300.71   282.62 294.45
2021-02-15   283.74 295.69   283.72 295.67    61.23  73.18   283.17 295.12   288.76 300.71   282.49 294.44
2021-02-16   283.61 295.69   283.58 295.66    61.10  73.18   283.04 295.12   288.63 300.71   282.36 294.44
2021-02-17   283.47 295.69   283.45 295.67    60.96  73.18   282.90 295.12   288.49 300.71   282.22 294.44
2021-02-18   283.33 295.69   283.30 295.67    60.82  73.18   282.76 295.12   288.34 300.71   282.08 294.44
2021-02-19   283.18 295.70   283.15 295.67    60.67  73.19   282.61 295.13   288.19 300.71   281.93 294.45
2021-02-20   283.02 295.70   283.00 295.68    60.51  73.19   282.45 295.13   288.04 300.72   281.77 294.45
2021-02-21   282.86 295.71   282.84 295.69    60.35  73.20   282.29 295.14   287.88 300.73   281.61 294.46
2021-02-22   282.70 295.72   282.67 295.70    60.18  73.21   282.13 295.15   287.71 300.74   281.45 294.47
2021-02-23   282.52 295.74   282.50 295.71    60.01  73.22   281.95 295.17   287.54 300.75   281.27 294.49
2021-02-24   282.34 295.75   282.32 295.73    59.83  73.24   281.77 295.18   287.36 300.77   281.09 294.50
2021-02-25   282.15 295.77   282.13 295.74    59.64  73.26   281.58 295.20   287.17 300.79   280.90 294.52
2021-02-26   281.96 295.79   281.93 295.77    59.45  73.28   281.39 295.22   286.97 300.81   280.71 294.54
2021-02-27   281.75 295.82   281.73 295.79    59.24  73.30   281.18 295.25   286.77 300.83   280.50 294.56
2021-02-28   281.54 295.84   281.52 295.82    59.03  73.33   280.97 295.27   286.56 300.86   280.29 294.59

2021-06-01   106.64 121.06   106.62 121.03   244.13 258.55   106.07 120.49   111.66 126.08   105.39 119.81
2021-06-02   106.67 120.85   106.64 120.83   244.16 258.34   106.10 120.28   111.69 125.87   105.42 119.60
2021-06-03   106.70 120.65   106.67 120.63   244.18 258.14   106.13 120.08   111.71 125.67   105.45 119.40
2021-06-04   106.72 120.46   106.69 120.44   244.21 257.95   106.15 119.89   111.73 125.48   105.47 119.21
2021-06-05   106.74 120.28   106.71 120.25   244.23 257.77   106.17 119.71   111.75 125.30   105.49 119.03
2021-06-06   106.76 120.10   106.73 120.08   244.24 257.59   106.19 119.53   111.77 125.12   105.51 118.85
2021-06-07   106.77 119.94   106.75 119.91   244.26 257.42   106.20 119.37   111.79 124.95   105.52 118.68
2021-06-08   106.79 119.77   106.76 119.75   244.27 257.26   106.22 119.20   111.80 124.79   105.53 118.52
2021-06-09   106.80 119.62   106.77 119.59   244.28 257.10   106.23 119.05   111.81 124.63   105.55 118.37
2021-06-10   106.80 119.47   106.78 119.44   244.29 256.95   106.23 118.90   111.82 124.48   105.55 118.21
2021-06-11   106.81 119.32   106.79 119.29   244.30 256.81   106.24 118.75   111.83 124.34   105.56 118.07
2021-06-12   106.82 119.18   106.79 119.15   244.30 256.67   106.25 118.61   111.83 124.20   105.57 117.93
2021-06-13   106.82 119.04   106.79 119.02   244.31 256.53   106.25 118.47   111.84 124.06   105.57 117.79
2021-06-14   106.82 118.91   106.80 118.89   244.31 256.40   106.25 118.34   111.84 123.93   105.57 117.66
2021-06-15   106.82 118.79   106.80 118.76   244.31 256.28   106.25 118.22   111.84 123.80   105.57 117.54
2021-06-16   106.82 118.67   106.79 118.64   244.31 256.15   106.25 118.10   111.84 123.68   105.57 117.42
2021-06-17   106.82 118.55   106.79 118.52   244.30 256.04   106.25 117.98   111.83 123.56   105.57 117.30
2021-06-18   106.81 118.43   106.79 118.41   244.30 255.92   106.24 117.86   111.83 123.45   105.56 117.18
2021-06-19   106.81 118.32   106.78 118.30   244.29 255.81   106.24 117.75   111.82 123.34   105.56 117.07
2021-06-20   106.80 118.22   106.77 118.19   244.29 255.71   106.23 117.65   111.81 123.23   105.55 116.97
2021-06-21   106.79 118.11   106.76 118.09   244.28 255.60   106.22 117.54   111.80 123.13   105.54 116.86
2021-06-22   106.78 118.02   106.75 117.99   244.27 255.50   106.21 117.45   111.79 123.03   105.53 116.76
2021-06-23   106.77 117.92   106.74 117.89   244.26 255.41   106.20 117.35   111.78 122.93   105.52 116.67
2021-06-24   106.75 117.83   106.73 117.80   244.24 255.31   106.18 117.26   111.77 122.84   105.50 116.57
2021-06-25   106.74 117.73   106.71 117.71   244.23 255.22   106.17 117.16   111.76 122.75   105.49 116.48
2021-06-26   106.73 117.65   106.70 117.62   244.21 255.13   106.16 117.08   111.74 122.66   105.47 116.40
2021-06-27   106.71 117.56   106.68 117.54   244.20 255.05   106.14 116.99   111.72 122.58   105.46 116.31
2021-06-28   106.69 117.48   106.66 117.45   244.18 254.97   106.12 116.91   111.71 122.50   105.44 116.23
2021-06-29   106.67 117.40   106.65 117.37   244.16 254.89   106.10 116.83   111.69 122.42   105.42 116.15
2021-06-30   106.65 117.32   106.62 117.30   244.14 254.81   106.08 116.75   111.67 122.34   105.40 116.07
2021-07-01   106.63 117.25   106.60 117.22   244.12 254.74   106.06 116.68   111.65 122.26   105.38 116.00
2021-07-02   106.61 117.18   106.58 117.15   244.09 254.66   106.04 116.61   111.62 122.19   105.36 115.92
2021-07-03   106.58 117.11   106.56 117.08   244.07 254.59   106.01 116.54   111.60 122.12   105.33 115.85
2021-07-04   106.56 117.04   106.53 117.01   244.05 254.52   105.99 116.47   111.57 122.05   105.31 115.79
2021-07-05   106.53 116.97   106.51 116.95   244.02 254.46   105.96 116.40   111.55 121.99   105.28 115.72
2021-07-06   106.51 116.91   106.48 116.88   243.99 254.40   105.94 116.34   111.52 121.92   105.25 115.66
2021-07-07   106.48 116.85   106.45 116.82   243.96 254.33   105.91 116.28   111.49 121.86   105.23 115.60
2021-07-08   106.45 116.79   106.42 116.76   243.94 254.27   105.88 116.22   111.46 121.80   105.20 115.54
2021-07-09   106.42 116.73   106.39 116.70   243.90 254.22   105.85 116.16   111.43 121.74   105.17 115.48
2021-07-10   106.39 116.67   106.36 116.65   243.87 254.16   105.82 116.10   111.40 121.69   105.13 115.42
2021-07-11   106.35 116.62   106.33 116.59   243.84 254.11   105.78 116.05   111.37 121.63   105.10 115.37
2021-07-12   106.32 116.57   106.29 116.54   243.81 254.05   105.75 116.00   111.33 121.58   105.07 115.32
2021-07-13   106.28 116.52   106.26 116.49   243.77 254.00   105.71 115.95   111.30 121.53   105.03 115.26
2021-07-14   106.25 116.47   106.22 116.44   243.73 253.95   105.68 115.90   111.26 121.48   105.00 115.22
2021-07-15   106.21 116.42   106.18 116.39   243.70 253.91   105.64 115.85   111.22 121.43   104.96 115.17
2021-07-16   106.17 116.37   106.14 116.35   243.66 253.86   105.60 115.80   111.19 121.39   104.92 115.12
2021-07-17   106.13 116.33   106.10 116.30   243.62 253.82   105.56 115.76   111.14 121.35   104.88 115.08
2021-07-18   106.09 116.29   106.06 116.26   243.58 253.78   105.52 115.72   111.10 121.30   104.84 115.04
2021-07-19   106.05 116.25   106.02 116.22   243.53 253.73   105.48 115.68   111.06 121.26   104.79 115.00
2021-07-20   106.00 116.21   105.97 116.18   243.49 253.70   105.43 115.64   111.02 121.22   104.75 114.96
2021-07-21   106.37 115.76   106.34 115.73   243.85 253.25   105.80 115.19   111.38 120.77   105.12 114.51
2021-07-22   106.93 115.11   106.90 115.09   244.42 252.60   106.36 114.54   111.94 120.13   105.68 113.86
2021-07-23   107.49 114.47   107.46 114.44   244.98 251.96   106.92 113.90   112.50 119.49   106.24 113.22

2022-01-11   287.85 295.35   287.82 295.32    65.33  72.84   287.28 294.78   292.86 300.36   286.60 294.10
2022-01-12   287.16 295.94   287.13 295.92    64.64  73.43   286.59 295.37   292.17 300.96   285.90 294.69
2022-01-13   286.46 296.54   286.44 296.51    63.95  74.03   285.89 295.97   291.48 301.56   285.21 295.29
2022-01-14   286.35 296.56   286.33 296.53    63.84  74.04   285.78 295.99   291.37 301.57   285.10 295.30
2022-01-15   286.31 296.51   286.28 296.48    63.79  73.99   285.74 295.94   291.32 301.52   285.05 295.25
2022-01-16   286.26 296.46   286.23 296.43    63.74  73.94   285.69 295.89   291.27 301.47   285.01 295.21
2022-01-17   286.21 296.41   286.18 296.38    63.69  73.90   285.64 295.84   291.22 301.43   284.96 295.16
2022-01-18   286.16 296.37   286.13 296.34    63.64  73.85   285.59 295.80   291.17 301.38   284.90 295.11
2022-01-19   286.10 296.32   286.07 296.29    63.59  73.81   285.53 295.75   291.12 301.34   284.85 295.07
2022-01-20   286.05 296.28   286.02 296.25    63.53  73.77   285.48 295.71   291.06 301.29   284.80 295.03
2022-01-21   285.99 296.24   285.96 296.21    63.48  73.73   285.42 295.67   291.00 301.25   284.74 294.99
2022-01-22   285.93 296.20   285.90 296.17    63.42  73.69   285.36 295.63   290.94 301.21   284.68 294.95
2022-01-23   285.87 296.16   285.84 296.13    63.36  73.65   285.30 295.59   290.88 301.18   284.62 294.91
2022-01-24   285.80 296.12   285.78 296.10    63.29  73.61   285.23 295.55   290.82 301.14   284.55 294.87
2022-01-25   285.74 296.09   285.71 296.06    63.23  73.58   285.17 295.52   290.75 301.10   284.49 294.84
2022-01-26   285.67 296.05   285.64 296.03    63.16  73.54   285.10 295.48   290.69 301.07   284.42 294.80
2022-01-27   285.60 296.02   285.57 295.99    63.09  73.51   285.03 295.45   290.62 301.04   284.35 294.77
2022-01-28   285.53 295.99   285.50 295.96    63.02  73.48   284.96 295.42   290.54 301.00   284.28 294.74
2022-01-29   285.46 295.96   285.43 295.93    62.94  73.45   284.89 295.39   290.47 300.97   284.20 294.71
2022-01-30   285.38 295.93   285.35 295.90    62.87  73.42   284.81 295.36   290.39 300.95   284.13 294.68
2022-01-31   285.30 295.90   285.27 295.88    62.79  73.39   284.73 295.33   290.31 300.92   284.05 294.65
2022-02-01   285.22 295.88   285.19 295.85    62.71  73.37   284.65 295.31   290.23 300.89   283.97 294.63
2022-02-02   285.13 295.85   285.11 295.83    62.62  73.34   284.56 295.28   290.15 300.87   283.88 294.60
2022-02-03   285.05 295.83   285.02 295.80    62.53  73.32   284.48 295.26   290.06 300.85   283.80 294.58
2022-02-04   284.96 295.81   284.93 295.78    62.44  73.30   284.39 295.24   289.97 300.82   283.71 294.56
2022-02-05   284.86 295.79   284.84 295.76    62.35  73.28   284.29 295.22   289.88 300.80   283.61 294.54
2022-02-06   284.77 295.77   284.74 295.74    62.26  73.26   284.20 295.20   289.78 300.79   283.52 294.52
2022-02-07   284.67 295.75   284.64 295.73    62.16  73.24   284.10 295.18   289.69 300.77   283.42 294.50
2022-02-08   284.57 295.74   284.54 295.71    62.06  73.22   284.00 295.17   289.58 300.75   283.32 294.49
2022-02-09   284.46 295.72   284.44 295.70    61.95  73.21   283.89 295.15   289.48 300.74   283.21 294.47
2022-02-10   284.36 295.71   284.33 295.68    61.84  73.20   283.79 295.14   289.37 300.73   283.10 294.46
2022-02-11   284.24 295.70   284.22 295.67    61.73  73.19   283.67 295.13   289.26 300.71   282.99 294.45
2022-02-12   284.13 295.69   284.10 295.66    61.61  73.18   283.56 295.12   289.14 300.70   282.88 294.44
2022-02-13   284.01 295.68   283.98 295.66    61.49  73.17   283.44 295.11   289.02 300.70   282.76 294.43
2022-02-14   283.88 295.68   283.86 295.65    61.37  73.16   283.31 295.11   288.90 300.69   282.63 294.42
2022-02-15   283.75 295.67   283.73 295.64    61.24  73.16   283.18 295.10   288.77 300.69   282.50 294.42
2022-02-16   283.62 295.67   283.60 295.64    61.11  73.16   283.05 295.10   288.64 300.68   282.37 294.42
2022-02-17   283.48 295.67   283.46 295.64    60.97  73.16   282.91 295.10   288.50 300.68   282.23 294.42
2022-02-18   283.34 295.67   283.32 295.64    60.83  73.16   282.77 295.10   288.36 300.68   282.09 294.42
2022-02-19   283.19 295.67   283.17 295.65    60.68  73.16   282.62 295.10   288.21 300.69   281.94 294.42
2022-02-20   283.04 295.68   283.01 295.65    60.53  73.16   282.47 295.11   288.06 300.69   281.79 294.43
2022-02-21   282.88 295.69   282.85 295.66    60.37  73.17   282.31 295.12   287.90 300.70   281.63 294.43
2022-02-22   282.72 295.69   282.69 295.67    60.20  73.18   282.15 295.12   287.73 300.71   281.47 294.44
2022-02-23   282.54 295.71   282.52 295.68    60.03  73.19   281.97 295.14   287.56 300.72   281.29 294.46
2022-02-24   282.37 295.72   282.34 295.69    59.85  73.21   281.80 295.15   287.38 300.74   281.11 294.47
2022-02-25   282.18 295.74   282.15 295.71    59.67  73.23   281.61 295.17   287.19 300.75   280.93 294.49
2022-02-26   281.99 295.76   281.96 295.73    59.47  73.25   281.42 295.19   287.00 300.77   280.74 294.51
2022-02-27   281.78 295.78   281.76 295.75    59.27  73.27   281.21 295.21   286.80 300.80   280.53 294.53
2022-02-28   281.57 295.81   281.55 295.78    59.06  73.29   281.00 295.24   286.59 300.82   280.32 294.56

2022-06-02   106.64 120.87   106.61 120.85   244.12 258.36   106.07 120.30   111.65 125.89   105.39 119.62
2022-06-03   106.66 120.67   106.64 120.65   244.15 258.16   106.09 120.10   111.68 125.69   105.41 119.42
2022-06-04   106.69 120.48   106.66 120.45   244.17 257.97   106.12 119.91   111.70 125.50   105.44 119.23
2022-06-05   106.71 120.30   106.68 120.27   244.20 257.78   106.14 119.73   111.72 125.31   105.46 119.04
2022-06-06   106.73 120.12   106.70 120.09   244.21 257.61   106.16 119.55   111.74 125.13   105.48 118.87
2022-06-07   106.74 119.95   106.72 119.92   244.23 257.43   106.17 119.38   111.76 124.96   105.49 118.70
2022-06-08   106.76 119.78   106.73 119.76   244.24 257.27   106.19 119.21   111.77 124.80   105.51 118.53
2022-06-09   106.77 119.63   106.74 119.60   244.26 257.11   106.20 119.06   111.78 124.64   105.52 118.37
2022-06-10   106.78 119.47   106.75 119.45   244.27 256.96   106.21 118.90   111.79 124.49   105.53 118.22
2022-06-11   106.79 119.33   106.76 119.30   244.27 256.81   106.22 118.76   111.80 124.34   105.54 118.08
2022-06-12   106.79 119.19   106.77 119.16   244.28 256.67   106.22 118.62   111.81 124.20   105.54 117.94
2022-06-13   106.80 119.05   106.77 119.02   244.28 256.54   106.23 118.48   111.81 124.07   105.55 117.80
2022-06-14   106.80 118.92   106.77 118.89   244.29 256.41   106.23 118.35   111.81 123.93   105.55 117.67
2022-06-15   106.80 118.79   106.77 118.77   244.29 256.28   106.23 118.22   111.81 123.81   105.55 117.54
2022-06-16   106.80 118.67   106.77 118.64   244.29 256.16   106.23 118.10   111.81 123.68   105.55 117.42
2022-06-17   106.80 118.55   106.77 118.52   244.28 256.04   106.23 117.98   111.81 123.57   105.55 117.30
2022-06-18   106.79 118.44   106.77 118.41   244.28 255.92   106.22 117.87   111.81 123.45   105.54 117.19
2022-06-19   106.79 118.33   106.76 118.30   244.27 255.81   106.22 117.76   111.80 123.34   105.54 117.08
2022-06-20   106.78 118.22   106.75 118.19   244.27 255.71   106.21 117.65   111.80 123.24   105.53 116.97
2022-06-21   106.77 118.12   106.75 118.09   244.26 255.60   106.20 117.55   111.79 123.13   105.52 116.87
2022-06-22   106.76 118.02   106.74 117.99   244.25 255.50   106.19 117.45   111.78 123.03   105.51 116.77
2022-06-23   106.75 117.92   106.73 117.89   244.24 255.41   106.18 117.35   111.77 122.94   105.50 116.67
2022-06-24   106.74 117.83   106.71 117.80   244.23 255.31   106.17 117.26   111.76 122.84   105.49 116.58
2022-06-25   106.73 117.74   106.70 117.71   244.22 255.22   106.16 117.17   111.74 122.75   105.48 116.49
2022-06-26   106.71 117.65   106.69 117.62   244.20 255.14   106.14 117.08   111.73 122.66   105.46 116.40
2022-06-27   106.70 117.56   106.67 117.54   244.18 255.05   106.13 116.99   111.71 122.58   105.45 116.31
2022-06-28   106.68 117.48   106.65 117.46   244.17 254.97   106.11 116.91   111.70 122.50   105.43 116.23
2022-06-29   106.66 117.40   106.64 117.38   244.15 254.89   106.09 116.83   111.68 122.42   105.41 116.15
2022-06-30   106.64 117.33   106.62 117.30   244.13 254.81   106.07 116.76   111.66 122.34   105.39 116.08
2022-07-01   106.62 117.25   106.60 117.22   244.11 254.74   106.05 116.68   111.64 122.27   105.37 116.00
2022-07-02   106.60 117.18   106.58 117.15   244.09 254.67   106.03 116.61   111.62 122.19   105.35 115.93
2022-07-03   106.58 117.11   106.55 117.08   244.07 254.60   106.01 116.54   111.59 122.12   105.33 115.86
2022-07-04   106.56 117.04   106.53 117.02   244.04 254.53   105.99 116.47   111.57 122.06   105.30 115.79
2022-07-05   106.53 116.98   106.50 116.95   244.02 254.46   105.96 116.41   111.55 121.99   105.28 115.73
2022-07-06   106.50 116.91   106.48 116.89   243.99 254.40   105.93 116.34   111.52 121.93   105.25 115.66
2022-07-07   106.48 116.85   106.45 116.83   243.96 254.34   105.91 116.28   111.49 121.87   105.23 115.60
2022-07-08   106.45 116.79   106.42 116.77   243.94 254.28   105.88 116.22   111.46 121.81   105.20 115.54
2022-07-09   106.42 116.74   106.39 116.71   243.91 254.22   105.85 116.17   111.43 121.75   105.17 115.48
2022-07-10   106.39 116.68   106.36 116.65   243.88 254.17   105.82 116.11   111.40 121.70   105.14 115.43
2022-07-11   106.36 116.63   106.33 116.60   243.84 254.11   105.79 116.06   111.37 121.64   105.11 115.38
2022-07-12   106.32 116.57   106.30 116.55   243.81 254.06   105.75 116.00   111.34 121.59   105.07 115.32
2022-07-13   106.29 116.52   106.26 116.50   243.78 254.01   105.72 115.95   111.30 121.54   105.04 115.27
2022-07-14   106.25 116.48   106.23 116.45   243.74 253.96   105.68 115.91   111.27 121.49   105.00 115.23
2022-07-15   106.22 116.43   106.19 116.40   243.71 253.92   105.65 115.86   111.23 121.45   104.97 115.18
2022-07-16   106.18 116.39   106.15 116.36   243.67 253.87   105.61 115.82   111.20 121.40   104.93 115.13
2022-07-17   106.14 116.34   106.11 116.32   243.63 253.83   105.57 115.77   111.16 121.36   104.89 115.09
2022-07-18   106.10 116.30   106.07 116.27   243.59 253.79   105.53 115.73   111.12 121.32   104.85 115.05
2022-07-19   106.06 116.26   106.03 116.23   243.55 253.75   105.49 115.69   111.07 121.28   104.81 115.01
2022-07-20   106.02 116.22   105.99 116.20   243.50 253.71   105.45 115.65   111.03 121.24   104.76 114.97
2022-07-21   106.26 115.89   106.23 115.87   243.75 253.38   105.69 115.32   111.28 120.91   105.01 114.64
2022-07-22   106.82 115.25   106.80 115.22   244.31 252.74   106.25 114.68   111.84 120.27   105.57 114.00
2022-07-23   107.38 114.61   107.36 114.58   244.87 252.10   106.81 114.04   112.40 119.62   106.13 113.36

2023-01-11   287.99 295.22   287.96 295.20    65.47  72.71   287.42 294.65   293.00 300.24   286.73 293.97
2023-01-12   287.29 295.82   287.27 295.79    64.78  73.31   286.72 295.25   292.31 300.83   286.04 294.57
2023-01-13   286.60 296.41   286.57 296.39    64.09  73.90   286.03 295.84   291.62 301.43   285.35 295.16
2023-01-14   286.36 296.56   286.33 296.53    63.84  74.05   285.79 295.99   291.37 301.58   285.10 295.31
2023-01-15   286.31 296.51   286.28 296.48    63.80  74.00   285.74 295.94   291.32 301.52   285.06 295.26
2023-01-16   286.26 296.46   286.23 296.43    63.75  73.95   285.69 295.89   291.28 301.48   285.01 295.21
2023-01-17   286.21 296.41   286.18 296.39    63.70  73.90   285.64 295.84   291.22 301.43   284.96 295.16
2023-01-18   286.16 296.37   286.13 296.34    63.64  73.85   285.59 295.80   291.17 301.38   284.91 295.12
2023-01-19   286.10 296.32   286.08 296.29    63.59  73.81   285.53 295.75   291.12 301.34   284.85 295.07
2023-01-20   286.05 296.28   286.02 296.25    63.54  73.77   285.48 295.71   291.06 301.29   284.80 295.03
2023-01-21   285.99 296.24   285.96 296.21    63.48  73.72   285.42 295.67   291.01 301.25   284.74 294.98
2023-01-22   285.93 296.20   285.90 296.17    63.42  73.68   285.36 295.63   290.95 301.21   284.68 294.94
2023-01-23   285.87 296.16   285.84 296.13    63.36  73.64   285.30 295.59   290.88 301.17   284.62 294.91
2023-01-24   285.81 296.12   285.78 296.09    63.29  73.61   285.24 295.55   290.82 301.13   284.55 294.87
2023-01-25   285.74 296.08   285.71 296.06    63.23  73.57   285.17 295.51   290.76 301.10   284.49 294.83
2023-01-26   285.67 296.05   285.65 296.02    63.16  73.53   285.10 295.48   290.69 301.06   284.42 294.80
2023-01-27   285.60 296.01   285.58 295.99    63.09  73.50   285.03 295.44   290.62 301.03   284.35 294.76
2023-01-28   285.53 295.98   285.50 295.95    63.02  73.47   284.96 295.41   290.55 301.00   284.28 294.73
2023-01-29   285.46 295.95   285.43 295.92    62.94  73.44   284.89 295.38   290.47 300.97   284.21 294.70
2023-01-30   285.38 295.92   285.35 295.89    62.87  73.41   284.81 295.35   290.39 300.94   284.13 294.67
2023-01-31   285.30 295.89   285.27 295.87    62.79  73.38   284.73 295.32   290.32 300.91   284.05 294.64
2023-02-01   285.22 295.87   285.19 295.84    62.71  73.35   284.65 295.30   290.23 300.88   283.97 294.62
2023-02-02   285.14 295.84   285.11 295.81    62.62  73.33   284.57 295.27   290.15 300.86   283.88 294.59
2023-02-03   285.05 295.82   285.02 295.79    62.54  73.30   284.48 295.25   290.06 300.83   283.80 294.57
2023-02-04   284.96 295.79   284.93 295.77    62.45  73.28   284.39 295.22   289.98 300.81   283.71 294.54
2023-02-05   284.87 295.77   284.84 295.75    62.36  73.26   284.30 295.20   289.88 300.79   283.62 294.52
2023-02-06   284.77 295.75   284.75 295.73    62.26  73.24   284.20 295.18   289.79 300.77   283.52 294.50
2023-02-07   284.67 295.74   284.65 295.71    62.16  73.22   284.10 295.17   289.69 300.75   283.42 294.49
2023-02-08   284.57 295.72   284.55 295.69    62.06  73.21   284.00 295.15   289.59 300.74   283.32 294.47
2023-02-09   284.47 295.70   284.44 295.68    61.96  73.19   283.90 295.13   289.48 300.72   283.22 294.45
2023-02-10   284.36 295.69   284.33 295.66    61.85  73.18   283.79 295.12   289.38 300.71   283.11 294.44
2023-02-11   284.25 295.68   284.22 295.65    61.74  73.17   283.68 295.11   289.27 300.69   283.00 294.43
2023-02-12   284.13 295.67   284.11 295.64    61.62  73.16   283.56 295.10   289.15 300.68   282.88 294.42
2023-02-13   284.02 295.66   283.99 295.63    61.50  73.15   283.45 295.09   289.03 300.68   282.77 294.41
2023-02-14   283.89 295.65   283.87 295.63    61.38  73.14   283.32 295.08   288.91 300.67   282.64 294.40
2023-02-15   283.77 295.65   283.74 295.62    61.25  73.14   283.20 295.08   288.78 300.66   282.51 294.40
2023-02-16   283.63 295.65   283.61 295.62    61.12  73.13   283.06 295.08   288.65 300.66   282.38 294.39
2023-02-17   283.50 295.64   283.47 295.62    60.98  73.13   282.93 295.07   288.51 300.66   282.25 294.39
2023-02-18   283.36 295.64   283.33 295.62    60.84  73.13   282.79 295.07   288.37 300.66   282.11 294.39
2023-02-19   283.21 295.65   283.18 295.62    60.70  73.13   282.64 295.08   288.22 300.66   281.96 294.40
2023-02-20   283.06 295.65   283.03 295.62    60.55  73.14   282.49 295.08   288.07 300.67   281.81 294.40
2023-02-21   282.90 295.66   282.87 295.63    60.39  73.15   282.33 295.09   287.92 300.67   281.65 294.41
2023-02-22   282.74 295.67   282.71 295.64    60.22  73.15   282.17 295.10   287.75 300.68   281.49 294.42
2023-02-23   282.57 295.68   282.54 295.65    60.05  73.17   282.00 295.11   287.58 300.69   281.32 294.43
2023-02-24   282.39 295.69   282.36 295.67    59.88  73.18   281.82 295.12   287.41 300.71   281.14 294.44
2023-02-25   282.21 295.71   282.18 295.68    59.69  73.20   281.64 295.14   287.22 300.72   280.96 294.46
2023-02-26   282.02 295.73   281.99 295.70    59.50  73.21   281.45 295.16   287.03 300.74   280.76 294.48
2023-02-27   281.82 295.75   281.79 295.72    59.30  73.24   281.25 295.18   286.83 300.76   280.57 294.50
2023-02-28   281.61 295.77   281.58 295.75    59.10  73.26   281.04 295.20   286.62 300.79   280.36 294.52
2023-03-01   281.39 295.80   281.36 295.77    58.88  73.29   280.82 295.23   286.41 300.82   280.14 294.55

2023-06-02   106.60 120.89   106.58 120.87   244.09 258.38   106.03 120.32   111.62 125.91   105.35 119.64
2023-06-03   106.63 120.69   106.60 120.66   244.12 258.18   106.06 120.12   111.65 125.71   105.38 119.44
2023-06-04   106.65 120.50   106.63 120.47   244.14 257.98   106.08 119.93   111.67 125.51   105.40 119.25
2023-06-05   106.68 120.31   106.65 120.28   244.16 257.80   106.11 119.74   111.69 125.33   105.43 119.06
2023-06-06   106.70 120.13   106.67 120.11   244.18 257.62   106.13 119.56   111.71 125.15   105.45 118.88
2023-06-07   106.71 119.96   106.69 119.93   244.20 257.45   106.14 119.39   111.73 124.98   105.46 118.71
2023-06-08   106.73 119.79   106.70 119.77   244.22 257.28   106.16 119.22   111.74 124.81   105.48 118.54
2023-06-09   106.74 119.64   106.72 119.61   244.23 257.12   106.17 119.07   111.76 124.65   105.49 118.39
2023-06-10   106.75 119.48   106.73 119.46   244.24 256.97   106.18 118.91   111.77 124.50   105.50 118.23
2023-06-11   106.76 119.34   106.74 119.31   244.25 256.82   106.19 118.77   111.78 124.35   105.51 118.09
2023-06-12   106.77 119.19   106.74 119.17   244.26 256.68   106.20 118.62   111.78 124.21   105.52 117.94
2023-06-13   106.77 119.06   106.75 119.03   244.26 256.55   106.20 118.49   111.79 124.07   105.52 117.81
2023-06-14   106.78 118.93   106.75 118.90   244.27 256.41   106.21 118.36   111.79 123.94   105.53 117.68
2023-06-15   106.78 118.80   106.75 118.77   244.27 256.29   106.21 118.23   111.80 123.81   105.53 117.55
2023-06-16   106.78 118.68   106.75 118.65   244.27 256.16   106.21 118.11   111.80 123.69   105.53 117.43
2023-06-17   106.78 118.56   106.75 118.53   244.27 256.04   106.21 117.99   111.79 123.57   105.53 117.31
2023-06-18   106.78 118.44   106.75 118.42   244.26 255.93   106.21 117.87   111.79 123.46   105.53 117.19
2023-06-19   106.77 118.33   106.75 118.31   244.26 255.82   106.20 117.76   111.79 123.35   105.52 117.08
2023-06-20   106.77 118.23   106.74 118.20   244.25 255.71   106.20 117.66   111.78 123.24   105.52 116.98
2023-06-21   106.76 118.12   106.73 118.10   244.25 255.61   106.19 117.55   111.77 123.14   105.51 116.87
2023-06-22   106.75 118.02   106.72 118.00   244.24 255.51   106.18 117.45   111.77 123.04   105.50 116.77
2023-06-23   106.74 117.93   106.72 117.90   244.23 255.41   106.17 117.36   111.76 122.94   105.49 116.68
2023-06-24   106.73 117.83   106.70 117.81   244.22 255.32   106.16 117.26   111.75 122.85   105.48 116.58
2023-06-25   106.72 117.74   106.69 117.72   244.21 255.23   106.15 117.17   111.73 122.76   105.47 116.49
2023-06-26   106.71 117.66   106.68 117.63   244.19 255.14   106.14 117.09   111.72 122.67   105.45 116.40
2023-06-27   106.69 117.57   106.66 117.54   244.18 255.06   106.12 117.00   111.71 122.59   105.44 116.32
2023-06-28   106.68 117.49   106.65 117.46   244.16 254.98   106.11 116.92   111.69 122.50   105.42 116.24
2023-06-29   106.66 117.41   106.63 117.38   244.15 254.90   106.09 116.84   111.67 122.43   105.41 116.16
2023-06-30   106.64 117.33   106.61 117.31   244.13 254.82   106.07 116.76   111.66 122.35   105.39 116.08
2023-07-01   106.62 117.26   106.59 117.23   244.11 254.75   106.05 116.69   111.64 122.28   105.37 116.01
2023-07-02   106.60 117.19   106.57 117.16   244.09 254.68   106.03 116.62   111.62 122.20   105.35 115.94
2023-07-03   106.58 117.12   106.55 117.09   244.07 254.61   106.01 116.55   111.59 122.13   105.33 115.87
2023-07-04   106.56 117.05   106.53 117.03   244.04 254.54   105.99 116.48   111.57 122.07   105.31 115.80
2023-07-05   106.53 116.99   106.51 116.96   244.02 254.47   105.96 116.42   111.55 122.00   105.28 115.74
2023-07-06   106.51 116.92   106.48 116.90   244.00 254.41   105.94 116.35   111.52 121.94   105.26 115.67
2023-07-07   106.48 116.86   106.46 116.84   243.97 254.35   105.91 116.29   111.50 121.88   105.23 115.61
2023-07-08   106.46 116.81   106.43 116.78   243.94 254.29   105.89 116.24   111.47 121.82   105.20 115.55
2023-07-09   106.43 116.75   106.40 116.72   243.91 254.24   105.86 116.18   111.44 121.76   105.18 115.50
2023-07-10   106.40 116.69   106.37 116.67   243.88 254.18   105.83 116.12   111.41 121.71   105.15 115.44
2023-07-11   106.37 116.64   106.34 116.61   243.85 254.13   105.80 116.07   111.38 121.66   105.12 115.39
2023-07-12   106.33 116.59   106.31 116.56   243.82 254.08   105.76 116.02   111.35 121.60   105.08 115.34
2023-07-13   106.30 116.54   106.28 116.51   243.79 254.03   105.73 115.97   111.32 121.56   105.05 115.29
2023-07-14   106.27 116.49   106.24 116.47   243.75 253.98   105.70 115.92   111.28 121.51   105.02 115.24
2023-07-15   106.23 116.45   106.21 116.42   243.72 253.93   105.66 115.88   111.25 121.46   104.98 115.20
2023-07-16   106.20 116.40   106.17 116.38   243.68 253.89   105.63 115.83   111.21 121.42   104.94 115.15
2023-07-17   106.16 116.36   106.13 116.33   243.64 253.85   105.59 115.79   111.17 121.37   104.91 115.11
2023-07-18   106.12 116.32   106.09 116.29   243.61 253.81   105.55 115.75   111.13 121.33   104.87 115.07
2023-07-19   106.08 116.28   106.05 116.25   243.56 253.77   105.51 115.71   111.09 121.29   104.83 115.03
2023-07-20   106.04 116.24   106.01 116.21   243.52 253.73   105.47 115.67   111.05 121.26   104.78 114.99
2023-07-21   106.15 116.04   106.13 116.01   243.64 253.53   105.58 115.47   111.17 121.06   104.90 114.79
2023-07-22   106.72 115.40   106.69 115.37   244.20 252.89   106.15 114.83   111.73 120.41   105.46 114.15
2023-07-23   107.28 114.76   107.25 114.73   244.76 252.25   106.71 114.19   112.29 119.77   106.03 113.51
