
       Target
                ecliptic
RA      Dec     latitude
127.883  11.922  -6.756

Checked interval [2020-01-01, 2023-12-31]
|           Window [days]                 |    Normal V3 PA [deg]    |
   Start           End         Duration         Start         End         RA            Dec     
 2020-03-11      2020-05-02        51.92      97.53322     104.95278     127.88291      11.92226 
 2020-10-25      2020-12-14        50.00     283.57647     291.14495     127.88291      11.92226 
 2021-03-12      2021-05-03        52.00      97.70765     105.02535     127.88291      11.92226 
 2021-10-25      2021-12-14        50.05     283.54275     291.12765     127.88291      11.92226 
 2022-03-12      2022-05-03        52.00      97.66427     104.98419     127.88291      11.92226 
 2022-10-25      2022-12-15        50.99     283.51382     291.33684     127.88291      11.92226 
 2023-03-12      2023-05-03        52.00      97.61567     104.94025     127.88291      11.92226 
 2023-10-26      2023-12-15        50.00     283.60596     291.30564     127.88291      11.92226 


                V3PA          NIRCam           NIRSpec         NIRISS           MIRI          FGS
   Date      min    max      min    max       min    max     min    max      min    max      min    max

2020-03-12    90.32 104.76    90.29 104.73   227.81 242.24    89.75 104.19    95.33 109.77    89.07 103.51
2020-03-13    90.67 104.87    90.64 104.84   228.16 242.36    90.10 104.30    95.69 109.88    89.42 103.62
2020-03-14    91.01 104.98    90.98 104.95   228.50 242.47    90.44 104.41    96.03 109.99    89.76 103.73
2020-03-15    91.34 105.09    91.31 105.06   228.82 242.57    90.77 104.52    96.35 110.10    90.09 103.83
2020-03-16    91.65 105.19    91.62 105.17   229.14 242.68    91.08 104.62    96.67 110.21    90.40 103.94
2020-03-17    91.95 105.30    91.93 105.27   229.44 242.78    91.38 104.73    96.97 110.31    90.70 104.05
2020-03-18    92.24 105.40    92.22 105.37   229.73 242.89    91.67 104.83    97.26 110.42    90.99 104.15
2020-03-19    92.53 105.50    92.50 105.48   230.01 242.99    91.96 104.93    97.54 110.52    91.27 104.25
2020-03-20    92.80 105.60    92.77 105.58   230.28 243.09    92.23 105.03    97.81 110.62    91.55 104.35
2020-03-21    93.06 105.71    93.03 105.68   230.55 243.19    92.49 105.14    98.08 110.72    91.81 104.45
2020-03-22    93.31 105.81    93.29 105.78   230.80 243.29    92.74 105.24    98.33 110.82    92.06 104.55
2020-03-23    93.56 105.90    93.53 105.88   231.05 243.39    92.99 105.33    98.58 110.92    92.31 104.65
2020-03-24    93.80 106.00    93.77 105.98   231.29 243.49    93.23 105.43    98.81 111.02    92.55 104.75
2020-03-25    94.03 106.10    94.00 106.07   231.52 243.59    93.46 105.53    99.05 111.12    92.78 104.85
2020-03-26    94.25 106.20    94.23 106.17   231.74 243.69    93.68 105.63    99.27 111.21    93.00 104.95
2020-03-27    94.47 106.30    94.45 106.27   231.96 243.78    93.90 105.73    99.49 111.31    93.22 105.04
2020-03-28    94.68 106.39    94.66 106.37   232.17 243.88    94.11 105.82    99.70 111.41    93.43 105.14
2020-03-29    94.89 106.49    94.86 106.46   232.38 243.98    94.32 105.92    99.91 111.50    93.64 105.24
2020-03-30    95.09 106.58    95.06 106.56   232.58 244.07    94.52 106.01   100.11 111.60    93.84 105.33
2020-03-31    95.28 106.68    95.26 106.65   232.77 244.17    94.71 106.11   100.30 111.70    94.03 105.43
2020-04-01    95.47 106.78    95.45 106.75   232.96 244.26    94.90 106.21   100.49 111.79    94.22 105.52
2020-04-02    95.66 106.87    95.63 106.84   233.15 244.36    95.09 106.30   100.67 111.89    94.41 105.62
2020-04-03    95.84 106.97    95.81 106.94   233.33 244.45    95.27 106.40   100.85 111.98    94.59 105.72
2020-04-04    96.02 107.06    95.99 107.04   233.50 244.55    95.45 106.49   101.03 112.08    94.76 105.81
2020-04-05    96.19 107.16    96.16 107.13   233.67 244.65    95.62 106.59   101.20 112.17    94.94 105.91
2020-04-06    96.35 107.25    96.33 107.23   233.84 244.74    95.78 106.68   101.37 112.27    95.10 106.00
2020-04-07    96.52 107.35    96.49 107.32   234.01 244.84    95.95 106.78   101.53 112.37    95.27 106.10
2020-04-08    96.68 107.45    96.65 107.42   234.17 244.93    96.11 106.88   101.69 112.46    95.43 106.20
2020-04-09    96.83 107.54    96.81 107.52   234.32 245.03    96.26 106.97   101.85 112.56    95.58 106.29
2020-04-10    96.99 107.64    96.96 107.61   234.47 245.13    96.42 107.07   102.00 112.66    95.74 106.39
2020-04-11    97.14 107.74    97.11 107.71   234.62 245.23    96.57 107.17   102.15 112.75    95.89 106.49
2020-04-12    97.28 107.84    97.26 107.81   234.77 245.32    96.71 107.27   102.30 112.85    96.03 106.59
2020-04-13    97.43 107.93    97.40 107.91   234.92 245.42    96.86 107.36   102.44 112.95    96.18 106.68
2020-04-14    97.57 108.03    97.54 108.01   235.06 245.52    97.00 107.46   102.58 113.05    96.32 106.78
2020-04-15    97.71 108.13    97.68 108.11   235.19 245.62    97.14 107.56   102.72 113.15    96.46 106.88
2020-04-16    97.84 108.23    97.82 108.21   235.33 245.72    97.27 107.66   102.86 113.25    96.59 106.98
2020-04-17    97.98 108.33    97.95 108.31   235.46 245.82    97.41 107.76   102.99 113.35    96.73 107.08
2020-04-18    98.11 108.44    98.08 108.41   235.59 245.92    97.54 107.87   103.12 113.45    96.86 107.19
2020-04-19    98.24 108.54    98.21 108.51   235.72 246.03    97.67 107.97   103.25 113.55    96.98 107.29
2020-04-20    98.36 108.64    98.34 108.62   235.85 246.13    97.79 108.07   103.38 113.66    97.11 107.39
2020-04-21    98.49 108.75    98.46 108.72   235.97 246.23    97.92 108.18   103.50 113.76    97.24 107.50
2020-04-22    98.61 108.85    98.58 108.82   236.10 246.34    98.04 108.28   103.62 113.87    97.36 107.60
2020-04-23    98.73 108.96    98.70 108.93   236.22 246.44    98.16 108.39   103.74 113.97    97.48 107.71
2020-04-24    98.85 109.06    98.82 109.04   236.33 246.55    98.28 108.49   103.86 114.08    97.60 107.81
2020-04-25    98.96 109.17    98.94 109.15   236.45 246.66    98.39 108.60   103.98 114.19    97.71 107.92
2020-04-26    99.08 109.28    99.05 109.26   236.57 246.77    98.51 108.71   104.09 114.30    97.83 108.03
2020-04-27    99.19 109.39    99.17 109.37   236.68 246.88    98.62 108.82   104.21 114.41    97.94 108.14
2020-04-28    99.30 109.50    99.28 109.48   236.79 246.99    98.73 108.93   104.32 114.52    98.05 108.25
2020-04-29    99.41 109.62    99.39 109.59   236.90 247.11    98.84 109.05   104.43 114.63    98.16 108.37
2020-04-30    99.52 109.73    99.50 109.71   237.01 247.22    98.95 109.16   104.54 114.75    98.27 108.48
2020-05-01   100.21 109.27   100.18 109.24   237.70 246.76    99.64 108.70   105.22 114.29    98.96 108.02
2020-05-02   100.92 108.78   100.89 108.76   238.41 246.27   100.35 108.21   105.93 113.80    99.67 107.53

2020-10-26   279.76 287.41   279.74 287.39    57.25  64.90   279.19 286.84   284.78 292.43   278.51 286.16
2020-10-27   279.27 288.15   279.24 288.12    56.75  65.63   278.70 287.58   284.28 293.16   278.02 286.90
2020-10-28   278.77 288.88   278.74 288.85    56.26  66.37   278.20 288.31   283.78 293.90   277.52 287.63
2020-10-29   278.84 289.05   278.81 289.02    56.33  66.53   278.27 288.48   283.86 294.06   277.59 287.79
2020-10-30   278.96 289.16   278.93 289.14    56.45  66.65   278.39 288.59   283.98 294.18   277.71 287.91
2020-10-31   279.08 289.28   279.05 289.25    56.57  66.77   278.51 288.71   284.10 294.30   277.83 288.03
2020-11-01   279.20 289.40   279.17 289.37    56.68  66.89   278.63 288.83   284.21 294.42   277.95 288.15
2020-11-02   279.31 289.52   279.29 289.50    56.80  67.01   278.74 288.95   284.33 294.54   278.06 288.27
2020-11-03   279.43 289.65   279.40 289.62    56.92  67.13   278.86 289.08   284.44 294.66   278.18 288.39
2020-11-04   279.54 289.77   279.51 289.74    57.03  67.26   278.97 289.20   284.56 294.79   278.29 288.52
2020-11-05   279.65 289.90   279.63 289.87    57.14  67.39   279.08 289.33   284.67 294.91   278.40 288.65
2020-11-06   279.77 290.03   279.74 290.00    57.25  67.51   279.20 289.46   284.78 295.04   278.51 288.78
2020-11-07   279.88 290.16   279.85 290.13    57.36  67.65   279.31 289.59   284.89 295.17   278.63 288.91
2020-11-08   279.99 290.29   279.96 290.27    57.47  67.78   279.42 289.72   285.00 295.31   278.73 289.04
2020-11-09   280.09 290.43   280.07 290.40    57.58  67.92   279.52 289.86   285.11 295.44   278.84 289.18
2020-11-10   280.20 290.57   280.18 290.54    57.69  68.06   279.63 290.00   285.22 295.58   278.95 289.32
2020-11-11   280.31 290.71   280.28 290.68    57.80  68.20   279.74 290.14   285.32 295.72   279.06 289.46
2020-11-12   280.42 290.85   280.39 290.83    57.90  68.34   279.85 290.28   285.43 295.87   279.17 289.60
2020-11-13   280.52 291.00   280.50 290.97    58.01  68.49   279.95 290.43   285.54 296.02   279.27 289.75
2020-11-14   280.63 291.15   280.60 291.12    58.11  68.64   280.06 290.58   285.64 296.17   279.38 289.90
2020-11-15   280.73 291.30   280.71 291.28    58.22  68.79   280.16 290.73   285.75 296.32   279.48 290.05
2020-11-16   280.84 291.46   280.81 291.43    58.32  68.95   280.27 290.89   285.85 296.47   279.58 290.21
2020-11-17   280.94 291.62   280.91 291.59    58.43  69.11   280.37 291.05   285.95 296.63   279.69 290.37
2020-11-18   281.04 291.78   281.02 291.76    58.53  69.27   280.47 291.21   286.06 296.80   279.79 290.53
2020-11-19   281.15 291.95   281.12 291.92    58.63  69.44   280.58 291.38   286.16 296.96   279.90 290.70
2020-11-20   281.25 292.12   281.22 292.09    58.74  69.61   280.68 291.55   286.26 297.13   280.00 290.87
2020-11-21   281.35 292.29   281.32 292.27    58.84  69.78   280.78 291.72   286.37 297.31   280.10 291.04
2020-11-22   281.45 292.47   281.43 292.45    58.94  69.96   280.88 291.90   286.47 297.49   280.20 291.22
2020-11-23   281.56 292.66   281.53 292.63    59.04  70.14   280.99 292.09   286.57 297.67   280.30 291.40
2020-11-24   281.66 292.84   281.63 292.82    59.15  70.33   281.09 292.27   286.67 297.86   280.41 291.59
2020-11-25   281.76 293.04   281.73 293.01    59.25  70.52   281.19 292.47   286.78 298.05   280.51 291.78
2020-11-26   281.86 293.23   281.84 293.21    59.35  70.72   281.29 292.66   286.88 298.25   280.61 291.98
2020-11-27   281.96 293.44   281.94 293.41    59.45  70.92   281.39 292.87   286.98 298.45   280.71 292.19
2020-11-28   282.07 293.65   282.04 293.62    59.55  71.13   281.50 293.08   287.08 298.66   280.82 292.39
2020-11-29   282.17 293.86   282.14 293.83    59.66  71.35   281.60 293.29   287.19 298.87   280.92 292.61
2020-11-30   282.27 294.08   282.25 294.05    59.76  71.57   281.70 293.51   287.29 299.10   281.02 292.83
2020-12-01   282.38 294.31   282.35 294.28    59.86  71.80   281.81 293.74   287.39 299.32   281.13 293.06
2020-12-02   282.48 294.54   282.45 294.52    59.97  72.03   281.91 293.97   287.50 299.56   281.23 293.29
2020-12-03   282.58 294.78   282.56 294.76    60.07  72.27   282.01 294.21   287.60 299.80   281.33 293.53
2020-12-04   282.69 295.03   282.66 295.01    60.18  72.52   282.12 294.46   287.70 300.05   281.44 293.78
2020-12-05   282.80 295.29   282.77 295.26    60.28  72.78   282.23 294.72   287.81 300.30   281.54 294.04
2020-12-06   282.90 295.56   282.88 295.53    60.39  73.04   282.33 294.99   287.92 300.57   281.65 294.30
2020-12-07   283.01 295.83   282.98 295.80    60.50  73.32   282.44 295.26   288.02 300.85   281.76 294.58
2020-12-08   283.12 296.11   283.09 296.09    60.60  73.60   282.55 295.54   288.13 301.13   281.87 294.86
2020-12-09   283.23 296.41   283.20 296.38    60.71  73.90   282.66 295.84   288.24 301.42   281.98 295.16
2020-12-10   283.34 296.71   283.31 296.69    60.82  74.20   282.77 296.14   288.35 301.73   282.09 295.46
2020-12-11   283.45 297.03   283.42 297.00    60.94  74.52   282.88 296.46   288.46 302.05   282.20 295.78
2020-12-12   283.56 297.36   283.54 297.33    61.05  74.85   282.99 296.79   288.58 302.38   282.31 296.11
2020-12-13   283.68 297.70   283.65 297.68    61.16  75.19   283.11 297.13   288.69 302.72   282.43 296.45
2020-12-14   283.79 298.06   283.77 298.03    61.28  75.55   283.22 297.49   288.81 303.07   282.54 296.81

2021-03-13    90.60 104.86    90.57 104.84   228.09 242.35    90.03 104.29    95.61 109.88    89.35 103.61
2021-03-14    90.94 104.97    90.91 104.95   228.43 242.46    90.37 104.40    95.95 109.99    89.69 103.72
2021-03-15    91.27 105.08    91.24 105.05   228.76 242.57    90.70 104.51    96.28 110.09    90.02 103.83
2021-03-16    91.58 105.19    91.56 105.16   229.07 242.67    91.01 104.62    96.60 110.20    90.33 103.93
2021-03-17    91.89 105.29    91.86 105.26   229.38 242.78    91.32 104.72    96.90 110.30    90.64 104.04
2021-03-18    92.18 105.39    92.16 105.37   229.67 242.88    91.61 104.82    97.20 110.41    90.93 104.14
2021-03-19    92.47 105.50    92.44 105.47   229.95 242.98    91.90 104.93    97.48 110.51    91.22 104.24
2021-03-20    92.74 105.60    92.71 105.57   230.23 243.08    92.17 105.03    97.75 110.61    91.49 104.35
2021-03-21    93.00 105.70    92.98 105.67   230.49 243.18    92.43 105.13    98.02 110.71    91.75 104.45
2021-03-22    93.26 105.80    93.23 105.77   230.75 243.28    92.69 105.23    98.27 110.81    92.01 104.54
2021-03-23    93.51 105.89    93.48 105.87   230.99 243.38    92.94 105.32    98.52 110.91    92.26 104.64
2021-03-24    93.75 105.99    93.72 105.97   231.23 243.48    93.18 105.42    98.76 111.01    92.50 104.74
2021-03-25    93.98 106.09    93.95 106.06   231.47 243.58    93.41 105.52    98.99 111.10    92.73 104.84
2021-03-26    94.21 106.19    94.18 106.16   231.69 243.67    93.64 105.62    99.22 111.20    92.95 104.94
2021-03-27    94.42 106.28    94.40 106.26   231.91 243.77    93.85 105.71    99.44 111.30    93.17 105.03
2021-03-28    94.64 106.38    94.61 106.35   232.12 243.87    94.07 105.81    99.65 111.39    93.39 105.13
2021-03-29    94.84 106.47    94.82 106.45   232.33 243.96    94.27 105.90    99.86 111.49    93.59 105.22
2021-03-30    95.04 106.57    95.02 106.54   232.53 244.06    94.47 106.00   100.06 111.58    93.79 105.32
2021-03-31    95.24 106.66    95.21 106.64   232.73 244.15    94.67 106.09   100.26 111.68    93.99 105.41
2021-04-01    95.43 106.76    95.40 106.73   232.92 244.25    94.86 106.19   100.45 111.78    94.18 105.51
2021-04-02    95.62 106.85    95.59 106.83   233.10 244.34    95.05 106.28   100.63 111.87    94.37 105.60
2021-04-03    95.80 106.95    95.77 106.92   233.28 244.44    95.23 106.38   100.81 111.97    94.55 105.70
2021-04-04    95.97 107.04    95.95 107.02   233.46 244.53    95.40 106.47   100.99 112.06    94.72 105.79
2021-04-05    96.15 107.14    96.12 107.11   233.63 244.63    95.58 106.57   101.16 112.16    94.89 105.89
2021-04-06    96.31 107.24    96.29 107.21   233.80 244.72    95.74 106.67   101.33 112.25    95.06 105.98
2021-04-07    96.48 107.33    96.45 107.30   233.96 244.82    95.91 106.76   101.49 112.35    95.23 106.08
2021-04-08    96.64 107.43    96.61 107.40   234.13 244.91    96.07 106.86   101.65 112.44    95.39 106.18
2021-04-09    96.79 107.52    96.77 107.50   234.28 245.01    96.22 106.95   101.81 112.54    95.54 106.27
2021-04-10    96.95 107.62    96.92 107.59   234.44 245.11    96.38 107.05   101.96 112.63    95.70 106.37
2021-04-11    97.10 107.72    97.07 107.69   234.59 245.20    96.53 107.15   102.11 112.73    95.85 106.46
2021-04-12    97.25 107.81    97.22 107.79   234.73 245.30    96.68 107.24   102.26 112.83    95.99 106.56
2021-04-13    97.39 107.91    97.36 107.88   234.88 245.40    96.82 107.34   102.40 112.93    96.14 106.66
2021-04-14    97.53 108.01    97.50 107.98   235.02 245.50    96.96 107.44   102.55 113.02    96.28 106.76
2021-04-15    97.67 108.11    97.64 108.08   235.16 245.59    97.10 107.54   102.68 113.12    96.42 106.86
2021-04-16    97.81 108.21    97.78 108.18   235.29 245.69    97.24 107.64   102.82 113.22    96.55 106.96
2021-04-17    97.94 108.31    97.91 108.28   235.43 245.79    97.37 107.74   102.95 113.32    96.69 107.06
2021-04-18    98.07 108.41    98.04 108.38   235.56 245.90    97.50 107.84   103.09 113.42    96.82 107.16
2021-04-19    98.20 108.51    98.17 108.48   235.69 246.00    97.63 107.94   103.21 113.52    96.95 107.26
2021-04-20    98.33 108.61    98.30 108.59   235.81 246.10    97.76 108.04   103.34 113.63    97.07 107.36
2021-04-21    98.45 108.71    98.42 108.69   235.94 246.20    97.88 108.14   103.46 113.73    97.20 107.46
2021-04-22    98.57 108.82    98.55 108.79   236.06 246.31    98.00 108.25   103.59 113.83    97.32 107.57
2021-04-23    98.69 108.92    98.67 108.90   236.18 246.41    98.12 108.35   103.71 113.94    97.44 107.67
2021-04-24    98.81 109.03    98.78 109.00   236.30 246.52    98.24 108.46   103.83 114.05    97.56 107.78
2021-04-25    98.93 109.14    98.90 109.11   236.41 246.63    98.36 108.57   103.94 114.15    97.68 107.89
2021-04-26    99.04 109.25    99.02 109.22   236.53 246.73    98.47 108.68   104.06 114.26    97.79 108.00
2021-04-27    99.16 109.36    99.13 109.33   236.64 246.84    98.59 108.79   104.17 114.37    97.90 108.11
2021-04-28    99.27 109.47    99.24 109.44   236.75 246.95    98.70 108.90   104.28 114.48    98.02 108.22
2021-04-29    99.38 109.58    99.35 109.55   236.87 247.07    98.81 109.01   104.39 114.60    98.13 108.33
2021-04-30    99.49 109.69    99.46 109.67   236.97 247.18    98.92 109.12   104.50 114.71    98.24 108.44
2021-05-01    99.99 109.41    99.97 109.38   237.48 246.90    99.42 108.84   105.01 114.43    98.74 108.16
2021-05-02   100.70 108.92   100.68 108.90   238.19 246.41   100.13 108.35   105.72 113.94    99.45 107.67
2021-05-03   101.41 108.44   101.39 108.41   238.90 245.92   100.84 107.87   106.43 113.45   100.16 107.18

2021-10-26   279.91 287.20   279.89 287.17    57.40  64.68   279.34 286.63   284.93 292.21   278.66 285.95
2021-10-27   279.42 287.93   279.39 287.90    56.90  65.42   278.85 287.36   284.43 292.95   278.17 286.68
2021-10-28   278.92 288.67   278.89 288.64    56.41  66.15   278.35 288.10   283.94 293.68   277.67 287.41
2021-10-29   278.81 289.01   278.78 288.99    56.30  66.50   278.24 288.44   283.82 294.03   277.56 287.76
2021-10-30   278.93 289.13   278.90 289.10    56.42  66.62   278.36 288.56   283.95 294.15   277.68 287.88
2021-10-31   279.05 289.25   279.02 289.22    56.54  66.74   278.48 288.68   284.07 294.27   277.80 288.00
2021-11-01   279.17 289.37   279.14 289.34    56.66  66.86   278.60 288.80   284.18 294.39   277.92 288.12
2021-11-02   279.29 289.49   279.26 289.47    56.77  66.98   278.72 288.92   284.30 294.51   278.03 288.24
2021-11-03   279.40 289.62   279.37 289.59    56.89  67.10   278.83 289.05   284.42 294.63   278.15 288.36
2021-11-04   279.52 289.74   279.49 289.71    57.00  67.23   278.95 289.17   284.53 294.76   278.26 288.49
2021-11-05   279.63 289.87   279.60 289.84    57.12  67.36   279.06 289.30   284.64 294.88   278.38 288.62
2021-11-06   279.74 290.00   279.72 289.97    57.23  67.49   279.17 289.43   284.76 295.01   278.49 288.75
2021-11-07   279.85 290.13   279.83 290.10    57.34  67.62   279.28 289.56   284.87 295.15   278.60 288.88
2021-11-08   279.96 290.26   279.94 290.24    57.45  67.75   279.39 289.69   284.98 295.28   278.71 289.01
2021-11-09   280.07 290.40   280.05 290.37    57.56  67.89   279.50 289.83   285.09 295.42   278.82 289.15
2021-11-10   280.18 290.54   280.16 290.51    57.67  68.03   279.61 289.97   285.20 295.55   278.93 289.29
2021-11-11   280.29 290.68   280.26 290.65    57.78  68.17   279.72 290.11   285.31 295.70   279.04 289.43
2021-11-12   280.40 290.82   280.37 290.80    57.89  68.31   279.83 290.25   285.41 295.84   279.15 289.57
2021-11-13   280.50 290.97   280.48 290.95    57.99  68.46   279.93 290.40   285.52 295.99   279.25 289.72
2021-11-14   280.61 291.12   280.58 291.09    58.10  68.61   280.04 290.55   285.63 296.14   279.36 289.87
2021-11-15   280.72 291.27   280.69 291.25    58.20  68.76   280.15 290.70   285.73 296.29   279.47 290.02
2021-11-16   280.82 291.43   280.79 291.40    58.31  68.92   280.25 290.86   285.84 296.45   279.57 290.18
2021-11-17   280.93 291.59   280.90 291.56    58.41  69.08   280.36 291.02   285.94 296.60   279.67 290.34
2021-11-18   281.03 291.75   281.00 291.73    58.52  69.24   280.46 291.18   286.05 296.77   279.78 290.50
2021-11-19   281.13 291.92   281.11 291.89    58.62  69.41   280.56 291.35   286.15 296.93   279.88 290.67
2021-11-20   281.24 292.09   281.21 292.06    58.72  69.58   280.67 291.52   286.25 297.10   279.99 290.84
2021-11-21   281.34 292.26   281.31 292.24    58.83  69.75   280.77 291.69   286.36 297.28   280.09 291.01
2021-11-22   281.44 292.44   281.42 292.42    58.93  69.93   280.87 291.87   286.46 297.46   280.19 291.19
2021-11-23   281.55 292.62   281.52 292.60    59.03  70.11   280.98 292.05   286.56 297.64   280.30 291.37
2021-11-24   281.65 292.81   281.62 292.79    59.14  70.30   281.08 292.24   286.66 297.83   280.40 291.56
2021-11-25   281.75 293.00   281.73 292.98    59.24  70.49   281.18 292.43   286.77 298.02   280.50 291.75
2021-11-26   281.86 293.20   281.83 293.17    59.34  70.69   281.29 292.63   286.87 298.22   280.60 291.95
2021-11-27   281.96 293.40   281.93 293.38    59.45  70.89   281.39 292.83   286.97 298.42   280.71 292.15
2021-11-28   282.06 293.61   282.03 293.59    59.55  71.10   281.49 293.04   287.08 298.63   280.81 292.36
2021-11-29   282.16 293.83   282.14 293.80    59.65  71.31   281.59 293.26   287.18 298.84   280.91 292.57
2021-11-30   282.27 294.05   282.24 294.02    59.76  71.53   281.70 293.48   287.28 299.06   281.02 292.79
2021-12-01   282.37 294.27   282.35 294.25    59.86  71.76   281.80 293.70   287.39 299.29   281.12 293.02
2021-12-02   282.48 294.51   282.45 294.48    59.96  71.99   281.91 293.94   287.49 299.52   281.23 293.25
2021-12-03   282.58 294.75   282.56 294.72    60.07  72.23   282.01 294.18   287.60 299.76   281.33 293.49
2021-12-04   282.69 294.99   282.66 294.97    60.17  72.48   282.12 294.42   287.70 300.01   281.44 293.74
2021-12-05   282.79 295.25   282.77 295.22    60.28  72.74   282.22 294.68   287.81 300.26   281.54 294.00
2021-12-06   282.90 295.51   282.87 295.49    60.39  73.00   282.33 294.94   287.92 300.53   281.65 294.26
2021-12-07   283.01 295.79   282.98 295.76    60.50  73.27   282.44 295.22   288.02 300.80   281.76 294.54
2021-12-08   283.12 296.07   283.09 296.04    60.60  73.56   282.55 295.50   288.13 301.09   281.87 294.82
2021-12-09   283.23 296.36   283.20 296.34    60.71  73.85   282.66 295.79   288.24 301.38   281.98 295.11
2021-12-10   283.34 296.67   283.31 296.64    60.82  74.15   282.77 296.10   288.35 301.68   282.09 295.42
2021-12-11   283.45 296.98   283.42 296.96    60.94  74.47   282.88 296.41   288.46 302.00   282.20 295.73
2021-12-12   283.56 297.31   283.54 297.28    61.05  74.80   282.99 296.74   288.58 302.32   282.31 296.06
2021-12-13   283.68 297.65   283.65 297.62    61.16  75.14   283.11 297.08   288.69 302.66   282.43 296.40
2021-12-14   283.79 298.00   283.77 297.97    61.28  75.49   283.22 297.43   288.81 303.02   282.54 296.75

2022-03-13    90.52 104.86    90.49 104.83   228.01 242.34    89.95 104.29    95.53 109.87    89.27 103.60
2022-03-14    90.86 104.96    90.84 104.94   228.35 242.45    90.29 104.39    95.88 109.98    89.61 103.71
2022-03-15    91.19 105.07    91.17 105.04   228.68 242.56    90.62 104.50    96.21 110.09    89.94 103.82
2022-03-16    91.51 105.18    91.49 105.15   229.00 242.66    90.94 104.61    96.53 110.19    90.26 103.93
2022-03-17    91.82 105.28    91.79 105.25   229.31 242.77    91.25 104.71    96.84 110.30    90.57 104.03
2022-03-18    92.12 105.38    92.09 105.36   229.60 242.87    91.55 104.81    97.13 110.40    90.87 104.13
2022-03-19    92.40 105.48    92.38 105.46   229.89 242.97    91.83 104.91    97.42 110.50    91.15 104.23
2022-03-20    92.68 105.58    92.65 105.56   230.16 243.07    92.11 105.01    97.69 110.60    91.43 104.33
2022-03-21    92.94 105.68    92.92 105.66   230.43 243.17    92.37 105.11    97.96 110.70    91.69 104.43
2022-03-22    93.20 105.78    93.17 105.76   230.69 243.27    92.63 105.21    98.22 110.80    91.95 104.53
2022-03-23    93.45 105.88    93.42 105.85   230.94 243.37    92.88 105.31    98.47 110.90    92.20 104.63
2022-03-24    93.69 105.98    93.66 105.95   231.18 243.47    93.12 105.41    98.71 110.99    92.44 104.73
2022-03-25    93.92 106.08    93.90 106.05   231.41 243.56    93.35 105.51    98.94 111.09    92.67 104.82
2022-03-26    94.15 106.17    94.13 106.14   231.64 243.66    93.58 105.60    99.17 111.19    92.90 104.92
2022-03-27    94.37 106.27    94.35 106.24   231.86 243.75    93.80 105.70    99.39 111.28    93.12 105.02
2022-03-28    94.59 106.36    94.56 106.34   232.07 243.85    94.02 105.79    99.60 111.38    93.33 105.11
2022-03-29    94.79 106.46    94.77 106.43   232.28 243.94    94.22 105.89    99.81 111.47    93.54 105.21
2022-03-30    95.00 106.55    94.97 106.53   232.48 244.04    94.43 105.98   100.01 111.57    93.74 105.30
2022-03-31    95.19 106.65    95.17 106.62   232.68 244.13    94.62 106.08   100.21 111.66    93.94 105.40
2022-04-01    95.38 106.74    95.36 106.71   232.87 244.23    94.81 106.17   100.40 111.76    94.13 105.49
2022-04-02    95.57 106.84    95.54 106.81   233.06 244.32    95.00 106.27   100.58 111.85    94.32 105.58
2022-04-03    95.75 106.93    95.72 106.90   233.24 244.42    95.18 106.36   100.77 111.95    94.50 105.68
2022-04-04    95.93 107.02    95.90 107.00   233.42 244.51    95.36 106.45   100.94 112.04    94.68 105.77
2022-04-05    96.10 107.12    96.07 107.09   233.59 244.61    95.53 106.55   101.12 112.13    94.85 105.87
2022-04-06    96.27 107.21    96.24 107.19   233.76 244.70    95.70 106.64   101.28 112.23    95.02 105.96
2022-04-07    96.43 107.31    96.41 107.28   233.92 244.80    95.86 106.74   101.45 112.32    95.18 106.06
2022-04-08    96.59 107.40    96.57 107.38   234.08 244.89    96.02 106.83   101.61 112.42    95.34 106.15
2022-04-09    96.75 107.50    96.73 107.47   234.24 244.99    96.18 106.93   101.77 112.51    95.50 106.25
2022-04-10    96.91 107.59    96.88 107.57   234.39 245.08    96.34 107.02   101.92 112.61    95.66 106.34
2022-04-11    97.06 107.69    97.03 107.66   234.54 245.18    96.49 107.12   102.07 112.71    95.81 106.44
2022-04-12    97.20 107.79    97.18 107.76   234.69 245.27    96.63 107.22   102.22 112.80    95.95 106.54
2022-04-13    97.35 107.88    97.32 107.86   234.84 245.37    96.78 107.31   102.36 112.90    96.10 106.63
2022-04-14    97.49 107.98    97.46 107.95   234.98 245.47    96.92 107.41   102.51 113.00    96.24 106.73
2022-04-15    97.63 108.08    97.60 108.05   235.12 245.57    97.06 107.51   102.64 113.09    96.38 106.83
2022-04-16    97.77 108.18    97.74 108.15   235.25 245.66    97.20 107.61   102.78 113.19    96.51 106.93
2022-04-17    97.90 108.28    97.87 108.25   235.39 245.76    97.33 107.71   102.91 113.29    96.65 107.03
2022-04-18    98.03 108.38    98.00 108.35   235.52 245.86    97.46 107.81   103.05 113.39    96.78 107.13
2022-04-19    98.16 108.48    98.13 108.45   235.65 245.97    97.59 107.91   103.17 113.49    96.91 107.23
2022-04-20    98.29 108.58    98.26 108.55   235.77 246.07    97.72 108.01   103.30 113.59    97.04 107.33
2022-04-21    98.41 108.68    98.38 108.66   235.90 246.17    97.84 108.11   103.43 113.70    97.16 107.43
2022-04-22    98.53 108.79    98.51 108.76   236.02 246.27    97.96 108.22   103.55 113.80    97.28 107.53
2022-04-23    98.65 108.89    98.63 108.86   236.14 246.38    98.08 108.32   103.67 113.91    97.40 107.64
2022-04-24    98.77 109.00    98.75 108.97   236.26 246.48    98.20 108.43   103.79 114.01    97.52 107.74
2022-04-25    98.89 109.10    98.86 109.08   236.38 246.59    98.32 108.53   103.90 114.12    97.64 107.85
2022-04-26    99.00 109.21    98.98 109.18   236.49 246.70    98.43 108.64   104.02 114.22    97.75 107.96
2022-04-27    99.12 109.32    99.09 109.29   236.60 246.81    98.55 108.75   104.13 114.33    97.87 108.07
2022-04-28    99.23 109.43    99.20 109.40   236.72 246.92    98.66 108.86   104.24 114.44    97.98 108.18
2022-04-29    99.34 109.54    99.31 109.51   236.83 247.03    98.77 108.97   104.35 114.56    98.09 108.29
2022-04-30    99.45 109.65    99.42 109.63   236.94 247.14    98.88 109.08   104.46 114.67    98.20 108.40
2022-05-01    99.78 109.54    99.75 109.52   237.27 247.03    99.21 108.97   104.80 114.56    98.53 108.29
2022-05-02   100.49 109.05   100.47 109.03   237.98 246.54    99.92 108.48   105.51 114.07    99.24 107.80
2022-05-03   101.20 108.57   101.18 108.54   238.69 246.05   100.63 108.00   106.22 113.58    99.95 107.31

2022-10-26   280.06 286.99   280.04 286.96    57.55  64.47   279.49 286.42   285.08 292.00   278.81 285.73
2022-10-27   279.57 287.72   279.54 287.69    57.06  65.21   279.00 287.15   284.58 292.74   278.32 286.47
2022-10-28   279.07 288.46   279.05 288.43    56.56  65.94   278.50 287.89   284.09 293.47   277.82 287.20
2022-10-29   278.78 288.99   278.75 288.96    56.27  66.47   278.21 288.42   283.80 294.00   277.53 287.74
2022-10-30   278.90 289.10   278.88 289.08    56.39  66.59   278.33 288.53   283.92 294.12   277.65 287.85
2022-10-31   279.02 289.22   279.00 289.20    56.51  66.71   278.45 288.65   284.04 294.24   277.77 287.97
2022-11-01   279.14 289.34   279.12 289.32    56.63  66.83   278.57 288.77   284.16 294.36   277.89 288.09
2022-11-02   279.26 289.47   279.23 289.44    56.75  66.95   278.69 288.90   284.28 294.48   278.01 288.21
2022-11-03   279.38 289.59   279.35 289.56    56.86  67.08   278.81 289.02   284.39 294.60   278.13 288.34
2022-11-04   279.49 289.71   279.47 289.69    56.98  67.20   278.92 289.14   284.51 294.73   278.24 288.46
2022-11-05   279.61 289.84   279.58 289.82    57.09  67.33   279.04 289.27   284.62 294.86   278.36 288.59
2022-11-06   279.72 289.97   279.69 289.95    57.21  67.46   279.15 289.40   284.74 294.99   278.47 288.72
2022-11-07   279.83 290.10   279.81 290.08    57.32  67.59   279.26 289.53   284.85 295.12   278.58 288.85
2022-11-08   279.94 290.24   279.92 290.21    57.43  67.73   279.37 289.67   284.96 295.25   278.69 288.99
2022-11-09   280.06 290.37   280.03 290.35    57.54  67.86   279.49 289.80   285.07 295.39   278.80 289.12
2022-11-10   280.17 290.51   280.14 290.49    57.65  68.00   279.60 289.94   285.18 295.53   278.91 289.26
2022-11-11   280.27 290.66   280.25 290.63    57.76  68.14   279.70 290.09   285.29 295.67   279.02 289.40
2022-11-12   280.38 290.80   280.36 290.77    57.87  68.29   279.81 290.23   285.40 295.81   279.13 289.55
2022-11-13   280.49 290.95   280.46 290.92    57.98  68.43   279.92 290.38   285.51 295.96   279.24 289.70
2022-11-14   280.60 291.10   280.57 291.07    58.08  68.58   280.03 290.53   285.61 296.11   279.35 289.84
2022-11-15   280.70 291.25   280.68 291.22    58.19  68.74   280.13 290.68   285.72 296.26   279.45 290.00
2022-11-16   280.81 291.40   280.78 291.38    58.30  68.89   280.24 290.83   285.82 296.42   279.56 290.15
2022-11-17   280.91 291.56   280.89 291.54    58.40  69.05   280.34 290.99   285.93 296.58   279.66 290.31
2022-11-18   281.02 291.73   280.99 291.70    58.51  69.21   280.45 291.16   286.03 296.74   279.77 290.48
2022-11-19   281.12 291.89   281.10 291.87    58.61  69.38   280.55 291.32   286.14 296.91   279.87 290.64
2022-11-20   281.23 292.06   281.20 292.04    58.72  69.55   280.66 291.49   286.24 297.08   279.98 290.81
2022-11-21   281.33 292.24   281.31 292.21    58.82  69.72   280.76 291.67   286.35 297.25   280.08 290.99
2022-11-22   281.44 292.41   281.41 292.39    58.92  69.90   280.87 291.84   286.45 297.43   280.19 291.16
2022-11-23   281.54 292.60   281.51 292.57    59.03  70.08   280.97 292.03   286.56 297.61   280.29 291.35
2022-11-24   281.64 292.78   281.62 292.76    59.13  70.27   281.07 292.21   286.66 297.80   280.39 291.53
2022-11-25   281.75 292.98   281.72 292.95    59.23  70.46   281.18 292.41   286.76 297.99   280.50 291.72
2022-11-26   281.85 293.17   281.82 293.15    59.34  70.66   281.28 292.60   286.87 298.19   280.60 291.92
2022-11-27   281.95 293.37   281.93 293.35    59.44  70.86   281.38 292.80   286.97 298.39   280.70 292.12
2022-11-28   282.06 293.58   282.03 293.55    59.55  71.07   281.49 293.01   287.07 298.60   280.81 292.33
2022-11-29   282.16 293.79   282.14 293.77    59.65  71.28   281.59 293.22   287.18 298.81   280.91 292.54
2022-11-30   282.27 294.01   282.24 293.99    59.75  71.50   281.70 293.44   287.28 299.03   281.01 292.76
2022-12-01   282.37 294.24   282.34 294.21    59.86  71.73   281.80 293.67   287.39 299.25   281.12 292.99
2022-12-02   282.48 294.47   282.45 294.45    59.96  71.96   281.91 293.90   287.49 299.49   281.22 293.22
2022-12-03   282.58 294.71   282.55 294.68    60.07  72.20   282.01 294.14   287.60 299.73   281.33 293.46
2022-12-04   282.69 294.96   282.66 294.93    60.17  72.45   282.12 294.39   287.70 299.97   281.44 293.71
2022-12-05   282.79 295.21   282.77 295.19    60.28  72.70   282.22 294.64   287.81 300.23   281.54 293.96
2022-12-06   282.90 295.48   282.87 295.45    60.39  72.96   282.33 294.91   287.92 300.49   281.65 294.23
2022-12-07   283.01 295.75   282.98 295.72    60.50  73.24   282.44 295.18   288.02 300.76   281.76 294.50
2022-12-08   283.12 296.03   283.09 296.00    60.60  73.52   282.55 295.46   288.13 301.04   281.87 294.78
2022-12-09   283.23 296.32   283.20 296.29    60.71  73.81   282.66 295.75   288.24 301.34   281.98 295.07
2022-12-10   283.34 296.62   283.31 296.60    60.82  74.11   282.77 296.05   288.35 301.64   282.09 295.37
2022-12-11   283.45 296.93   283.42 296.91    60.94  74.42   282.88 296.36   288.46 301.95   282.20 295.68
2022-12-12   283.56 297.26   283.54 297.23    61.05  74.75   282.99 296.69   288.58 302.27   282.31 296.01
2022-12-13   283.68 297.60   283.65 297.57    61.16  75.08   283.11 297.03   288.69 302.61   282.43 296.35
2022-12-14   283.79 297.95   283.77 297.92    61.28  75.44   283.22 297.38   288.81 302.96   282.54 296.70
2022-12-15   283.91 298.31   283.89 298.29    61.40  75.80   283.34 297.74   288.93 303.33   282.66 297.06

2023-03-13    90.43 104.84    90.41 104.82   227.92 242.33    89.86 104.27    95.45 109.86    89.18 103.59
2023-03-14    90.78 104.95    90.75 104.93   228.27 242.44    90.21 104.38    95.80 109.97    89.53 103.70
2023-03-15    91.12 105.06    91.09 105.03   228.60 242.55    90.55 104.49    96.13 110.07    89.86 103.81
2023-03-16    91.44 105.16    91.41 105.14   228.92 242.65    90.87 104.59    96.45 110.18    90.19 103.91
2023-03-17    91.75 105.27    91.72 105.24   229.23 242.75    91.18 104.70    96.76 110.28    90.49 104.02
2023-03-18    92.04 105.37    92.02 105.34   229.53 242.86    91.47 104.80    97.06 110.38    90.79 104.12
2023-03-19    92.33 105.47    92.30 105.44   229.82 242.96    91.76 104.90    97.35 110.48    91.08 104.22
2023-03-20    92.61 105.57    92.58 105.54   230.10 243.06    92.04 105.00    97.62 110.58    91.36 104.32
2023-03-21    92.88 105.67    92.85 105.64   230.36 243.16    92.31 105.10    97.89 110.68    91.63 104.42
2023-03-22    93.14 105.77    93.11 105.74   230.62 243.25    92.57 105.20    98.15 110.78    91.89 104.52
2023-03-23    93.39 105.86    93.36 105.84   230.87 243.35    92.82 105.29    98.40 110.88    92.14 104.61
2023-03-24    93.63 105.96    93.60 105.93   231.12 243.45    93.06 105.39    98.64 110.98    92.38 104.71
2023-03-25    93.86 106.06    93.84 106.03   231.35 243.54    93.29 105.49    98.88 111.07    92.61 104.81
2023-03-26    94.09 106.15    94.07 106.13   231.58 243.64    93.52 105.58    99.11 111.17    92.84 104.90
2023-03-27    94.31 106.25    94.29 106.22   231.80 243.73    93.74 105.68    99.33 111.26    93.06 105.00
2023-03-28    94.53 106.34    94.50 106.32   232.02 243.83    93.96 105.77    99.54 111.36    93.28 105.09
2023-03-29    94.74 106.44    94.71 106.41   232.23 243.92    94.17 105.87    99.75 111.45    93.49 105.19
2023-03-30    94.94 106.53    94.91 106.50   232.43 244.02    94.37 105.96    99.96 111.55    93.69 105.28
2023-03-31    95.14 106.62    95.11 106.60   232.63 244.11    94.57 106.05   100.15 111.64    93.89 105.37
2023-04-01    95.33 106.72    95.30 106.69   232.82 244.21    94.76 106.15   100.35 111.73    94.08 105.47
2023-04-02    95.52 106.81    95.49 106.79   233.00 244.30    94.95 106.24   100.53 111.83    94.27 105.56
2023-04-03    95.70 106.91    95.67 106.88   233.19 244.39    95.13 106.34   100.72 111.92    94.45 105.66
2023-04-04    95.88 107.00    95.85 106.97   233.37 244.49    95.31 106.43   100.89 112.01    94.63 105.75
2023-04-05    96.05 107.09    96.02 107.07   233.54 244.58    95.48 106.52   101.07 112.11    94.80 105.84
2023-04-06    96.22 107.19    96.19 107.16   233.71 244.67    95.65 106.62   101.24 112.20    94.97 105.94
2023-04-07    96.39 107.28    96.36 107.25   233.87 244.77    95.82 106.71   101.40 112.30    95.14 106.03
2023-04-08    96.55 107.38    96.52 107.35   234.03 244.86    95.98 106.81   101.56 112.39    95.30 106.12
2023-04-09    96.71 107.47    96.68 107.44   234.19 244.96    96.14 106.90   101.72 112.49    95.45 106.22
2023-04-10    96.86 107.57    96.83 107.54   234.35 245.05    96.29 107.00   101.88 112.58    95.61 106.31
2023-04-11    97.01 107.66    96.98 107.63   234.50 245.15    96.44 107.09   102.03 112.68    95.76 106.41
2023-04-12    97.16 107.76    97.13 107.73   234.65 245.24    96.59 107.19   102.17 112.77    95.91 106.51
2023-04-13    97.30 107.85    97.28 107.83   234.79 245.34    96.73 107.28   102.32 112.87    96.05 106.60
2023-04-14    97.45 107.95    97.42 107.92   234.93 245.44    96.88 107.38   102.46 112.96    96.19 106.70
2023-04-15    97.58 108.05    97.56 108.02   235.07 245.53    97.01 107.48   102.60 113.06    96.33 106.80
2023-04-16    97.72 108.14    97.69 108.12   235.21 245.63    97.15 107.57   102.74 113.16    96.47 106.89
2023-04-17    97.86 108.24    97.83 108.22   235.34 245.73    97.29 107.67   102.87 113.26    96.60 106.99
2023-04-18    97.99 108.34    97.96 108.32   235.47 245.83    97.42 107.77   103.00 113.36    96.74 107.09
2023-04-19    98.12 108.44    98.09 108.42   235.60 245.93    97.55 107.87   103.13 113.46    96.87 107.19
2023-04-20    98.24 108.54    98.22 108.52   235.73 246.03    97.67 107.97   103.26 113.56    96.99 107.29
2023-04-21    98.37 108.65    98.34 108.62   235.86 246.13    97.80 108.08   103.38 113.66    97.12 107.39
2023-04-22    98.49 108.75    98.46 108.72   235.98 246.24    97.92 108.18   103.51 113.76    97.24 107.50
2023-04-23    98.61 108.85    98.58 108.83   236.10 246.34    98.04 108.28   103.63 113.87    97.36 107.60
2023-04-24    98.73 108.96    98.70 108.93   236.22 246.44    98.16 108.39   103.74 113.97    97.48 107.71
2023-04-25    98.85 109.06    98.82 109.04   236.33 246.55    98.28 108.49   103.86 114.08    97.60 107.81
2023-04-26    98.96 109.17    98.94 109.14   236.45 246.66    98.39 108.60   103.98 114.18    97.71 107.92
2023-04-27    99.08 109.28    99.05 109.25   236.56 246.77    98.51 108.71   104.09 114.29    97.82 108.03
2023-04-28    99.19 109.39    99.16 109.36   236.67 246.87    98.62 108.82   104.20 114.40    97.94 108.14
2023-04-29    99.30 109.50    99.27 109.47   236.78 246.99    98.73 108.93   104.31 114.51    98.05 108.25
2023-04-30    99.41 109.61    99.38 109.58   236.89 247.10    98.84 109.04   104.42 114.63    98.16 108.36
2023-05-01    99.56 109.67    99.54 109.65   237.05 247.16    98.99 109.10   104.58 114.69    98.31 108.42
2023-05-02   100.28 109.18   100.25 109.16   237.76 246.67    99.71 108.61   105.29 114.20    99.03 107.93
2023-05-03   100.99 108.69   100.96 108.67   238.48 246.18   100.42 108.12   106.00 113.71    99.74 107.44

2023-10-27   279.72 287.51   279.70 287.49    57.21  65.00   279.15 286.94   284.74 292.53   278.47 286.26
2023-10-28   279.23 288.25   279.20 288.22    56.71  65.74   278.66 287.68   284.24 293.26   277.98 287.00
2023-10-29   278.75 288.96   278.73 288.94    56.24  66.45   278.18 288.39   283.77 293.98   277.50 287.71
2023-10-30   278.88 289.08   278.85 289.05    56.36  66.57   278.31 288.51   283.89 294.10   277.63 287.83
2023-10-31   279.00 289.20   278.97 289.17    56.49  66.69   278.43 288.63   284.01 294.21   277.75 287.95
2023-11-01   279.12 289.32   279.09 289.29    56.61  66.81   278.55 288.75   284.14 294.34   277.87 288.07
2023-11-02   279.24 289.44   279.21 289.42    56.73  66.93   278.67 288.87   284.25 294.46   277.99 288.19
2023-11-03   279.36 289.57   279.33 289.54    56.84  67.05   278.79 289.00   284.37 294.58   278.11 288.32
2023-11-04   279.47 289.69   279.45 289.67    56.96  67.18   278.90 289.12   284.49 294.71   278.22 288.44
2023-11-05   279.59 289.82   279.56 289.79    57.08  67.31   279.02 289.25   284.60 294.84   278.34 288.57
2023-11-06   279.70 289.95   279.68 289.92    57.19  67.44   279.13 289.38   284.72 294.97   278.45 288.70
2023-11-07   279.82 290.08   279.79 290.06    57.30  67.57   279.25 289.51   284.83 295.10   278.57 288.83
2023-11-08   279.93 290.22   279.90 290.19    57.42  67.70   279.36 289.65   284.94 295.23   278.68 288.97
2023-11-09   280.04 290.35   280.01 290.33    57.53  67.84   279.47 289.78   285.06 295.37   278.79 289.10
2023-11-10   280.15 290.49   280.12 290.47    57.64  67.98   279.58 289.92   285.17 295.51   278.90 289.24
2023-11-11   280.26 290.63   280.23 290.61    57.75  68.12   279.69 290.06   285.28 295.65   279.01 289.38
2023-11-12   280.37 290.78   280.34 290.75    57.86  68.26   279.80 290.21   285.39 295.79   279.12 289.53
2023-11-13   280.48 290.92   280.45 290.90    57.97  68.41   279.91 290.35   285.49 295.94   279.23 289.67
2023-11-14   280.59 291.07   280.56 291.05    58.07  68.56   280.02 290.50   285.60 296.09   279.34 289.82
2023-11-15   280.69 291.23   280.67 291.20    58.18  68.71   280.12 290.66   285.71 296.24   279.44 289.98
2023-11-16   280.80 291.38   280.77 291.36    58.29  68.87   280.23 290.81   285.82 296.40   279.55 290.13
2023-11-17   280.91 291.54   280.88 291.51    58.39  69.03   280.34 290.97   285.92 296.56   279.66 290.29
2023-11-18   281.01 291.70   280.99 291.68    58.50  69.19   280.44 291.13   286.03 296.72   279.76 290.45
2023-11-19   281.12 291.87   281.09 291.84    58.60  69.36   280.55 291.30   286.13 296.88   279.87 290.62
2023-11-20   281.22 292.04   281.20 292.01    58.71  69.53   280.65 291.47   286.24 297.05   279.97 290.79
2023-11-21   281.33 292.21   281.30 292.19    58.81  69.70   280.76 291.64   286.34 297.23   280.08 290.96
2023-11-22   281.43 292.39   281.40 292.36    58.92  69.88   280.86 291.82   286.45 297.41   280.18 291.14
2023-11-23   281.54 292.57   281.51 292.55    59.02  70.06   280.97 292.00   286.55 297.59   280.28 291.32
2023-11-24   281.64 292.76   281.61 292.73    59.13  70.25   281.07 292.19   286.65 297.77   280.39 291.51
2023-11-25   281.74 292.95   281.72 292.92    59.23  70.44   281.17 292.38   286.76 297.96   280.49 291.70
2023-11-26   281.85 293.15   281.82 293.12    59.33  70.63   281.28 292.58   286.86 298.16   280.60 291.90
2023-11-27   281.95 293.35   281.92 293.32    59.44  70.83   281.38 292.78   286.97 298.36   280.70 292.10
2023-11-28   282.06 293.55   282.03 293.53    59.54  71.04   281.49 292.98   287.07 298.57   280.80 292.30
2023-11-29   282.16 293.77   282.13 293.74    59.65  71.25   281.59 293.20   287.17 298.78   280.91 292.52
2023-11-30   282.26 293.98   282.24 293.96    59.75  71.47   281.69 293.41   287.28 299.00   281.01 292.73
2023-12-01   282.37 294.21   282.34 294.18    59.86  71.70   281.80 293.64   287.38 299.22   281.12 292.96
2023-12-02   282.47 294.44   282.45 294.41    59.96  71.93   281.90 293.87   287.49 299.46   281.22 293.19
2023-12-03   282.58 294.68   282.55 294.65    60.07  72.17   282.01 294.11   287.59 299.69   281.33 293.43
2023-12-04   282.69 294.92   282.66 294.90    60.17  72.41   282.12 294.35   287.70 299.94   281.43 293.67
2023-12-05   282.79 295.18   282.77 295.15    60.28  72.67   282.22 294.61   287.81 300.19   281.54 293.93
2023-12-06   282.90 295.44   282.87 295.41    60.39  72.93   282.33 294.87   287.91 300.45   281.65 294.19
2023-12-07   283.01 295.71   282.98 295.68    60.49  73.20   282.44 295.14   288.02 300.73   281.76 294.46
2023-12-08   283.12 295.99   283.09 295.96    60.60  73.48   282.55 295.42   288.13 301.01   281.86 294.74
2023-12-09   283.23 296.28   283.20 296.25    60.71  73.77   282.66 295.71   288.24 301.29   281.97 295.03
2023-12-10   283.34 296.58   283.31 296.55    60.82  74.07   282.77 296.01   288.35 301.59   282.09 295.33
2023-12-11   283.45 296.89   283.42 296.86    60.94  74.38   282.88 296.32   288.46 301.90   282.20 295.64
2023-12-12   283.56 297.21   283.53 297.19    61.05  74.70   282.99 296.64   288.58 302.23   282.31 295.96
2023-12-13   283.68 297.55   283.65 297.52    61.16  75.03   283.11 296.98   288.69 302.56   282.42 296.30
2023-12-14   283.79 297.89   283.76 297.87    61.28  75.38   283.22 297.32   288.81 302.91   282.54 296.64
2023-12-15   283.91 298.26   283.88 298.23    61.40  75.74   283.34 297.69   288.92 303.27   282.66 297.01
