
       Target
                ecliptic
RA      Dec     latitude
234.858 -20.199  -0.660

Checked interval [2020-01-01, 2023-12-31]
|           Window [days]                 |    Normal V3 PA [deg]    |
   Start           End         Duration         Start         End         RA            Dec     
 2020-02-11      2020-04-01        50.00     283.21289     283.74567     234.85788     -20.19890 
 2020-07-04      2020-08-25        52.00     102.46923     103.32032     234.85788     -20.19890 
 2021-02-10      2021-04-02        51.00     283.19397     283.74318     234.85788     -20.19890 
 2021-07-04      2021-08-25        52.00     102.44881     103.33659     234.85788     -20.19890 
 2022-02-10      2022-04-02        50.98     283.17365     283.72503     234.85788     -20.19890 
 2022-07-04      2022-08-25        52.00     102.43370     103.35279     234.85788     -20.19890 
 2023-02-11      2023-04-02        50.00     283.15951     283.71177     234.85788     -20.19890 
 2023-07-04      2023-08-26        53.00     102.42589     103.38243     234.85788     -20.19890 


                V3PA          NIRCam           NIRSpec         NIRISS           MIRI          FGS
   Date      min    max      min    max       min    max     min    max      min    max      min    max

2020-02-12   279.45 286.98   279.42 286.96    56.93  64.47   278.88 286.41   284.46 292.00   278.19 285.73
2020-02-13   278.82 287.63   278.79 287.60    56.30  65.11   278.25 287.06   283.83 292.64   277.57 286.38
2020-02-14   278.19 288.27   278.16 288.25    55.68  65.76   277.62 287.70   283.20 293.29   276.94 287.02
2020-02-15   278.14 288.34   278.11 288.31    55.62  65.83   277.57 287.77   283.15 293.36   276.89 287.09
2020-02-16   278.15 288.35   278.12 288.32    55.63  65.83   277.58 287.78   283.16 293.36   276.90 287.10
2020-02-17   278.15 288.35   278.13 288.33    55.64  65.84   277.58 287.78   283.17 293.37   276.90 287.10
2020-02-18   278.16 288.36   278.13 288.34    55.65  65.85   277.59 287.79   283.18 293.38   276.91 287.11
2020-02-19   278.17 288.38   278.14 288.35    55.65  65.86   277.60 287.81   283.18 293.39   276.92 287.12
2020-02-20   278.17 288.39   278.14 288.36    55.66  65.88   277.60 287.82   283.18 293.40   276.92 287.14
2020-02-21   278.17 288.40   278.14 288.38    55.66  65.89   277.60 287.83   283.19 293.42   276.92 287.15
2020-02-22   278.17 288.42   278.14 288.39    55.66  65.91   277.60 287.85   283.19 293.43   276.92 287.17
2020-02-23   278.17 288.44   278.14 288.41    55.66  65.92   277.60 287.87   283.19 293.45   276.92 287.19
2020-02-24   278.17 288.46   278.14 288.43    55.65  65.94   277.60 287.89   283.18 293.47   276.92 287.21
2020-02-25   278.16 288.48   278.14 288.45    55.65  65.96   277.59 287.91   283.18 293.49   276.91 287.23
2020-02-26   278.16 288.50   278.13 288.47    55.64  65.99   277.59 287.93   283.17 293.51   276.91 287.25
2020-02-27   278.15 288.52   278.12 288.50    55.64  66.01   277.58 287.95   283.16 293.54   276.90 287.27
2020-02-28   278.14 288.55   278.11 288.52    55.63  66.04   277.57 287.98   283.15 293.57   276.89 287.30
2020-02-29   278.13 288.58   278.10 288.55    55.61  66.07   277.56 288.01   283.14 293.59   276.88 287.33
2020-03-01   278.11 288.61   278.09 288.58    55.60  66.10   277.54 288.04   283.13 293.62   276.86 287.36
2020-03-02   278.10 288.64   278.07 288.61    55.59  66.13   277.53 288.07   283.12 293.66   276.85 287.39
2020-03-03   278.08 288.67   278.06 288.65    55.57  66.16   277.51 288.10   283.10 293.69   276.83 287.42
2020-03-04   278.07 288.71   278.04 288.68    55.55  66.20   277.50 288.14   283.08 293.72   276.82 287.46
2020-03-05   278.05 288.75   278.02 288.72    55.53  66.23   277.48 288.18   283.06 293.76   276.80 287.50
2020-03-06   278.02 288.79   278.00 288.76    55.51  66.27   277.45 288.22   283.04 293.80   276.77 287.54
2020-03-07   278.00 288.83   277.97 288.80    55.49  66.32   277.43 288.26   283.02 293.84   276.75 287.58
2020-03-08   277.98 288.87   277.95 288.85    55.46  66.36   277.41 288.30   282.99 293.89   276.72 287.62
2020-03-09   277.95 288.92   277.92 288.89    55.44  66.41   277.38 288.35   282.96 293.93   276.70 287.67
2020-03-10   277.92 288.97   277.89 288.94    55.41  66.45   277.35 288.40   282.93 293.98   276.67 287.72
2020-03-11   277.89 289.02   277.86 288.99    55.38  66.51   277.32 288.45   282.90 294.03   276.64 287.77
2020-03-12   277.85 289.07   277.83 289.05    55.34  66.56   277.28 288.50   282.87 294.09   276.60 287.82
2020-03-13   277.82 289.13   277.79 289.10    55.31  66.62   277.25 288.56   282.83 294.14   276.57 287.88
2020-03-14   277.78 289.19   277.75 289.16    55.27  66.67   277.21 288.62   282.80 294.20   276.53 287.94
2020-03-15   277.74 289.25   277.71 289.22    55.23  66.74   277.17 288.68   282.76 294.26   276.49 288.00
2020-03-16   277.70 289.31   277.67 289.29    55.19  66.80   277.13 288.74   282.71 294.33   276.45 288.06
2020-03-17   277.65 289.38   277.63 289.35    55.14  66.87   277.08 288.81   282.67 294.40   276.40 288.13
2020-03-18   277.61 289.45   277.58 289.42    55.09  66.94   277.04 288.88   282.62 294.47   276.36 288.20
2020-03-19   277.56 289.52   277.53 289.50    55.04  67.01   276.99 288.95   282.57 294.54   276.31 288.27
2020-03-20   277.50 289.60   277.48 289.58    54.99  67.09   276.93 289.03   282.52 294.62   276.25 288.35
2020-03-21   277.45 289.68   277.42 289.66    54.93  67.17   276.88 289.11   282.46 294.70   276.20 288.43
2020-03-22   277.39 289.77   277.36 289.74    54.88  67.25   276.82 289.20   282.40 294.78   276.14 288.52
2020-03-23   277.33 289.85   277.30 289.83    54.81  67.34   276.76 289.28   282.34 294.87   276.08 288.60
2020-03-24   277.26 289.95   277.23 289.92    54.75  67.43   276.69 289.38   282.28 294.96   276.01 288.70
2020-03-25   277.19 290.04   277.17 290.02    54.68  67.53   276.62 289.47   282.21 295.06   275.94 288.79
2020-03-26   277.12 290.15   277.09 290.12    54.61  67.63   276.55 289.58   282.13 295.16   275.87 288.89
2020-03-27   277.04 290.25   277.02 290.22    54.53  67.74   276.47 289.68   282.06 295.27   275.79 289.00
2020-03-28   276.96 290.36   276.94 290.34    54.45  67.85   276.39 289.79   281.98 295.38   275.71 289.11
2020-03-29   276.88 290.48   276.85 290.45    54.37  67.97   276.31 289.91   281.89 295.49   275.63 289.23
2020-03-30   276.79 290.60   276.76 290.57    54.28  68.09   276.22 290.03   281.80 295.62   275.54 289.35
2020-03-31   276.70 290.73   276.67 290.70    54.18  68.22   276.13 290.16   281.71 295.74   275.44 289.48
2020-04-01   276.60 290.86   276.57 290.84    54.08  68.35   276.03 290.29   281.61 295.88   275.35 289.61

2020-07-05    95.34 109.60    95.32 109.57   232.83 247.09    94.77 109.03   100.36 114.62    94.09 108.35
2020-07-06    95.48 109.51    95.45 109.48   232.97 247.00    94.91 108.94   100.49 114.52    94.23 108.26
2020-07-07    95.61 109.42    95.58 109.39   233.10 246.91    95.04 108.85   100.62 114.43    94.36 108.17
2020-07-08    95.73 109.34    95.71 109.31   233.22 246.82    95.16 108.77   100.75 114.35    94.48 108.09
2020-07-09    95.85 109.26    95.82 109.23   233.34 246.75    95.28 108.69   100.87 114.27    94.60 108.01
2020-07-10    95.96 109.18    95.94 109.16   233.45 246.67    95.39 108.61   100.98 114.20    94.71 107.93
2020-07-11    96.07 109.11    96.05 109.09   233.56 246.60    95.50 108.54   101.09 114.13    94.82 107.86
2020-07-12    96.18 109.05    96.15 109.02   233.67 246.53    95.61 108.48   101.19 114.06    94.93 107.80
2020-07-13    96.28 108.98    96.25 108.96   233.77 246.47    95.71 108.41   101.29 114.00    95.03 107.73
2020-07-14    96.37 108.92    96.35 108.90   233.86 246.41    95.80 108.35   101.39 113.94    95.12 107.67
2020-07-15    96.47 108.87    96.44 108.84   233.95 246.36    95.90 108.30   101.48 113.88    95.22 107.62
2020-07-16    96.55 108.82    96.53 108.79   234.04 246.30    95.98 108.25   101.57 113.83    95.30 107.57
2020-07-17    96.64 108.77    96.61 108.74   234.13 246.25    96.07 108.20   101.65 113.78    95.39 107.52
2020-07-18    96.72 108.72    96.69 108.69   234.21 246.21    96.15 108.15   101.74 113.73    95.47 107.47
2020-07-19    96.80 108.68    96.77 108.65   234.29 246.16    96.23 108.11   101.81 113.69    95.55 107.42
2020-07-20    96.87 108.63    96.85 108.61   234.36 246.12    96.30 108.06   101.89 113.65    95.62 107.38
2020-07-21    96.95 108.60    96.92 108.57   234.43 246.08    96.38 108.03   101.96 113.61    95.70 107.34
2020-07-22    97.02 108.56    96.99 108.53   234.50 246.05    96.45 107.99   102.03 113.57    95.77 107.31
2020-07-23    97.08 108.53    97.06 108.50   234.57 246.01    96.51 107.96   102.10 113.54    95.83 107.27
2020-07-24    97.15 108.49    97.12 108.47   234.64 245.98    96.58 107.92   102.16 113.51    95.90 107.24
2020-07-25    97.21 108.46    97.18 108.44   234.70 245.95    96.64 107.89   102.22 113.48    95.96 107.21
2020-07-26    97.27 108.44    97.24 108.41   234.76 245.93    96.70 107.87   102.28 113.45    96.02 107.19
2020-07-27    97.33 108.41    97.30 108.39   234.81 245.90    96.76 107.84   102.34 113.43    96.07 107.16
2020-07-28    97.38 108.39    97.35 108.36   234.87 245.88    96.81 107.82   102.40 113.41    96.13 107.14
2020-07-29    97.43 108.37    97.41 108.34   234.92 245.86    96.86 107.80   102.45 113.38    96.18 107.12
2020-07-30    97.48 108.35    97.46 108.32   234.97 245.84    96.91 107.78   102.50 113.37    96.23 107.10
2020-07-31    97.53 108.33    97.51 108.31   235.02 245.82    96.96 107.76   102.55 113.35    96.28 107.08
2020-08-01    97.58 108.32    97.55 108.29   235.07 245.81    97.01 107.75   102.59 113.33    96.33 107.07
2020-08-02    97.62 108.30    97.60 108.28   235.11 245.79    97.05 107.73   102.64 113.32    96.37 107.05
2020-08-03    97.66 108.29    97.64 108.27   235.15 245.78    97.09 107.72   102.68 113.31    96.41 107.04
2020-08-04    97.71 108.28    97.68 108.26   235.19 245.77    97.14 107.71   102.72 113.30    96.45 107.03
2020-08-05    97.74 108.27    97.72 108.25   235.23 245.76    97.17 107.70   102.76 113.29    96.49 107.02
2020-08-06    97.78 108.27    97.75 108.24   235.27 245.75    97.21 107.70   102.80 113.28    96.53 107.02
2020-08-07    97.82 108.26    97.79 108.24   235.30 245.75    97.25 107.69   102.83 113.28    96.57 107.01
2020-08-08    97.85 108.26    97.82 108.23   235.34 245.75    97.28 107.69   102.87 113.27    96.60 107.01
2020-08-09    97.88 108.26    97.86 108.23   235.37 245.74    97.31 107.69   102.90 113.27    96.63 107.01
2020-08-10    97.91 108.26    97.89 108.23   235.40 245.74    97.34 107.69   102.93 113.27    96.66 107.01
2020-08-11    97.94 108.26    97.92 108.23   235.43 245.74    97.37 107.69   102.96 113.27    96.69 107.01
2020-08-12    97.97 108.26    97.94 108.23   235.46 245.75    97.40 107.69   102.98 113.27    96.72 107.01
2020-08-13    97.99 108.26    97.97 108.24   235.48 245.75    97.42 107.69   103.01 113.28    96.74 107.01
2020-08-14    98.02 108.27    97.99 108.24   235.51 245.76    97.45 107.70   103.03 113.28    96.77 107.02
2020-08-15    98.04 108.28    98.02 108.25   235.53 245.76    97.47 107.71   103.06 113.29    96.79 107.03
2020-08-16    98.06 108.28    98.04 108.26   235.55 245.77    97.49 107.71   103.08 113.30    96.81 107.03
2020-08-17    98.08 108.29    98.06 108.27   235.57 245.78    97.51 107.72   103.10 113.31    96.83 107.04
2020-08-18    98.10 108.31    98.07 108.28   235.59 245.79    97.53 107.74   103.12 113.32    96.85 107.06
2020-08-19    98.12 108.32    98.09 108.29   235.60 245.81    97.55 107.75   103.13 113.33    96.87 107.07
2020-08-20    98.13 108.33    98.11 108.31   235.62 245.82    97.56 107.76   103.15 113.35    96.88 107.08
2020-08-21    98.15 108.35    98.12 108.32   235.63 245.84    97.58 107.78   103.16 113.36    96.90 107.10
2020-08-22    98.16 108.37    98.13 108.34   235.65 245.85    97.59 107.80   103.17 113.38    96.91 107.11
2020-08-23    98.50 108.05    98.48 108.02   235.99 245.54    97.93 107.48   103.52 113.07    97.25 106.80
2020-08-24    99.12 107.46    99.10 107.43   236.61 244.95    98.55 106.89   104.14 112.48    97.87 106.21
2020-08-25    99.74 106.87    99.72 106.85   237.23 244.36    99.17 106.30   104.76 111.89    98.49 105.62

2021-02-11   279.58 286.81   279.55 286.79    57.06  64.30   279.01 286.24   284.59 291.83   278.33 285.56
2021-02-12   278.95 287.46   278.92 287.43    56.44  64.94   278.38 286.89   283.96 292.47   277.70 286.21
2021-02-13   278.32 288.10   278.29 288.07    55.81  65.59   277.75 287.53   283.34 293.12   277.07 286.85
2021-02-14   278.12 288.32   278.09 288.29    55.60  65.81   277.55 287.75   283.13 293.34   276.87 287.07
2021-02-15   278.13 288.33   278.10 288.30    55.61  65.81   277.56 287.76   283.14 293.34   276.87 287.08
2021-02-16   278.13 288.33   278.11 288.31    55.62  65.82   277.56 287.76   283.15 293.35   276.88 287.08
2021-02-17   278.14 288.34   278.11 288.32    55.63  65.83   277.57 287.77   283.16 293.36   276.89 287.09
2021-02-18   278.15 288.35   278.12 288.33    55.63  65.84   277.58 287.78   283.16 293.37   276.89 287.10
2021-02-19   278.15 288.37   278.12 288.34    55.64  65.85   277.58 287.80   283.16 293.38   276.90 287.11
2021-02-20   278.15 288.38   278.12 288.35    55.64  65.87   277.58 287.81   283.17 293.39   276.90 287.13
2021-02-21   278.15 288.39   278.13 288.37    55.64  65.88   277.58 287.82   283.17 293.41   276.90 287.14
2021-02-22   278.15 288.41   278.12 288.39    55.64  65.90   277.58 287.84   283.17 293.43   276.90 287.16
2021-02-23   278.15 288.43   278.12 288.40    55.64  65.92   277.58 287.86   283.16 293.45   276.90 287.18
2021-02-24   278.14 288.45   278.12 288.42    55.63  65.94   277.57 287.88   283.16 293.47   276.89 287.20
2021-02-25   278.14 288.47   278.11 288.45    55.62  65.96   277.57 287.90   283.15 293.49   276.89 287.22
2021-02-26   278.13 288.50   278.10 288.47    55.62  65.98   277.56 287.93   283.14 293.51   276.88 287.25
2021-02-27   278.12 288.52   278.09 288.50    55.61  66.01   277.55 287.95   283.14 293.54   276.87 287.27
2021-02-28   278.11 288.55   278.08 288.52    55.60  66.04   277.54 287.98   283.12 293.57   276.86 287.30
2021-03-01   278.10 288.58   278.07 288.55    55.58  66.07   277.53 288.01   283.11 293.59   276.85 287.33
2021-03-02   278.08 288.61   278.06 288.58    55.57  66.10   277.51 288.04   283.10 293.63   276.83 287.36
2021-03-03   278.07 288.64   278.04 288.62    55.55  66.13   277.50 288.07   283.08 293.66   276.82 287.39
2021-03-04   278.05 288.68   278.02 288.65    55.54  66.17   277.48 288.11   283.07 293.69   276.80 287.43
2021-03-05   278.03 288.72   278.00 288.69    55.52  66.20   277.46 288.15   283.05 293.73   276.78 287.46
2021-03-06   278.01 288.75   277.98 288.73    55.50  66.24   277.44 288.18   283.02 293.77   276.76 287.50
2021-03-07   277.99 288.80   277.96 288.77    55.47  66.28   277.42 288.23   283.00 293.81   276.74 287.55
2021-03-08   277.96 288.84   277.94 288.81    55.45  66.33   277.39 288.27   282.98 293.85   276.71 287.59
2021-03-09   277.94 288.88   277.91 288.86    55.42  66.37   277.37 288.31   282.95 293.90   276.68 287.63
2021-03-10   277.91 288.93   277.88 288.91    55.39  66.42   277.34 288.36   282.92 293.95   276.66 287.68
2021-03-11   277.88 288.98   277.85 288.96    55.36  66.47   277.31 288.41   282.89 294.00   276.63 287.73
2021-03-12   277.84 289.04   277.82 289.01    55.33  66.52   277.27 288.47   282.86 294.05   276.59 287.79
2021-03-13   277.81 289.09   277.78 289.06    55.30  66.58   277.24 288.52   282.82 294.11   276.56 287.84
2021-03-14   277.77 289.15   277.75 289.12    55.26  66.64   277.20 288.58   282.79 294.16   276.52 287.90
2021-03-15   277.73 289.21   277.71 289.18    55.22  66.70   277.16 288.64   282.75 294.23   276.48 287.96
2021-03-16   277.69 289.27   277.66 289.25    55.18  66.76   277.12 288.70   282.71 294.29   276.44 288.02
2021-03-17   277.65 289.34   277.62 289.31    55.13  66.83   277.08 288.77   282.66 294.36   276.40 288.09
2021-03-18   277.60 289.41   277.57 289.38    55.09  66.90   277.03 288.84   282.62 294.42   276.35 288.16
2021-03-19   277.55 289.48   277.52 289.46    55.04  66.97   276.98 288.91   282.57 294.50   276.30 288.23
2021-03-20   277.50 289.56   277.47 289.53    54.99  67.05   276.93 288.99   282.51 294.57   276.25 288.31
2021-03-21   277.44 289.64   277.42 289.61    54.93  67.13   276.87 289.07   282.46 294.65   276.19 288.39
2021-03-22   277.39 289.72   277.36 289.70    54.87  67.21   276.82 289.15   282.40 294.74   276.14 288.47
2021-03-23   277.33 289.81   277.30 289.78    54.81  67.30   276.76 289.24   282.34 294.82   276.07 288.56
2021-03-24   277.26 289.90   277.24 289.87    54.75  67.39   276.69 289.33   282.28 294.92   276.01 288.65
2021-03-25   277.19 290.00   277.17 289.97    54.68  67.48   276.62 289.43   282.21 295.01   275.94 288.75
2021-03-26   277.12 290.10   277.10 290.07    54.61  67.58   276.55 289.53   282.14 295.11   275.87 288.85
2021-03-27   277.05 290.20   277.02 290.17    54.54  67.69   276.48 289.63   282.06 295.22   275.80 288.95
2021-03-28   276.97 290.31   276.94 290.28    54.46  67.80   276.40 289.74   281.98 295.33   275.72 289.06
2021-03-29   276.89 290.43   276.86 290.40    54.37  67.91   276.32 289.86   281.90 295.44   275.64 289.17
2021-03-30   276.80 290.55   276.77 290.52    54.29  68.03   276.23 289.98   281.81 295.56   275.55 289.29
2021-03-31   276.71 290.67   276.68 290.65    54.19  68.16   276.14 290.10   281.72 295.69   275.46 289.42
2021-04-01   276.61 290.80   276.58 290.78    54.10  68.29   276.04 290.23   281.63 295.82   275.36 289.55
2021-04-02   276.51 290.94   276.48 290.92    54.00  68.43   275.94 290.37   281.52 295.96   275.26 289.69

2021-07-05    95.30 109.60    95.27 109.58   232.79 247.09    94.73 109.03   100.31 114.62    94.05 108.35
2021-07-06    95.44 109.51    95.41 109.49   232.92 247.00    94.87 108.94   100.45 114.53    94.19 108.26
2021-07-07    95.57 109.42    95.54 109.40   233.06 246.91    95.00 108.85   100.58 114.44    94.32 108.17
2021-07-08    95.70 109.34    95.67 109.31   233.18 246.83    95.13 108.77   100.71 114.36    94.44 108.09
2021-07-09    95.82 109.26    95.79 109.24   233.30 246.75    95.25 108.69   100.83 114.28    94.57 108.01
2021-07-10    95.93 109.19    95.91 109.16   233.42 246.68    95.36 108.62   100.95 114.20    94.68 107.94
2021-07-11    96.04 109.12    96.02 109.09   233.53 246.61    95.47 108.55   101.06 114.13    94.79 107.87
2021-07-12    96.15 109.05    96.12 109.03   233.64 246.54    95.58 108.48   101.17 114.07    94.90 107.80
2021-07-13    96.25 108.99    96.23 108.96   233.74 246.48    95.68 108.42   101.27 114.01    95.00 107.74
2021-07-14    96.35 108.93    96.32 108.91   233.84 246.42    95.78 108.36   101.37 113.95    95.10 107.68
2021-07-15    96.44 108.88    96.42 108.85   233.93 246.36    95.87 108.31   101.46 113.89    95.19 107.63
2021-07-16    96.53 108.82    96.51 108.80   234.02 246.31    95.96 108.25   101.55 113.84    95.28 107.57
2021-07-17    96.62 108.77    96.59 108.75   234.11 246.26    96.05 108.20   101.64 113.79    95.37 107.52
2021-07-18    96.70 108.73    96.68 108.70   234.19 246.22    96.13 108.16   101.72 113.74    95.45 107.48
2021-07-19    96.78 108.68    96.76 108.66   234.27 246.17    96.21 108.11   101.80 113.70    95.53 107.43
2021-07-20    96.86 108.64    96.83 108.62   234.35 246.13    96.29 108.07   101.88 113.66    95.61 107.39
2021-07-21    96.94 108.61    96.91 108.58   234.42 246.09    96.37 108.04   101.95 113.62    95.68 107.35
2021-07-22    97.01 108.57    96.98 108.54   234.49 246.06    96.44 108.00   102.02 113.59    95.76 107.32
2021-07-23    97.07 108.54    97.05 108.51   234.56 246.02    96.50 107.97   102.09 113.55    95.82 107.29
2021-07-24    97.14 108.51    97.11 108.48   234.63 245.99    96.57 107.94   102.16 113.52    95.89 107.25
2021-07-25    97.20 108.48    97.18 108.45   234.69 245.96    96.63 107.91   102.22 113.49    95.95 107.23
2021-07-26    97.26 108.45    97.24 108.42   234.75 245.94    96.69 107.88   102.28 113.47    96.01 107.20
2021-07-27    97.32 108.43    97.30 108.40   234.81 245.91    96.75 107.86   102.34 113.44    96.07 107.18
2021-07-28    97.38 108.40    97.35 108.38   234.86 245.89    96.81 107.83   102.39 113.42    96.13 107.15
2021-07-29    97.43 108.38    97.40 108.36   234.92 245.87    96.86 107.81   102.45 113.40    96.18 107.13
2021-07-30    97.48 108.36    97.46 108.34   234.97 245.85    96.91 107.79   102.50 113.38    96.23 107.11
2021-07-31    97.53 108.35    97.51 108.32   235.02 245.83    96.96 107.78   102.55 113.36    96.28 107.10
2021-08-01    97.58 108.33    97.55 108.31   235.07 245.82    97.01 107.76   102.59 113.35    96.33 107.08
2021-08-02    97.62 108.32    97.60 108.29   235.11 245.81    97.05 107.75   102.64 113.33    96.37 107.07
2021-08-03    97.67 108.31    97.64 108.28   235.16 245.80    97.10 107.74   102.68 113.32    96.42 107.06
2021-08-04    97.71 108.30    97.68 108.27   235.20 245.79    97.14 107.73   102.72 113.31    96.46 107.05
2021-08-05    97.75 108.29    97.72 108.26   235.24 245.78    97.18 107.72   102.76 113.30    96.50 107.04
2021-08-06    97.79 108.28    97.76 108.26   235.27 245.77    97.22 107.71   102.80 113.30    96.54 107.03
2021-08-07    97.82 108.28    97.80 108.25   235.31 245.77    97.25 107.71   102.84 113.29    96.57 107.03
2021-08-08    97.86 108.27    97.83 108.25   235.35 245.76    97.29 107.70   102.87 113.29    96.61 107.02
2021-08-09    97.89 108.27    97.86 108.25   235.38 245.76    97.32 107.70   102.91 113.29    96.64 107.02
2021-08-10    97.92 108.27    97.90 108.25   235.41 245.76    97.35 107.70   102.94 113.29    96.67 107.02
2021-08-11    97.95 108.27    97.93 108.25   235.44 245.76    97.38 107.70   102.97 113.29    96.70 107.02
2021-08-12    97.98 108.28    97.95 108.25   235.47 245.76    97.41 107.71   102.99 113.29    96.73 107.03
2021-08-13    98.01 108.28    97.98 108.25   235.49 245.77    97.44 107.71   103.02 113.30    96.76 107.03
2021-08-14    98.03 108.29    98.00 108.26   235.52 245.77    97.46 107.72   103.05 113.30    96.78 107.03
2021-08-15    98.05 108.29    98.03 108.27   235.54 245.78    97.48 107.72   103.07 113.31    96.80 107.04
2021-08-16    98.08 108.30    98.05 108.27   235.56 245.79    97.51 107.73   103.09 113.32    96.83 107.05
2021-08-17    98.10 108.31    98.07 108.28   235.58 245.80    97.53 107.74   103.11 113.33    96.85 107.06
2021-08-18    98.12 108.32    98.09 108.30   235.60 245.81    97.55 107.75   103.13 113.34    96.86 107.07
2021-08-19    98.13 108.33    98.11 108.31   235.62 245.82    97.56 107.76   103.15 113.35    96.88 107.08
2021-08-20    98.15 108.35    98.12 108.32   235.64 245.84    97.58 107.78   103.16 113.36    96.90 107.10
2021-08-21    98.16 108.36    98.14 108.34   235.65 245.85    97.59 107.79   103.18 113.38    96.91 107.11
2021-08-22    98.18 108.38    98.15 108.35   235.66 245.87    97.61 107.81   103.19 113.40    96.92 107.13
2021-08-23    98.37 108.22    98.34 108.19   235.85 245.71    97.80 107.65   103.38 113.23    97.12 106.97
2021-08-24    98.99 107.63    98.96 107.60   236.47 245.12    98.42 107.06   104.00 112.65    97.73 106.38
2021-08-25    99.60 107.04    99.58 107.02   237.09 244.53    99.03 106.47   104.62 112.06    98.35 105.79

2022-02-11   279.71 286.64   279.69 286.61    57.20  64.12   279.14 286.07   284.73 291.65   278.46 285.39
2022-02-12   279.09 287.28   279.06 287.25    56.57  64.77   278.52 286.71   284.10 292.29   277.84 286.03
2022-02-13   278.46 287.92   278.43 287.89    55.95  65.41   277.89 287.35   283.47 292.94   277.21 286.67
2022-02-14   278.09 288.30   278.07 288.27    55.58  65.79   277.52 287.73   283.11 293.32   276.84 287.05
2022-02-15   278.10 288.31   278.08 288.28    55.59  65.79   277.53 287.74   283.12 293.32   276.85 287.05
2022-02-16   278.11 288.31   278.09 288.29    55.60  65.80   277.54 287.74   283.13 293.33   276.86 287.06
2022-02-17   278.12 288.32   278.09 288.29    55.61  65.81   277.55 287.75   283.13 293.34   276.87 287.07
2022-02-18   278.12 288.33   278.10 288.30    55.61  65.82   277.55 287.76   283.14 293.35   276.87 287.08
2022-02-19   278.13 288.34   278.10 288.32    55.62  65.83   277.56 287.77   283.14 293.36   276.88 287.09
2022-02-20   278.13 288.36   278.10 288.33    55.62  65.84   277.56 287.79   283.15 293.37   276.88 287.10
2022-02-21   278.13 288.37   278.10 288.34    55.62  65.86   277.56 287.80   283.15 293.39   276.88 287.12
2022-02-22   278.13 288.39   278.10 288.36    55.62  65.87   277.56 287.82   283.15 293.40   276.88 287.14
2022-02-23   278.13 288.41   278.10 288.38    55.62  65.89   277.56 287.84   283.14 293.42   276.88 287.15
2022-02-24   278.12 288.42   278.10 288.40    55.61  65.91   277.55 287.85   283.14 293.44   276.87 287.17
2022-02-25   278.12 288.45   278.09 288.42    55.61  65.93   277.55 287.88   283.13 293.46   276.87 287.20
2022-02-26   278.11 288.47   278.08 288.44    55.60  65.96   277.54 287.90   283.13 293.49   276.86 287.22
2022-02-27   278.10 288.49   278.08 288.47    55.59  65.98   277.53 287.92   283.12 293.51   276.85 287.24
2022-02-28   278.09 288.52   278.07 288.50    55.58  66.01   277.52 287.95   283.11 293.54   276.84 287.27
2022-03-01   278.08 288.55   278.05 288.52    55.57  66.04   277.51 287.98   283.10 293.57   276.83 287.30
2022-03-02   278.07 288.58   278.04 288.55    55.55  66.07   277.50 288.01   283.08 293.60   276.82 287.33
2022-03-03   278.05 288.61   278.03 288.59    55.54  66.10   277.48 288.04   283.07 293.63   276.80 287.36
2022-03-04   278.03 288.65   278.01 288.62    55.52  66.14   277.46 288.08   283.05 293.66   276.78 287.40
2022-03-05   278.02 288.68   277.99 288.66    55.50  66.17   277.45 288.11   283.03 293.70   276.77 287.43
2022-03-06   278.00 288.72   277.97 288.70    55.48  66.21   277.43 288.15   283.01 293.74   276.74 287.47
2022-03-07   277.97 288.76   277.95 288.74    55.46  66.25   277.40 288.19   282.99 293.78   276.72 287.51
2022-03-08   277.95 288.81   277.92 288.78    55.44  66.29   277.38 288.24   282.96 293.82   276.70 287.56
2022-03-09   277.92 288.85   277.90 288.83    55.41  66.34   277.35 288.28   282.94 293.87   276.67 287.60
2022-03-10   277.90 288.90   277.87 288.87    55.38  66.39   277.33 288.33   282.91 293.91   276.64 287.65
2022-03-11   277.87 288.95   277.84 288.92    55.35  66.44   277.30 288.38   282.88 293.96   276.61 287.70
2022-03-12   277.83 289.00   277.81 288.97    55.32  66.49   277.26 288.43   282.85 294.02   276.58 287.75
2022-03-13   277.80 289.06   277.77 289.03    55.29  66.54   277.23 288.49   282.81 294.07   276.55 287.80
2022-03-14   277.76 289.11   277.74 289.09    55.25  66.60   277.19 288.54   282.78 294.13   276.51 287.86
2022-03-15   277.73 289.17   277.70 289.15    55.21  66.66   277.16 288.60   282.74 294.19   276.47 287.92
2022-03-16   277.68 289.24   277.66 289.21    55.17  66.72   277.11 288.67   282.70 294.25   276.43 287.98
2022-03-17   277.64 289.30   277.61 289.27    55.13  66.79   277.07 288.73   282.66 294.32   276.39 288.05
2022-03-18   277.60 289.37   277.57 289.34    55.08  66.86   277.03 288.80   282.61 294.39   276.35 288.12
2022-03-19   277.55 289.44   277.52 289.42    55.04  66.93   276.98 288.87   282.56 294.46   276.30 288.19
2022-03-20   277.50 289.52   277.47 289.49    54.98  67.01   276.93 288.95   282.51 294.53   276.25 288.27
2022-03-21   277.44 289.60   277.42 289.57    54.93  67.08   276.87 289.03   282.46 294.61   276.19 288.35
2022-03-22   277.39 289.68   277.36 289.65    54.87  67.17   276.82 289.11   282.40 294.69   276.14 288.43
2022-03-23   277.33 289.77   277.30 289.74    54.81  67.25   276.76 289.20   282.34 294.78   276.08 288.51
2022-03-24   277.26 289.86   277.24 289.83    54.75  67.34   276.69 289.29   282.28 294.87   276.01 288.60
2022-03-25   277.20 289.95   277.17 289.92    54.69  67.44   276.63 289.38   282.21 294.97   275.95 288.70
2022-03-26   277.13 290.05   277.10 290.02    54.62  67.54   276.56 289.48   282.14 295.06   275.88 288.80
2022-03-27   277.06 290.15   277.03 290.13    54.54  67.64   276.49 289.58   282.07 295.17   275.81 288.90
2022-03-28   276.98 290.26   276.95 290.23    54.47  67.75   276.41 289.69   281.99 295.28   275.73 289.01
2022-03-29   276.90 290.37   276.87 290.35    54.39  67.86   276.33 289.80   281.91 295.39   275.65 289.12
2022-03-30   276.81 290.49   276.79 290.47    54.30  67.98   276.24 289.92   281.83 295.51   275.56 289.24
2022-03-31   276.72 290.62   276.70 290.59    54.21  68.11   276.15 290.05   281.74 295.63   275.47 289.37
2022-04-01   276.63 290.75   276.60 290.72    54.12  68.24   276.06 290.18   281.64 295.76   275.38 289.50
2022-04-02   276.53 290.89   276.50 290.86    54.02  68.37   275.96 290.32   281.54 295.90   275.28 289.64

2022-07-05    95.26 109.61    95.23 109.59   232.75 247.10    94.69 109.04   100.27 114.63    94.01 108.36
2022-07-06    95.40 109.52    95.37 109.49   232.89 247.01    94.83 108.95   100.42 114.54    94.15 108.27
2022-07-07    95.54 109.43    95.51 109.41   233.02 246.92    94.97 108.86   100.55 114.45    94.28 108.18
2022-07-08    95.66 109.35    95.64 109.32   233.15 246.84    95.09 108.78   100.68 114.37    94.41 108.10
2022-07-09    95.79 109.27    95.76 109.25   233.28 246.76    95.22 108.70   100.80 114.29    94.54 108.02
2022-07-10    95.91 109.20    95.88 109.17   233.39 246.69    95.34 108.63   100.92 114.21    94.66 107.95
2022-07-11    96.02 109.13    95.99 109.10   233.51 246.62    95.45 108.56   101.03 114.14    94.77 107.88
2022-07-12    96.13 109.06    96.10 109.04   233.62 246.55    95.56 108.49   101.14 114.08    94.88 107.81
2022-07-13    96.23 109.00    96.21 108.98   233.72 246.49    95.66 108.43   101.25 114.02    94.98 107.75
2022-07-14    96.33 108.94    96.31 108.92   233.82 246.43    95.76 108.37   101.35 113.96    95.08 107.69
2022-07-15    96.43 108.89    96.40 108.86   233.92 246.38    95.86 108.32   101.44 113.90    95.18 107.64
2022-07-16    96.52 108.84    96.49 108.81   234.01 246.32    95.95 108.27   101.54 113.85    95.27 107.59
2022-07-17    96.61 108.79    96.58 108.76   234.10 246.28    96.04 108.22   101.62 113.80    95.36 107.54
2022-07-18    96.69 108.74    96.67 108.72   234.18 246.23    96.12 108.17   101.71 113.76    95.44 107.49
2022-07-19    96.77 108.70    96.75 108.67   234.26 246.19    96.20 108.13   101.79 113.71    95.52 107.45
2022-07-20    96.85 108.66    96.83 108.63   234.34 246.15    96.28 108.09   101.87 113.67    95.60 107.41
2022-07-21    96.93 108.62    96.90 108.59   234.42 246.11    96.36 108.05   101.94 113.64    95.68 107.37
2022-07-22    97.00 108.59    96.97 108.56   234.49 246.07    96.43 108.02   102.02 113.60    95.75 107.33
2022-07-23    97.07 108.55    97.04 108.53   234.56 246.04    96.50 107.98   102.09 113.57    95.82 107.30
2022-07-24    97.14 108.52    97.11 108.50   234.62 246.01    96.57 107.95   102.15 113.54    95.89 107.27
2022-07-25    97.20 108.49    97.17 108.47   234.69 245.98    96.63 107.92   102.22 113.51    95.95 107.24
2022-07-26    97.26 108.47    97.24 108.44   234.75 245.95    96.69 107.90   102.28 113.48    96.01 107.22
2022-07-27    97.32 108.44    97.30 108.42   234.81 245.93    96.75 107.87   102.34 113.46    96.07 107.19
2022-07-28    97.38 108.42    97.35 108.39   234.87 245.91    96.81 107.85   102.39 113.44    96.13 107.17
2022-07-29    97.43 108.40    97.41 108.37   234.92 245.89    96.86 107.83   102.45 113.42    96.18 107.15
2022-07-30    97.49 108.38    97.46 108.36   234.97 245.87    96.92 107.81   102.50 113.40    96.23 107.13
2022-07-31    97.54 108.36    97.51 108.34   235.02 245.85    96.97 107.79   102.55 113.38    96.29 107.11
2022-08-01    97.58 108.35    97.56 108.32   235.07 245.84    97.01 107.78   102.60 113.37    96.33 107.10
2022-08-02    97.63 108.34    97.60 108.31   235.12 245.82    97.06 107.77   102.65 113.35    96.38 107.09
2022-08-03    97.67 108.33    97.65 108.30   235.16 245.81    97.10 107.76   102.69 113.34    96.42 107.07
2022-08-04    97.72 108.32    97.69 108.29   235.20 245.80    97.15 107.75   102.73 113.33    96.47 107.07
2022-08-05    97.76 108.31    97.73 108.28   235.24 245.80    97.19 107.74   102.77 113.32    96.51 107.06
2022-08-06    97.80 108.30    97.77 108.27   235.28 245.79    97.23 107.73   102.81 113.32    96.55 107.05
2022-08-07    97.83 108.30    97.81 108.27   235.32 245.78    97.26 107.73   102.85 113.31    96.58 107.05
2022-08-08    97.87 108.29    97.84 108.27   235.36 245.78    97.30 107.72   102.88 113.31    96.62 107.04
2022-08-09    97.90 108.29    97.87 108.26   235.39 245.78    97.33 107.72   102.92 113.31    96.65 107.04
2022-08-10    97.93 108.29    97.91 108.26   235.42 245.78    97.36 107.72   102.95 113.31    96.68 107.04
2022-08-11    97.96 108.29    97.94 108.26   235.45 245.78    97.39 107.72   102.98 113.31    96.71 107.04
2022-08-12    97.99 108.29    97.97 108.27   235.48 245.78    97.42 107.72   103.01 113.31    96.74 107.04
2022-08-13    98.02 108.30    97.99 108.27   235.51 245.78    97.45 107.73   103.03 113.31    96.77 107.05
2022-08-14    98.04 108.30    98.02 108.28   235.53 245.79    97.47 107.73   103.06 113.32    96.79 107.05
2022-08-15    98.07 108.31    98.04 108.28   235.56 245.80    97.50 107.74   103.08 113.32    96.82 107.06
2022-08-16    98.09 108.32    98.06 108.29   235.58 245.81    97.52 107.75   103.11 113.33    96.84 107.07
2022-08-17    98.11 108.33    98.08 108.30   235.60 245.81    97.54 107.76   103.13 113.34    96.86 107.08
2022-08-18    98.13 108.34    98.10 108.31   235.62 245.83    97.56 107.77   103.15 113.35    96.88 107.09
2022-08-19    98.15 108.35    98.12 108.32   235.64 245.84    97.58 107.78   103.16 113.37    96.90 107.10
2022-08-20    98.16 108.36    98.14 108.34   235.65 245.85    97.59 107.79   103.18 113.38    96.91 107.11
2022-08-21    98.18 108.38    98.15 108.35   235.67 245.87    97.61 107.81   103.19 113.39    96.93 107.13
2022-08-22    98.19 108.40    98.17 108.37   235.68 245.88    97.62 107.83   103.21 113.41    96.94 107.15
2022-08-23    98.23 108.39    98.20 108.36   235.72 245.88    97.66 107.82   103.24 113.41    96.98 107.14
2022-08-24    98.85 107.80    98.82 107.78   236.33 245.29    98.28 107.23   103.86 112.82    97.60 106.55
2022-08-25    99.46 107.21    99.44 107.19   236.95 244.70    98.89 106.64   104.48 112.23    98.21 105.96

2023-02-12   279.22 287.10   279.20 287.07    56.71  64.58   278.65 286.53   284.24 292.11   277.97 285.84
2023-02-13   278.60 287.74   278.57 287.71    56.09  65.22   278.03 287.17   283.61 292.75   277.35 286.49
2023-02-14   278.07 288.28   278.04 288.25    55.56  65.77   277.50 287.71   283.09 293.29   276.82 287.03
2023-02-15   278.08 288.28   278.06 288.26    55.57  65.77   277.51 287.71   283.10 293.30   276.83 287.03
2023-02-16   278.09 288.29   278.06 288.26    55.58  65.78   277.52 287.72   283.11 293.31   276.84 287.04
2023-02-17   278.10 288.30   278.07 288.27    55.59  65.79   277.53 287.73   283.11 293.31   276.85 287.05
2023-02-18   278.10 288.31   278.08 288.28    55.59  65.80   277.53 287.74   283.12 293.32   276.85 287.06
2023-02-19   278.11 288.32   278.08 288.29    55.60  65.81   277.54 287.75   283.12 293.33   276.86 287.07
2023-02-20   278.11 288.33   278.08 288.31    55.60  65.82   277.54 287.76   283.13 293.35   276.86 287.08
2023-02-21   278.11 288.35   278.08 288.32    55.60  65.83   277.54 287.78   283.13 293.36   276.86 287.10
2023-02-22   278.11 288.36   278.08 288.34    55.60  65.85   277.54 287.79   283.13 293.38   276.86 287.11
2023-02-23   278.11 288.38   278.08 288.35    55.60  65.87   277.54 287.81   283.12 293.40   276.86 287.13
2023-02-24   278.11 288.40   278.08 288.37    55.59  65.89   277.54 287.83   283.12 293.41   276.85 287.15
2023-02-25   278.10 288.42   278.07 288.39    55.59  65.91   277.53 287.85   283.12 293.44   276.85 287.17
2023-02-26   278.09 288.44   278.07 288.42    55.58  65.93   277.52 287.87   283.11 293.46   276.84 287.19
2023-02-27   278.09 288.47   278.06 288.44    55.57  65.96   277.52 287.90   283.10 293.48   276.84 287.22
2023-02-28   278.08 288.49   278.05 288.47    55.56  65.98   277.51 287.92   283.09 293.51   276.83 287.24
2023-03-01   278.06 288.52   278.04 288.50    55.55  66.01   277.49 287.95   283.08 293.54   276.81 287.27
2023-03-02   278.05 288.55   278.03 288.53    55.54  66.04   277.48 287.98   283.07 293.57   276.80 287.30
2023-03-03   278.04 288.59   278.01 288.56    55.52  66.07   277.47 288.02   283.05 293.60   276.79 287.33
2023-03-04   278.02 288.62   277.99 288.59    55.51  66.11   277.45 288.05   283.04 293.63   276.77 287.37
2023-03-05   278.00 288.66   277.98 288.63    55.49  66.14   277.43 288.09   283.02 293.67   276.75 287.40
2023-03-06   277.98 288.69   277.96 288.67    55.47  66.18   277.41 288.12   283.00 293.71   276.73 287.44
2023-03-07   277.96 288.73   277.94 288.71    55.45  66.22   277.39 288.16   282.98 293.75   276.71 287.48
2023-03-08   277.94 288.78   277.91 288.75    55.43  66.26   277.37 288.21   282.95 293.79   276.69 287.52
2023-03-09   277.91 288.82   277.89 288.79    55.40  66.31   277.34 288.25   282.93 293.84   276.66 287.57
2023-03-10   277.89 288.87   277.86 288.84    55.37  66.35   277.32 288.30   282.90 293.88   276.64 287.62
2023-03-11   277.86 288.92   277.83 288.89    55.34  66.40   277.29 288.35   282.87 293.93   276.61 287.67
2023-03-12   277.83 288.97   277.80 288.94    55.31  66.46   277.26 288.40   282.84 293.98   276.58 287.72
2023-03-13   277.79 289.02   277.77 289.00    55.28  66.51   277.22 288.45   282.81 294.04   276.54 287.77
2023-03-14   277.76 289.08   277.73 289.05    55.25  66.57   277.19 288.51   282.77 294.09   276.51 287.83
2023-03-15   277.72 289.14   277.69 289.11    55.21  66.63   277.15 288.57   282.74 294.15   276.47 287.89
2023-03-16   277.68 289.20   277.65 289.17    55.17  66.69   277.11 288.63   282.70 294.22   276.43 287.95
2023-03-17   277.64 289.27   277.61 289.24    55.13  66.75   277.07 288.70   282.65 294.28   276.39 288.01
2023-03-18   277.60 289.33   277.57 289.31    55.08  66.82   277.03 288.76   282.61 294.35   276.34 288.08
2023-03-19   277.55 289.41   277.52 289.38    55.04  66.89   276.98 288.84   282.56 294.42   276.30 288.15
2023-03-20   277.50 289.48   277.47 289.45    54.99  66.97   276.93 288.91   282.51 294.50   276.25 288.23
2023-03-21   277.45 289.56   277.42 289.53    54.93  67.05   276.88 288.99   282.46 294.57   276.20 288.31
2023-03-22   277.39 289.64   277.36 289.61    54.88  67.13   276.82 289.07   282.41 294.65   276.14 288.39
2023-03-23   277.33 289.73   277.31 289.70    54.82  67.21   276.76 289.16   282.35 294.74   276.08 288.47
2023-03-24   277.27 289.81   277.25 289.79    54.76  67.30   276.70 289.24   282.29 294.83   276.02 288.56
2023-03-25   277.21 289.91   277.18 289.88    54.69  67.40   276.64 289.34   282.22 294.92   275.96 288.66
2023-03-26   277.14 290.01   277.11 289.98    54.63  67.49   276.57 289.44   282.15 295.02   275.89 288.76
2023-03-27   277.07 290.11   277.04 290.08    54.56  67.60   276.50 289.54   282.08 295.12   275.82 288.86
2023-03-28   276.99 290.22   276.97 290.19    54.48  67.70   276.42 289.65   282.01 295.23   275.74 288.97
2023-03-29   276.91 290.33   276.89 290.30    54.40  67.82   276.34 289.76   281.93 295.34   275.66 289.08
2023-03-30   276.83 290.45   276.80 290.42    54.32  67.93   276.26 289.88   281.85 295.46   275.58 289.20
2023-03-31   276.74 290.57   276.72 290.54    54.23  68.06   276.17 290.00   281.76 295.59   275.49 289.32
2023-04-01   276.65 290.70   276.62 290.67    54.14  68.19   276.08 290.13   281.66 295.71   275.40 289.45
2023-04-02   276.55 290.84   276.53 290.81    54.04  68.32   275.98 290.27   281.57 295.85   275.30 289.59

2023-07-05    95.23 109.63    95.20 109.60   232.72 247.12    94.66 109.06   100.24 114.64    93.98 108.38
2023-07-06    95.37 109.54    95.35 109.51   232.86 247.02    94.80 108.97   100.39 114.55    94.12 108.29
2023-07-07    95.51 109.45    95.48 109.42   233.00 246.94    94.94 108.88   100.52 114.46    94.26 108.20
2023-07-08    95.64 109.37    95.61 109.34   233.13 246.85    95.07 108.80   100.66 114.38    94.39 108.12
2023-07-09    95.77 109.29    95.74 109.26   233.25 246.78    95.20 108.72   100.78 114.30    94.52 108.04
2023-07-10    95.89 109.22    95.86 109.19   233.37 246.70    95.32 108.65   100.90 114.23    94.64 107.97
2023-07-11    96.00 109.15    95.98 109.12   233.49 246.63    95.43 108.58   101.02 114.16    94.75 107.90
2023-07-12    96.11 109.08    96.09 109.06   233.60 246.57    95.54 108.51   101.13 114.10    94.86 107.83
2023-07-13    96.22 109.02    96.19 108.99   233.71 246.51    95.65 108.45   101.23 114.04    94.97 107.77
2023-07-14    96.32 108.96    96.29 108.94   233.81 246.45    95.75 108.39   101.33 113.98    95.07 107.71
2023-07-15    96.42 108.91    96.39 108.88   233.90 246.39    95.85 108.34   101.43 113.92    95.17 107.66
2023-07-16    96.51 108.86    96.48 108.83   234.00 246.34    95.94 108.29   101.53 113.87    95.26 107.61
2023-07-17    96.60 108.81    96.57 108.78   234.09 246.29    96.03 108.24   101.62 113.82    95.35 107.56
2023-07-18    96.69 108.76    96.66 108.74   234.17 246.25    96.12 108.19   101.70 113.78    95.44 107.51
2023-07-19    96.77 108.72    96.74 108.69   234.26 246.21    96.20 108.15   101.78 113.73    95.52 107.47
2023-07-20    96.85 108.68    96.82 108.65   234.34 246.17    96.28 108.11   101.86 113.69    95.60 107.43
2023-07-21    96.93 108.64    96.90 108.61   234.41 246.13    96.36 108.07   101.94 113.66    95.67 107.39
2023-07-22    97.00 108.61    96.97 108.58   234.49 246.09    96.43 108.04   102.01 113.62    95.75 107.36
2023-07-23    97.07 108.57    97.04 108.55   234.56 246.06    96.50 108.00   102.08 113.59    95.82 107.32
2023-07-24    97.14 108.54    97.11 108.52   234.62 246.03    96.57 107.97   102.15 113.56    95.89 107.29
2023-07-25    97.20 108.51    97.18 108.49   234.69 246.00    96.63 107.94   102.22 113.53    95.95 107.26
2023-07-26    97.26 108.49    97.24 108.46   234.75 245.98    96.69 107.92   102.28 113.50    96.01 107.24
2023-07-27    97.32 108.46    97.30 108.44   234.81 245.95    96.75 107.89   102.34 113.48    96.07 107.21
2023-07-28    97.38 108.44    97.36 108.41   234.87 245.93    96.81 107.87   102.40 113.46    96.13 107.19
2023-07-29    97.44 108.42    97.41 108.39   234.93 245.91    96.87 107.85   102.45 113.44    96.19 107.17
2023-07-30    97.49 108.40    97.46 108.38   234.98 245.89    96.92 107.83   102.51 113.42    96.24 107.15
2023-07-31    97.54 108.39    97.52 108.36   235.03 245.87    96.97 107.82   102.56 113.40    96.29 107.14
2023-08-01    97.59 108.37    97.56 108.34   235.08 245.86    97.02 107.80   102.61 113.39    96.34 107.12
2023-08-02    97.64 108.36    97.61 108.33   235.12 245.85    97.07 107.79   102.65 113.37    96.39 107.11
2023-08-03    97.68 108.35    97.66 108.32   235.17 245.83    97.11 107.78   102.70 113.36    96.43 107.10
2023-08-04    97.73 108.34    97.70 108.31   235.21 245.82    97.16 107.77   102.74 113.35    96.47 107.09
2023-08-05    97.77 108.33    97.74 108.30   235.25 245.82    97.20 107.76   102.78 113.34    96.52 107.08
2023-08-06    97.81 108.32    97.78 108.29   235.29 245.81    97.24 107.75   102.82 113.34    96.55 107.07
2023-08-07    97.84 108.32    97.82 108.29   235.33 245.80    97.27 107.75   102.86 113.33    96.59 107.07
2023-08-08    97.88 108.31    97.85 108.29   235.37 245.80    97.31 107.74   102.89 113.33    96.63 107.06
2023-08-09    97.91 108.31    97.89 108.28   235.40 245.80    97.34 107.74   102.93 113.33    96.66 107.06
2023-08-10    97.94 108.31    97.92 108.28   235.43 245.80    97.37 107.74   102.96 113.32    96.69 107.06
2023-08-11    97.98 108.31    97.95 108.28   235.46 245.80    97.41 107.74   102.99 113.33    96.72 107.06
2023-08-12    98.00 108.31    97.98 108.29   235.49 245.80    97.43 107.74   103.02 113.33    96.75 107.06
2023-08-13    98.03 108.32    98.00 108.29   235.52 245.80    97.46 107.75   103.05 113.33    96.78 107.07
2023-08-14    98.06 108.32    98.03 108.29   235.54 245.81    97.49 107.75   103.07 113.34    96.81 107.07
2023-08-15    98.08 108.33    98.05 108.30   235.57 245.81    97.51 107.76   103.10 113.34    96.83 107.08
2023-08-16    98.10 108.33    98.08 108.31   235.59 245.82    97.53 107.76   103.12 113.35    96.85 107.08
2023-08-17    98.13 108.34    98.10 108.32   235.61 245.83    97.56 107.77   103.14 113.36    96.87 107.09
2023-08-18    98.14 108.35    98.12 108.33   235.63 245.84    97.57 107.78   103.16 113.37    96.89 107.10
2023-08-19    98.16 108.37    98.14 108.34   235.65 245.85    97.59 107.80   103.18 113.38    96.91 107.12
2023-08-20    98.18 108.38    98.15 108.35   235.67 245.87    97.61 107.81   103.19 113.40    96.93 107.13
2023-08-21    98.19 108.39    98.17 108.37   235.68 245.88    97.62 107.82   103.21 113.41    96.94 107.14
2023-08-22    98.21 108.41    98.18 108.38   235.70 245.90    97.64 107.84   103.22 113.43    96.96 107.16
2023-08-23    98.22 108.43    98.19 108.40   235.71 245.92    97.65 107.86   103.24 113.44    96.97 107.18
2023-08-24    98.70 107.98    98.67 107.96   236.18 245.47    98.13 107.41   103.71 113.00    97.45 106.73
2023-08-25    99.31 107.40    99.29 107.37   236.80 244.88    98.74 106.83   104.33 112.41    98.06 106.14
2023-08-26    99.93 106.81    99.90 106.78   237.42 244.30    99.36 106.24   104.94 111.82    98.68 105.56
