
       Target
                ecliptic
RA      Dec     latitude
246.643 -15.793   5.837

Checked interval [2020-01-01, 2023-12-31]
|           Window [days]                 |    Normal V3 PA [deg]    |
   Start           End         Duration         Start         End         RA            Dec     
 2020-02-21      2020-04-12        51.00     279.59882     273.00452     246.64294     -15.79254 
 2020-07-14      2020-09-04        52.00     104.77195      98.62763     246.64294     -15.79254 
 2021-02-20      2021-04-12        51.00     279.60623     273.05866     246.64294     -15.79254 
 2021-07-14      2021-09-05        53.00     104.80669      98.57779     246.64294     -15.79254 
 2022-02-20      2022-04-13        51.97     279.61068     272.91458     246.64294     -15.79254 
 2022-07-14      2022-09-05        53.00     104.84568      98.62337     246.64294     -15.79254 
 2023-02-21      2023-04-13        51.00     279.51681     272.97910     246.64294     -15.79254 
 2023-07-15      2023-09-05        52.00     104.70624      98.66794     246.64294     -15.79254 


                V3PA          NIRCam           NIRSpec         NIRISS           MIRI          FGS
   Date      min    max      min    max       min    max     min    max      min    max      min    max

2020-02-22   275.81 283.36   275.79 283.34    53.30  60.85   275.24 282.79   280.83 288.38   274.56 282.11
2020-02-23   275.08 283.89   275.05 283.86    52.56  61.37   274.51 283.32   280.09 288.90   273.83 282.64
2020-02-24   274.34 284.41   274.32 284.38    51.83  61.90   273.77 283.84   279.36 289.42   273.09 283.16
2020-02-25   274.17 284.37   274.14 284.34    51.65  61.86   273.60 283.80   279.18 289.39   272.92 283.12
2020-02-26   274.06 284.26   274.04 284.24    51.55  61.75   273.49 283.69   279.08 289.28   272.81 283.01
2020-02-27   273.96 284.16   273.93 284.13    51.44  61.64   273.39 283.59   278.97 289.17   272.71 282.91
2020-02-28   273.85 284.05   273.82 284.03    51.34  61.54   273.28 283.48   278.86 289.07   272.60 282.80
2020-02-29   273.74 283.95   273.71 283.92    51.23  61.44   273.17 283.38   278.76 288.96   272.49 282.70
2020-03-01   273.63 283.85   273.60 283.82    51.12  61.34   273.06 283.28   278.65 288.86   272.38 282.60
2020-03-02   273.52 283.75   273.49 283.72    51.01  61.24   272.95 283.18   278.53 288.76   272.27 282.50
2020-03-03   273.40 283.65   273.38 283.62    50.89  61.14   272.83 283.08   278.42 288.67   272.15 282.40
2020-03-04   273.29 283.55   273.26 283.53    50.78  61.04   272.72 282.98   278.30 288.57   272.04 282.30
2020-03-05   273.17 283.46   273.15 283.43    50.66  60.94   272.60 282.89   278.19 288.47   271.92 282.21
2020-03-06   273.05 283.36   273.03 283.34    50.54  60.85   272.48 282.79   278.07 288.38   271.80 282.11
2020-03-07   272.93 283.27   272.90 283.24    50.42  60.76   272.36 282.70   277.95 288.28   271.68 282.02
2020-03-08   272.81 283.18   272.78 283.15    50.29  60.66   272.24 282.61   277.82 288.19   271.56 281.93
2020-03-09   272.68 283.09   272.66 283.06    50.17  60.57   272.11 282.52   277.70 288.10   271.43 281.84
2020-03-10   272.55 283.00   272.53 282.97    50.04  60.48   271.98 282.43   277.57 288.01   271.30 281.74
2020-03-11   272.42 282.91   272.40 282.88    49.91  60.39   271.85 282.34   277.44 287.92   271.17 281.66
2020-03-12   272.29 282.82   272.26 282.79    49.78  60.31   271.72 282.25   277.31 287.83   271.04 281.57
2020-03-13   272.15 282.73   272.13 282.70    49.64  60.22   271.58 282.16   277.17 287.75   270.90 281.48
2020-03-14   272.02 282.65   271.99 282.62    49.50  60.13   271.45 282.08   277.03 287.66   270.77 281.39
2020-03-15   271.88 282.56   271.85 282.53    49.36  60.05   271.31 281.99   276.89 287.57   270.62 281.31
2020-03-16   271.73 282.47   271.71 282.45    49.22  59.96   271.16 281.90   276.75 287.49   270.48 281.22
2020-03-17   271.58 282.39   271.56 282.36    49.07  59.88   271.01 281.82   276.60 287.41   270.33 281.14
2020-03-18   271.43 282.31   271.41 282.28    48.92  59.80   270.86 281.74   276.45 287.32   270.18 281.06
2020-03-19   271.28 282.23   271.25 282.20    48.77  59.71   270.71 281.66   276.30 287.24   270.03 280.97
2020-03-20   271.12 282.14   271.10 282.12    48.61  59.63   270.55 281.57   276.14 287.16   269.87 280.89
2020-03-21   270.96 282.06   270.94 282.04    48.45  59.55   270.39 281.49   275.98 287.08   269.71 280.81
2020-03-22   270.80 281.98   270.77 281.95    48.29  59.47   270.23 281.41   275.81 287.00   269.55 280.73
2020-03-23   270.63 281.90   270.60 281.87    48.12  59.39   270.06 281.33   275.65 286.92   269.38 280.65
2020-03-24   270.46 281.82   270.43 281.79    47.94  59.31   269.89 281.25   275.47 286.84   269.21 280.57
2020-03-25   270.28 281.74   270.25 281.72    47.77  59.23   269.71 281.17   275.30 286.76   269.03 280.49
2020-03-26   270.10 281.66   270.07 281.64    47.59  59.15   269.53 281.09   275.11 286.68   268.85 280.41
2020-03-27   269.91 281.59   269.89 281.56    47.40  59.07   269.34 281.02   274.93 286.60   268.66 280.33
2020-03-28   269.72 281.51   269.69 281.48    47.21  58.99   269.15 280.94   274.74 286.52   268.47 280.26
2020-03-29   269.52 281.43   269.50 281.40    47.01  58.92   268.95 280.86   274.54 286.44   268.27 280.18
2020-03-30   269.32 281.35   269.29 281.33    46.81  58.84   268.75 280.78   274.34 286.37   268.07 280.10
2020-03-31   269.11 281.27   269.09 281.25    46.60  58.76   268.54 280.70   274.13 286.29   267.86 280.02
2020-04-01   268.90 281.20   268.87 281.17    46.39  58.68   268.33 280.63   273.91 286.21   267.65 279.95
2020-04-02   268.68 281.12   268.65 281.09    46.16  58.61   268.11 280.55   273.69 286.14   267.43 279.87
2020-04-03   268.45 281.04   268.42 281.02    45.94  58.53   267.88 280.47   273.46 286.06   267.20 279.79
2020-04-04   268.21 280.97   268.19 280.94    45.70  58.45   267.64 280.40   273.23 285.98   266.96 279.72
2020-04-05   267.97 280.89   267.95 280.86    45.46  58.38   267.40 280.32   272.99 285.91   266.72 279.64
2020-04-06   267.72 280.81   267.69 280.79    45.21  58.30   267.15 280.24   272.74 285.83   266.47 279.56
2020-04-07   267.46 280.74   267.44 280.71    44.95  58.22   266.89 280.17   272.48 285.75   266.21 279.49
2020-04-08   267.19 280.66   267.17 280.63    44.68  58.15   266.62 280.09   272.21 285.67   265.94 279.41
2020-04-09   266.92 280.58   266.89 280.56    44.40  58.07   266.35 280.01   271.93 285.60   265.67 279.33
2020-04-10   266.63 280.51   266.60 280.48    44.12  57.99   266.06 279.94   271.64 285.52   265.38 279.25
2020-04-11   266.33 280.43   266.30 280.40    43.82  57.92   265.76 279.86   271.34 285.44   265.08 279.18
2020-04-12   266.02 280.35   265.99 280.32    43.51  57.84   265.45 279.78   271.03 285.36   264.77 279.10

2020-07-15    97.59 111.91    97.57 111.89   235.08 249.40    97.02 111.34   102.61 116.93    96.34 110.66
2020-07-16    97.52 111.61    97.50 111.58   235.01 249.10    96.95 111.04   102.54 116.62    96.27 110.36
2020-07-17    97.45 111.32    97.42 111.29   234.94 248.81    96.88 110.75   102.47 116.33    96.20 110.07
2020-07-18    97.38 111.04    97.35 111.01   234.87 248.53    96.81 110.47   102.39 116.05    96.13 109.79
2020-07-19    97.31 110.77    97.28 110.74   234.80 248.26    96.74 110.20   102.32 115.78    96.06 109.52
2020-07-20    97.24 110.51    97.21 110.48   234.73 248.00    96.67 109.94   102.25 115.53    95.99 109.26
2020-07-21    97.17 110.26    97.14 110.23   234.65 247.75    96.60 109.69   102.18 115.27    95.92 109.01
2020-07-22    97.10 110.02    97.07 109.99   234.58 247.50    96.53 109.45   102.11 115.03    95.85 108.77
2020-07-23    97.03 109.78    97.00 109.76   234.51 247.27    96.46 109.21   102.04 114.80    95.78 108.53
2020-07-24    96.96 109.56    96.93 109.53   234.44 247.04    96.39 108.99   101.97 114.57    95.71 108.31
2020-07-25    96.89 109.34    96.86 109.31   234.38 246.82    96.32 108.77   101.90 114.35    95.64 108.09
2020-07-26    96.82 109.12    96.79 109.10   234.31 246.61    96.25 108.55   101.83 114.14    95.57 107.87
2020-07-27    96.75 108.92    96.72 108.89   234.24 246.41    96.18 108.35   101.76 113.93    95.50 107.67
2020-07-28    96.68 108.72    96.65 108.69   234.17 246.21    96.11 108.15   101.69 113.73    95.43 107.47
2020-07-29    96.61 108.53    96.58 108.50   234.10 246.01    96.04 107.96   101.62 113.54    95.36 107.28
2020-07-30    96.54 108.34    96.51 108.31   234.03 245.83    95.97 107.77   101.55 113.35    95.29 107.09
2020-07-31    96.47 108.16    96.44 108.13   233.96 245.64    95.90 107.59   101.48 113.17    95.22 106.90
2020-08-01    96.40 107.98    96.37 107.95   233.89 245.47    95.83 107.41   101.41 112.99    95.15 106.73
2020-08-02    96.33 107.81    96.30 107.78   233.81 245.29    95.76 107.24   101.34 112.82    95.08 106.55
2020-08-03    96.26 107.64    96.23 107.61   233.74 245.13    95.69 107.07   101.27 112.65    95.01 106.39
2020-08-04    96.18 107.47    96.16 107.45   233.67 244.96    95.61 106.90   101.20 112.49    94.93 106.22
2020-08-05    96.11 107.32    96.09 107.29   233.60 244.80    95.54 106.75   101.13 112.33    94.86 106.06
2020-08-06    96.04 107.16    96.01 107.13   233.53 244.65    95.47 106.59   101.06 112.18    94.79 105.91
2020-08-07    95.97 107.01    95.94 106.98   233.46 244.50    95.40 106.44   100.98 112.02    94.72 105.76
2020-08-08    95.90 106.86    95.87 106.83   233.38 244.35    95.33 106.29   100.91 111.88    94.64 105.61
2020-08-09    95.82 106.72    95.80 106.69   233.31 244.20    95.25 106.15   100.84 111.73    94.57 105.47
2020-08-10    95.75 106.58    95.72 106.55   233.24 244.06    95.18 106.01   100.76 111.59    94.50 105.33
2020-08-11    95.67 106.44    95.65 106.41   233.16 243.93    95.10 105.87   100.69 111.45    94.42 105.19
2020-08-12    95.60 106.30    95.57 106.28   233.09 243.79    95.03 105.73   100.61 111.32    94.35 105.05
2020-08-13    95.52 106.17    95.50 106.15   233.01 243.66    94.95 105.60   100.54 111.19    94.27 104.92
2020-08-14    95.44 106.04    95.42 106.02   232.93 243.53    94.87 105.47   100.46 111.06    94.19 104.79
2020-08-15    95.37 105.92    95.34 105.89   232.85 243.40    94.80 105.35   100.38 110.93    94.12 104.67
2020-08-16    95.29 105.79    95.26 105.77   232.78 243.28    94.72 105.22   100.30 110.81    94.04 104.54
2020-08-17    95.21 105.67    95.18 105.65   232.70 243.16    94.64 105.10   100.23 110.69    93.96 104.42
2020-08-18    95.13 105.55    95.10 105.53   232.62 243.04    94.56 104.98   100.15 110.57    93.88 104.30
2020-08-19    95.05 105.44    95.02 105.41   232.54 242.93    94.48 104.87   100.06 110.45    93.80 104.19
2020-08-20    94.97 105.32    94.94 105.30   232.46 242.81    94.40 104.75    99.98 110.34    93.72 104.07
2020-08-21    94.88 105.21    94.86 105.19   232.37 242.70    94.31 104.64    99.90 110.23    93.63 103.96
2020-08-22    94.80 105.10    94.77 105.08   232.29 242.59    94.23 104.53    99.82 110.12    93.55 103.85
2020-08-23    94.72 105.00    94.69 104.97   232.20 242.48    94.15 104.43    99.73 110.01    93.47 103.74
2020-08-24    94.63 104.89    94.60 104.86   232.12 242.38    94.06 104.32    99.65 109.90    93.38 103.64
2020-08-25    94.54 104.79    94.52 104.76   232.03 242.27    93.97 104.22    99.56 109.80    93.29 103.53
2020-08-26    94.46 104.68    94.43 104.66   231.94 242.17    93.89 104.11    99.47 109.70    93.20 103.43
2020-08-27    94.37 104.58    94.34 104.56   231.85 242.07    93.80 104.01    99.38 109.60    93.11 103.33
2020-08-28    94.27 104.48    94.25 104.46   231.76 241.97    93.70 103.91    99.29 109.50    93.02 103.23
2020-08-29    94.18 104.39    94.16 104.36   231.67 241.87    93.61 103.82    99.20 109.40    92.93 103.13
2020-08-30    94.09 104.29    94.06 104.26   231.58 241.78    93.52 103.72    99.10 109.30    92.84 103.04
2020-08-31    93.99 104.19    93.97 104.17   231.48 241.68    93.42 103.62    99.01 109.21    92.74 102.94
2020-09-01    93.90 104.10    93.87 104.07   231.39 241.59    93.33 103.53    98.91 109.12    92.65 102.85
2020-09-02    93.82 103.99    93.79 103.96   231.31 241.48    93.25 103.42    98.84 109.00    92.57 102.74
2020-09-03    94.33 103.29    94.30 103.26   231.82 240.78    93.76 102.72    99.34 108.31    93.08 102.04
2020-09-04    94.84 102.59    94.81 102.57   232.32 240.08    94.27 102.02    99.85 107.61    93.58 101.34

2021-02-21   275.98 283.21   275.95 283.19    53.47  60.70   275.41 282.64   280.99 288.23   274.73 281.96
2021-02-22   275.25 283.73   275.22 283.71    52.73  61.22   274.68 283.16   280.26 288.75   273.99 282.48
2021-02-23   274.51 284.25   274.48 284.23    52.00  61.74   273.94 283.68   279.53 289.27   273.26 283.00
2021-02-24   274.17 284.38   274.15 284.35    51.66  61.87   273.60 283.81   279.19 289.39   272.92 283.13
2021-02-25   274.07 284.27   274.04 284.24    51.56  61.76   273.50 283.70   279.08 289.29   272.82 283.02
2021-02-26   273.96 284.16   273.94 284.14    51.45  61.65   273.39 283.59   278.98 289.18   272.71 282.91
2021-02-27   273.86 284.06   273.83 284.03    51.35  61.55   273.29 283.49   278.87 289.07   272.61 282.81
2021-02-28   273.75 283.96   273.72 283.93    51.24  61.44   273.18 283.39   278.76 288.97   272.50 282.71
2021-03-01   273.64 283.86   273.61 283.83    51.13  61.34   273.07 283.29   278.65 288.87   272.39 282.60
2021-03-02   273.53 283.75   273.50 283.73    51.02  61.24   272.96 283.18   278.54 288.77   272.28 282.50
2021-03-03   273.42 283.66   273.39 283.63    50.90  61.14   272.85 283.09   278.43 288.67   272.16 282.41
2021-03-04   273.30 283.56   273.27 283.53    50.79  61.05   272.73 282.99   278.32 288.57   272.05 282.31
2021-03-05   273.18 283.46   273.16 283.44    50.67  60.95   272.61 282.89   278.20 288.48   271.93 282.21
2021-03-06   273.07 283.37   273.04 283.34    50.55  60.86   272.50 282.80   278.08 288.38   271.81 282.12
2021-03-07   272.94 283.27   272.92 283.25    50.43  60.76   272.37 282.70   277.96 288.29   271.69 282.02
2021-03-08   272.82 283.18   272.80 283.16    50.31  60.67   272.25 282.61   277.84 288.20   271.57 281.93
2021-03-09   272.70 283.09   272.67 283.06    50.18  60.58   272.13 282.52   277.71 288.11   271.45 281.84
2021-03-10   272.57 283.00   272.54 282.97    50.06  60.49   272.00 282.43   277.59 288.02   271.32 281.75
2021-03-11   272.44 282.91   272.41 282.89    49.93  60.40   271.87 282.34   277.46 287.93   271.19 281.66
2021-03-12   272.31 282.82   272.28 282.80    49.80  60.31   271.74 282.25   277.32 287.84   271.06 281.57
2021-03-13   272.17 282.74   272.15 282.71    49.66  60.22   271.60 282.17   277.19 287.75   270.92 281.49
2021-03-14   272.04 282.65   272.01 282.62    49.52  60.14   271.47 282.08   277.05 287.67   270.79 281.40
2021-03-15   271.90 282.56   271.87 282.54    49.38  60.05   271.33 281.99   276.91 287.58   270.65 281.31
2021-03-16   271.75 282.48   271.73 282.45    49.24  59.97   271.18 281.91   276.77 287.50   270.50 281.23
2021-03-17   271.61 282.40   271.58 282.37    49.10  59.88   271.04 281.83   276.62 287.41   270.36 281.15
2021-03-18   271.46 282.31   271.43 282.29    48.95  59.80   270.89 281.74   276.48 287.33   270.21 281.06
2021-03-19   271.31 282.23   271.28 282.20    48.80  59.72   270.74 281.66   276.32 287.25   270.06 280.98
2021-03-20   271.15 282.15   271.13 282.12    48.64  59.64   270.58 281.58   276.17 287.16   269.90 280.90
2021-03-21   270.99 282.07   270.97 282.04    48.48  59.56   270.42 281.50   276.01 287.08   269.74 280.82
2021-03-22   270.83 281.99   270.80 281.96    48.32  59.47   270.26 281.42   275.85 287.00   269.58 280.74
2021-03-23   270.66 281.91   270.64 281.88    48.15  59.39   270.09 281.34   275.68 286.92   269.41 280.66
2021-03-24   270.49 281.83   270.47 281.80    47.98  59.32   269.92 281.26   275.51 286.84   269.24 280.58
2021-03-25   270.32 281.75   270.29 281.72    47.80  59.24   269.75 281.18   275.33 286.76   269.07 280.50
2021-03-26   270.14 281.67   270.11 281.64    47.62  59.16   269.57 281.10   275.15 286.69   268.89 280.42
2021-03-27   269.95 281.59   269.93 281.57    47.44  59.08   269.38 281.02   274.97 286.61   268.70 280.34
2021-03-28   269.76 281.51   269.74 281.49    47.25  59.00   269.19 280.94   274.78 286.53   268.51 280.26
2021-03-29   269.57 281.44   269.54 281.41    47.06  58.92   269.00 280.87   274.58 286.45   268.32 280.19
2021-03-30   269.37 281.36   269.34 281.33    46.86  58.85   268.80 280.79   274.38 286.38   268.12 280.11
2021-03-31   269.16 281.28   269.14 281.26    46.65  58.77   268.59 280.71   274.18 286.30   267.91 280.03
2021-04-01   268.95 281.21   268.92 281.18    46.44  58.69   268.38 280.64   273.97 286.22   267.70 279.96
2021-04-02   268.73 281.13   268.71 281.10    46.22  58.62   268.16 280.56   273.75 286.15   267.48 279.88
2021-04-03   268.51 281.05   268.48 281.03    45.99  58.54   267.94 280.48   273.52 286.07   267.26 279.80
2021-04-04   268.27 280.98   268.25 280.95    45.76  58.46   267.70 280.41   273.29 285.99   267.02 279.73
2021-04-05   268.03 280.90   268.01 280.87    45.52  58.39   267.46 280.33   273.05 285.92   266.78 279.65
2021-04-06   267.79 280.83   267.76 280.80    45.27  58.31   267.22 280.26   272.80 285.84   266.54 279.57
2021-04-07   267.53 280.75   267.50 280.72    45.02  58.24   266.96 280.18   272.55 285.76   266.28 279.50
2021-04-08   267.27 280.67   267.24 280.65    44.75  58.16   266.70 280.10   272.28 285.69   266.02 279.42
2021-04-09   266.99 280.60   266.97 280.57    44.48  58.08   266.42 280.03   272.01 285.61   265.74 279.35
2021-04-10   266.71 280.52   266.68 280.49    44.20  58.01   266.14 279.95   271.72 285.53   265.46 279.27
2021-04-11   266.41 280.44   266.39 280.42    43.90  57.93   265.84 279.87   271.43 285.46   265.16 279.19
2021-04-12   266.11 280.37   266.08 280.34    43.59  57.85   265.54 279.80   271.12 285.38   264.86 279.11

2021-07-15    97.60 111.97    97.58 111.94   235.09 249.46    97.03 111.40   102.62 116.99    96.35 110.72
2021-07-16    97.53 111.67    97.51 111.64   235.02 249.15    96.96 111.10   102.55 116.68    96.28 110.42
2021-07-17    97.46 111.38    97.44 111.35   234.95 248.86    96.89 110.81   102.48 116.39    96.21 110.13
2021-07-18    97.39 111.10    97.37 111.07   234.88 248.58    96.82 110.53   102.41 116.11    96.14 109.84
2021-07-19    97.32 110.82    97.30 110.80   234.81 248.31    96.75 110.25   102.34 115.84    96.07 109.57
2021-07-20    97.25 110.56    97.23 110.54   234.74 248.05    96.68 109.99   102.27 115.58    96.00 109.31
2021-07-21    97.18 110.31    97.16 110.29   234.67 247.80    96.61 109.74   102.20 115.33    95.93 109.06
2021-07-22    97.12 110.07    97.09 110.04   234.60 247.56    96.55 109.50   102.13 115.09    95.86 108.82
2021-07-23    97.05 109.84    97.02 109.81   234.53 247.32    96.48 109.27   102.06 114.85    95.80 108.58
2021-07-24    96.98 109.61    96.95 109.58   234.47 247.10    96.41 109.04   101.99 114.62    95.73 108.36
2021-07-25    96.91 109.39    96.88 109.36   234.40 246.88    96.34 108.82   101.92 114.40    95.66 108.14
2021-07-26    96.84 109.18    96.81 109.15   234.33 246.66    96.27 108.61   101.86 114.19    95.59 107.93
2021-07-27    96.77 108.97    96.75 108.94   234.26 246.46    96.20 108.40   101.79 113.99    95.52 107.72
2021-07-28    96.70 108.77    96.68 108.74   234.19 246.26    96.13 108.20   101.72 113.79    95.45 107.52
2021-07-29    96.63 108.58    96.61 108.55   234.12 246.06    96.06 108.01   101.65 113.59    95.38 107.33
2021-07-30    96.56 108.39    96.54 108.36   234.05 245.88    95.99 107.82   101.58 113.40    95.31 107.14
2021-07-31    96.50 108.21    96.47 108.18   233.98 245.69    95.93 107.64   101.51 113.22    95.24 106.96
2021-08-01    96.43 108.03    96.40 108.00   233.91 245.52    95.86 107.46   101.44 113.04    95.17 106.78
2021-08-02    96.36 107.86    96.33 107.83   233.84 245.34    95.79 107.29   101.37 112.87    95.10 106.61
2021-08-03    96.29 107.69    96.26 107.66   233.77 245.18    95.72 107.12   101.30 112.70    95.03 106.44
2021-08-04    96.21 107.52    96.19 107.50   233.70 245.01    95.64 106.95   101.23 112.54    94.96 106.27
2021-08-05    96.14 107.36    96.12 107.34   233.63 244.85    95.57 106.79   101.16 112.38    94.89 106.11
2021-08-06    96.07 107.21    96.05 107.18   233.56 244.70    95.50 106.64   101.09 112.22    94.82 105.96
2021-08-07    96.00 107.06    95.97 107.03   233.49 244.55    95.43 106.49   101.02 112.07    94.75 105.81
2021-08-08    95.93 106.91    95.90 106.88   233.42 244.40    95.36 106.34   100.94 111.93    94.68 105.66
2021-08-09    95.86 106.77    95.83 106.74   233.34 244.25    95.29 106.20   100.87 111.78    94.60 105.51
2021-08-10    95.78 106.62    95.76 106.60   233.27 244.11    95.21 106.05   100.80 111.64    94.53 105.37
2021-08-11    95.71 106.49    95.68 106.46   233.19 243.97    95.14 105.92   100.72 111.50    94.46 105.24
2021-08-12    95.63 106.35    95.61 106.33   233.12 243.84    95.06 105.78   100.65 111.37    94.38 105.10
2021-08-13    95.56 106.22    95.53 106.19   233.04 243.71    94.99 105.65   100.57 111.24    94.31 104.97
2021-08-14    95.48 106.09    95.45 106.07   232.97 243.58    94.91 105.52   100.50 111.11    94.23 104.84
2021-08-15    95.40 105.97    95.38 105.94   232.89 243.45    94.83 105.40   100.42 110.98    94.15 104.71
2021-08-16    95.33 105.84    95.30 105.82   232.81 243.33    94.76 105.27   100.34 110.86    94.08 104.59
2021-08-17    95.25 105.72    95.22 105.69   232.74 243.21    94.68 105.15   100.26 110.74    94.00 104.47
2021-08-18    95.17 105.60    95.14 105.58   232.66 243.09    94.60 105.03   100.18 110.62    93.92 104.35
2021-08-19    95.09 105.49    95.06 105.46   232.58 242.97    94.52 104.92   100.10 110.50    93.84 104.24
2021-08-20    95.01 105.37    94.98 105.35   232.49 242.86    94.44 104.80   100.02 110.39    93.76 104.12
2021-08-21    94.93 105.26    94.90 105.23   232.41 242.75    94.36 104.69    99.94 110.28    93.67 104.01
2021-08-22    94.84 105.15    94.82 105.12   232.33 242.64    94.27 104.58    99.86 110.17    93.59 103.90
2021-08-23    94.76 105.04    94.73 105.02   232.24 242.53    94.19 104.47    99.77 110.06    93.51 103.79
2021-08-24    94.67 104.94    94.65 104.91   232.16 242.42    94.10 104.37    99.69 109.95    93.42 103.69
2021-08-25    94.59 104.83    94.56 104.81   232.07 242.32    94.02 104.26    99.60 109.85    93.33 103.58
2021-08-26    94.50 104.73    94.47 104.70   231.99 242.22    93.93 104.16    99.51 109.74    93.25 103.48
2021-08-27    94.41 104.63    94.38 104.60   231.90 242.12    93.84 104.06    99.42 109.64    93.16 103.38
2021-08-28    94.32 104.53    94.29 104.50   231.81 242.02    93.75 103.96    99.33 109.54    93.07 103.28
2021-08-29    94.23 104.43    94.20 104.40   231.71 241.92    93.66 103.86    99.24 109.45    92.98 103.18
2021-08-30    94.13 104.33    94.11 104.31   231.62 241.82    93.56 103.76    99.15 109.35    92.88 103.08
2021-08-31    94.04 104.24    94.01 104.21   231.53 241.73    93.47 103.67    99.05 109.25    92.79 102.99
2021-09-01    93.94 104.15    93.92 104.12   231.43 241.63    93.37 103.58    98.96 109.16    92.69 102.90
2021-09-02    93.85 104.05    93.82 104.03   231.33 241.54    93.28 103.48    98.86 109.07    92.60 102.80
2021-09-03    94.21 103.50    94.19 103.47   231.70 240.98    93.64 102.93    99.23 108.51    92.96 102.25
2021-09-04    94.72 102.80    94.69 102.77   232.21 240.29    94.15 102.23    99.73 107.82    93.47 101.55
2021-09-05    95.23 102.10    95.20 102.08   232.71 239.59    94.66 101.53   100.24 107.12    93.97 100.85

2022-02-21   276.15 283.05   276.13 283.03    53.64  60.54   275.58 282.48   281.17 288.07   274.90 281.80
2022-02-22   275.42 283.57   275.39 283.55    52.91  61.06   274.85 283.00   280.44 288.59   274.17 282.32
2022-02-23   274.69 284.09   274.66 284.07    52.18  61.58   274.12 283.52   279.70 289.11   273.44 282.84
2022-02-24   274.18 284.39   274.15 284.36    51.67  61.88   273.61 283.82   279.20 289.40   272.93 283.14
2022-02-25   274.08 284.28   274.05 284.25    51.57  61.77   273.51 283.71   279.09 289.29   272.83 283.03
2022-02-26   273.97 284.17   273.95 284.15    51.46  61.66   273.40 283.60   278.99 289.19   272.72 282.92
2022-02-27   273.87 284.07   273.84 284.04    51.35  61.56   273.30 283.50   278.88 289.08   272.62 282.82
2022-02-28   273.76 283.96   273.73 283.94    51.25  61.45   273.19 283.39   278.77 288.98   272.51 282.71
2022-03-01   273.65 283.86   273.62 283.84    51.14  61.35   273.08 283.29   278.67 288.88   272.40 282.61
2022-03-02   273.54 283.76   273.51 283.74    51.03  61.25   272.97 283.19   278.55 288.78   272.29 282.51
2022-03-03   273.43 283.66   273.40 283.64    50.91  61.15   272.86 283.09   278.44 288.68   272.18 282.41
2022-03-04   273.31 283.57   273.29 283.54    50.80  61.05   272.74 283.00   278.33 288.58   272.06 282.32
2022-03-05   273.20 283.47   273.17 283.44    50.68  60.96   272.63 282.90   278.21 288.49   271.95 282.22
2022-03-06   273.08 283.38   273.05 283.35    50.57  60.86   272.51 282.81   278.10 288.39   271.83 282.12
2022-03-07   272.96 283.28   272.93 283.26    50.45  60.77   272.39 282.71   277.98 288.30   271.71 282.03
2022-03-08   272.84 283.19   272.81 283.16    50.33  60.68   272.27 282.62   277.85 288.21   271.59 281.94
2022-03-09   272.71 283.10   272.69 283.07    50.20  60.59   272.14 282.53   277.73 288.11   271.46 281.85
2022-03-10   272.59 283.01   272.56 282.98    50.08  60.50   272.02 282.44   277.60 288.02   271.34 281.76
2022-03-11   272.46 282.92   272.43 282.89    49.95  60.41   271.89 282.35   277.48 287.93   271.21 281.67
2022-03-12   272.33 282.83   272.30 282.80    49.82  60.32   271.76 282.26   277.34 287.85   271.08 281.58
2022-03-13   272.20 282.74   272.17 282.72    49.68  60.23   271.63 282.17   277.21 287.76   270.95 281.49
2022-03-14   272.06 282.66   272.03 282.63    49.55  60.15   271.49 282.09   277.08 287.67   270.81 281.41
2022-03-15   271.92 282.57   271.90 282.55    49.41  60.06   271.35 282.00   276.94 287.59   270.67 281.32
2022-03-16   271.78 282.49   271.75 282.46    49.27  59.98   271.21 281.92   276.80 287.50   270.53 281.24
2022-03-17   271.64 282.40   271.61 282.38    49.12  59.89   271.07 281.83   276.65 287.42   270.38 281.15
2022-03-18   271.49 282.32   271.46 282.29    48.98  59.81   270.92 281.75   276.50 287.34   270.24 281.07
2022-03-19   271.34 282.24   271.31 282.21    48.82  59.73   270.77 281.67   276.35 287.25   270.09 280.99
2022-03-20   271.18 282.16   271.16 282.13    48.67  59.64   270.61 281.59   276.20 287.17   269.93 280.91
2022-03-21   271.03 282.08   271.00 282.05    48.51  59.56   270.46 281.51   276.04 287.09   269.77 280.83
2022-03-22   270.86 282.00   270.84 281.97    48.35  59.48   270.29 281.43   275.88 287.01   269.61 280.75
2022-03-23   270.70 281.92   270.67 281.89    48.19  59.40   270.13 281.35   275.71 286.93   269.45 280.67
2022-03-24   270.53 281.84   270.50 281.81    48.02  59.32   269.96 281.27   275.55 286.85   269.28 280.59
2022-03-25   270.36 281.76   270.33 281.73    47.84  59.25   269.79 281.19   275.37 286.77   269.11 280.51
2022-03-26   270.18 281.68   270.15 281.65    47.67  59.17   269.61 281.11   275.19 286.70   268.93 280.43
2022-03-27   270.00 281.60   269.97 281.58    47.48  59.09   269.43 281.03   275.01 286.62   268.75 280.35
2022-03-28   269.81 281.53   269.78 281.50    47.30  59.01   269.24 280.96   274.82 286.54   268.56 280.27
2022-03-29   269.62 281.45   269.59 281.42    47.10  58.94   269.05 280.88   274.63 286.46   268.37 280.20
2022-03-30   269.42 281.37   269.39 281.34    46.91  58.86   268.85 280.80   274.43 286.39   268.17 280.12
2022-03-31   269.21 281.29   269.19 281.27    46.70  58.78   268.64 280.72   274.23 286.31   267.96 280.04
2022-04-01   269.00 281.22   268.98 281.19    46.49  58.71   268.43 280.65   274.02 286.23   267.75 279.97
2022-04-02   268.79 281.14   268.76 281.12    46.28  58.63   268.22 280.57   273.80 286.16   267.54 279.89
2022-04-03   268.57 281.07   268.54 281.04    46.05  58.55   268.00 280.50   273.58 286.08   267.32 279.82
2022-04-04   268.34 280.99   268.31 280.96    45.82  58.48   267.77 280.42   273.35 286.01   267.09 279.74
2022-04-05   268.10 280.92   268.07 280.89    45.59  58.40   267.53 280.35   273.12 285.93   266.85 279.66
2022-04-06   267.86 280.84   267.83 280.81    45.34  58.33   267.29 280.27   272.87 285.85   266.60 279.59
2022-04-07   267.60 280.76   267.58 280.74    45.09  58.25   267.03 280.19   272.62 285.78   266.35 279.51
2022-04-08   267.34 280.69   267.31 280.66    44.83  58.18   266.77 280.12   272.36 285.70   266.09 279.44
2022-04-09   267.07 280.61   267.04 280.59    44.56  58.10   266.50 280.04   272.09 285.63   265.82 279.36
2022-04-10   266.79 280.54   266.76 280.51    44.28  58.02   266.22 279.97   271.81 285.55   265.54 279.29
2022-04-11   266.50 280.46   266.47 280.43    43.99  57.95   265.93 279.89   271.51 285.48   265.25 279.21
2022-04-12   266.20 280.38   266.17 280.36    43.69  57.87   265.63 279.81   271.21 285.40   264.95 279.13
2022-04-13   265.88 280.31   265.86 280.28    43.37  57.79   265.31 279.74   270.90 285.32   264.63 279.06

2022-07-15    97.62 112.03    97.59 112.01   235.11 249.52    97.05 111.46   102.64 117.05    96.37 110.78
2022-07-16    97.55 111.73    97.52 111.70   235.04 249.22    96.98 111.16   102.57 116.74    96.30 110.48
2022-07-17    97.48 111.44    97.45 111.41   234.97 248.92    96.91 110.87   102.50 116.45    96.23 110.19
2022-07-18    97.41 111.15    97.39 111.13   234.90 248.64    96.84 110.58   102.43 116.17    96.16 109.90
2022-07-19    97.34 110.88    97.32 110.86   234.83 248.37    96.77 110.31   102.36 115.90    96.09 109.63
2022-07-20    97.28 110.62    97.25 110.60   234.76 248.11    96.71 110.05   102.29 115.64    96.02 109.37
2022-07-21    97.21 110.37    97.18 110.34   234.69 247.86    96.64 109.80   102.22 115.39    95.96 109.12
2022-07-22    97.14 110.13    97.11 110.10   234.63 247.61    96.57 109.56   102.15 115.14    95.89 108.88
2022-07-23    97.07 109.89    97.04 109.87   234.56 247.38    96.50 109.32   102.09 114.91    95.82 108.64
2022-07-24    97.00 109.66    96.98 109.64   234.49 247.15    96.43 109.09   102.02 114.68    95.75 108.41
2022-07-25    96.94 109.44    96.91 109.42   234.42 246.93    96.37 108.87   101.95 114.46    95.68 108.19
2022-07-26    96.87 109.23    96.84 109.21   234.35 246.72    96.30 108.66   101.88 114.25    95.62 107.98
2022-07-27    96.80 109.03    96.77 109.00   234.29 246.51    96.23 108.46   101.81 114.04    95.55 107.77
2022-07-28    96.73 108.83    96.70 108.80   234.22 246.31    96.16 108.26   101.75 113.84    95.48 107.57
2022-07-29    96.66 108.63    96.64 108.60   234.15 246.12    96.09 108.06   101.68 113.65    95.41 107.38
2022-07-30    96.59 108.44    96.57 108.42   234.08 245.93    96.02 107.87   101.61 113.46    95.34 107.19
2022-07-31    96.53 108.26    96.50 108.23   234.01 245.75    95.96 107.69   101.54 113.28    95.27 107.01
2022-08-01    96.46 108.08    96.43 108.06   233.94 245.57    95.89 107.51   101.47 113.10    95.21 106.83
2022-08-02    96.39 107.91    96.36 107.88   233.87 245.40    95.82 107.34   101.40 112.92    95.14 106.66
2022-08-03    96.32 107.74    96.29 107.71   233.80 245.23    95.75 107.17   101.33 112.76    95.07 106.49
2022-08-04    96.25 107.58    96.22 107.55   233.73 245.06    95.68 107.01   101.26 112.59    95.00 106.33
2022-08-05    96.18 107.42    96.15 107.39   233.66 244.90    95.61 106.85   101.19 112.43    94.93 106.17
2022-08-06    96.11 107.26    96.08 107.23   233.59 244.75    95.54 106.69   101.12 112.28    94.86 106.01
2022-08-07    96.03 107.11    96.01 107.08   233.52 244.60    95.46 106.54   101.05 112.12    94.78 105.86
2022-08-08    95.96 106.96    95.94 106.93   233.45 244.45    95.39 106.39   100.98 111.98    94.71 105.71
2022-08-09    95.89 106.82    95.86 106.79   233.38 244.30    95.32 106.25   100.91 111.83    94.64 105.57
2022-08-10    95.82 106.68    95.79 106.65   233.30 244.16    95.25 106.11   100.83 111.69    94.57 105.42
2022-08-11    95.74 106.54    95.72 106.51   233.23 244.02    95.17 105.97   100.76 111.55    94.49 105.29
2022-08-12    95.67 106.40    95.64 106.38   233.16 243.89    95.10 105.83   100.68 111.42    94.42 105.15
2022-08-13    95.59 106.27    95.57 106.24   233.08 243.76    95.02 105.70   100.61 111.29    94.34 105.02
2022-08-14    95.52 106.14    95.49 106.12   233.01 243.63    94.95 105.57   100.53 111.16    94.27 104.89
2022-08-15    95.44 106.02    95.42 105.99   232.93 243.50    94.87 105.45   100.46 111.03    94.19 104.76
2022-08-16    95.37 105.89    95.34 105.86   232.85 243.38    94.80 105.32   100.38 110.91    94.11 104.64
2022-08-17    95.29 105.77    95.26 105.74   232.77 243.26    94.72 105.20   100.30 110.79    94.04 104.52
2022-08-18    95.21 105.65    95.18 105.62   232.70 243.14    94.64 105.08   100.22 110.67    93.96 104.40
2022-08-19    95.13 105.53    95.10 105.51   232.62 243.02    94.56 104.96   100.14 110.55    93.88 104.28
2022-08-20    95.05 105.42    95.02 105.39   232.54 242.91    94.48 104.85   100.06 110.44    93.80 104.17
2022-08-21    94.97 105.31    94.94 105.28   232.45 242.80    94.40 104.74    99.98 110.32    93.72 104.06
2022-08-22    94.88 105.20    94.86 105.17   232.37 242.69    94.31 104.63    99.90 110.21    93.63 103.95
2022-08-23    94.80 105.09    94.77 105.06   232.29 242.58    94.23 104.52    99.81 110.10    93.55 103.84
2022-08-24    94.71 104.98    94.69 104.96   232.20 242.47    94.14 104.41    99.73 110.00    93.46 103.73
2022-08-25    94.63 104.88    94.60 104.85   232.12 242.37    94.06 104.31    99.64 109.89    93.38 103.63
2022-08-26    94.54 104.78    94.51 104.75   232.03 242.26    93.97 104.21    99.56 109.79    93.29 103.52
2022-08-27    94.45 104.67    94.43 104.65   231.94 242.16    93.88 104.10    99.47 109.69    93.20 103.42
2022-08-28    94.36 104.57    94.34 104.55   231.85 242.06    93.79 104.00    99.38 109.59    93.11 103.32
2022-08-29    94.27 104.48    94.24 104.45   231.76 241.96    93.70 103.91    99.29 109.49    93.02 103.23
2022-08-30    94.18 104.38    94.15 104.35   231.67 241.87    93.61 103.81    99.19 109.40    92.93 103.13
2022-08-31    94.08 104.28    94.06 104.26   231.57 241.77    93.51 103.71    99.10 109.30    92.83 103.03
2022-09-01    93.99 104.19    93.96 104.16   231.48 241.68    93.42 103.62    99.00 109.21    92.74 102.94
2022-09-02    93.89 104.10    93.87 104.07   231.38 241.59    93.32 103.53    98.91 109.11    92.64 102.85
2022-09-03    94.09 103.71    94.07 103.68   231.58 241.19    93.52 103.14    99.11 108.72    92.84 102.46
2022-09-04    94.60 103.01    94.57 102.98   232.09 240.50    94.03 102.44    99.62 108.02    93.35 101.76
2022-09-05    95.11 102.31    95.08 102.29   232.59 239.80    94.54 101.74   100.12 107.33    93.85 101.06

2023-02-22   275.60 283.41   275.58 283.38    53.09  60.90   275.03 282.84   280.62 288.43   274.35 282.16
2023-02-23   274.87 283.93   274.84 283.90    52.36  61.42   274.30 283.36   279.89 288.94   273.62 282.68
2023-02-24   274.19 284.40   274.16 284.37    51.68  61.89   273.62 283.83   279.20 289.41   272.94 283.15
2023-02-25   274.09 284.29   274.06 284.26    51.57  61.78   273.52 283.72   279.10 289.31   272.84 283.04
2023-02-26   273.98 284.18   273.96 284.16    51.47  61.67   273.41 283.61   279.00 289.20   272.73 282.93
2023-02-27   273.88 284.08   273.85 284.05    51.37  61.57   273.31 283.51   278.89 289.09   272.63 282.83
2023-02-28   273.77 283.97   273.74 283.95    51.26  61.46   273.20 283.40   278.79 288.99   272.52 282.72
2023-03-01   273.66 283.87   273.64 283.85    51.15  61.36   273.09 283.30   278.68 288.89   272.41 282.62
2023-03-02   273.55 283.77   273.53 283.75    51.04  61.26   272.98 283.20   278.57 288.79   272.30 282.52
2023-03-03   273.44 283.67   273.42 283.65    50.93  61.16   272.87 283.10   278.46 288.69   272.19 282.42
2023-03-04   273.33 283.58   273.30 283.55    50.82  61.06   272.76 283.01   278.34 288.59   272.08 282.33
2023-03-05   273.21 283.48   273.19 283.45    50.70  60.97   272.64 282.91   278.23 288.50   271.96 282.23
2023-03-06   273.10 283.39   273.07 283.36    50.58  60.87   272.53 282.82   278.11 288.40   271.85 282.13
2023-03-07   272.98 283.29   272.95 283.27    50.47  60.78   272.41 282.72   277.99 288.31   271.73 282.04
2023-03-08   272.86 283.20   272.83 283.17    50.34  60.69   272.29 282.63   277.87 288.22   271.61 281.95
2023-03-09   272.73 283.11   272.71 283.08    50.22  60.60   272.16 282.54   277.75 288.12   271.48 281.86
2023-03-10   272.61 283.02   272.58 282.99    50.10  60.51   272.04 282.45   277.62 288.03   271.36 281.77
2023-03-11   272.48 282.93   272.46 282.90    49.97  60.42   271.91 282.36   277.50 287.94   271.23 281.68
2023-03-12   272.35 282.84   272.33 282.82    49.84  60.33   271.78 282.27   277.37 287.86   271.10 281.59
2023-03-13   272.22 282.75   272.19 282.73    49.71  60.24   271.65 282.18   277.24 287.77   270.97 281.50
2023-03-14   272.09 282.67   272.06 282.64    49.57  60.16   271.52 282.10   277.10 287.68   270.84 281.42
2023-03-15   271.95 282.58   271.92 282.56    49.44  60.07   271.38 282.01   276.96 287.60   270.70 281.33
2023-03-16   271.81 282.50   271.78 282.47    49.30  59.99   271.24 281.93   276.82 287.51   270.56 281.25
2023-03-17   271.67 282.42   271.64 282.39    49.15  59.90   271.10 281.85   276.68 287.43   270.42 281.16
2023-03-18   271.52 282.33   271.49 282.31    49.01  59.82   270.95 281.76   276.54 287.35   270.27 281.08
2023-03-19   271.37 282.25   271.34 282.22    48.86  59.74   270.80 281.68   276.39 287.27   270.12 281.00
2023-03-20   271.22 282.17   271.19 282.14    48.71  59.66   270.65 281.60   276.23 287.18   269.97 280.92
2023-03-21   271.06 282.09   271.04 282.06    48.55  59.58   270.49 281.52   276.08 287.10   269.81 280.84
2023-03-22   270.90 282.01   270.88 281.98    48.39  59.50   270.33 281.44   275.92 287.02   269.65 280.76
2023-03-23   270.74 281.93   270.71 281.90    48.23  59.42   270.17 281.36   275.75 286.94   269.49 280.68
2023-03-24   270.57 281.85   270.54 281.82    48.06  59.34   270.00 281.28   275.59 286.87   269.32 280.60
2023-03-25   270.40 281.77   270.37 281.75    47.89  59.26   269.83 281.20   275.42 286.79   269.15 280.52
2023-03-26   270.22 281.69   270.20 281.67    47.71  59.18   269.65 281.12   275.24 286.71   268.97 280.44
2023-03-27   270.04 281.62   270.02 281.59    47.53  59.10   269.47 281.05   275.06 286.63   268.79 280.37
2023-03-28   269.86 281.54   269.83 281.51    47.35  59.03   269.29 280.97   274.87 286.55   268.61 280.29
2023-03-29   269.67 281.46   269.64 281.44    47.16  58.95   269.10 280.89   274.68 286.48   268.42 280.21
2023-03-30   269.47 281.39   269.45 281.36    46.96  58.87   268.90 280.82   274.49 286.40   268.22 280.14
2023-03-31   269.27 281.31   269.24 281.28    46.76  58.80   268.70 280.74   274.29 286.33   268.02 280.06
2023-04-01   269.06 281.24   269.04 281.21    46.55  58.72   268.49 280.67   274.08 286.25   267.81 279.98
2023-04-02   268.85 281.16   268.82 281.13    46.34  58.65   268.28 280.59   273.87 286.17   267.60 279.91
2023-04-03   268.63 281.08   268.60 281.06    46.12  58.57   268.06 280.51   273.65 286.10   267.38 279.83
2023-04-04   268.40 281.01   268.38 280.98    45.89  58.50   267.83 280.44   273.42 286.02   267.15 279.76
2023-04-05   268.17 280.93   268.14 280.91    45.66  58.42   267.60 280.36   273.19 285.95   266.92 279.68
2023-04-06   267.93 280.86   267.90 280.83    45.42  58.35   267.36 280.29   272.94 285.87   266.68 279.61
2023-04-07   267.68 280.78   267.65 280.76    45.17  58.27   267.11 280.21   272.69 285.80   266.43 279.53
2023-04-08   267.42 280.71   267.39 280.68    44.91  58.20   266.85 280.14   272.44 285.72   266.17 279.46
2023-04-09   267.15 280.63   267.13 280.61    44.64  58.12   266.58 280.06   272.17 285.65   265.90 279.38
2023-04-10   266.88 280.56   266.85 280.53    44.36  58.05   266.31 279.99   271.89 285.57   265.63 279.31
2023-04-11   266.59 280.48   266.56 280.46    44.08  57.97   266.02 279.91   271.61 285.50   265.34 279.23
2023-04-12   266.29 280.41   266.27 280.38    43.78  57.90   265.72 279.84   271.31 285.42   265.04 279.16
2023-04-13   265.98 280.33   265.96 280.31    43.47  57.82   265.41 279.76   271.00 285.35   264.73 279.08

2023-07-16    97.58 111.80    97.55 111.77   235.06 249.29    97.01 111.23   102.59 116.82    96.32 110.55
2023-07-17    97.51 111.51    97.48 111.48   234.99 248.99    96.94 110.94   102.52 116.52    96.26 110.26
2023-07-18    97.44 111.22    97.41 111.20   234.93 248.71    96.87 110.65   102.45 116.24    96.19 109.97
2023-07-19    97.37 110.95    97.34 110.93   234.86 248.44    96.80 110.38   102.39 115.97    96.12 109.70
2023-07-20    97.30 110.69    97.28 110.66   234.79 248.18    96.73 110.12   102.32 115.71    96.05 109.44
2023-07-21    97.24 110.44    97.21 110.41   234.72 247.92    96.67 109.87   102.25 115.45    95.98 109.19
2023-07-22    97.17 110.19    97.14 110.17   234.66 247.68    96.60 109.62   102.18 115.21    95.92 108.94
2023-07-23    97.10 109.96    97.07 109.93   234.59 247.44    96.53 109.39   102.12 114.97    95.85 108.71
2023-07-24    97.03 109.73    97.01 109.70   234.52 247.22    96.46 109.16   102.05 114.74    95.78 108.48
2023-07-25    96.97 109.51    96.94 109.48   234.45 247.00    96.40 108.94   101.98 114.52    95.72 108.26
2023-07-26    96.90 109.29    96.87 109.27   234.39 246.78    96.33 108.72   101.91 114.31    95.65 108.04
2023-07-27    96.83 109.09    96.81 109.06   234.32 246.58    96.26 108.52   101.85 114.10    95.58 107.84
2023-07-28    96.76 108.89    96.74 108.86   234.25 246.37    96.19 108.32   101.78 113.90    95.51 107.64
2023-07-29    96.70 108.69    96.67 108.67   234.18 246.18    96.13 108.12   101.71 113.71    95.45 107.44
2023-07-30    96.63 108.50    96.60 108.48   234.12 245.99    96.06 107.93   101.64 113.52    95.38 107.25
2023-07-31    96.56 108.32    96.53 108.29   234.05 245.81    95.99 107.75   101.58 113.34    95.31 107.07
2023-08-01    96.49 108.14    96.46 108.11   233.98 245.63    95.92 107.57   101.51 113.16    95.24 106.89
2023-08-02    96.42 107.97    96.40 107.94   233.91 245.46    95.85 107.40   101.44 112.98    95.17 106.72
2023-08-03    96.35 107.80    96.33 107.77   233.84 245.29    95.78 107.23   101.37 112.81    95.10 106.55
2023-08-04    96.28 107.63    96.26 107.61   233.77 245.12    95.71 107.06   101.30 112.65    95.03 106.38
2023-08-05    96.21 107.47    96.19 107.45   233.70 244.96    95.64 106.90   101.23 112.49    94.96 106.22
2023-08-06    96.14 107.32    96.12 107.29   233.63 244.81    95.57 106.75   101.16 112.33    94.89 106.07
2023-08-07    96.07 107.17    96.05 107.14   233.56 244.65    95.50 106.60   101.09 112.18    94.82 105.91
2023-08-08    96.00 107.02    95.97 106.99   233.49 244.50    95.43 106.45   101.02 112.03    94.75 105.77
2023-08-09    95.93 106.87    95.90 106.85   233.42 244.36    95.36 106.30   100.94 111.89    94.68 105.62
2023-08-10    95.86 106.73    95.83 106.70   233.34 244.22    95.29 106.16   100.87 111.75    94.60 105.48
2023-08-11    95.78 106.59    95.76 106.57   233.27 244.08    95.21 106.02   100.80 111.61    94.53 105.34
2023-08-12    95.71 106.46    95.68 106.43   233.20 243.94    95.14 105.89   100.72 111.47    94.46 105.21
2023-08-13    95.63 106.32    95.61 106.30   233.12 243.81    95.06 105.75   100.65 111.34    94.38 105.07
2023-08-14    95.56 106.19    95.53 106.17   233.05 243.68    94.99 105.62   100.57 111.21    94.31 104.94
2023-08-15    95.48 106.07    95.46 106.04   232.97 243.55    94.91 105.50   100.50 111.08    94.23 104.82
2023-08-16    95.41 105.94    95.38 105.92   232.89 243.43    94.84 105.37   100.42 110.96    94.15 104.69
2023-08-17    95.33 105.82    95.30 105.79   232.81 243.31    94.76 105.25   100.34 110.84    94.08 104.57
2023-08-18    95.25 105.70    95.22 105.68   232.74 243.19    94.68 105.13   100.26 110.72    94.00 104.45
2023-08-19    95.17 105.58    95.14 105.56   232.66 243.07    94.60 105.01   100.18 110.60    93.92 104.33
2023-08-20    95.09 105.47    95.06 105.44   232.58 242.96    94.52 104.90   100.10 110.49    93.84 104.22
2023-08-21    95.01 105.36    94.98 105.33   232.49 242.84    94.44 104.79   100.02 110.37    93.76 104.11
2023-08-22    94.92 105.25    94.90 105.22   232.41 242.73    94.35 104.68    99.94 110.26    93.67 104.00
2023-08-23    94.84 105.14    94.81 105.11   232.33 242.63    94.27 104.57    99.86 110.15    93.59 103.89
2023-08-24    94.76 105.03    94.73 105.00   232.24 242.52    94.19 104.46    99.77 110.05    93.51 103.78
2023-08-25    94.67 104.93    94.64 104.90   232.16 242.41    94.10 104.36    99.69 109.94    93.42 103.68
2023-08-26    94.58 104.82    94.56 104.80   232.07 242.31    94.01 104.25    99.60 109.84    93.33 103.57
2023-08-27    94.50 104.72    94.47 104.69   231.98 242.21    93.93 104.15    99.51 109.74    93.24 103.47
2023-08-28    94.41 104.62    94.38 104.59   231.89 242.11    93.84 104.05    99.42 109.64    93.16 103.37
2023-08-29    94.32 104.52    94.29 104.50   231.80 242.01    93.75 103.95    99.33 109.54    93.06 103.27
2023-08-30    94.22 104.43    94.20 104.40   231.71 241.91    93.65 103.86    99.24 109.44    92.97 103.17
2023-08-31    94.13 104.33    94.10 104.30   231.62 241.82    93.56 103.76    99.14 109.34    92.88 103.08
2023-09-01    94.03 104.24    94.01 104.21   231.52 241.72    93.46 103.67    99.05 109.25    92.78 102.98
2023-09-02    93.94 104.14    93.91 104.12   231.43 241.63    93.37 103.57    98.95 109.16    92.69 102.89
2023-09-03    93.97 103.92    93.94 103.90   231.45 241.41    93.40 103.35    98.98 108.94    92.72 102.67
2023-09-04    94.47 103.23    94.44 103.20   231.96 240.72    93.90 102.66    99.49 108.24    93.22 101.98
2023-09-05    94.98 102.53    94.95 102.51   232.46 240.02    94.41 101.96    99.99 107.55    93.72 101.28
