
       Target
                ecliptic
RA      Dec     latitude
285.167  41.967  64.024

Checked interval [2020-01-01, 2023-12-31]
|           Window [days]                 |    Normal V3 PA [deg]    |
   Start           End         Duration         Start         End         RA            Dec     
 2020-04-04      2020-10-31       210.00     266.09512      65.36730     285.16709      41.96694 
 2021-04-04      2021-10-31       210.00     266.36032      65.62904     285.16709      41.96694 
 2022-04-04      2022-11-01       211.00     266.62877      64.98282     285.16709      41.96694 
 2023-04-05      2023-11-01       210.00     266.01944      65.23427     285.16709      41.96694 


                V3PA          NIRCam           NIRSpec         NIRISS           MIRI          FGS
   Date      min    max      min    max       min    max     min    max      min    max      min    max

2020-04-05   262.37 269.64   262.35 269.61    39.86  47.13   261.80 269.07   267.39 274.65   261.12 268.39
2020-04-06   261.23 269.02   261.20 268.99    38.72  46.51   260.66 268.45   266.24 274.03   259.98 267.77
2020-04-07   260.08 268.40   260.06 268.38    37.57  45.89   259.51 267.83   265.10 273.42   258.83 267.15
2020-04-08   258.94 267.79   258.91 267.76    36.43  45.27   258.37 267.22   263.95 272.80   257.69 266.54
2020-04-09   257.80 267.17   257.77 267.15    35.28  44.66   257.23 266.60   262.81 272.19   256.55 265.92
2020-04-10   256.65 266.56   256.63 266.54    34.14  44.05   256.08 265.99   261.67 271.58   255.40 265.31
2020-04-11   255.63 265.84   255.60 265.81    33.12  43.32   255.06 265.27   260.64 270.85   254.38 264.59
2020-04-12   254.76 264.96   254.73 264.93    32.24  42.45   254.19 264.39   259.77 269.98   253.50 263.71
2020-04-13   253.88 264.09   253.86 264.06    31.37  41.57   253.31 263.52   258.90 269.10   252.63 262.83
2020-04-14   253.01 263.21   252.98 263.19    30.50  40.70   252.44 262.64   258.03 268.23   251.76 261.96
2020-04-15   252.14 262.34   252.11 262.31    29.63  39.83   251.57 261.77   257.15 267.35   250.89 261.09
2020-04-16   251.27 261.47   251.24 261.44    28.76  38.96   250.70 260.90   256.28 266.48   250.02 260.22
2020-04-17   250.40 260.60   250.37 260.57    27.88  38.08   249.83 260.03   255.41 265.61   249.15 259.35
2020-04-18   249.53 259.73   249.50 259.70    27.01  37.21   248.96 259.16   254.54 264.74   248.28 258.48
2020-04-19   248.66 258.86   248.63 258.83    26.14  36.35   248.09 258.29   253.67 263.87   247.41 257.61
2020-04-20   247.79 257.99   247.76 257.96    25.27  35.48   247.22 257.42   252.80 263.00   246.53 256.74
2020-04-21   246.91 257.12   246.89 257.09    24.40  34.61   246.34 256.55   251.93 262.14   245.66 255.87
2020-04-22   246.04 256.25   246.02 256.23    23.53  33.74   245.47 255.68   251.06 261.27   244.79 255.00
2020-04-23   245.17 255.38   245.15 255.36    22.66  32.87   244.60 254.81   250.19 260.40   243.92 254.13
2020-04-24   244.30 254.52   244.27 254.49    21.79  32.00   243.73 253.95   249.32 259.53   243.05 253.27
2020-04-25   243.43 253.65   243.40 253.62    20.92  31.14   242.86 253.08   248.44 258.66   242.18 252.40
2020-04-26   242.56 252.78   242.53 252.75    20.04  30.27   241.99 252.21   247.57 257.80   241.30 251.53
2020-04-27   241.68 251.91   241.65 251.89    19.17  29.40   241.11 251.34   246.70 256.93   240.43 250.66
2020-04-28   240.81 251.04   240.78 251.02    18.29  28.53   240.24 250.47   245.82 256.06   239.56 249.79
2020-04-29   239.93 250.17   239.90 250.15    17.42  27.66   239.36 249.60   244.95 255.19   238.68 248.92
2020-04-30   239.05 249.31   239.03 249.28    16.54  26.79   238.48 248.74   244.07 254.32   237.80 248.05
2020-05-01   238.18 248.43   238.15 248.41    15.66  25.92   237.61 247.86   243.19 253.45   236.93 247.18
2020-05-02   237.30 247.56   237.27 247.54    14.78  25.05   236.73 246.99   242.31 252.58   236.05 246.31
2020-05-03   236.42 246.69   236.39 246.67    13.90  24.18   235.85 246.12   241.43 251.71   235.17 245.44
2020-05-04   235.53 245.82   235.51 245.79    13.02  23.31   234.96 245.25   240.55 250.83   234.28 244.57
2020-05-05   234.65 244.95   234.62 244.92    12.14  22.43   234.08 244.38   239.67 249.96   233.40 243.69
2020-05-06   233.77 244.07   233.74 244.04    11.25  21.56   233.20 243.50   238.78 249.09   232.51 242.82
2020-05-07   232.88 243.19   232.85 243.17    10.37  20.68   232.31 242.62   237.89 248.21   231.63 241.94
2020-05-08   231.99 242.32   231.96 242.29     9.48  19.80   231.42 241.75   237.00 247.33   230.74 241.06
2020-05-09   231.10 241.44   231.07 241.41     8.59  18.92   230.53 240.87   236.11 246.45   229.85 240.19
2020-05-10   230.21 240.56   230.18 240.53     7.69  18.04   229.64 239.99   235.22 245.57   228.95 239.30
2020-05-11   229.31 239.67   229.28 239.65     6.80  17.16   228.74 239.10   234.33 244.69   228.06 238.42
2020-05-12   228.41 238.79   228.39 238.76     5.90  16.28   227.84 238.22   233.43 243.80   227.16 237.54
2020-05-13   227.51 237.90   227.49 237.88     5.00  15.39   226.94 237.33   232.53 242.92   226.26 236.65
2020-05-14   226.61 237.02   226.59 236.99     4.10  14.50   226.04 236.45   231.63 242.03   225.36 235.76
2020-05-15   225.71 236.13   225.68 236.10     3.20  13.61   225.14 235.56   230.72 241.14   224.46 234.87
2020-05-16   224.80 235.23   224.77 235.21     2.29  12.72   224.23 234.66   229.82 240.25   223.55 233.98
2020-05-17   223.89 234.34   223.87 234.31     1.38  11.83   223.32 233.77   228.91 239.35   222.64 233.09
2020-05-18   222.98 233.44   222.95 233.42     0.47  10.93   222.41 232.87   227.99 238.46   221.73 232.19
2020-05-19   222.06 232.54   222.04 232.52   359.55  10.03   221.49 231.97   227.08 237.56   220.81 231.29
2020-05-20   221.15 231.64   221.12 231.61   358.63   9.13   220.58 231.07   226.16 236.66   219.90 230.39
2020-05-21   220.23 230.74   220.20 230.71   357.71   8.22   219.66 230.17   225.24 235.75   218.98 229.49
2020-05-22   219.30 229.83   219.28 229.80   356.79   7.32   218.73 229.26   224.32 234.85   218.05 228.58
2020-05-23   218.38 228.92   218.35 228.89   355.86   6.41   217.81 228.35   223.39 233.94   217.13 227.67
2020-05-24   217.45 228.01   217.42 227.98   354.93   5.50   216.88 227.44   222.46 233.02   216.20 226.76
2020-05-25   216.51 227.09   216.49 227.07   354.00   4.58   215.94 226.52   221.53 232.11   215.26 225.84
2020-05-26   215.58 226.18   215.55 226.15   353.07   3.66   215.01 225.61   220.59 231.19   214.33 224.93
2020-05-27   214.64 225.26   214.61 225.23   352.13   2.74   214.07 224.69   219.65 230.27   213.39 224.00
2020-05-28   213.70 224.33   213.67 224.30   351.18   1.82   213.13 223.76   218.71 229.35   212.45 223.08
2020-05-29   212.75 223.40   212.73 223.38   350.24   0.89   212.18 222.83   217.77 228.42   211.50 222.15
2020-05-30   211.80 222.47   211.78 222.45   349.29 359.96   211.23 221.90   216.82 227.49   210.55 221.22
2020-05-31   210.85 221.54   210.82 221.51   348.34 359.03   210.28 220.97   215.87 226.56   209.60 220.29
2020-06-01   209.89 220.60   209.87 220.58   347.38 358.09   209.32 220.03   214.91 225.62   208.64 219.35
2020-06-02   208.94 219.66   208.91 219.64   346.42 357.15   208.37 219.09   213.95 224.68   207.68 218.41
2020-06-03   207.97 218.72   207.95 218.69   345.46 356.21   207.40 218.15   212.99 223.74   206.72 217.47
2020-06-04   207.01 217.77   206.98 217.75   344.49 355.26   206.44 217.20   212.02 222.79   205.76 216.52
2020-06-05   206.04 216.82   206.01 216.80   343.52 354.31   205.47 216.25   211.05 221.84   204.79 215.57
2020-06-06   205.06 215.87   205.04 215.84   342.55 353.36   204.49 215.30   210.08 220.88   203.81 214.62
2020-06-07   204.09 214.91   204.06 214.89   341.57 352.40   203.52 214.34   209.10 219.93   202.84 213.66
2020-06-08   203.11 213.95   203.08 213.92   340.59 351.44   202.54 213.38   208.12 218.97   201.85 212.70
2020-06-09   202.12 212.99   202.09 212.96   339.61 350.47   201.55 212.42   207.14 218.00   200.87 211.74
2020-06-10   201.13 212.02   201.11 211.99   338.62 349.51   200.56 211.45   206.15 217.03   199.88 210.77
2020-06-11   200.14 211.05   200.12 211.02   337.63 348.53   199.57 210.48   205.16 216.06   198.89 209.80
2020-06-12   199.15 210.07   199.12 210.04   336.64 347.56   198.58 209.50   204.16 215.09   197.90 208.82
2020-06-13   198.15 209.09   198.12 209.07   335.64 346.58   197.58 208.52   203.16 214.11   196.90 207.84
2020-06-14   197.15 208.11   197.12 208.08   334.63 345.60   196.58 207.54   202.16 213.12   195.90 206.86
2020-06-15   196.14 207.12   196.12 207.10   333.63 344.61   195.57 206.55   201.16 212.14   194.89 205.87
2020-06-16   195.13 206.13   195.11 206.11   332.62 343.62   194.56 205.56   200.15 211.15   193.88 204.88
2020-06-17   194.12 205.14   194.09 205.11   331.61 342.63   193.55 204.57   199.14 210.15   192.87 203.89
2020-06-18   193.11 204.14   193.08 204.11   330.59 341.63   192.54 203.57   198.12 209.16   191.85 202.89
2020-06-19   192.09 203.14   192.06 203.11   329.57 340.63   191.52 202.57   197.10 208.16   190.84 201.89
2020-06-20   191.06 202.14   191.04 202.11   328.55 339.62   190.49 201.57   196.08 207.15   189.81 200.89
2020-06-21   190.04 201.13   190.01 201.10   327.53 338.62   189.47 200.56   195.05 206.14   188.79 199.88
2020-06-22   189.01 200.12   188.98 200.09   326.50 337.60   188.44 199.55   194.02 205.13   187.76 198.87
2020-06-23   187.98 199.10   187.95 199.07   325.46 336.59   187.41 198.53   192.99 204.12   186.73 197.85
2020-06-24   186.94 198.08   186.92 198.06   324.43 335.57   186.37 197.51   191.96 203.10   185.69 196.83
2020-06-25   185.90 197.06   185.88 197.03   323.39 334.55   185.33 196.49   190.92 202.08   184.65 195.81
2020-06-26   184.86 196.04   184.84 196.01   322.35 333.52   184.29 195.47   189.88 201.05   183.61 194.78
2020-06-27   183.82 195.01   183.79 194.98   321.31 332.49   183.25 194.44   188.84 200.02   182.57 193.76
2020-06-28   182.77 193.97   182.75 193.95   320.26 331.46   182.20 193.40   187.79 198.99   181.52 192.72
2020-06-29   181.73 192.94   181.70 192.91   319.21 330.43   181.16 192.37   186.74 197.96   180.47 191.69
2020-06-30   180.67 191.90   180.65 191.88   318.16 329.39   180.10 191.33   185.69 196.92   179.42 190.65
2020-07-01   179.62 190.86   179.59 190.83   317.11 328.35   179.05 190.29   184.64 195.88   178.37 189.61
2020-07-02   178.56 189.82   178.54 189.79   316.05 327.30   177.99 189.25   183.58 194.83   177.31 188.57
2020-07-03   177.51 188.77   177.48 188.74   314.99 326.26   176.94 188.20   182.52 193.79   176.26 187.52
2020-07-04   176.45 187.72   176.42 187.70   313.93 325.21   175.88 187.15   181.46 192.74   175.19 186.47
2020-07-05   175.38 186.67   175.36 186.64   312.87 324.16   174.81 186.10   180.40 191.69   174.13 185.42
2020-07-06   174.32 185.62   174.29 185.59   311.81 323.10   173.75 185.05   179.33 190.63   173.07 184.37
2020-07-07   173.25 184.56   173.23 184.53   310.74 322.05   172.68 183.99   178.27 189.57   172.00 183.31
2020-07-08   172.19 183.50   172.16 183.47   309.67 320.99   171.62 182.93   177.20 188.52   170.94 182.25
2020-07-09   171.12 182.44   171.09 182.41   308.61 319.93   170.55 181.87   176.13 187.46   169.87 181.19
2020-07-10   170.05 181.38   170.02 181.35   307.54 318.87   169.48 180.81   175.06 186.39   168.80 180.13
2020-07-11   168.98 180.31   168.95 180.29   306.47 317.80   168.41 179.74   173.99 185.33   167.73 179.06
2020-07-12   167.91 179.25   167.88 179.22   305.39 316.73   167.34 178.68   172.92 184.26   166.66 178.00
2020-07-13   166.83 178.18   166.81 178.15   304.32 315.67   166.26 177.61   171.85 183.19   165.58 176.93
2020-07-14   165.76 177.11   165.73 177.08   303.25 314.60   165.19 176.54   170.78 182.13   164.51 175.86
2020-07-15   164.69 176.04   164.66 176.01   302.17 313.53   164.12 175.47   169.70 181.06   163.44 174.79
2020-07-16   163.61 174.97   163.59 174.94   301.10 312.46   163.04 174.40   168.63 179.98   162.36 173.72
2020-07-17   162.54 173.90   162.51 173.87   300.03 311.38   161.97 173.33   167.55 178.91   161.29 172.65
2020-07-18   161.47 172.82   161.44 172.80   298.95 310.31   160.90 172.25   166.48 177.84   160.21 171.57
2020-07-19   160.39 171.75   160.36 171.72   297.88 309.24   159.82 171.18   165.41 176.77   159.14 170.50
2020-07-20   159.32 170.68   159.29 170.65   296.81 308.16   158.75 170.11   164.33 175.69   158.07 169.43
2020-07-21   158.25 169.60   158.22 169.58   295.73 307.09   157.68 169.03   163.26 174.62   156.99 168.35
2020-07-22   157.17 168.53   157.15 168.50   294.66 306.01   156.60 167.96   162.19 173.54   155.92 167.28
2020-07-23   156.10 167.45   156.07 167.43   293.59 304.94   155.53 166.88   161.12 172.47   154.85 166.20
2020-07-24   155.03 166.38   155.00 166.35   292.52 303.87   154.46 165.81   160.05 171.39   153.78 165.13
2020-07-25   153.96 165.30   153.93 165.28   291.45 302.79   153.39 164.73   158.98 170.32   152.71 164.05
2020-07-26   152.89 164.23   152.87 164.20   290.38 301.72   152.32 163.66   157.91 169.25   151.64 162.98
2020-07-27   151.83 163.16   151.80 163.13   289.31 300.65   151.26 162.59   156.84 168.17   150.58 161.91
2020-07-28   150.76 162.09   150.73 162.06   288.25 299.57   150.19 161.52   155.78 167.10   149.51 160.84
2020-07-29   149.70 161.02   149.67 160.99   287.18 298.50   149.13 160.45   154.71 166.03   148.45 159.76
2020-07-30   148.64 159.95   148.61 159.92   286.12 297.43   148.07 159.38   153.65 164.96   147.38 158.69
2020-07-31   147.58 158.88   147.55 158.85   285.06 296.36   147.01 158.31   152.59 163.89   146.32 157.63
2020-08-01   146.52 157.81   146.49 157.78   284.01 295.30   145.95 157.24   151.53 162.82   145.27 156.56
2020-08-02   145.46 156.74   145.44 156.72   282.95 294.23   144.89 156.17   150.48 161.76   144.21 155.49
2020-08-03   144.41 155.68   144.38 155.65   281.90 293.17   143.84 155.11   149.42 160.69   143.16 154.43
2020-08-04   143.36 154.62   143.33 154.59   280.85 292.10   142.79 154.05   148.37 159.63   142.11 153.37
2020-08-05   142.31 153.56   142.28 153.53   279.80 291.04   141.74 152.99   147.32 158.57   141.06 152.31
2020-08-06   141.26 152.50   141.24 152.47   278.75 289.98   140.69 151.93   146.28 157.51   140.01 151.25
2020-08-07   140.22 151.44   140.19 151.41   277.71 288.93   139.65 150.87   145.24 156.46   138.97 150.19
2020-08-08   139.18 150.39   139.15 150.36   276.67 287.87   138.61 149.82   144.20 155.40   137.93 149.14
2020-08-09   138.14 149.33   138.12 149.31   275.63 286.82   137.57 148.76   143.16 154.35   136.89 148.08
2020-08-10   137.11 148.29   137.08 148.26   274.60 285.77   136.54 147.72   142.12 153.30   135.86 147.03
2020-08-11   136.08 147.24   136.05 147.21   273.56 284.73   135.51 146.67   141.09 152.25   134.83 145.99
2020-08-12   135.05 146.19   135.02 146.17   272.54 283.68   134.48 145.62   140.06 151.21   133.80 144.94
2020-08-13   134.02 145.15   134.00 145.13   271.51 282.64   133.45 144.58   139.04 150.17   132.77 143.90
2020-08-14   133.00 144.11   132.97 144.09   270.49 281.60   132.43 143.54   138.02 149.13   131.75 142.86
2020-08-15   131.98 143.08   131.96 143.05   269.47 280.57   131.41 142.51   137.00 148.09   130.73 141.83
2020-08-16   130.97 142.05   130.94 142.02   268.45 279.53   130.40 141.48   135.98 147.06   129.72 140.79
2020-08-17   129.95 141.02   129.93 140.99   267.44 278.50   129.38 140.45   134.97 146.03   128.70 139.76
2020-08-18   128.95 139.99   128.92 139.96   266.43 277.48   128.38 139.42   133.96 145.00   127.69 138.74
2020-08-19   127.94 138.97   127.91 138.94   265.43 276.45   127.37 138.40   132.95 143.98   126.69 137.71
2020-08-20   126.94 137.94   126.91 137.92   264.43 275.43   126.37 137.37   131.95 142.96   125.69 136.69
2020-08-21   125.94 136.93   125.91 136.90   263.43 274.41   125.37 136.36   130.95 141.94   124.69 135.68
2020-08-22   124.94 135.91   124.92 135.89   262.43 273.40   124.37 135.34   129.96 140.93   123.69 134.66
2020-08-23   123.95 134.90   123.93 134.88   261.44 272.39   123.38 134.33   128.97 139.92   122.70 133.65
2020-08-24   122.96 133.90   122.94 133.87   260.45 271.38   122.39 133.33   127.98 138.91   121.71 132.64
2020-08-25   121.98 132.89   121.95 132.86   259.47 270.38   121.41 132.32   127.00 137.91   120.73 131.64
2020-08-26   121.00 131.89   120.97 131.86   258.49 269.38   120.43 131.32   126.01 136.91   119.75 130.64
2020-08-27   120.02 130.89   119.99 130.87   257.51 268.38   119.45 130.32   125.04 135.91   118.77 129.64
2020-08-28   119.05 129.90   119.02 129.87   256.53 267.39   118.48 129.33   124.06 134.91   117.80 128.65
2020-08-29   118.08 128.91   118.05 128.88   255.56 266.40   117.51 128.34   123.09 133.92   116.83 127.66
2020-08-30   117.11 127.92   117.08 127.90   254.60 265.41   116.54 127.35   122.12 132.94   115.86 126.67
2020-08-31   116.15 126.94   116.12 126.91   253.63 264.43   115.58 126.37   121.16 131.95   114.89 125.69
2020-09-01   115.18 125.96   115.16 125.93   252.67 263.45   114.61 125.39   120.20 130.97   113.93 124.71
2020-09-02   114.23 124.98   114.20 124.96   251.71 262.47   113.66 124.41   119.24 130.00   112.98 123.73
2020-09-03   113.27 124.01   113.25 123.98   250.76 261.50   112.70 123.44   118.29 129.02   112.02 122.76
2020-09-04   112.32 123.04   112.30 123.01   249.81 260.53   111.75 122.47   117.34 128.05   111.07 121.79
2020-09-05   111.38 122.07   111.35 122.05   248.86 259.56   110.81 121.50   116.39 127.09   110.12 120.82
2020-09-06   110.43 121.11   110.40 121.08   247.92 258.60   109.86 120.54   115.45 126.12   109.18 119.86
2020-09-07   109.49 120.15   109.46 120.12   246.98 257.64   108.92 119.58   114.51 125.16   108.24 118.90
2020-09-08   108.55 119.19   108.53 119.16   246.04 256.68   107.98 118.62   113.57 124.21   107.30 117.94
2020-09-09   107.62 118.24   107.59 118.21   245.10 255.72   107.05 117.67   112.63 123.25   106.37 116.99
2020-09-10   106.68 117.29   106.66 117.26   244.17 254.77   106.11 116.72   111.70 122.30   105.43 116.04
2020-09-11   105.76 116.34   105.73 116.31   243.24 253.83   105.19 115.77   110.77 121.35   104.50 115.09
2020-09-12   104.83 115.40   104.80 115.37   242.32 252.88   104.26 114.83   109.84 120.41   103.58 114.14
2020-09-13   103.91 114.45   103.88 114.43   241.39 251.94   103.34 113.88   108.92 119.47   102.65 113.20
2020-09-14   102.98 113.52   102.96 113.49   240.47 251.00   102.41 112.95   108.00 118.53   101.73 112.27
2020-09-15   102.07 112.58   102.04 112.55   239.55 250.07   101.50 112.01   107.08 117.60   100.82 111.33
2020-09-16   101.15 111.65   101.12 111.62   238.64 249.14   100.58 111.08   106.17 116.66    99.90 110.40
2020-09-17   100.24 110.72   100.21 110.69   237.72 248.21    99.67 110.15   105.25 115.73    98.99 109.47
2020-09-18    99.33 109.79    99.30 109.76   236.81 247.28    98.76 109.22   104.34 114.81    98.08 108.54
2020-09-19    98.42 108.87    98.39 108.84   235.90 246.35    97.85 108.30   103.43 113.88    97.17 107.62
2020-09-20    97.51 107.95    97.48 107.92   235.00 245.43    96.94 107.38   102.53 112.96    96.26 106.69
2020-09-21    96.61 107.03    96.58 107.00   234.09 244.51    96.04 106.46   101.62 112.04    95.36 105.78
2020-09-22    95.70 106.11    95.68 106.08   233.19 243.60    95.13 105.54   100.72 111.12    94.45 104.86
2020-09-23    94.80 105.19    94.78 105.17   232.29 242.68    94.23 104.62    99.82 110.21    93.55 103.94
2020-09-24    93.91 104.28    93.88 104.26   231.39 241.77    93.34 103.71    98.92 109.30    92.65 103.03
2020-09-25    93.01 103.37    92.98 103.35   230.50 240.86    92.44 102.80    98.02 108.39    91.76 102.12
2020-09-26    92.11 102.47    92.09 102.44   229.60 239.95    91.54 101.90    97.13 107.48    90.86 101.21
2020-09-27    91.22 101.56    91.19 101.53   228.71 239.05    90.65 100.99    96.24 106.57    89.97 100.31
2020-09-28    90.33 100.66    90.30 100.63   227.82 238.14    89.76 100.09    95.34 105.67    89.08  99.40
2020-09-29    89.44  99.75    89.41  99.73   226.93 237.24    88.87  99.18    94.45 104.77    88.19  98.50
2020-09-30    88.55  98.85    88.52  98.83   226.04 236.34    87.98  98.28    93.56 103.87    87.30  97.60
2020-10-01    87.66  97.96    87.63  97.93   225.15 235.44    87.09  97.39    92.68 102.97    86.41  96.70
2020-10-02    86.77  97.06    86.75  97.03   224.26 234.55    86.20  96.49    91.79 102.07    85.52  95.81
2020-10-03    85.89  96.16    85.86  96.14   223.37 233.65    85.32  95.59    90.90 101.18    84.64  94.91
2020-10-04    85.00  95.27    84.98  95.24   222.49 232.76    84.43  94.70    90.02 100.28    83.75  94.02
2020-10-05    84.12  94.38    84.09  94.35   221.61 231.86    83.55  93.81    89.13  99.39    82.87  93.13
2020-10-06    83.23  93.49    83.21  93.46   220.72 230.97    82.66  92.92    88.25  98.50    81.98  92.23
2020-10-07    82.35  92.60    82.32  92.57   219.84 230.08    81.78  92.03    87.37  97.61    81.10  91.34
2020-10-08    81.47  91.71    81.44  91.68   218.96 229.19    80.90  91.14    86.48  96.72    80.22  90.46
2020-10-09    80.59  90.82    80.56  90.79   218.07 228.30    80.02  90.25    85.60  95.83    79.34  89.57
2020-10-10    79.70  89.93    79.68  89.90   217.19 227.42    79.13  89.36    84.72  94.95    78.45  88.68
2020-10-11    78.82  89.04    78.80  89.02   216.31 226.53    78.25  88.47    83.84  94.06    77.57  87.79
2020-10-12    77.94  88.16    77.91  88.13   215.43 225.64    77.37  87.59    82.96  93.17    76.69  86.91
2020-10-13    77.06  87.27    77.03  87.24   214.55 224.76    76.49  86.70    82.07  92.29    75.81  86.02
2020-10-14    76.18  86.39    76.15  86.36   213.67 223.87    75.61  85.82    81.19  91.40    74.93  85.14
2020-10-15    75.30  85.50    75.27  85.47   212.78 222.99    74.73  84.93    80.31  90.52    74.04  84.25
2020-10-16    74.41  84.62    74.39  84.59   211.90 222.10    73.84  84.05    79.43  89.63    73.16  83.37
2020-10-17    73.53  83.73    73.50  83.71   211.02 221.22    72.96  83.16    78.55  88.75    72.28  82.48
2020-10-18    72.65  82.85    72.62  82.82   210.13 220.33    72.08  82.28    77.66  87.86    71.40  81.60
2020-10-19    71.76  81.96    71.74  81.94   209.25 219.45    71.19  81.39    76.78  86.98    70.51  80.71
2020-10-20    70.88  81.08    70.85  81.05   208.36 218.56    70.31  80.51    75.89  86.09    69.63  79.83
2020-10-21    69.99  80.19    69.96  80.17   207.48 217.68    69.42  79.62    75.01  85.21    68.74  78.94
2020-10-22    69.10  79.31    69.08  79.28   206.59 216.79    68.53  78.74    74.12  84.32    67.85  78.06
2020-10-23    68.22  78.42    68.19  78.39   205.70 215.91    67.65  77.85    73.23  83.44    66.97  77.17
2020-10-24    67.33  77.53    67.30  77.51   204.81 215.02    66.76  76.96    72.34  82.55    66.08  76.28
2020-10-25    66.44  76.65    66.41  76.62   203.92 214.13    65.87  76.08    71.45  81.66    65.19  75.39
2020-10-26    65.77  75.53    65.74  75.50   203.26 213.02    65.20  74.96    70.78  80.55    64.52  74.28
2020-10-27    65.15  74.37    65.12  74.34   202.63 211.86    64.58  73.80    70.16  79.39    63.90  73.12
2020-10-28    64.52  73.21    64.50  73.18   202.01 210.70    63.95  72.64    69.54  78.22    63.27  71.96
2020-10-29    63.90  72.05    63.87  72.02   201.38 209.53    63.33  71.48    68.91  77.06    62.64  70.80
2020-10-30    63.27  70.88    63.24  70.86   200.75 208.37    62.70  70.31    68.28  75.90    62.02  69.63
2020-10-31    62.64  69.72    62.61  69.69   200.12 207.21    62.07  69.15    67.65  74.73    61.38  68.47

2021-04-05   262.73 269.82   262.70 269.79    40.21  47.31   262.16 269.25   267.74 274.83   261.47 268.57
2021-04-06   261.58 269.20   261.55 269.17    39.07  46.69   261.01 268.63   266.59 274.21   260.33 267.95
2021-04-07   260.43 268.58   260.41 268.56    37.92  46.07   259.86 268.01   265.45 273.60   259.18 267.33
2021-04-08   259.29 267.97   259.26 267.94    36.78  45.45   258.72 267.40   264.31 272.98   258.04 266.72
2021-04-09   258.15 267.35   258.12 267.33    35.63  44.84   257.58 266.78   263.16 272.37   256.90 266.10
2021-04-10   257.00 266.74   256.98 266.72    34.49  44.23   256.43 266.17   262.02 271.76   255.75 265.49
2021-04-11   255.89 266.10   255.87 266.08    33.38  43.59   255.32 265.53   260.91 271.12   254.64 264.85
2021-04-12   255.02 265.23   254.99 265.20    32.51  42.71   254.45 264.66   260.03 270.24   253.77 263.98
2021-04-13   254.15 264.35   254.12 264.32    31.63  41.84   253.58 263.78   259.16 269.37   252.90 263.10
2021-04-14   253.28 263.48   253.25 263.45    30.76  40.96   252.71 262.91   258.29 268.49   252.02 262.23
2021-04-15   252.40 262.60   252.38 262.58    29.89  40.09   251.83 262.03   257.42 267.62   251.15 261.35
2021-04-16   251.53 261.73   251.51 261.71    29.02  39.22   250.96 261.16   256.55 266.75   250.28 260.48
2021-04-17   250.66 260.86   250.64 260.84    28.15  38.35   250.09 260.29   255.68 265.88   249.41 259.61
2021-04-18   249.79 259.99   249.76 259.97    27.28  37.48   249.22 259.42   254.81 265.01   248.54 258.74
2021-04-19   248.92 259.12   248.89 259.10    26.41  36.61   248.35 258.55   253.94 264.14   247.67 257.87
2021-04-20   248.05 258.25   248.02 258.23    25.54  35.74   247.48 257.68   253.07 263.27   246.80 257.00
2021-04-21   247.18 257.38   247.15 257.36    24.67  34.87   246.61 256.81   252.19 262.40   245.93 256.13
2021-04-22   246.31 256.52   246.28 256.49    23.80  34.00   245.74 255.95   251.32 261.53   245.06 255.27
2021-04-23   245.44 255.65   245.41 255.62    22.92  33.14   244.87 255.08   250.45 260.66   244.19 254.40
2021-04-24   244.56 254.78   244.54 254.75    22.05  32.27   243.99 254.21   249.58 259.79   243.31 253.53
2021-04-25   243.69 253.91   243.67 253.88    21.18  31.40   243.12 253.34   248.71 258.93   242.44 252.66
2021-04-26   242.82 253.04   242.79 253.02    20.31  30.53   242.25 252.47   247.83 258.06   241.57 251.79
2021-04-27   241.95 252.17   241.92 252.15    19.43  29.66   241.38 251.60   246.96 257.19   240.69 250.92
2021-04-28   241.07 251.31   241.04 251.28    18.56  28.79   240.50 250.74   246.09 256.32   239.82 250.05
2021-04-29   240.19 250.44   240.17 250.41    17.68  27.92   239.62 249.87   245.21 255.45   238.94 249.19
2021-04-30   239.32 249.57   239.29 249.54    16.80  27.05   238.75 249.00   244.33 254.58   238.07 248.32
2021-05-01   238.44 248.70   238.41 248.67    15.93  26.18   237.87 248.13   243.45 253.71   237.19 247.44
2021-05-02   237.56 247.82   237.53 247.80    15.05  25.31   236.99 247.25   242.57 252.84   236.31 246.57
2021-05-03   236.68 246.95   236.65 246.93    14.17  24.44   236.11 246.38   241.69 251.97   235.43 245.70
2021-05-04   235.80 246.08   235.77 246.05    13.28  23.57   235.23 245.51   240.81 251.09   234.55 244.83
2021-05-05   234.91 245.20   234.89 245.18    12.40  22.69   234.34 244.63   239.93 250.22   233.66 243.95
2021-05-06   234.03 244.33   234.00 244.30    11.51  21.82   233.46 243.76   239.04 249.34   232.78 243.08
2021-05-07   233.14 243.45   233.11 243.43    10.63  20.94   232.57 242.88   238.15 248.47   231.89 242.20
2021-05-08   232.25 242.57   232.22 242.55     9.74  20.06   231.68 242.00   237.27 247.59   231.00 241.32
2021-05-09   231.36 241.69   231.33 241.67     8.85  19.18   230.79 241.12   236.37 246.71   230.11 240.44
2021-05-10   230.47 240.81   230.44 240.79     7.95  18.30   229.90 240.24   235.48 245.83   229.22 239.56
2021-05-11   229.57 239.93   229.54 239.90     7.06  17.42   229.00 239.36   234.59 244.95   228.32 238.68
2021-05-12   228.67 239.05   228.65 239.02     6.16  16.53   228.10 238.48   233.69 244.06   227.42 237.79
2021-05-13   227.77 238.16   227.75 238.13     5.26  15.65   227.20 237.59   232.79 243.17   226.52 236.91
2021-05-14   226.87 237.27   226.84 237.24     4.36  14.76   226.30 236.70   231.89 242.29   225.62 236.02
2021-05-15   225.97 236.38   225.94 236.35     3.45  13.87   225.40 235.81   230.98 241.40   224.72 235.13
2021-05-16   225.06 235.49   225.03 235.46     2.55  12.97   224.49 234.92   230.07 240.50   223.81 234.24
2021-05-17   224.15 234.59   224.12 234.57     1.64  12.08   223.58 234.02   229.16 239.61   222.90 233.34
2021-05-18   223.24 233.70   223.21 233.67     0.72  11.18   222.67 233.13   228.25 238.71   221.99 232.44
2021-05-19   222.32 232.80   222.29 232.77   359.81  10.28   221.75 232.23   227.34 237.81   221.07 231.55
2021-05-20   221.40 231.89   221.38 231.87   358.89   9.38   220.83 231.32   226.42 236.91   220.15 230.64
2021-05-21   220.48 230.99   220.46 230.96   357.97   8.48   219.91 230.42   225.50 236.00   219.23 229.74
2021-05-22   219.56 230.08   219.53 230.06   357.05   7.57   218.99 229.51   224.57 235.10   218.31 228.83
2021-05-23   218.63 229.17   218.60 229.15   356.12   6.66   218.06 228.60   223.65 234.19   217.38 227.92
2021-05-24   217.70 228.26   217.67 228.23   355.19   5.75   217.13 227.69   222.72 233.27   216.45 227.01
2021-05-25   216.77 227.34   216.74 227.32   354.26   4.83   216.20 226.77   221.78 232.36   215.52 226.09
2021-05-26   215.83 226.43   215.81 226.40   353.32   3.91   215.26 225.86   220.85 231.44   214.58 225.17
2021-05-27   214.89 225.50   214.87 225.48   352.38   2.99   214.32 224.93   219.91 230.52   213.64 224.25
2021-05-28   213.95 224.58   213.92 224.55   351.44   2.07   213.38 224.01   218.96 229.59   212.70 223.33
2021-05-29   213.00 223.65   212.98 223.63   350.49   1.14   212.43 223.08   218.02 228.67   211.75 222.40
2021-05-30   212.05 222.72   212.03 222.69   349.54   0.21   211.48 222.15   217.07 227.74   210.80 221.47
2021-05-31   211.10 221.79   211.07 221.76   348.59 359.27   210.53 221.22   216.12 226.80   209.85 220.54
2021-06-01   210.14 220.85   210.12 220.82   347.63 358.34   209.57 220.28   215.16 225.86   208.89 219.60
2021-06-02   209.18 219.91   209.16 219.88   346.67 357.40   208.61 219.34   214.20 224.92   207.93 218.66
2021-06-03   208.22 218.96   208.19 218.94   345.71 356.45   207.65 218.39   213.24 223.98   206.97 217.71
2021-06-04   207.25 218.02   207.23 217.99   344.74 355.50   206.68 217.45   212.27 223.03   206.00 216.77
2021-06-05   206.28 217.07   206.26 217.04   343.77 354.55   205.71 216.50   211.30 222.08   205.03 215.81
2021-06-06   205.31 216.11   205.28 216.08   342.80 353.60   204.74 215.54   210.32 221.13   204.06 214.86
2021-06-07   204.33 215.15   204.30 215.13   341.82 352.64   203.76 214.58   209.35 220.17   203.08 213.90
2021-06-08   203.35 214.19   203.32 214.16   340.84 351.68   202.78 213.62   208.36 219.21   202.10 212.94
2021-06-09   202.36 213.23   202.34 213.20   339.85 350.71   201.79 212.66   207.38 218.24   201.11 211.97
2021-06-10   201.38 212.26   201.35 212.23   338.86 349.74   200.81 211.69   206.39 217.27   200.12 211.01
2021-06-11   200.38 211.28   200.36 211.26   337.87 348.77   199.81 210.71   205.40 216.30   199.13 210.03
2021-06-12   199.39 210.31   199.36 210.28   336.87 347.80   198.82 209.74   204.40 215.32   198.14 209.06
2021-06-13   198.39 209.33   198.36 209.30   335.88 346.82   197.82 208.76   203.40 214.34   197.14 208.08
2021-06-14   197.39 208.34   197.36 208.32   334.87 345.83   196.82 207.77   202.40 213.36   196.13 207.09
2021-06-15   196.38 207.36   196.35 207.33   333.87 344.84   195.81 206.79   201.39 212.37   195.13 206.11
2021-06-16   195.37 206.37   195.34 206.34   332.86 343.85   194.80 205.80   200.38 211.38   194.12 205.12
2021-06-17   194.36 205.37   194.33 205.34   331.84 342.86   193.79 204.80   199.37 210.39   193.11 204.12
2021-06-18   193.34 204.37   193.31 204.35   330.83 341.86   192.77 203.80   198.35 209.39   192.09 203.12
2021-06-19   192.32 203.37   192.29 203.34   329.81 340.86   191.75 202.80   197.33 208.39   191.07 202.12
2021-06-20   191.30 202.37   191.27 202.34   328.78 339.85   190.73 201.80   196.31 207.38   190.05 201.12
2021-06-21   190.27 201.36   190.24 201.33   327.76 338.84   189.70 200.79   195.28 206.37   189.02 200.11
2021-06-22   189.24 200.34   189.21 200.32   326.73 337.83   188.67 199.77   194.26 205.36   187.99 199.09
2021-06-23   188.21 199.33   188.18 199.30   325.69 336.82   187.64 198.76   193.22 204.34   186.96 198.08
2021-06-24   187.17 198.31   187.14 198.28   324.66 335.80   186.60 197.74   192.19 203.32   185.92 197.06
2021-06-25   186.13 197.29   186.11 197.26   323.62 334.77   185.56 196.72   191.15 202.30   184.88 196.04
2021-06-26   185.09 196.26   185.06 196.23   322.58 333.75   184.52 195.69   190.11 201.28   183.84 195.01
2021-06-27   184.05 195.23   184.02 195.20   321.53 332.72   183.48 194.66   189.06 200.25   182.80 193.98
2021-06-28   183.00 194.20   182.97 194.17   320.49 331.69   182.43 193.63   188.01 199.21   181.75 192.95
2021-06-29   181.95 193.16   181.92 193.14   319.44 330.65   181.38 192.59   186.96 198.18   180.70 191.91
2021-06-30   180.90 192.12   180.87 192.10   318.38 329.61   180.33 191.55   185.91 197.14   179.65 190.87
2021-07-01   179.84 191.08   179.82 191.06   317.33 328.57   179.27 190.51   184.86 196.10   178.59 189.83
2021-07-02   178.79 190.04   178.76 190.01   316.27 327.53   178.22 189.47   183.80 195.05   177.54 188.79
2021-07-03   177.73 188.99   177.70 188.96   315.21 326.48   177.16 188.42   182.74 194.01   176.48 187.74
2021-07-04   176.67 187.94   176.64 187.92   314.15 325.43   176.10 187.37   181.68 192.96   175.42 186.69
2021-07-05   175.60 186.89   175.58 186.86   313.09 324.38   175.03 186.32   180.62 191.90   174.35 185.64
2021-07-06   174.54 185.84   174.51 185.81   312.03 323.32   173.97 185.27   179.55 190.85   173.29 184.58
2021-07-07   173.47 184.78   173.45 184.75   310.96 322.27   172.90 184.21   178.49 189.79   172.22 183.53
2021-07-08   172.41 183.72   172.38 183.69   309.89 321.21   171.84 183.15   177.42 188.73   171.16 182.47
2021-07-09   171.34 182.66   171.31 182.63   308.82 320.15   170.77 182.09   176.35 187.67   170.09 181.41
2021-07-10   170.27 181.60   170.24 181.57   307.75 319.08   169.70 181.03   175.28 186.61   169.02 180.34
2021-07-11   169.20 180.53   169.17 180.50   306.68 318.02   168.63 179.96   174.21 185.55   167.95 179.28
2021-07-12   168.12 179.47   168.10 179.44   305.61 316.95   167.55 178.90   173.14 184.48   166.87 178.21
2021-07-13   167.05 178.40   167.03 178.37   304.54 315.89   166.48 177.83   172.07 183.41   165.80 177.15
2021-07-14   165.98 177.33   165.95 177.30   303.47 314.82   165.41 176.76   170.99 182.34   164.73 176.08
2021-07-15   164.91 176.26   164.88 176.23   302.39 313.75   164.34 175.69   169.92 181.27   163.66 175.01
2021-07-16   163.83 175.19   163.81 175.16   301.32 312.68   163.26 174.62   168.85 180.20   162.58 173.94
2021-07-17   162.76 174.12   162.73 174.09   300.25 311.60   162.19 173.55   167.77 179.13   161.51 172.87
2021-07-18   161.69 173.04   161.66 173.02   299.17 310.53   161.12 172.47   166.70 178.06   160.43 171.79
2021-07-19   160.61 171.97   160.59 171.94   298.10 309.46   160.04 171.40   165.63 176.99   159.36 170.72
2021-07-20   159.54 170.90   159.51 170.87   297.03 308.38   158.97 170.33   164.55 175.91   158.29 169.65
2021-07-21   158.47 169.82   158.44 169.80   295.95 307.31   157.90 169.25   163.48 174.84   157.22 168.57
2021-07-22   157.39 168.75   157.37 168.72   294.88 306.24   156.82 168.18   162.41 173.76   156.14 167.50
2021-07-23   156.32 167.68   156.30 167.65   293.81 305.16   155.75 167.11   161.34 172.69   155.07 166.43
2021-07-24   155.25 166.60   155.23 166.58   292.74 304.09   154.68 166.03   160.27 171.62   154.00 165.35
2021-07-25   154.19 165.53   154.16 165.50   291.67 303.02   153.62 164.96   159.20 170.54   152.93 164.28
2021-07-26   153.12 164.46   153.09 164.43   290.61 301.94   152.55 163.89   158.13 169.47   151.87 163.21
2021-07-27   152.05 163.39   152.03 163.36   289.54 300.87   151.48 162.82   157.07 168.40   150.80 162.13
2021-07-28   150.99 162.31   150.96 162.29   288.48 299.80   150.42 161.74   156.00 167.33   149.74 161.06
2021-07-29   149.93 161.24   149.90 161.22   287.41 298.73   149.36 160.67   154.94 166.26   148.67 159.99
2021-07-30   148.86 160.18   148.84 160.15   286.35 297.66   148.29 159.61   153.88 165.19   147.61 158.92
2021-07-31   147.81 159.11   147.78 159.08   285.29 296.60   147.24 158.54   152.82 164.12   146.56 157.86
2021-08-01   146.75 158.04   146.72 158.02   284.24 295.53   146.18 157.47   151.76 163.06   145.50 156.79
2021-08-02   145.69 156.98   145.67 156.95   283.18 294.46   145.12 156.41   150.71 161.99   144.44 155.73
2021-08-03   144.64 155.91   144.62 155.89   282.13 293.40   144.07 155.34   149.66 160.93   143.39 154.66
2021-08-04   143.59 154.85   143.57 154.83   281.08 292.34   143.02 154.28   148.61 159.87   142.34 153.60
2021-08-05   142.55 153.79   142.52 153.77   280.03 291.28   141.98 153.22   147.56 158.81   141.29 152.54
2021-08-06   141.50 152.74   141.47 152.71   278.99 290.22   140.93 152.17   146.52 157.75   140.25 151.49
2021-08-07   140.46 151.68   140.43 151.65   277.95 289.17   139.89 151.11   145.47 156.70   139.21 150.43
2021-08-08   139.42 150.63   139.39 150.60   276.91 288.12   138.85 150.06   144.43 155.64   138.17 149.38
2021-08-09   138.38 149.58   138.36 149.55   275.87 287.06   137.81 149.01   143.40 154.59   137.13 148.33
2021-08-10   137.35 148.53   137.32 148.50   274.84 286.02   136.78 147.96   142.36 153.54   136.10 147.28
2021-08-11   136.32 147.48   136.29 147.46   273.81 284.97   135.75 146.91   141.33 152.50   135.07 146.23
2021-08-12   135.29 146.44   135.27 146.41   272.78 283.93   134.72 145.87   140.31 151.46   134.04 145.19
2021-08-13   134.27 145.40   134.24 145.37   271.76 282.89   133.70 144.83   139.28 150.42   133.02 144.15
2021-08-14   133.25 144.36   133.22 144.34   270.73 281.85   132.68 143.79   138.26 149.38   132.00 143.11
2021-08-15   132.23 143.33   132.20 143.30   269.72 280.82   131.66 142.76   137.24 148.34   130.98 142.08
2021-08-16   131.21 142.30   131.19 142.27   268.70 279.78   130.64 141.73   136.23 147.31   129.96 141.05
2021-08-17   130.20 141.27   130.18 141.24   267.69 278.76   129.63 140.70   135.22 146.28   128.95 140.02
2021-08-18   129.20 140.24   129.17 140.22   266.68 277.73   128.63 139.67   134.21 145.26   127.94 138.99
2021-08-19   128.19 139.22   128.16 139.19   265.68 276.71   127.62 138.65   133.21 144.24   126.94 137.97
2021-08-20   127.19 138.20   127.16 138.17   264.68 275.69   126.62 137.63   132.21 143.22   125.94 136.95
2021-08-21   126.19 137.18   126.17 137.16   263.68 274.67   125.62 136.61   131.21 142.20   124.94 135.93
2021-08-22   125.20 136.17   125.17 136.14   262.69 273.66   124.63 135.60   130.21 141.19   123.95 134.92
2021-08-23   124.21 135.16   124.18 135.14   261.70 272.65   123.64 134.59   129.22 140.18   122.96 133.91
2021-08-24   123.22 134.16   123.19 134.13   260.71 271.64   122.65 133.59   128.24 139.17   121.97 132.90
2021-08-25   122.24 133.15   122.21 133.13   259.72 270.64   121.67 132.58   127.25 138.17   120.99 131.90
2021-08-26   121.26 132.15   121.23 132.13   258.74 269.64   120.69 131.58   126.27 137.17   120.01 130.90
2021-08-27   120.28 131.16   120.25 131.13   257.77 268.64   119.71 130.59   125.30 136.17   119.03 129.91
2021-08-28   119.31 130.16   119.28 130.14   256.79 267.65   118.74 129.59   124.32 135.18   118.06 128.91
2021-08-29   118.34 129.17   118.31 129.15   255.82 266.66   117.77 128.60   123.35 134.19   117.09 127.92
2021-08-30   117.37 128.19   117.34 128.16   254.86 265.67   116.80 127.62   122.39 133.20   116.12 126.94
2021-08-31   116.41 127.20   116.38 127.18   253.89 264.69   115.84 126.63   121.42 132.22   115.16 125.95
2021-09-01   115.45 126.23   115.42 126.20   252.93 263.71   114.88 125.66   120.46 131.24   114.20 124.97
2021-09-02   114.49 125.25   114.46 125.22   251.98 262.74   113.92 124.68   119.51 130.26   113.24 124.00
2021-09-03   113.54 124.28   113.51 124.25   251.03 261.76   112.97 123.71   118.55 129.29   112.29 123.03
2021-09-04   112.59 123.31   112.56 123.28   250.08 260.79   112.02 122.74   117.60 128.32   111.34 122.06
2021-09-05   111.64 122.34   111.61 122.31   249.13 259.83   111.07 121.77   116.66 127.36   110.39 121.09
2021-09-06   110.70 121.38   110.67 121.35   248.18 258.87   110.13 120.81   115.71 126.39   109.45 120.13
2021-09-07   109.76 120.42   109.73 120.39   247.24 257.91   109.19 119.85   114.77 125.43   108.51 119.17
2021-09-08   108.82 119.46   108.79 119.44   246.31 256.95   108.25 118.89   113.83 124.48   107.57 118.21
2021-09-09   107.88 118.51   107.86 118.48   245.37 256.00   107.31 117.94   112.90 123.52   106.63 117.26
2021-09-10   106.95 117.56   106.93 117.53   244.44 255.05   106.38 116.99   111.97 122.57   105.70 116.31
2021-09-11   106.02 116.61   106.00 116.59   243.51 254.10   105.45 116.04   111.04 121.63   104.77 115.36
2021-09-12   105.10 115.67   105.07 115.64   242.59 253.16   104.53 115.10   110.11 120.68   103.85 114.42
2021-09-13   104.17 114.73   104.15 114.70   241.66 252.22   103.60 114.16   109.19 119.74   102.92 113.48
2021-09-14   103.25 113.79   103.23 113.76   240.74 251.28   102.68 113.22   108.27 118.80   102.00 112.54
2021-09-15   102.34 112.85   102.31 112.83   239.82 250.34   101.77 112.28   107.35 117.87   101.09 111.60
2021-09-16   101.42 111.92   101.39 111.90   238.91 249.41   100.85 111.35   106.44 116.94   100.17 110.67
2021-09-17   100.51 110.99   100.48 110.97   238.00 248.48    99.94 110.42   105.52 116.01    99.26 109.74
2021-09-18    99.60 110.07    99.57 110.04   237.08 247.55    99.03 109.50   104.61 115.08    98.35 108.82
2021-09-19    98.69 109.14    98.66 109.12   236.18 246.63    98.12 108.57   103.70 114.16    97.44 107.89
2021-09-20    97.78 108.22    97.76 108.19   235.27 245.71    97.21 107.65   102.80 113.24    96.53 106.97
2021-09-21    96.88 107.30    96.85 107.28   234.37 244.79    96.31 106.73   101.89 112.32    95.63 106.05
2021-09-22    95.98 106.38    95.95 106.36   233.46 243.87    95.41 105.81   100.99 111.40    94.73 105.13
2021-09-23    95.08 105.47    95.05 105.44   232.56 242.96    94.51 104.90   100.09 110.49    93.83 104.22
2021-09-24    94.18 104.56    94.15 104.53   231.66 242.05    93.61 103.99    99.19 109.57    92.93 103.31
2021-09-25    93.28 103.65    93.25 103.62   230.77 241.14    92.71 103.08    98.30 108.66    92.03 102.40
2021-09-26    92.39 102.74    92.36 102.71   229.87 240.23    91.82 102.17    97.40 107.76    91.14 101.49
2021-09-27    91.49 101.84    91.47 101.81   228.98 239.32    90.92 101.27    96.51 106.85    90.24 100.58
2021-09-28    90.60 100.93    90.57 100.90   228.09 238.42    90.03 100.36    95.62 105.95    89.35  99.68
2021-09-29    89.71 100.03    89.68 100.00   227.20 237.52    89.14  99.46    94.73 105.04    88.46  98.78
2021-09-30    88.82  99.13    88.79  99.10   226.31 236.62    88.25  98.56    93.84 104.14    87.57  97.88
2021-10-01    87.93  98.23    87.91  98.20   225.42 235.72    87.36  97.66    92.95 103.25    86.68  96.98
2021-10-02    87.05  97.33    87.02  97.31   224.53 234.82    86.48  96.76    92.06 102.35    85.79  96.08
2021-10-03    86.16  96.44    86.13  96.41   223.65 233.93    85.59  95.87    91.17 101.45    84.91  95.19
2021-10-04    85.27  95.54    85.25  95.52   222.76 233.03    84.70  94.97    90.29 100.56    84.02  94.29
2021-10-05    84.39  94.65    84.36  94.62   221.88 232.14    83.82  94.08    89.41  99.67    83.14  93.40
2021-10-06    83.51  93.76    83.48  93.73   220.99 231.25    82.94  93.19    88.52  98.77    82.26  92.51
2021-10-07    82.62  92.87    82.60  92.84   220.11 230.36    82.05  92.30    87.64  97.88    81.37  91.62
2021-10-08    81.74  91.98    81.71  91.95   219.23 229.47    81.17  91.41    86.76  96.99    80.49  90.73
2021-10-09    80.86  91.09    80.83  91.06   218.35 228.58    80.29  90.52    85.87  96.11    79.61  89.84
2021-10-10    79.98  90.20    79.95  90.18   217.46 227.69    79.41  89.63    84.99  95.22    78.73  88.95
2021-10-11    79.09  89.32    79.07  89.29   216.58 226.80    78.52  88.75    84.11  94.33    77.84  88.06
2021-10-12    78.21  88.43    78.19  88.40   215.70 225.92    77.64  87.86    83.23  93.44    76.96  87.18
2021-10-13    77.33  87.54    77.30  87.52   214.82 225.03    76.76  86.97    82.35  92.56    76.08  86.29
2021-10-14    76.45  86.66    76.42  86.63   213.94 224.14    75.88  86.09    81.46  91.67    75.20  85.41
2021-10-15    75.57  85.77    75.54  85.75   213.05 223.26    75.00  85.20    80.58  90.79    74.31  84.52
2021-10-16    74.68  84.89    74.66  84.86   212.17 222.37    74.11  84.32    79.70  89.90    73.43  83.64
2021-10-17    73.80  84.00    73.77  83.98   211.29 221.49    73.23  83.43    78.81  89.02    72.55  82.75
2021-10-18    72.92  83.12    72.89  83.09   210.40 220.60    72.35  82.55    77.93  88.13    71.66  81.87
2021-10-19    72.03  82.23    72.00  82.20   209.52 219.72    71.46  81.66    77.05  87.25    70.78  80.98
2021-10-20    71.15  81.35    71.12  81.32   208.63 218.83    70.58  80.78    76.16  86.36    69.89  80.09
2021-10-21    70.26  80.46    70.23  80.43   207.75 217.95    69.69  79.89    75.27  85.47    69.01  79.21
2021-10-22    69.37  79.57    69.35  79.55   206.86 217.06    68.80  79.00    74.39  84.59    68.12  78.32
2021-10-23    68.48  78.69    68.46  78.66   205.97 216.17    67.91  78.12    73.50  83.70    67.23  77.44
2021-10-24    67.59  77.80    67.57  77.77   205.08 215.29    67.02  77.23    72.61  82.81    66.34  76.55
2021-10-25    66.70  76.91    66.68  76.88   204.19 214.40    66.13  76.34    71.72  81.93    65.45  75.66
2021-10-26    65.95  75.88    65.93  75.85   203.44 213.36    65.38  75.31    70.97  80.89    64.70  74.63
2021-10-27    65.33  74.72    65.30  74.69   202.82 212.20    64.76  74.15    70.35  79.73    64.08  73.47
2021-10-28    64.70  73.55    64.68  73.53   202.19 211.04    64.13  72.98    69.72  78.57    63.45  72.30
2021-10-29    64.08  72.39    64.05  72.36   201.56 209.88    63.51  71.82    69.09  77.41    62.83  71.14
2021-10-30    63.45  71.23    63.42  71.20   200.94 208.71    62.88  70.66    68.46  76.24    62.20  69.98
2021-10-31    62.82  70.06    62.79  70.04   200.30 207.55    62.25  69.49    67.83  75.08    61.57  68.81

2022-04-05   263.08 270.00   263.05 269.98    40.57  47.49   262.51 269.43   268.09 275.02   261.83 268.75
2022-04-06   261.93 269.38   261.91 269.36    39.42  46.87   261.36 268.81   266.95 274.40   260.68 268.13
2022-04-07   260.79 268.77   260.76 268.74    38.27  46.25   260.22 268.20   265.80 273.78   259.54 267.51
2022-04-08   259.64 268.15   259.62 268.12    37.13  45.64   259.07 267.58   264.66 273.17   258.39 266.90
2022-04-09   258.50 267.54   258.47 267.51    35.99  45.02   257.93 266.97   263.51 272.55   257.25 266.29
2022-04-10   257.35 266.93   257.33 266.90    34.84  44.41   256.78 266.36   262.37 271.94   256.10 265.67
2022-04-11   256.21 266.32   256.19 266.29    33.70  43.80   255.64 265.75   261.23 271.33   254.96 265.06
2022-04-12   255.29 265.49   255.26 265.47    32.77  42.98   254.72 264.92   260.30 270.51   254.03 264.24
2022-04-13   254.41 264.62   254.39 264.59    31.90  42.10   253.84 264.05   259.43 269.63   253.16 263.37
2022-04-14   253.54 263.74   253.51 263.72    31.03  41.23   252.97 263.17   258.56 268.76   252.29 262.49
2022-04-15   252.67 262.87   252.64 262.84    30.16  40.36   252.10 262.30   257.68 267.88   251.42 261.62
2022-04-16   251.80 262.00   251.77 261.97    29.28  39.48   251.23 261.43   256.81 267.01   250.55 260.75
2022-04-17   250.93 261.13   250.90 261.10    28.41  38.61   250.36 260.56   255.94 266.14   249.68 259.88
2022-04-18   250.05 260.26   250.03 260.23    27.54  37.74   249.48 259.69   255.07 265.27   248.80 259.00
2022-04-19   249.18 259.38   249.16 259.36    26.67  36.87   248.61 258.81   254.20 264.40   247.93 258.13
2022-04-20   248.31 258.52   248.29 258.49    25.80  36.00   247.74 257.95   253.33 263.53   247.06 257.26
2022-04-21   247.44 257.65   247.42 257.62    24.93  35.13   246.87 257.08   252.46 262.66   246.19 256.40
2022-04-22   246.57 256.78   246.54 256.75    24.06  34.26   246.00 256.21   251.59 261.79   245.32 255.53
2022-04-23   245.70 255.91   245.67 255.88    23.19  33.40   245.13 255.34   250.71 260.92   244.45 254.66
2022-04-24   244.83 255.04   244.80 255.01    22.31  32.53   244.26 254.47   249.84 260.05   243.57 253.79
2022-04-25   243.95 254.17   243.93 254.14    21.44  31.66   243.38 253.60   248.97 259.19   242.70 252.92
2022-04-26   243.08 253.30   243.05 253.28    20.57  30.79   242.51 252.73   248.09 258.32   241.83 252.05
2022-04-27   242.20 252.43   242.18 252.41    19.69  29.92   241.63 251.86   247.22 257.45   240.95 251.18
2022-04-28   241.33 251.56   241.30 251.54    18.82  29.05   240.76 250.99   246.34 256.58   240.08 250.31
2022-04-29   240.45 250.69   240.43 250.67    17.94  28.18   239.88 250.12   245.47 255.71   239.20 249.44
2022-04-30   239.58 249.82   239.55 249.80    17.06  27.31   239.01 249.25   244.59 254.84   238.32 248.57
2022-05-01   238.70 248.95   238.67 248.92    16.18  26.44   238.13 248.38   243.71 253.97   237.45 247.70
2022-05-02   237.82 248.08   237.79 248.05    15.30  25.57   237.25 247.51   242.83 253.09   236.57 246.83
2022-05-03   236.93 247.21   236.91 247.18    14.42  24.69   236.36 246.64   241.95 252.22   235.68 245.95
2022-05-04   236.05 246.33   236.03 246.31    13.54  23.82   235.48 245.76   241.07 251.35   234.80 245.08
2022-05-05   235.17 245.46   235.14 245.43    12.65  22.94   234.60 244.89   240.18 250.47   233.92 244.21
2022-05-06   234.28 244.58   234.25 244.55    11.77  22.07   233.71 244.01   239.30 249.60   233.03 243.33
2022-05-07   233.39 243.70   233.37 243.68    10.88  21.19   232.82 243.13   238.41 248.72   232.14 242.45
2022-05-08   232.50 242.82   232.48 242.80     9.99  20.31   231.93 242.25   237.52 247.84   231.25 241.57
2022-05-09   231.61 241.94   231.58 241.92     9.10  19.43   231.04 241.37   236.63 246.96   230.36 240.69
2022-05-10   230.72 241.06   230.69 241.04     8.20  18.55   230.15 240.49   235.73 246.08   229.47 239.81
2022-05-11   229.82 240.18   229.79 240.15     7.31  17.67   229.25 239.61   234.84 245.19   228.57 238.93
2022-05-12   228.92 239.29   228.90 239.27     6.41  16.78   228.35 238.72   233.94 244.31   227.67 238.04
2022-05-13   228.02 238.41   228.00 238.38     5.51  15.89   227.45 237.84   233.04 243.42   226.77 237.15
2022-05-14   227.12 237.52   227.09 237.49     4.61  15.00   226.55 236.95   232.13 242.53   225.87 236.27
2022-05-15   226.21 236.62   226.19 236.60     3.70  14.11   225.64 236.05   231.23 241.64   224.96 235.37
2022-05-16   225.31 235.73   225.28 235.70     2.79  13.22   224.74 235.16   230.32 240.75   224.06 234.48
2022-05-17   224.40 234.84   224.37 234.81     1.88  12.32   223.83 234.27   229.41 239.85   223.14 233.58
2022-05-18   223.48 233.94   223.46 233.91     0.97  11.42   222.91 233.37   228.50 238.95   222.23 232.69
2022-05-19   222.57 233.04   222.54 233.01     0.05  10.52   222.00 232.47   227.58 238.05   221.32 231.79
2022-05-20   221.65 232.13   221.62 232.11   359.13   9.62   221.08 231.56   226.66 237.15   220.40 230.88
2022-05-21   220.73 231.23   220.70 231.20   358.21   8.72   220.16 230.66   225.74 236.24   219.47 229.98
2022-05-22   219.80 230.32   219.77 230.29   357.29   7.81   219.23 229.75   224.82 235.34   218.55 229.07
2022-05-23   218.87 229.41   218.85 229.38   356.36   6.90   218.30 228.84   223.89 234.43   217.62 228.16
2022-05-24   217.94 228.50   217.92 228.47   355.43   5.98   217.37 227.93   222.96 233.51   216.69 227.25
2022-05-25   217.01 227.58   216.98 227.55   354.50   5.07   216.44 227.01   222.02 232.60   215.76 226.33
2022-05-26   216.07 226.66   216.04 226.63   353.56   4.15   215.50 226.09   221.09 231.68   214.82 225.41
2022-05-27   215.13 225.74   215.10 225.71   352.62   3.23   214.56 225.17   220.15 230.75   213.88 224.49
2022-05-28   214.19 224.81   214.16 224.79   351.67   2.30   213.62 224.24   219.20 229.83   212.94 223.56
2022-05-29   213.24 223.88   213.21 223.86   350.73   1.37   212.67 223.31   218.25 228.90   211.99 222.63
2022-05-30   212.29 222.95   212.26 222.93   349.78   0.44   211.72 222.38   217.30 227.97   211.04 221.70
2022-05-31   211.33 222.02   211.31 221.99   348.82 359.50   210.76 221.45   216.35 227.03   210.08 220.77
2022-06-01   210.38 221.08   210.35 221.05   347.86 358.57   209.81 220.51   215.39 226.09   209.13 219.83
2022-06-02   209.42 220.14   209.39 220.11   346.90 357.62   208.85 219.57   214.43 225.15   208.16 218.89
2022-06-03   208.45 219.19   208.42 219.17   345.94 356.68   207.88 218.62   213.47 224.21   207.20 217.94
2022-06-04   207.48 218.24   207.46 218.22   344.97 355.73   206.91 217.67   212.50 223.26   206.23 216.99
2022-06-05   206.51 217.29   206.48 217.26   344.00 354.78   205.94 216.72   211.53 222.31   205.26 216.04
2022-06-06   205.54 216.34   205.51 216.31   343.02 353.82   204.97 215.77   210.55 221.35   204.29 215.08
2022-06-07   204.56 215.38   204.53 215.35   342.04 352.86   203.99 214.81   209.57 220.39   203.31 214.13
2022-06-08   203.57 214.41   203.55 214.39   341.06 351.90   203.00 213.84   208.59 219.43   202.32 213.16
2022-06-09   202.59 213.45   202.56 213.42   340.08 350.94   202.02 212.88   207.60 218.46   201.34 212.20
2022-06-10   201.60 212.48   201.57 212.45   339.09 349.97   201.03 211.91   206.61 217.49   200.35 211.23
2022-06-11   200.61 211.50   200.58 211.48   338.09 348.99   200.04 210.93   205.62 216.52   199.36 210.25
2022-06-12   199.61 210.53   199.58 210.50   337.10 348.01   199.04 209.96   204.62 215.54   198.36 209.28
2022-06-13   198.61 209.55   198.58 209.52   336.10 347.03   198.04 208.98   203.62 214.56   197.36 208.30
2022-06-14   197.61 208.56   197.58 208.53   335.09 346.05   197.04 207.99   202.62 213.58   196.35 207.31
2022-06-15   196.60 207.57   196.57 207.55   334.09 345.06   196.03 207.00   201.61 212.59   195.35 206.32
2022-06-16   195.59 206.58   195.56 206.55   333.07 344.07   195.02 206.01   200.60 211.60   194.34 205.33
2022-06-17   194.57 205.59   194.55 205.56   332.06 343.07   194.00 205.02   199.59 210.60   193.32 204.33
2022-06-18   193.56 204.59   193.53 204.56   331.04 342.07   192.99 204.02   198.57 209.60   192.30 203.34
2022-06-19   192.53 203.58   192.51 203.56   330.02 341.07   191.96 203.01   197.55 208.60   191.28 202.33
2022-06-20   191.51 202.58   191.48 202.55   329.00 340.06   190.94 202.01   196.53 207.59   190.26 201.33
2022-06-21   190.48 201.57   190.46 201.54   327.97 339.05   189.91 201.00   195.50 206.58   189.23 200.32
2022-06-22   189.45 200.55   189.43 200.53   326.94 338.04   188.88 199.98   194.47 205.57   188.20 199.30
2022-06-23   188.42 199.54   188.39 199.51   325.91 337.02   187.85 198.97   193.43 204.55   187.17 198.29
2022-06-24   187.38 198.52   187.36 198.49   324.87 336.00   186.81 197.95   192.40 203.53   186.13 197.27
2022-06-25   186.34 197.49   186.32 197.47   323.83 334.98   185.77 196.92   191.36 202.51   185.09 196.24
2022-06-26   185.30 196.47   185.27 196.44   322.79 333.95   184.73 195.90   190.31 201.48   184.05 195.22
2022-06-27   184.25 195.44   184.23 195.41   321.74 332.92   183.68 194.87   189.27 200.45   183.00 194.19
2022-06-28   183.21 194.40   183.18 194.38   320.69 331.89   182.64 193.83   188.22 199.42   181.96 193.15
2022-06-29   182.16 193.37   182.13 193.34   319.64 330.86   181.59 192.80   187.17 198.38   180.91 192.12
2022-06-30   181.10 192.33   181.08 192.30   318.59 329.82   180.53 191.76   186.12 197.34   179.85 191.08
2022-07-01   180.05 191.29   180.02 191.26   317.54 328.77   179.48 190.72   185.06 196.30   178.80 190.04
2022-07-02   178.99 190.24   178.97 190.22   316.48 327.73   178.42 189.67   184.01 195.26   177.74 188.99
2022-07-03   177.93 189.20   177.91 189.17   315.42 326.68   177.36 188.63   182.95 194.21   176.68 187.94
2022-07-04   176.87 188.15   176.85 188.12   314.36 325.63   176.30 187.58   181.89 193.16   175.62 186.89
2022-07-05   175.81 187.09   175.78 187.07   313.30 324.58   175.24 186.52   180.82 192.11   174.56 185.84
2022-07-06   174.74 186.04   174.72 186.01   312.23 323.53   174.17 185.47   179.76 191.05   173.49 184.79
2022-07-07   173.68 184.98   173.65 184.96   311.17 322.47   173.11 184.41   178.69 190.00   172.43 183.73
2022-07-08   172.61 183.92   172.58 183.90   310.10 321.41   172.04 183.35   177.63 188.94   171.36 182.67
2022-07-09   171.54 182.86   171.52 182.84   309.03 320.35   170.97 182.29   176.56 187.88   170.29 181.61
2022-07-10   170.47 181.80   170.45 181.77   307.96 319.29   169.90 181.23   175.49 186.82   169.22 180.55
2022-07-11   169.40 180.74   169.38 180.71   306.89 318.22   168.83 180.17   174.42 185.75   168.15 179.49
2022-07-12   168.33 179.67   168.30 179.64   305.82 317.16   167.76 179.10   173.35 184.69   167.08 178.42
2022-07-13   167.26 178.60   167.23 178.58   304.75 316.09   166.69 178.03   172.27 183.62   166.01 177.35
2022-07-14   166.19 177.54   166.16 177.51   303.67 315.02   165.62 176.97   171.20 182.55   164.94 176.28
2022-07-15   165.11 176.47   165.09 176.44   302.60 313.95   164.54 175.90   170.13 181.48   163.86 175.22
2022-07-16   164.04 175.40   164.01 175.37   301.53 312.88   163.47 174.83   169.06 180.41   162.79 174.15
2022-07-17   162.97 174.33   162.94 174.30   300.46 311.81   162.40 173.76   167.98 179.34   161.72 173.07
2022-07-18   161.90 173.25   161.87 173.23   299.38 310.74   161.33 172.68   166.91 178.27   160.65 172.00
2022-07-19   160.82 172.18   160.80 172.16   298.31 309.67   160.25 171.61   165.84 177.20   159.57 170.93
2022-07-20   159.75 171.11   159.73 171.08   297.24 308.60   159.18 170.54   164.77 176.12   158.50 169.86
2022-07-21   158.68 170.04   158.65 170.01   296.17 307.52   158.11 169.47   163.70 175.05   157.43 168.79
2022-07-22   157.61 168.96   157.58 168.94   295.10 306.45   157.04 168.39   162.63 173.98   156.36 167.71
2022-07-23   156.54 167.89   156.51 167.87   294.03 305.38   155.97 167.32   161.56 172.91   155.29 166.64
2022-07-24   155.47 166.82   155.45 166.79   292.96 304.31   154.90 166.25   160.49 171.84   154.22 165.57
2022-07-25   154.40 165.75   154.38 165.72   291.89 303.24   153.83 165.18   159.42 170.76   153.15 164.50
2022-07-26   153.34 164.68   153.31 164.65   290.83 302.16   152.77 164.11   158.35 169.69   152.09 163.43
2022-07-27   152.27 163.61   152.25 163.58   289.76 301.09   151.70 163.04   157.29 168.62   151.02 162.36
2022-07-28   151.21 162.54   151.18 162.51   288.70 300.03   150.64 161.97   156.23 167.55   149.96 161.29
2022-07-29   150.15 161.47   150.12 161.44   287.64 298.96   149.58 160.90   155.17 166.48   148.90 160.22
2022-07-30   149.09 160.40   149.06 160.38   286.58 297.89   148.52 159.83   154.11 165.42   147.84 159.15
2022-07-31   148.03 159.34   148.01 159.31   285.52 296.82   147.46 158.77   153.05 164.35   146.78 158.09
2022-08-01   146.98 158.27   146.95 158.25   284.47 295.76   146.41 157.70   151.99 163.29   145.73 157.02
2022-08-02   145.93 157.21   145.90 157.18   283.41 294.70   145.36 156.64   150.94 162.22   144.67 155.96
2022-08-03   144.87 156.15   144.85 156.12   282.36 293.63   144.30 155.58   149.89 161.16   143.62 154.90
2022-08-04   143.83 155.09   143.80 155.06   281.31 292.57   143.26 154.52   148.84 160.10   142.58 153.84
2022-08-05   142.78 154.03   142.75 154.00   280.27 291.52   142.21 153.46   147.80 159.04   141.53 152.78
2022-08-06   141.74 152.97   141.71 152.95   279.22 290.46   141.17 152.40   146.75 157.99   140.49 151.72
2022-08-07   140.70 151.92   140.67 151.89   278.18 289.41   140.13 151.35   145.71 156.94   139.45 150.67
2022-08-08   139.66 150.87   139.63 150.84   277.15 288.36   139.09 150.30   144.67 155.88   138.41 149.62
2022-08-09   138.62 149.82   138.60 149.79   276.11 287.31   138.05 149.25   143.64 154.84   137.37 148.57
2022-08-10   137.59 148.77   137.57 148.75   275.08 286.26   137.02 148.20   142.61 153.79   136.34 147.52
2022-08-11   136.56 147.73   136.54 147.70   274.05 285.22   135.99 147.16   141.58 152.74   135.31 146.48
2022-08-12   135.54 146.69   135.51 146.66   273.02 284.18   134.97 146.12   140.55 151.70   134.29 145.44
2022-08-13   134.51 145.65   134.49 145.62   272.00 283.14   133.94 145.08   139.53 150.66   133.26 144.40
2022-08-14   133.49 144.61   133.47 144.59   270.98 282.10   132.92 144.04   138.51 149.63   132.24 143.36
2022-08-15   132.48 143.58   132.45 143.55   269.97 281.07   131.91 143.01   137.49 148.60   131.23 142.33
2022-08-16   131.46 142.55   131.44 142.52   268.95 280.04   130.89 141.98   136.48 147.56   130.21 141.30
2022-08-17   130.46 141.52   130.43 141.50   267.94 279.01   129.89 140.95   135.47 146.54   129.20 140.27
2022-08-18   129.45 140.50   129.42 140.47   266.94 277.99   128.88 139.93   134.46 145.51   128.20 139.25
2022-08-19   128.45 139.48   128.42 139.45   265.93 276.96   127.88 138.91   133.46 144.49   127.19 138.23
2022-08-20   127.45 138.46   127.42 138.43   264.93 275.95   126.88 137.89   132.46 143.47   126.19 137.21
2022-08-21   126.45 137.44   126.42 137.42   263.94 274.93   125.88 136.87   131.46 142.46   125.20 136.19
2022-08-22   125.46 136.43   125.43 136.41   262.94 273.92   124.89 135.86   130.47 141.45   124.21 135.18
2022-08-23   124.47 135.42   124.44 135.40   261.95 272.91   123.90 134.85   129.48 140.44   123.22 134.17
2022-08-24   123.48 134.42   123.45 134.39   260.97 271.91   122.91 133.85   128.50 139.43   122.23 133.17
2022-08-25   122.50 133.42   122.47 133.39   259.99 270.90   121.93 132.85   127.51 138.43   121.25 132.17
2022-08-26   121.52 132.42   121.49 132.39   259.01 269.91   120.95 131.85   126.53 137.43   120.27 131.17
2022-08-27   120.54 131.42   120.52 131.40   258.03 268.91   119.97 130.85   125.56 136.44   119.29 130.17
2022-08-28   119.57 130.43   119.54 130.40   257.06 267.92   119.00 129.86   124.59 135.45   118.32 129.18
2022-08-29   118.60 129.44   118.57 129.42   256.09 266.93   118.03 128.87   123.62 134.46   117.35 128.19
2022-08-30   117.64 128.46   117.61 128.43   255.12 265.94   117.07 127.89   122.65 133.47   116.38 127.21
2022-08-31   116.67 127.47   116.65 127.45   254.16 264.96   116.10 126.90   121.69 132.49   115.42 126.22
2022-09-01   115.71 126.50   115.69 126.47   253.20 263.98   115.14 125.93   120.73 131.51   114.46 125.25
2022-09-02   114.76 125.52   114.73 125.49   252.25 263.01   114.19 124.95   119.77 130.54   113.51 124.27
2022-09-03   113.81 124.55   113.78 124.52   251.29 262.04   113.24 123.98   118.82 129.56   112.55 123.30
2022-09-04   112.86 123.58   112.83 123.55   250.34 261.07   112.29 123.01   117.87 128.60   111.61 122.33
2022-09-05   111.91 122.61   111.88 122.59   249.40 260.10   111.34 122.04   116.93 127.63   110.66 121.36
2022-09-06   110.97 121.65   110.94 121.63   248.45 259.14   110.40 121.08   115.98 126.67   109.72 120.40
2022-09-07   110.03 120.69   110.00 120.67   247.51 258.18   109.46 120.12   115.04 125.71   108.78 119.44
2022-09-08   109.09 119.74   109.06 119.71   246.58 257.23   108.52 119.17   114.11 124.75   107.84 118.49
2022-09-09   108.16 118.78   108.13 118.76   245.64 256.27   107.59 118.21   113.17 123.80   106.91 117.53
2022-09-10   107.22 117.84   107.20 117.81   244.71 255.32   106.65 117.27   112.24 122.85   105.97 116.58
2022-09-11   106.30 116.89   106.27 116.86   243.78 254.38   105.73 116.32   111.31 121.90   105.05 115.64
2022-09-12   105.37 115.95   105.34 115.92   242.86 253.43   104.80 115.38   110.39 120.96   104.12 114.69
2022-09-13   104.45 115.00   104.42 114.98   241.94 252.49   103.88 114.43   109.46 120.02   103.20 113.75
2022-09-14   103.53 114.07   103.50 114.04   241.02 251.55   102.96 113.50   108.54 119.08   102.28 112.82
2022-09-15   102.61 113.13   102.58 113.11   240.10 250.62   102.04 112.56   107.63 118.15   101.36 111.88
2022-09-16   101.69 112.20   101.67 112.17   239.18 249.69   101.12 111.63   106.71 117.22   100.44 110.95
2022-09-17   100.78 111.27   100.76 111.24   238.27 248.76   100.21 110.70   105.80 116.29    99.53 110.02
2022-09-18    99.87 110.34    99.84 110.32   237.36 247.83    99.30 109.77   104.89 115.36    98.62 109.09
2022-09-19    98.96 109.42    98.94 109.39   236.45 246.91    98.39 108.85   103.98 114.44    97.71 108.17
2022-09-20    98.06 108.50    98.03 108.47   235.54 245.99    97.49 107.93   103.07 113.51    96.81 107.25
2022-09-21    97.15 107.58    97.13 107.55   234.64 245.07    96.58 107.01   102.17 112.60    95.90 106.33
2022-09-22    96.25 106.66    96.22 106.64   233.74 244.15    95.68 106.09   101.27 111.68    95.00 105.41
2022-09-23    95.35 105.75    95.32 105.72   232.84 243.24    94.78 105.18   100.37 110.76    94.10 104.50
2022-09-24    94.45 104.84    94.43 104.81   231.94 242.32    93.88 104.27    99.47 109.85    93.20 103.59
2022-09-25    93.56 103.93    93.53 103.90   231.04 241.41    92.99 103.36    98.57 108.94    92.30 102.68
2022-09-26    92.66 103.02    92.63 102.99   230.15 240.51    92.09 102.45    97.68 108.03    91.41 101.77
2022-09-27    91.77 102.11    91.74 102.09   229.25 239.60    91.20 101.54    96.78 107.13    90.52 100.86
2022-09-28    90.88 101.21    90.85 101.18   228.36 238.70    90.31 100.64    95.89 106.22    89.62  99.96
2022-09-29    89.98 100.31    89.96 100.28   227.47 237.79    89.41  99.74    95.00 105.32    88.73  99.06
2022-09-30    89.09  99.41    89.07  99.38   226.58 236.89    88.52  98.84    94.11 104.42    87.84  98.16
2022-10-01    88.21  98.51    88.18  98.48   225.69 235.99    87.64  97.94    93.22 103.52    86.96  97.26
2022-10-02    87.32  97.61    87.29  97.58   224.81 235.10    86.75  97.04    92.33 102.63    86.07  96.36
2022-10-03    86.43  96.71    86.41  96.69   223.92 234.20    85.86  96.14    91.45 101.73    85.18  95.46
2022-10-04    85.55  95.82    85.52  95.79   223.03 233.31    84.98  95.25    90.56 100.83    84.30  94.57
2022-10-05    84.66  94.93    84.64  94.90   222.15 232.41    84.09  94.36    89.68  99.94    83.41  93.68
2022-10-06    83.78  94.03    83.75  94.01   221.27 231.52    83.21  93.46    88.79  99.05    82.53  92.78
2022-10-07    82.90  93.14    82.87  93.12   220.38 230.63    82.33  92.57    87.91  98.16    81.64  91.89
2022-10-08    82.01  92.25    81.99  92.23   219.50 229.74    81.44  91.68    87.03  97.27    80.76  91.00
2022-10-09    81.13  91.36    81.10  91.34   218.62 228.85    80.56  90.79    86.14  96.38    79.88  90.11
2022-10-10    80.25  90.48    80.22  90.45   217.73 227.96    79.68  89.91    85.26  95.49    79.00  89.22
2022-10-11    79.36  89.59    79.34  89.56   216.85 227.08    78.79  89.02    84.38  94.60    78.11  88.34
2022-10-12    78.48  88.70    78.46  88.67   215.97 226.19    77.91  88.13    83.50  93.72    77.23  87.45
2022-10-13    77.60  87.81    77.57  87.79   215.09 225.30    77.03  87.24    82.61  92.83    76.35  86.56
2022-10-14    76.72  86.93    76.69  86.90   214.20 224.41    76.15  86.36    81.73  91.94    75.47  85.68
2022-10-15    75.83  86.04    75.81  86.01   213.32 223.53    75.26  85.47    80.85  91.06    74.58  84.79
2022-10-16    74.95  85.16    74.92  85.13   212.44 222.64    74.38  84.59    79.97  90.17    73.70  83.90
2022-10-17    74.07  84.27    74.04  84.24   211.55 221.76    73.50  83.70    79.08  89.28    72.82  83.02
2022-10-18    73.18  83.38    73.16  83.36   210.67 220.87    72.61  82.81    78.20  88.40    71.93  82.13
2022-10-19    72.30  82.50    72.27  82.47   209.78 219.98    71.73  81.93    77.31  87.51    71.05  81.25
2022-10-20    71.41  81.61    71.38  81.58   208.90 219.10    70.84  81.04    76.43  86.63    70.16  80.36
2022-10-21    70.52  80.72    70.50  80.70   208.01 218.21    69.95  80.15    75.54  85.74    69.27  79.47
2022-10-22    69.64  79.84    69.61  79.81   207.12 217.32    69.07  79.27    74.65  84.85    68.39  78.59
2022-10-23    68.75  78.95    68.72  78.92   206.23 216.44    68.18  78.38    73.76  83.96    67.50  77.70
2022-10-24    67.86  78.06    67.83  78.03   205.34 215.55    67.29  77.49    72.87  83.08    66.61  76.81
2022-10-25    66.96  77.17    66.94  77.15   204.45 214.66    66.39  76.60    71.98  82.19    65.71  75.92
2022-10-26    66.13  76.22    66.11  76.19   203.62 213.71    65.56  75.65    71.15  81.24    64.88  74.97
2022-10-27    65.51  75.06    65.48  75.03   203.00 212.55    64.94  74.49    70.52  80.07    64.26  73.81
2022-10-28    64.88  73.90    64.86  73.87   202.37 211.38    64.31  73.33    69.90  78.91    63.63  72.64
2022-10-29    64.25  72.73    64.23  72.71   201.74 210.22    63.68  72.16    69.27  77.75    63.00  71.48
2022-10-30    63.62  71.57    63.60  71.54   201.11 209.05    63.05  71.00    68.64  76.58    62.37  70.32
2022-10-31    62.99  70.40    62.97  70.37   200.48 207.89    62.42  69.83    68.01  75.42    61.74  69.15
2022-11-01    62.36  69.23    62.33  69.21   199.85 206.72    61.79  68.66    67.37  74.25    61.11  67.98

2023-04-06   262.29 269.57   262.26 269.55    39.78  47.06   261.72 269.00   267.31 274.59   261.04 268.32
2023-04-07   261.14 268.95   261.12 268.93    38.63  46.44   260.57 268.38   266.16 273.97   259.89 267.70
2023-04-08   260.00 268.34   259.97 268.31    37.49  45.83   259.43 267.77   265.01 273.35   258.75 267.09
2023-04-09   258.85 267.73   258.83 267.70    36.34  45.21   258.28 267.16   263.87 272.74   257.60 266.47
2023-04-10   257.71 267.11   257.68 267.09    35.20  44.60   257.14 266.54   262.73 272.13   256.46 265.86
2023-04-11   256.57 266.50   256.54 266.48    34.05  43.99   256.00 265.93   261.58 271.52   255.32 265.25
2023-04-12   255.56 265.76   255.53 265.74    33.04  43.25   254.99 265.19   260.57 270.78   254.30 264.51
2023-04-13   254.68 264.89   254.66 264.86    32.17  42.38   254.11 264.32   259.70 269.90   253.43 263.64
2023-04-14   253.81 264.01   253.78 263.99    31.30  41.50   253.24 263.44   258.82 269.03   252.56 262.76
2023-04-15   252.94 263.14   252.91 263.11    30.42  40.63   252.37 262.57   257.95 268.15   251.69 261.89
2023-04-16   252.07 262.27   252.04 262.24    29.55  39.75   251.50 261.70   257.08 267.28   250.81 261.02
2023-04-17   251.19 261.39   251.17 261.37    28.68  38.88   250.62 260.82   256.21 266.41   249.94 260.14
2023-04-18   250.32 260.52   250.30 260.50    27.81  38.01   249.75 259.95   255.34 265.54   249.07 259.27
2023-04-19   249.45 259.65   249.42 259.62    26.94  37.14   248.88 259.08   254.47 264.67   248.20 258.40
2023-04-20   248.58 258.78   248.55 258.75    26.07  36.27   248.01 258.21   253.59 263.80   247.33 257.53
2023-04-21   247.71 257.91   247.68 257.88    25.19  35.40   247.14 257.34   252.72 262.93   246.46 256.66
2023-04-22   246.83 257.04   246.81 257.01    24.32  34.53   246.26 256.47   251.85 262.06   245.58 255.79
2023-04-23   245.96 256.17   245.94 256.15    23.45  33.66   245.39 255.60   250.98 261.19   244.71 254.92
2023-04-24   245.09 255.30   245.06 255.28    22.58  32.79   244.52 254.73   250.10 260.32   243.84 254.05
2023-04-25   244.22 254.43   244.19 254.41    21.70  31.92   243.65 253.86   249.23 259.45   242.96 253.18
2023-04-26   243.34 253.56   243.31 253.54    20.83  31.05   242.77 252.99   248.36 258.58   242.09 252.31
2023-04-27   242.47 252.69   242.44 252.67    19.95  30.18   241.90 252.12   247.48 257.71   241.22 251.44
2023-04-28   241.59 251.82   241.56 251.80    19.08  29.31   241.02 251.25   246.61 256.84   240.34 250.57
2023-04-29   240.71 250.95   240.69 250.92    18.20  28.44   240.14 250.38   245.73 255.97   239.46 249.70
2023-04-30   239.83 250.08   239.81 250.05    17.32  27.57   239.26 249.51   244.85 255.09   238.58 248.83
2023-05-01   238.96 249.21   238.93 249.18    16.44  26.70   238.39 248.64   243.97 254.22   237.70 247.96
2023-05-02   238.07 248.33   238.05 248.31    15.56  25.82   237.50 247.76   243.09 253.35   236.82 247.08
2023-05-03   237.19 247.46   237.17 247.43    14.68  24.95   236.62 246.89   242.21 252.48   235.94 246.21
2023-05-04   236.31 246.59   236.28 246.56    13.80  24.07   235.74 246.02   241.32 251.60   235.06 245.34
2023-05-05   235.42 245.71   235.40 245.68    12.91  23.20   234.85 245.14   240.44 250.73   234.17 244.46
2023-05-06   234.54 244.83   234.51 244.81    12.02  22.32   233.97 244.26   239.55 249.85   233.29 243.58
2023-05-07   233.65 243.95   233.62 243.93    11.13  21.44   233.08 243.38   238.66 248.97   232.40 242.70
2023-05-08   232.76 243.07   232.73 243.05    10.24  20.56   232.19 242.50   237.77 248.09   231.51 241.82
2023-05-09   231.86 242.19   231.84 242.17     9.35  19.68   231.29 241.62   236.88 247.21   230.61 240.94
2023-05-10   230.97 241.31   230.94 241.28     8.46  18.80   230.40 240.74   235.98 246.33   229.72 240.06
2023-05-11   230.07 240.43   230.05 240.40     7.56  17.91   229.50 239.86   235.09 245.44   228.82 239.18
2023-05-12   229.17 239.54   229.15 239.51     6.66  17.03   228.60 238.97   234.19 244.55   227.92 238.29
2023-05-13   228.27 238.65   228.25 238.62     5.76  16.14   227.70 238.08   233.29 243.67   227.02 237.40
2023-05-14   227.37 237.76   227.34 237.73     4.86  15.25   226.80 237.19   232.38 242.78   226.12 236.51
2023-05-15   226.46 236.87   226.44 236.84     3.95  14.36   225.89 236.30   231.48 241.88   225.21 235.62
2023-05-16   225.55 235.97   225.53 235.95     3.04  13.46   224.98 235.40   230.57 240.99   224.30 234.72
2023-05-17   224.64 235.08   224.61 235.05     2.13  12.57   224.07 234.51   229.66 240.09   223.39 233.83
2023-05-18   223.73 234.18   223.70 234.15     1.21  11.67   223.16 233.61   228.74 239.19   222.48 232.93
2023-05-19   222.81 233.28   222.78 233.25     0.30  10.77   222.24 232.71   227.83 238.29   221.56 232.03
2023-05-20   221.89 232.37   221.86 232.35   359.38   9.86   221.32 231.80   226.91 237.39   220.64 231.12
2023-05-21   220.97 231.47   220.94 231.44   358.45   8.95   220.40 230.90   225.98 236.48   219.72 230.22
2023-05-22   220.04 230.56   220.02 230.53   357.53   8.05   219.47 229.99   225.06 235.57   218.79 229.31
2023-05-23   219.11 229.65   219.09 229.62   356.60   7.13   218.54 229.08   224.13 234.66   217.86 228.40
2023-05-24   218.18 228.73   218.15 228.71   355.67   6.22   217.61 228.16   223.20 233.75   216.93 227.48
2023-05-25   217.25 227.81   217.22 227.79   354.73   5.30   216.68 227.24   222.26 232.83   216.00 226.56
2023-05-26   216.31 226.89   216.28 226.87   353.80   4.38   215.74 226.32   221.32 231.91   215.06 225.64
2023-05-27   215.37 225.97   215.34 225.94   352.85   3.46   214.80 225.40   220.38 230.99   214.12 224.72
2023-05-28   214.42 225.04   214.39 225.02   351.91   2.53   213.85 224.47   219.44 230.06   213.17 223.79
2023-05-29   213.47 224.11   213.45 224.09   350.96   1.60   212.90 223.54   218.49 229.13   212.22 222.86
2023-05-30   212.52 223.18   212.49 223.16   350.01   0.67   211.95 222.61   217.54 228.20   211.27 221.93
2023-05-31   211.57 222.25   211.54 222.22   349.05 359.73   211.00 221.68   216.58 227.26   210.32 221.00
2023-06-01   210.61 221.31   210.58 221.28   348.10 358.79   210.04 220.74   215.62 226.32   209.36 220.06
2023-06-02   209.65 220.36   209.62 220.34   347.13 357.85   209.08 219.79   214.66 225.38   208.39 219.11
2023-06-03   208.68 219.42   208.65 219.39   346.17 356.91   208.11 218.85   213.70 224.43   207.43 218.17
2023-06-04   207.71 218.47   207.68 218.44   345.20 355.96   207.14 217.90   212.73 223.48   206.46 217.22
2023-06-05   206.74 217.51   206.71 217.49   344.23 355.00   206.17 216.94   211.75 222.53   205.49 216.26
2023-06-06   205.76 216.56   205.74 216.53   343.25 354.05   205.19 215.99   210.78 221.57   204.51 215.31
2023-06-07   204.78 215.60   204.76 215.57   342.27 353.09   204.21 215.03   209.80 220.61   203.53 214.35
2023-06-08   203.80 214.63   203.77 214.61   341.29 352.12   203.23 214.06   208.81 219.65   202.55 213.38
2023-06-09   202.81 213.67   202.79 213.64   340.30 351.15   202.24 213.10   207.83 218.68   201.56 212.42
2023-06-10   201.82 212.70   201.79 212.67   339.31 350.18   201.25 212.13   206.84 217.71   200.57 211.45
2023-06-11   200.83 211.72   200.80 211.70   338.31 349.21   200.26 211.15   205.84 216.74   199.58 210.47
2023-06-12   199.83 210.74   199.80 210.72   337.32 348.23   199.26 210.17   204.84 215.76   198.58 209.49
2023-06-13   198.83 209.76   198.80 209.74   336.32 347.25   198.26 209.19   203.84 214.78   197.58 208.51
2023-06-14   197.82 208.78   197.80 208.75   335.31 346.26   197.25 208.21   202.84 213.79   196.57 207.53
2023-06-15   196.81 207.79   196.79 207.76   334.30 345.27   196.24 207.22   201.83 212.80   195.56 206.54
2023-06-16   195.80 206.79   195.78 206.77   333.29 344.28   195.23 206.22   200.82 211.81   194.55 205.54
2023-06-17   194.79 205.80   194.76 205.77   332.28 343.29   194.22 205.23   199.80 210.81   193.54 204.55
2023-06-18   193.77 204.80   193.74 204.77   331.26 342.29   193.20 204.23   198.78 209.81   192.52 203.55
2023-06-19   192.75 203.79   192.72 203.77   330.24 341.28   192.18 203.22   197.76 208.81   191.50 202.54
2023-06-20   191.72 202.79   191.70 202.76   329.21 340.27   191.15 202.22   196.74 207.80   190.47 201.54
2023-06-21   190.69 201.78   190.67 201.75   328.18 339.26   190.12 201.21   195.71 206.79   189.44 200.53
2023-06-22   189.66 200.76   189.64 200.74   327.15 338.25   189.09 200.19   194.68 205.78   188.41 199.51
2023-06-23   188.63 199.75   188.60 199.72   326.12 337.23   188.06 199.18   193.64 204.76   187.38 198.50
2023-06-24   187.59 198.73   187.57 198.70   325.08 336.21   187.02 198.16   192.61 203.74   186.34 197.47
2023-06-25   186.55 197.70   186.53 197.67   324.04 335.19   185.98 197.13   191.57 202.72   185.30 196.45
2023-06-26   185.51 196.67   185.48 196.65   323.00 334.16   184.94 196.10   190.52 201.69   184.26 195.42
2023-06-27   184.46 195.64   184.44 195.62   321.95 333.13   183.89 195.07   189.48 200.66   183.21 194.39
2023-06-28   183.42 194.61   183.39 194.58   320.90 332.10   182.85 194.04   188.43 199.63   182.16 193.36
2023-06-29   182.37 193.57   182.34 193.55   319.85 331.06   181.80 193.00   187.38 198.59   181.11 192.32
2023-06-30   181.31 192.54   181.29 192.51   318.80 330.02   180.74 191.97   186.33 197.55   180.06 191.28
2023-07-01   180.26 191.49   180.23 191.47   317.75 328.98   179.69 190.92   185.27 196.51   179.01 190.24
2023-07-02   179.20 190.45   179.17 190.42   316.69 327.94   178.63 189.88   184.22 195.46   177.95 189.20
2023-07-03   178.14 189.40   178.12 189.38   315.63 326.89   177.57 188.83   183.16 194.42   176.89 188.15
2023-07-04   177.08 188.35   177.05 188.33   314.57 325.84   176.51 187.78   182.10 193.37   175.83 187.10
2023-07-05   176.02 187.30   175.99 187.27   313.51 324.79   175.45 186.73   181.03 192.32   174.77 186.05
2023-07-06   174.95 186.25   174.93 186.22   312.44 323.73   174.38 185.68   179.97 191.26   173.70 185.00
2023-07-07   173.89 185.19   173.86 185.16   311.38 322.68   173.32 184.62   178.90 190.21   172.64 183.94
2023-07-08   172.82 184.13   172.80 184.11   310.31 321.62   172.25 183.56   177.84 189.15   171.57 182.88
2023-07-09   171.75 183.07   171.73 183.05   309.24 320.56   171.18 182.50   176.77 188.09   170.50 181.82
2023-07-10   170.69 182.01   170.66 181.99   308.17 319.50   170.12 181.44   175.70 187.03   169.44 180.76
2023-07-11   169.62 180.95   169.59 180.92   307.10 318.44   169.05 180.38   174.63 185.96   168.37 179.70
2023-07-12   168.55 179.88   168.52 179.86   306.03 317.37   167.98 179.31   173.56 184.90   167.30 178.63
2023-07-13   167.48 178.82   167.45 178.79   304.96 316.31   166.91 178.25   172.49 183.83   166.22 177.57
2023-07-14   166.40 177.75   166.38 177.72   303.89 315.24   165.83 177.18   171.42 182.77   165.15 176.50
2023-07-15   165.33 176.68   165.31 176.66   302.82 314.17   164.76 176.11   170.35 181.70   164.08 175.43
2023-07-16   164.26 175.61   164.23 175.59   301.75 313.10   163.69 175.04   169.28 180.63   163.01 174.36
2023-07-17   163.19 174.55   163.16 174.52   300.68 312.03   162.62 173.98   168.20 179.56   161.94 173.29
2023-07-18   162.12 173.48   162.09 173.45   299.61 310.96   161.55 172.91   167.13 178.49   160.87 172.22
2023-07-19   161.05 172.40   161.02 172.38   298.53 309.89   160.48 171.83   166.06 177.42   159.80 171.15
2023-07-20   159.98 171.33   159.95 171.31   297.46 308.82   159.41 170.76   164.99 176.35   158.73 170.08
2023-07-21   158.91 170.26   158.88 170.24   296.39 307.75   158.34 169.69   163.92 175.28   157.66 169.01
2023-07-22   157.84 169.19   157.81 169.17   295.33 306.68   157.27 168.62   162.85 174.21   156.59 167.94
2023-07-23   156.77 168.12   156.74 168.10   294.26 305.61   156.20 167.55   161.79 173.14   155.52 166.87
2023-07-24   155.70 167.05   155.68 167.02   293.19 304.54   155.13 166.48   160.72 172.07   154.45 165.80
2023-07-25   154.64 165.98   154.61 165.96   292.13 303.47   154.07 165.41   159.65 171.00   153.39 164.73
2023-07-26   153.57 164.91   153.55 164.89   291.06 302.40   153.00 164.34   158.59 169.93   152.32 163.66
2023-07-27   152.51 163.84   152.48 163.82   290.00 301.33   151.94 163.27   157.53 168.86   151.26 162.59
2023-07-28   151.45 162.78   151.42 162.75   288.94 300.26   150.88 162.21   156.46 167.79   150.20 161.53
2023-07-29   150.39 161.71   150.36 161.68   287.88 299.20   149.82 161.14   155.41 166.72   149.14 160.46
2023-07-30   149.33 160.64   149.31 160.62   286.82 298.13   148.76 160.07   154.35 165.66   148.08 159.39
2023-07-31   148.28 159.58   148.25 159.55   285.76 297.07   147.71 159.01   153.29 164.60   147.03 158.33
2023-08-01   147.22 158.52   147.20 158.49   284.71 296.00   146.65 157.95   152.24 163.53   145.97 157.27
2023-08-02   146.17 157.46   146.15 157.43   283.66 294.94   145.60 156.89   151.19 162.47   144.92 156.20
2023-08-03   145.12 156.40   145.10 156.37   282.61 293.88   144.55 155.83   150.14 161.41   143.87 155.15
2023-08-04   144.08 155.34   144.05 155.31   281.56 292.83   143.51 154.77   149.09 160.35   142.83 154.09
2023-08-05   143.03 154.28   143.01 154.26   280.52 291.77   142.46 153.71   148.05 159.30   141.78 153.03
2023-08-06   141.99 153.23   141.96 153.20   279.48 290.72   141.42 152.66   147.01 158.24   140.74 151.98
2023-08-07   140.95 152.18   140.92 152.15   278.44 289.66   140.38 151.61   145.97 157.19   139.70 150.93
2023-08-08   139.91 151.13   139.89 151.10   277.40 288.61   139.34 150.56   144.93 156.14   138.66 149.88
2023-08-09   138.88 150.08   138.85 150.05   276.37 287.57   138.31 149.51   143.90 155.09   137.63 148.83
2023-08-10   137.85 149.03   137.82 149.01   275.34 286.52   137.28 148.46   142.87 154.05   136.60 147.78
2023-08-11   136.82 147.99   136.80 147.97   274.31 285.48   136.25 147.42   141.84 153.01   135.57 146.74
2023-08-12   135.80 146.95   135.77 146.93   273.29 284.44   135.23 146.38   140.81 151.97   134.55 145.70
2023-08-13   134.78 145.91   134.75 145.89   272.26 283.40   134.21 145.34   139.79 150.93   133.53 144.66
2023-08-14   133.76 144.88   133.73 144.85   271.25 282.37   133.19 144.31   138.77 149.90   132.51 143.63
2023-08-15   132.74 143.85   132.72 143.82   270.23 281.34   132.17 143.28   137.76 148.86   131.49 142.60
2023-08-16   131.73 142.82   131.71 142.79   269.22 280.31   131.16 142.25   136.75 147.83   130.48 141.57
2023-08-17   130.72 141.79   130.70 141.77   268.21 279.28   130.15 141.22   135.74 146.81   129.47 140.54
2023-08-18   129.72 140.77   129.69 140.74   267.21 278.26   129.15 140.20   134.73 145.79   128.47 139.52
2023-08-19   128.72 139.75   128.69 139.72   266.20 277.24   128.15 139.18   133.73 144.77   127.46 138.50
2023-08-20   127.72 138.73   127.69 138.71   265.20 276.22   127.15 138.16   132.73 143.75   126.47 137.48
2023-08-21   126.72 137.72   126.70 137.69   264.21 275.21   126.15 137.15   131.74 142.73   125.47 136.47
2023-08-22   125.73 136.71   125.70 136.68   263.22 274.20   125.16 136.14   130.74 141.72   124.48 135.46
2023-08-23   124.74 135.70   124.71 135.68   262.23 273.19   124.17 135.13   129.76 140.72   123.49 134.45
2023-08-24   123.76 134.70   123.73 134.67   261.24 272.18   123.19 134.13   128.77 139.71   122.50 133.45
2023-08-25   122.77 133.70   122.75 133.67   260.26 271.18   122.20 133.13   127.79 138.71   121.52 132.45
2023-08-26   121.80 132.70   121.77 132.67   259.28 270.19   121.23 132.13   126.81 137.71   120.54 131.45
2023-08-27   120.82 131.70   120.79 131.68   258.31 269.19   120.25 131.13   125.84 136.72   119.57 130.45
2023-08-28   119.85 130.71   119.82 130.69   257.34 268.20   119.28 130.14   124.86 135.73   118.60 129.46
2023-08-29   118.88 129.73   118.85 129.70   256.37 267.21   118.31 129.16   123.90 134.74   117.63 128.47
2023-08-30   117.92 128.74   117.89 128.71   255.40 266.23   117.35 128.17   122.93 133.76   116.66 127.49
2023-08-31   116.95 127.76   116.93 127.73   254.44 265.25   116.38 127.19   121.97 132.77   115.70 126.51
2023-09-01   116.00 126.78   115.97 126.75   253.48 264.27   115.43 126.21   121.01 131.80   114.74 125.53
2023-09-02   115.04 125.81   115.01 125.78   252.53 263.29   114.47 125.24   120.05 130.82   113.79 124.56
2023-09-03   114.09 124.84   114.06 124.81   251.58 262.32   113.52 124.27   119.10 129.85   112.84 123.58
2023-09-04   113.14 123.87   113.11 123.84   250.63 261.35   112.57 123.30   118.15 128.88   111.89 122.62
2023-09-05   112.19 122.90   112.17 122.88   249.68 260.39   111.62 122.33   117.21 127.92   110.94 121.65
2023-09-06   111.25 121.94   111.22 121.91   248.74 259.43   110.68 121.37   116.27 126.96   110.00 120.69
2023-09-07   110.31 120.98   110.28 120.96   247.80 258.47   109.74 120.41   115.33 126.00   109.06 119.73
2023-09-08   109.37 120.03   109.35 120.00   246.86 257.51   108.80 119.46   114.39 125.04   108.12 118.78
2023-09-09   108.44 119.07   108.41 119.05   245.93 256.56   107.87 118.50   113.46 124.09   107.19 117.82
2023-09-10   107.51 118.12   107.48 118.10   245.00 255.61   106.94 117.55   112.52 123.14   106.26 116.87
2023-09-11   106.58 117.18   106.55 117.15   244.07 254.67   106.01 116.61   111.60 122.19   105.33 115.93
2023-09-12   105.66 116.23   105.63 116.21   243.14 253.72   105.09 115.66   110.67 121.25   104.40 114.98
2023-09-13   104.73 115.29   104.71 115.27   242.22 252.78   104.16 114.72   109.75 120.31   103.48 114.04
2023-09-14   103.81 114.36   103.79 114.33   241.30 251.84   103.24 113.79   108.83 119.37   102.56 113.11
2023-09-15   102.89 113.42   102.87 113.40   240.38 250.91   102.32 112.85   107.91 118.44   101.64 112.17
2023-09-16   101.98 112.49   101.95 112.46   239.47 249.98   101.41 111.92   106.99 117.50   100.73 111.24
2023-09-17   101.07 111.56   101.04 111.53   238.55 249.05   100.50 110.99   106.08 116.58    99.82 110.31
2023-09-18   100.16 110.63   100.13 110.61   237.64 248.12    99.59 110.06   105.17 115.65    98.90 109.38
2023-09-19    99.25 109.71    99.22 109.68   236.73 247.20    98.68 109.14   104.26 114.72    98.00 108.46
2023-09-20    98.34 108.79    98.31 108.76   235.83 246.27    97.77 108.22   103.36 113.80    97.09 107.54
2023-09-21    97.44 107.87    97.41 107.84   234.92 245.36    96.87 107.30   102.45 112.88    96.19 106.62
2023-09-22    96.53 106.95    96.51 106.92   234.02 244.44    95.96 106.38   101.55 111.97    95.28 105.70
2023-09-23    95.63 106.04    95.61 106.01   233.12 243.52    95.06 105.47   100.65 111.05    94.38 104.79
2023-09-24    94.74 105.12    94.71 105.10   232.22 242.61    94.17 104.55    99.75 110.14    93.48 103.87
2023-09-25    93.84 104.21    93.81 104.19   231.33 241.70    93.27 103.64    98.85 109.23    92.59 102.96
2023-09-26    92.94 103.31    92.92 103.28   230.43 240.79    92.37 102.74    97.96 108.32    91.69 102.05
2023-09-27    92.05 102.40    92.02 102.37   229.54 239.89    91.48 101.83    97.06 107.41    90.80 101.15
2023-09-28    91.16 101.49    91.13 101.47   228.64 238.98    90.59 100.92    96.17 106.51    89.91 100.24
2023-09-29    90.27 100.59    90.24 100.56   227.75 238.08    89.70 100.02    95.28 105.61    89.01  99.34
2023-09-30    89.38  99.69    89.35  99.66   226.86 237.18    88.81  99.12    94.39 104.71    88.12  98.44
2023-10-01    88.49  98.79    88.46  98.76   225.97 236.28    87.92  98.22    93.50 103.81    87.24  97.54
2023-10-02    87.60  97.89    87.57  97.87   225.09 235.38    87.03  97.32    92.61 102.91    86.35  96.64
2023-10-03    86.71  97.00    86.69  96.97   224.20 234.48    86.14  96.43    91.73 102.01    85.46  95.75
2023-10-04    85.83  96.10    85.80  96.07   223.31 233.59    85.26  95.53    90.84 101.12    84.58  94.85
2023-10-05    84.94  95.21    84.91  95.18   222.43 232.69    84.37  94.64    89.96 100.22    83.69  93.96
2023-10-06    84.06  94.31    84.03  94.29   221.54 231.80    83.49  93.74    89.07  99.33    82.81  93.06
2023-10-07    83.17  93.42    83.15  93.40   220.66 230.91    82.60  92.85    88.19  98.44    81.92  92.17
2023-10-08    82.29  92.53    82.26  92.50   219.78 230.02    81.72  91.96    87.30  97.55    81.04  91.28
2023-10-09    81.40  91.64    81.38  91.61   218.89 229.13    80.83  91.07    86.42  96.66    80.15  90.39
2023-10-10    80.52  90.75    80.49  90.72   218.01 228.24    79.95  90.18    85.54  95.77    79.27  89.50
2023-10-11    79.64  89.86    79.61  89.84   217.13 227.35    79.07  89.29    84.65  94.88    78.39  88.61
2023-10-12    78.75  88.97    78.73  88.95   216.24 226.46    78.18  88.40    83.77  93.99    77.50  87.72
2023-10-13    77.87  88.09    77.84  88.06   215.36 225.57    77.30  87.52    82.89  93.10    76.62  86.84
2023-10-14    76.99  87.20    76.96  87.17   214.48 224.69    76.42  86.63    82.00  92.21    75.74  85.95
2023-10-15    76.10  86.31    76.08  86.29   213.59 223.80    75.53  85.74    81.12  91.33    74.85  85.06
2023-10-16    75.22  85.43    75.19  85.40   212.71 222.91    74.65  84.86    80.24  90.44    73.97  84.17
2023-10-17    74.34  84.54    74.31  84.51   211.82 222.03    73.77  83.97    79.35  89.55    73.08  83.29
2023-10-18    73.45  83.65    73.42  83.62   210.94 221.14    72.88  83.08    78.46  88.67    72.20  82.40
2023-10-19    72.56  82.76    72.54  82.74   210.05 220.25    71.99  82.19    77.58  87.78    71.31  81.51
2023-10-20    71.68  81.88    71.65  81.85   209.16 219.36    71.11  81.31    76.69  86.89    70.43  80.63
2023-10-21    70.79  80.99    70.76  80.96   208.28 218.48    70.22  80.42    75.80  86.00    69.54  79.74
2023-10-22    69.90  80.10    69.87  80.07   207.39 217.59    69.33  79.53    74.91  85.12    68.65  78.85
2023-10-23    69.01  79.21    68.98  79.19   206.50 216.70    68.44  78.64    74.02  84.23    67.76  77.96
2023-10-24    68.12  78.32    68.09  78.30   205.61 215.81    67.55  77.75    73.13  83.34    66.87  77.07
2023-10-25    67.23  77.43    67.20  77.41   204.71 214.92    66.66  76.86    72.24  82.45    65.97  76.18
2023-10-26    66.33  76.54    66.30  76.51   203.82 214.03    65.76  75.97    71.35  81.56    65.08  75.29
2023-10-27    65.68  75.40    65.66  75.37   203.17 212.89    65.11  74.83    70.70  80.42    64.43  74.15
2023-10-28    65.06  74.24    65.03  74.21   202.54 211.72    64.49  73.67    70.07  79.25    63.80  72.99
2023-10-29    64.43  73.07    64.40  73.04   201.91 210.56    63.86  72.50    69.44  78.09    63.18  71.82
2023-10-30    63.80  71.90    63.77  71.88   201.28 209.39    63.23  71.33    68.81  76.92    62.55  70.65
2023-10-31    63.16  70.74    63.14  70.71   200.65 208.22    62.59  70.17    68.18  75.75    61.91  69.49
2023-11-01    62.53  69.57    62.50  69.54   200.01 207.06    61.96  69.00    67.54  74.58    61.28  68.32
