
       Target
                ecliptic
RA      Dec     latitude
291.282  46.966  67.455

Checked interval [2020-01-01, 2023-12-31]
|           Window [days]                 |    Normal V3 PA [deg]    |
   Start           End         Duration         Start         End         RA            Dec     
 2020-04-16      2020-11-16       214.00     260.04436      54.73455     291.28203      46.96595 
 2021-04-16      2021-11-16       213.90     260.23090      54.98502     291.28203      46.96595 
 2022-04-17      2022-11-16       213.00     259.69008      55.22717     291.28203      46.96595 
 2023-04-17      2023-11-17       214.00     259.96652      54.52021     291.28203      46.96595 


                V3PA          NIRCam           NIRSpec         NIRISS           MIRI          FGS
   Date      min    max      min    max       min    max     min    max      min    max      min    max

2020-04-17   256.47 263.43   256.45 263.41    33.96  40.92   255.90 262.86   261.49 268.45   255.22 262.18
2020-04-18   255.35 262.76   255.32 262.74    32.83  40.25   254.78 262.19   260.36 267.78   254.09 261.51
2020-04-19   254.22 262.09   254.19 262.06    31.71  39.58   253.65 261.52   259.23 267.11   252.97 260.84
2020-04-20   253.09 261.42   253.06 261.40    30.58  38.91   252.52 260.85   258.11 266.44   251.84 260.17
2020-04-21   251.97 260.76   251.94 260.73    29.45  38.24   251.40 260.19   256.98 265.77   250.71 259.51
2020-04-22   250.84 260.09   250.81 260.06    28.33  37.58   250.27 259.52   255.86 265.11   249.59 258.84
2020-04-23   249.71 259.43   249.69 259.40    27.20  36.91   249.14 258.86   254.73 264.44   248.46 258.18
2020-04-24   248.59 258.77   248.56 258.74    26.08  36.25   248.02 258.20   253.61 263.78   247.34 257.52
2020-04-25   247.68 257.89   247.66 257.86    25.17  35.38   247.11 257.32   252.70 262.90   246.43 256.64
2020-04-26   246.79 257.00   246.77 256.97    24.28  34.48   246.22 256.43   251.81 262.01   245.54 255.75
2020-04-27   245.90 256.11   245.88 256.08    23.39  33.59   245.33 255.54   250.92 261.12   244.65 254.85
2020-04-28   245.01 255.22   244.99 255.19    22.50  32.70   244.44 254.65   250.03 260.23   243.76 253.96
2020-04-29   244.12 254.33   244.10 254.30    21.61  31.81   243.55 253.76   249.14 259.34   242.87 253.07
2020-04-30   243.24 253.44   243.21 253.41    20.72  30.92   242.67 252.87   248.25 258.45   241.99 252.19
2020-05-01   242.35 252.55   242.32 252.52    19.84  30.04   241.78 251.98   247.36 257.56   241.10 251.30
2020-05-02   241.46 251.66   241.43 251.63    18.95  29.15   240.89 251.09   246.47 256.67   240.21 250.41
2020-05-03   240.57 250.77   240.54 250.75    18.06  28.26   240.00 250.20   245.59 255.79   239.32 249.52
2020-05-04   239.68 249.88   239.66 249.86    17.17  27.37   239.11 249.31   244.70 254.90   238.43 248.63
2020-05-05   238.79 249.00   238.77 248.97    16.28  26.49   238.22 248.43   243.81 254.01   237.54 247.75
2020-05-06   237.91 248.11   237.88 248.08    15.39  25.60   237.34 247.54   242.92 253.13   236.65 246.86
2020-05-07   237.02 247.22   236.99 247.20    14.50  24.71   236.45 246.65   242.03 252.24   235.77 245.97
2020-05-08   236.13 246.34   236.10 246.31    13.61  23.83   235.56 245.77   241.14 251.35   234.88 245.09
2020-05-09   235.24 245.45   235.21 245.43    12.72  22.94   234.67 244.88   240.25 250.47   233.99 244.20
2020-05-10   234.35 244.56   234.32 244.54    11.83  22.05   233.78 243.99   239.36 249.58   233.10 243.31
2020-05-11   233.46 243.68   233.43 243.65    10.94  21.17   232.89 243.11   238.47 248.69   232.20 242.43
2020-05-12   232.56 242.79   232.54 242.76    10.05  20.28   231.99 242.22   237.58 247.81   231.31 241.54
2020-05-13   231.67 241.90   231.64 241.88     9.16  19.39   231.10 241.33   236.69 246.92   230.42 240.65
2020-05-14   230.78 241.01   230.75 240.99     8.26  18.50   230.21 240.44   235.79 246.03   229.53 239.76
2020-05-15   229.88 240.13   229.86 240.10     7.37  17.61   229.31 239.56   234.90 245.14   228.63 238.87
2020-05-16   228.99 239.24   228.96 239.21     6.47  16.72   228.42 238.67   234.00 244.25   227.74 237.98
2020-05-17   228.09 238.35   228.06 238.32     5.58  15.83   227.52 237.78   233.11 243.36   226.84 237.09
2020-05-18   227.19 237.45   227.17 237.43     4.68  14.94   226.62 236.88   232.21 242.47   225.94 236.20
2020-05-19   226.29 236.56   226.27 236.54     3.78  14.05   225.72 235.99   231.31 241.58   225.04 235.31
2020-05-20   225.39 235.67   225.37 235.64     2.88  13.16   224.82 235.10   230.41 240.68   224.14 234.42
2020-05-21   224.49 234.77   224.46 234.75     1.98  12.26   223.92 234.20   229.51 239.79   223.24 233.52
2020-05-22   223.59 233.88   223.56 233.85     1.07  11.37   223.02 233.31   228.60 238.89   222.34 232.63
2020-05-23   222.68 232.98   222.65 232.96     0.17  10.47   222.11 232.41   227.70 238.00   221.43 231.73
2020-05-24   221.77 232.09   221.75 232.06   359.26   9.57   221.20 231.52   226.79 237.10   220.52 230.83
2020-05-25   220.87 231.19   220.84 231.16   358.35   8.67   220.30 230.62   225.88 236.20   219.61 229.94
2020-05-26   219.96 230.29   219.93 230.26   357.44   7.77   219.39 229.72   224.97 235.30   218.70 229.03
2020-05-27   219.04 229.38   219.02 229.36   356.53   6.87   218.47 228.81   224.06 234.40   217.79 228.13
2020-05-28   218.13 228.48   218.10 228.45   355.62   5.97   217.56 227.91   223.14 233.49   216.88 227.23
2020-05-29   217.21 227.57   217.19 227.55   354.70   5.06   216.64 227.00   222.23 232.59   215.96 226.32
2020-05-30   216.29 226.67   216.27 226.64   353.78   4.15   215.72 226.10   221.31 231.68   215.04 225.42
2020-05-31   215.37 225.76   215.35 225.73   352.86   3.25   214.80 225.19   220.39 230.77   214.12 224.51
2020-06-01   214.45 224.85   214.43 224.82   351.94   2.33   213.88 224.28   219.47 229.86   213.20 223.60
2020-06-02   213.53 223.93   213.50 223.91   351.01   1.42   212.96 223.36   218.54 228.95   212.28 222.68
2020-06-03   212.60 223.02   212.57 222.99   350.09   0.51   212.03 222.45   217.62 228.03   211.35 221.77
2020-06-04   211.67 222.10   211.64 222.08   349.16 359.59   211.10 221.53   216.69 227.12   210.42 220.85
2020-06-05   210.74 221.18   210.71 221.16   348.23 358.67   210.17 220.61   215.75 226.20   209.49 219.93
2020-06-06   209.81 220.26   209.78 220.24   347.29 357.75   209.24 219.69   214.82 225.28   208.55 219.01
2020-06-07   208.87 219.34   208.84 219.31   346.36 356.83   208.30 218.77   213.88 224.35   207.62 218.09
2020-06-08   207.93 218.41   207.90 218.39   345.42 355.90   207.36 217.84   212.95 223.43   206.68 217.16
2020-06-09   206.99 217.48   206.96 217.46   344.48 354.97   206.42 216.91   212.00 222.50   205.74 216.23
2020-06-10   206.04 216.55   206.02 216.53   343.53 354.04   205.47 215.98   211.06 221.57   204.79 215.30
2020-06-11   205.10 215.62   205.07 215.59   342.59 353.11   204.53 215.05   210.11 220.64   203.85 214.37
2020-06-12   204.15 214.69   204.12 214.66   341.64 352.17   203.58 214.12   209.16 219.70   202.90 213.44
2020-06-13   203.20 213.75   203.17 213.72   340.68 351.24   202.63 213.18   208.21 218.76   201.95 212.50
2020-06-14   202.24 212.81   202.22 212.78   339.73 350.29   201.67 212.24   207.26 217.82   200.99 211.56
2020-06-15   201.29 211.86   201.26 211.84   338.77 349.35   200.72 211.29   206.30 216.88   200.03 210.61
2020-06-16   200.33 210.92   200.30 210.89   337.81 348.41   199.76 210.35   205.34 215.93   199.07 209.67
2020-06-17   199.36 209.97   199.34 209.94   336.85 347.46   198.79 209.40   204.38 214.99   198.11 208.72
2020-06-18   198.40 209.02   198.37 208.99   335.88 346.51   197.83 208.45   203.41 214.03   197.15 207.77
2020-06-19   197.43 208.06   197.40 208.04   334.92 345.55   196.86 207.49   202.44 213.08   196.18 206.81
2020-06-20   196.46 207.11   196.43 207.08   333.94 344.60   195.89 206.54   201.47 212.12   195.21 205.86
2020-06-21   195.48 206.15   195.46 206.12   332.97 343.64   194.91 205.58   200.50 211.16   194.23 204.90
2020-06-22   194.51 205.19   194.48 205.16   331.99 342.67   193.94 204.62   199.52 210.20   193.26 203.94
2020-06-23   193.53 204.22   193.50 204.19   331.01 341.71   192.96 203.65   198.54 209.24   192.28 202.97
2020-06-24   192.54 203.25   192.52 203.23   330.03 340.74   191.97 202.68   197.56 208.27   191.29 202.00
2020-06-25   191.56 202.28   191.53 202.26   329.05 339.77   190.99 201.71   196.57 207.30   190.31 201.03
2020-06-26   190.57 201.31   190.55 201.28   328.06 338.80   190.00 200.74   195.59 206.32   189.32 200.06
2020-06-27   189.58 200.33   189.55 200.31   327.07 337.82   189.01 199.76   194.60 205.35   188.33 199.08
2020-06-28   188.59 199.35   188.56 199.33   326.08 336.84   188.02 198.78   193.60 204.37   187.34 198.10
2020-06-29   187.59 198.37   187.57 198.34   325.08 335.86   187.02 197.80   192.61 203.39   186.34 197.12
2020-06-30   186.59 197.39   186.57 197.36   324.08 334.87   186.02 196.82   191.61 202.40   185.34 196.14
2020-07-01   185.59 196.40   185.57 196.37   323.08 333.89   185.02 195.83   190.61 201.41   184.34 195.15
2020-07-02   184.59 195.41   184.56 195.38   322.08 332.90   184.02 194.84   189.60 200.42   183.34 194.16
2020-07-03   183.58 194.41   183.56 194.39   321.07 331.90   183.01 193.84   188.60 199.43   182.33 193.16
2020-07-04   182.57 193.42   182.55 193.39   320.06 330.91   182.00 192.85   187.59 198.43   181.32 192.17
2020-07-05   181.56 192.42   181.54 192.39   319.05 329.91   180.99 191.85   186.58 197.44   180.31 191.17
2020-07-06   180.55 191.42   180.52 191.39   318.04 328.91   179.98 190.85   185.56 196.43   179.30 190.17
2020-07-07   179.53 190.41   179.51 190.39   317.02 327.90   178.96 189.84   184.55 195.43   178.28 189.16
2020-07-08   178.51 189.41   178.49 189.38   316.00 326.90   177.94 188.84   183.53 194.42   177.26 188.16
2020-07-09   177.49 188.40   177.47 188.37   314.98 325.89   176.92 187.83   182.51 193.41   176.24 187.15
2020-07-10   176.47 187.39   176.44 187.36   313.96 324.88   175.90 186.82   181.49 192.40   175.22 186.14
2020-07-11   175.45 186.37   175.42 186.35   312.93 323.86   174.88 185.80   180.46 191.39   174.20 185.12
2020-07-12   174.42 185.36   174.39 185.33   311.91 322.85   173.85 184.79   179.43 190.37   173.17 184.11
2020-07-13   173.39 184.34   173.36 184.31   310.88 321.83   172.82 183.77   178.41 189.35   172.14 183.09
2020-07-14   172.36 183.32   172.33 183.29   309.85 320.81   171.79 182.75   177.38 188.33   171.11 182.07
2020-07-15   171.33 182.30   171.30 182.27   308.82 319.78   170.76 181.73   176.34 187.31   170.08 181.04
2020-07-16   170.29 181.27   170.27 181.24   307.78 318.76   169.72 180.70   175.31 186.29   169.04 180.02
2020-07-17   169.26 180.24   169.23 180.22   306.75 317.73   168.69 179.67   174.27 185.26   168.01 178.99
2020-07-18   168.22 179.22   168.20 179.19   305.71 316.70   167.65 178.65   173.24 184.23   166.97 177.96
2020-07-19   167.18 178.18   167.16 178.16   304.67 315.67   166.61 177.61   172.20 183.20   165.93 176.93
2020-07-20   166.14 177.15   166.12 177.13   303.63 314.64   165.57 176.58   171.16 182.17   164.89 175.90
2020-07-21   165.10 176.12   165.08 176.09   302.59 313.61   164.53 175.55   170.12 181.13   163.85 174.87
2020-07-22   164.06 175.08   164.04 175.06   301.55 312.57   163.49 174.51   169.08 180.10   162.81 173.83
2020-07-23   163.02 174.05   162.99 174.02   300.51 311.53   162.45 173.48   168.04 179.06   161.77 172.80
2020-07-24   161.98 173.01   161.95 172.98   299.46 310.50   161.41 172.44   166.99 178.02   160.73 171.76
2020-07-25   160.93 171.97   160.91 171.94   298.42 309.46   160.36 171.40   165.95 176.98   159.68 170.72
2020-07-26   159.89 170.93   159.86 170.90   297.38 308.42   159.32 170.36   164.90 175.94   158.64 169.68
2020-07-27   158.84 169.89   158.82 169.86   296.33 307.37   158.27 169.32   163.86 174.90   157.59 168.64
2020-07-28   157.80 168.84   157.77 168.82   295.29 306.33   157.23 168.27   162.81 173.86   156.55 167.59
2020-07-29   156.75 167.80   156.73 167.77   294.24 305.29   156.18 167.23   161.77 172.82   155.50 166.55
2020-07-30   155.71 166.76   155.68 166.73   293.19 304.24   155.14 166.19   160.72 171.77   154.46 165.51
2020-07-31   154.66 165.71   154.63 165.69   292.15 303.20   154.09 165.14   159.68 170.73   153.41 164.46
2020-08-01   153.62 164.67   153.59 164.64   291.10 302.15   153.05 164.10   158.63 169.68   152.36 163.42
2020-08-02   152.57 163.62   152.54 163.60   290.06 301.11   152.00 163.05   157.58 168.64   151.32 162.37
2020-08-03   151.52 162.58   151.50 162.55   289.01 300.06   150.95 162.01   156.54 167.59   150.27 161.33
2020-08-04   150.48 161.53   150.45 161.50   287.97 299.02   149.91 160.96   155.49 166.55   149.23 160.28
2020-08-05   149.43 160.48   149.41 160.46   286.92 297.97   148.86 159.91   154.45 165.50   148.18 159.23
2020-08-06   148.39 159.44   148.36 159.41   285.88 296.93   147.82 158.87   153.41 164.45   147.14 158.19
2020-08-07   147.35 158.39   147.32 158.37   284.84 295.88   146.78 157.82   152.36 163.41   146.10 157.14
2020-08-08   146.31 157.35   146.28 157.32   283.79 294.83   145.74 156.78   151.32 162.36   145.05 156.10
2020-08-09   145.26 156.30   145.24 156.28   282.75 293.79   144.69 155.73   150.28 161.32   144.01 155.05
2020-08-10   144.22 155.26   144.20 155.23   281.71 292.74   143.65 154.69   149.24 160.27   142.97 154.01
2020-08-11   143.18 154.21   143.16 154.19   280.67 291.70   142.61 153.64   148.20 159.23   141.93 152.96
2020-08-12   142.15 153.17   142.12 153.14   279.63 290.66   141.58 152.60   147.16 158.18   140.89 151.92
2020-08-13   141.11 152.13   141.08 152.10   278.60 289.61   140.54 151.56   146.12 157.14   139.86 150.88
2020-08-14   140.07 151.08   140.05 151.06   277.56 288.57   139.50 150.51   145.09 156.10   138.82 149.83
2020-08-15   139.04 150.04   139.01 150.02   276.53 287.53   138.47 149.47   144.05 155.06   137.79 148.79
2020-08-16   138.01 149.00   137.98 148.98   275.49 286.49   137.44 148.43   143.02 154.02   136.75 147.75
2020-08-17   136.97 147.96   136.95 147.94   274.46 285.45   136.40 147.39   141.99 152.98   135.72 146.71
2020-08-18   135.94 146.93   135.92 146.90   273.43 284.41   135.37 146.36   140.96 151.94   134.69 145.68
2020-08-19   134.92 145.89   134.89 145.86   272.40 283.38   134.35 145.32   139.93 150.91   133.67 144.64
2020-08-20   133.89 144.86   133.86 144.83   271.38 282.34   133.32 144.29   138.91 149.87   132.64 143.60
2020-08-21   132.87 143.82   132.84 143.80   270.35 281.31   132.30 143.25   137.88 148.84   131.62 142.57
2020-08-22   131.84 142.79   131.82 142.76   269.33 280.28   131.27 142.22   136.86 147.80   130.59 141.54
2020-08-23   130.82 141.76   130.80 141.73   268.31 279.25   130.25 141.19   135.84 146.77   129.57 140.51
2020-08-24   129.81 140.73   129.78 140.70   267.29 278.22   129.24 140.16   134.82 145.75   128.55 139.48
2020-08-25   128.79 139.70   128.76 139.68   266.28 277.19   128.22 139.13   133.80 144.72   127.54 138.45
2020-08-26   127.78 138.68   127.75 138.65   265.26 276.17   127.21 138.11   132.79 143.69   126.52 137.43
2020-08-27   126.76 137.65   126.74 137.63   264.25 275.14   126.19 137.08   131.78 142.67   125.51 136.40
2020-08-28   125.75 136.63   125.73 136.61   263.24 274.12   125.18 136.06   130.77 141.65   124.50 135.38
2020-08-29   124.75 135.61   124.72 135.59   262.23 273.10   124.18 135.04   129.76 140.63   123.50 134.36
2020-08-30   123.74 134.60   123.71 134.57   261.23 272.08   123.17 134.03   128.76 139.61   122.49 133.34
2020-08-31   122.74 133.58   122.71 133.55   260.23 271.07   122.17 133.01   127.75 138.60   121.49 132.33
2020-09-01   121.74 132.57   121.71 132.54   259.22 270.05   121.17 132.00   126.75 137.58   120.49 131.32
2020-09-02   120.74 131.56   120.71 131.53   258.23 269.04   120.17 130.99   125.75 136.57   119.49 130.30
2020-09-03   119.74 130.55   119.72 130.52   257.23 268.03   119.17 129.98   124.76 135.56   118.49 129.30
2020-09-04   118.75 129.54   118.72 129.51   256.24 267.03   118.18 128.97   123.77 134.55   117.50 128.29
2020-09-05   117.76 128.53   117.73 128.51   255.25 266.02   117.19 127.96   122.77 133.55   116.51 127.28
2020-09-06   116.77 127.53   116.74 127.51   254.26 265.02   116.20 126.96   121.79 132.55   115.52 126.28
2020-09-07   115.78 126.53   115.76 126.51   253.27 264.02   115.21 125.96   120.80 131.55   114.53 125.28
2020-09-08   114.80 125.53   114.77 125.51   252.29 263.02   114.23 124.96   119.82 130.55   113.55 124.28
2020-09-09   113.82 124.54   113.79 124.51   251.31 262.03   113.25 123.97   118.83 129.55   112.57 123.29
2020-09-10   112.84 123.55   112.81 123.52   250.33 261.03   112.27 122.98   117.86 128.56   111.59 122.30
2020-09-11   111.86 122.56   111.84 122.53   249.35 260.04   111.29 121.99   116.88 127.57   110.61 121.30
2020-09-12   110.89 121.57   110.86 121.54   248.38 259.05   110.32 121.00   115.91 126.58   109.64 120.32
2020-09-13   109.92 120.58   109.89 120.55   247.41 258.07   109.35 120.01   114.93 125.60   108.67 119.33
2020-09-14   108.95 119.60   108.92 119.57   246.44 257.08   108.38 119.03   113.97 124.61   107.70 118.35
2020-09-15   107.98 118.62   107.96 118.59   245.47 256.10   107.41 118.05   113.00 123.63   106.73 117.37
2020-09-16   107.02 117.64   106.99 117.61   244.51 255.12   106.45 117.07   112.03 122.65   105.77 116.39
2020-09-17   106.06 116.66   106.03 116.63   243.54 254.15   105.49 116.09   111.07 121.68   104.81 115.41
2020-09-18   105.10 115.69   105.07 115.66   242.58 253.17   104.53 115.12   110.11 120.70   103.85 114.44
2020-09-19   104.14 114.72   104.11 114.69   241.63 252.20   103.57 114.15   109.15 119.73   102.89 113.46
2020-09-20   103.18 113.75   103.16 113.72   240.67 251.23   102.61 113.18   108.20 118.76   101.93 112.50
2020-09-21   102.23 112.78   102.20 112.75   239.72 250.27   101.66 112.21   107.25 117.79   100.98 111.53
2020-09-22   101.28 111.81   101.25 111.79   238.77 249.30   100.71 111.24   106.30 116.83   100.03 110.56
2020-09-23   100.33 110.85   100.31 110.82   237.82 248.34    99.76 110.28   105.35 115.87    99.08 109.60
2020-09-24    99.38 109.89    99.36 109.86   236.87 247.38    98.81 109.32   104.40 114.91    98.13 108.64
2020-09-25    98.44 108.93    98.41 108.91   235.93 246.42    97.87 108.36   103.46 113.95    97.19 107.68
2020-09-26    97.50 107.98    97.47 107.95   234.99 245.46    96.93 107.41   102.51 112.99    96.25 106.73
2020-09-27    96.56 107.02    96.53 107.00   234.04 244.51    95.99 106.45   101.57 112.04    95.31 105.77
2020-09-28    95.62 106.07    95.59 106.04   233.11 243.56    95.05 105.50   100.63 111.09    94.37 104.82
2020-09-29    94.68 105.12    94.65 105.09   232.17 242.61    94.11 104.55    99.70 110.14    93.43 103.87
2020-09-30    93.75 104.17    93.72 104.15   231.23 241.66    93.18 103.60    98.76 109.19    92.50 102.92
2020-10-01    92.81 103.23    92.79 103.20   230.30 240.72    92.24 102.66    97.83 108.24    91.56 101.98
2020-10-02    91.88 102.28    91.85 102.26   229.37 239.77    91.31 101.71    96.90 107.30    90.63 101.03
2020-10-03    90.95 101.34    90.92 101.32   228.44 238.83    90.38 100.77    95.97 106.36    89.70 100.09
2020-10-04    90.02 100.40    90.00 100.38   227.51 237.89    89.45  99.83    95.04 105.42    88.77  99.15
2020-10-05    89.09  99.46    89.07  99.44   226.58 236.95    88.52  98.89    94.11 104.48    87.84  98.21
2020-10-06    88.17  98.53    88.14  98.50   225.66 236.01    87.60  97.96    93.18 103.54    86.92  97.28
2020-10-07    87.24  97.59    87.22  97.56   224.73 235.08    86.67  97.02    92.26 102.61    85.99  96.34
2020-10-08    86.32  96.66    86.29  96.63   223.81 234.14    85.75  96.09    91.34 101.67    85.07  95.41
2020-10-09    85.40  95.73    85.37  95.70   222.89 233.21    84.83  95.16    90.41 100.74    84.15  94.47
2020-10-10    84.48  94.79    84.45  94.77   221.97 232.28    83.91  94.22    89.49  99.81    83.23  93.54
2020-10-11    83.56  93.87    83.53  93.84   221.05 231.35    82.99  93.30    88.57  98.88    82.31  92.61
2020-10-12    82.64  92.94    82.61  92.91   220.13 230.43    82.07  92.37    87.65  97.95    81.39  91.69
2020-10-13    81.72  92.01    81.69  91.98   219.21 229.50    81.15  91.44    86.74  97.03    80.47  90.76
2020-10-14    80.80  91.09    80.78  91.06   218.29 228.57    80.23  90.52    85.82  96.10    79.55  89.83
2020-10-15    79.89  90.16    79.86  90.13   217.37 227.65    79.32  89.59    84.90  95.18    78.64  88.91
2020-10-16    78.97  89.24    78.95  89.21   216.46 226.73    78.40  88.67    83.99  94.25    77.72  87.99
2020-10-17    78.06  88.32    78.03  88.29   215.54 225.80    77.49  87.75    83.07  93.33    76.81  87.06
2020-10-18    77.14  87.39    77.12  87.37   214.63 224.88    76.57  86.82    82.16  92.41    75.89  86.14
2020-10-19    76.23  86.47    76.20  86.45   213.71 223.96    75.66  85.90    81.24  91.49    74.98  85.22
2020-10-20    75.31  85.55    75.29  85.53   212.80 223.04    74.74  84.98    80.33  90.57    74.06  84.30
2020-10-21    74.40  84.63    74.37  84.61   211.89 222.12    73.83  84.06    79.42  89.65    73.15  83.38
2020-10-22    73.49  83.72    73.46  83.69   210.97 221.20    72.92  83.15    78.50  88.73    72.24  82.46
2020-10-23    72.57  82.80    72.55  82.77   210.06 220.28    72.00  82.23    77.59  87.81    71.32  81.55
2020-10-24    71.66  81.88    71.63  81.85   209.15 219.37    71.09  81.31    76.67  86.89    70.41  80.63
2020-10-25    70.75  80.96    70.72  80.94   208.23 218.45    70.18  80.39    75.76  85.98    69.50  79.71
2020-10-26    69.83  80.04    69.81  80.02   207.32 217.53    69.26  79.47    74.85  85.06    68.58  78.79
2020-10-27    68.92  79.13    68.89  79.10   206.41 216.61    68.35  78.56    73.93  84.14    67.67  77.88
2020-10-28    68.00  78.21    67.98  78.18   205.49 215.70    67.43  77.64    73.02  83.23    66.75  76.96
2020-10-29    67.09  77.29    67.06  77.27   204.58 214.78    66.52  76.72    72.10  82.31    65.84  76.04
2020-10-30    66.17  76.38    66.15  76.35   203.66 213.86    65.60  75.81    71.19  81.39    64.92  75.13
2020-10-31    65.26  75.46    65.23  75.43   202.75 212.95    64.69  74.89    70.27  80.47    64.01  74.21
2020-11-01    64.34  74.54    64.32  74.52   201.83 212.03    63.77  73.97    69.36  79.56    63.09  73.29
2020-11-02    63.42  73.62    63.40  73.60   200.91 211.11    62.85  73.05    68.44  78.64    62.17  72.37
2020-11-03    62.51  72.71    62.48  72.68   199.99 210.19    61.94  72.14    67.52  77.72    61.26  71.46
2020-11-04    61.59  71.79    61.56  71.76   199.07 209.28    61.02  71.22    66.60  76.80    60.34  70.54
2020-11-05    60.67  70.87    60.64  70.84   198.15 208.36    60.10  70.30    65.68  75.88    59.42  69.62
2020-11-06    59.75  69.95    59.72  69.92   197.23 207.44    59.18  69.38    64.76  74.96    58.50  68.70
2020-11-07    58.82  69.03    58.80  69.00   196.31 206.52    58.25  68.46    63.84  74.04    57.57  67.78
2020-11-08    57.90  68.11    57.87  68.08   195.39 205.59    57.33  67.54    62.92  73.12    56.65  66.86
2020-11-09    56.98  67.18    56.95  67.16   194.46 204.67    56.41  66.61    61.99  72.20    55.73  65.93
2020-11-10    56.29  66.02    56.26  66.00   193.78 203.51    55.72  65.45    61.30  71.04    55.04  64.77
2020-11-11    55.60  64.86    55.57  64.83   193.09 202.35    55.03  64.29    60.61  69.88    54.35  63.61
2020-11-12    54.91  63.70    54.88  63.67   192.39 201.18    54.34  63.13    59.92  68.71    53.66  62.45
2020-11-13    54.21  62.53    54.19  62.51   191.70 200.02    53.64  61.96    59.23  67.55    52.96  61.28
2020-11-14    53.52  61.37    53.49  61.34   191.01 198.85    52.95  60.80    58.53  66.38    52.27  60.12
2020-11-15    52.82  60.20    52.79  60.17   190.31 197.69    52.25  59.63    57.84  65.22    51.57  58.95
2020-11-16    52.12  59.03    52.09  59.01   189.61 196.52    51.55  58.46    57.13  64.05    50.87  57.78

2021-04-17   256.82 263.64   256.79 263.61    34.31  41.12   256.25 263.07   261.83 268.65   255.57 262.39
2021-04-18   255.69 262.96   255.66 262.94    33.18  40.45   255.12 262.39   260.71 267.98   254.44 261.71
2021-04-19   254.56 262.29   254.54 262.27    32.05  39.78   253.99 261.72   259.58 267.31   253.31 261.04
2021-04-20   253.43 261.62   253.41 261.60    30.92  39.11   252.86 261.05   258.45 266.64   252.18 260.37
2021-04-21   252.31 260.96   252.28 260.93    29.80  38.45   251.74 260.39   257.32 265.97   251.06 259.71
2021-04-22   251.18 260.29   251.16 260.27    28.67  37.78   250.61 259.72   256.20 265.31   249.93 259.04
2021-04-23   250.06 259.63   250.03 259.60    27.54  37.12   249.49 259.06   255.07 264.64   248.80 258.38
2021-04-24   248.93 258.97   248.90 258.94    26.42  36.45   248.36 258.40   253.95 263.98   247.68 257.72
2021-04-25   247.95 258.16   247.93 258.13    25.44  35.65   247.38 257.59   252.97 263.17   246.70 256.91
2021-04-26   247.06 257.27   247.03 257.24    24.55  34.75   246.49 256.70   252.08 262.28   245.81 256.02
2021-04-27   246.17 256.37   246.14 256.35    23.66  33.86   245.60 255.80   251.19 261.39   244.92 255.12
2021-04-28   245.28 255.48   245.25 255.46    22.77  32.97   244.71 254.91   250.30 260.50   244.03 254.23
2021-04-29   244.39 254.59   244.37 254.57    21.88  32.08   243.82 254.02   249.41 259.61   243.14 253.34
2021-04-30   243.50 253.70   243.48 253.68    20.99  31.19   242.93 253.13   248.52 258.72   242.25 252.45
2021-05-01   242.61 252.81   242.59 252.79    20.10  30.30   242.04 252.24   247.63 257.83   241.36 251.56
2021-05-02   241.72 251.92   241.70 251.90    19.21  29.41   241.15 251.35   246.74 256.94   240.47 250.67
2021-05-03   240.84 251.04   240.81 251.01    18.32  28.52   240.27 250.47   245.85 256.05   239.58 249.79
2021-05-04   239.95 250.15   239.92 250.12    17.43  27.64   239.38 249.58   244.96 255.16   238.70 248.90
2021-05-05   239.06 249.26   239.03 249.23    16.54  26.75   238.49 248.69   244.07 254.28   237.81 248.01
2021-05-06   238.17 248.37   238.14 248.35    15.66  25.86   237.60 247.80   243.18 253.39   236.92 247.12
2021-05-07   237.28 247.49   237.25 247.46    14.77  24.97   236.71 246.92   242.29 252.50   236.03 246.24
2021-05-08   236.39 246.60   236.36 246.57    13.88  24.09   235.82 246.03   241.40 251.61   235.14 245.35
2021-05-09   235.50 245.71   235.47 245.68    12.98  23.20   234.93 245.14   240.51 250.73   234.25 244.46
2021-05-10   234.61 244.82   234.58 244.80    12.09  22.31   234.04 244.25   239.62 249.84   233.36 243.57
2021-05-11   233.71 243.94   233.69 243.91    11.20  21.42   233.14 243.37   238.73 248.95   232.46 242.68
2021-05-12   232.82 243.05   232.80 243.02    10.31  20.53   232.25 242.48   237.84 248.06   231.57 241.80
2021-05-13   231.93 242.16   231.90 242.13     9.42  19.65   231.36 241.59   236.94 247.17   230.68 240.91
2021-05-14   231.03 241.27   231.01 241.24     8.52  18.76   230.46 240.70   236.05 246.28   229.78 240.02
2021-05-15   230.14 240.38   230.11 240.35     7.63  17.87   229.57 239.81   235.15 245.39   228.89 239.13
2021-05-16   229.24 239.49   229.22 239.46     6.73  16.98   228.67 238.92   234.26 244.50   227.99 238.24
2021-05-17   228.34 238.60   228.32 238.57     5.83  16.08   227.77 238.03   233.36 243.61   227.09 237.35
2021-05-18   227.45 237.71   227.42 237.68     4.93  15.19   226.88 237.14   232.46 242.72   226.19 236.45
2021-05-19   226.54 236.81   226.52 236.79     4.03  14.30   225.97 236.24   231.56 241.83   225.29 235.56
2021-05-20   225.64 235.92   225.62 235.89     3.13  13.41   225.07 235.35   230.66 240.93   224.39 234.67
2021-05-21   224.74 235.02   224.71 235.00     2.23  12.51   224.17 234.45   229.76 240.04   223.49 233.77
2021-05-22   223.84 234.13   223.81 234.10     1.32  11.61   223.27 233.56   228.85 239.14   222.59 232.88
2021-05-23   222.93 233.23   222.90 233.20     0.42  10.72   222.36 232.66   227.94 238.24   221.68 231.98
2021-05-24   222.02 232.33   222.00 232.30   359.51   9.82   221.45 231.76   227.04 237.35   220.77 231.08
2021-05-25   221.11 231.43   221.09 231.40   358.60   8.92   220.54 230.86   226.13 236.45   219.86 230.18
2021-05-26   220.20 230.53   220.17 230.50   357.69   8.02   219.63 229.96   225.22 235.54   218.95 229.28
2021-05-27   219.29 229.63   219.26 229.60   356.78   7.11   218.72 229.06   224.30 234.64   218.04 228.38
2021-05-28   218.37 228.72   218.35 228.69   355.86   6.21   217.80 228.15   223.39 233.74   217.12 227.47
2021-05-29   217.46 227.81   217.43 227.79   354.94   5.30   216.89 227.24   222.47 232.83   216.21 226.56
2021-05-30   216.54 226.91   216.51 226.88   354.02   4.39   215.97 226.34   221.55 231.92   215.29 225.66
2021-05-31   215.62 226.00   215.59 225.97   353.10   3.48   215.05 225.43   220.63 231.01   214.36 224.75
2021-06-01   214.69 225.08   214.67 225.06   352.18   2.57   214.12 224.51   219.71 230.10   213.44 223.83
2021-06-02   213.77 224.17   213.74 224.14   351.25   1.66   213.20 223.60   218.78 229.19   212.52 222.92
2021-06-03   212.84 223.26   212.81 223.23   350.33   0.74   212.27 222.69   217.85 228.27   211.59 222.00
2021-06-04   211.91 222.34   211.88 222.31   349.40 359.82   211.34 221.77   216.92 227.35   210.66 221.09
2021-06-05   210.98 221.42   210.95 221.39   348.46 358.90   210.41 220.85   215.99 226.43   209.73 220.17
2021-06-06   210.04 220.50   210.01 220.47   347.53 357.98   209.47 219.93   215.06 225.51   208.79 219.24
2021-06-07   209.10 219.57   209.08 219.54   346.59 357.06   208.53 219.00   214.12 224.59   207.85 218.32
2021-06-08   208.16 218.64   208.14 218.62   345.65 356.13   207.59 218.07   213.18 223.66   206.91 217.39
2021-06-09   207.22 217.71   207.19 217.69   344.71 355.20   206.65 217.14   212.24 222.73   205.97 216.46
2021-06-10   206.28 216.78   206.25 216.76   343.76 354.27   205.71 216.21   211.29 221.80   205.03 215.53
2021-06-11   205.33 215.85   205.30 215.82   342.82 353.34   204.76 215.28   210.34 220.86   204.08 214.60
2021-06-12   204.38 214.91   204.35 214.89   341.87 352.40   203.81 214.34   209.39 219.93   203.13 213.66
2021-06-13   203.43 213.97   203.40 213.95   340.91 351.46   202.86 213.40   208.44 218.99   202.17 212.72
2021-06-14   202.47 213.03   202.44 213.01   339.96 350.52   201.90 212.46   207.49 218.05   201.22 211.78
2021-06-15   201.51 212.09   201.49 212.06   339.00 349.58   200.94 211.52   206.53 217.10   200.26 210.84
2021-06-16   200.55 211.14   200.52 211.12   338.04 348.63   199.98 210.57   205.57 216.16   199.30 209.89
2021-06-17   199.59 210.19   199.56 210.17   337.07 347.68   199.02 209.62   204.60 215.21   198.34 208.94
2021-06-18   198.62 209.24   198.59 209.21   336.11 346.73   198.05 208.67   203.64 214.26   197.37 207.99
2021-06-19   197.65 208.29   197.62 208.26   335.14 345.77   197.08 207.72   202.67 213.30   196.40 207.03
2021-06-20   196.68 207.33   196.65 207.30   334.17 344.82   196.11 206.76   201.69 212.34   195.43 206.08
2021-06-21   195.70 206.37   195.68 206.34   333.19 343.85   195.13 205.80   200.72 211.38   194.45 205.12
2021-06-22   194.73 205.40   194.70 205.38   332.21 342.89   194.16 204.83   199.74 210.42   193.48 204.15
2021-06-23   193.75 204.44   193.72 204.41   331.23 341.93   193.18 203.87   198.76 209.45   192.50 203.19
2021-06-24   192.76 203.47   192.74 203.44   330.25 340.96   192.19 202.90   197.78 208.48   191.51 202.22
2021-06-25   191.78 202.50   191.75 202.47   329.26 339.99   191.21 201.93   196.79 207.51   190.53 201.25
2021-06-26   190.79 201.52   190.76 201.50   328.28 339.01   190.22 200.95   195.80 206.54   189.54 200.27
2021-06-27   189.80 200.55   189.77 200.52   327.28 338.03   189.23 199.98   194.81 205.56   188.55 199.30
2021-06-28   188.80 199.57   188.78 199.54   326.29 337.05   188.23 199.00   193.82 204.58   187.55 198.32
2021-06-29   187.81 198.58   187.78 198.56   325.29 336.07   187.24 198.01   192.82 203.60   186.56 197.33
2021-06-30   186.81 197.60   186.78 197.57   324.29 335.09   186.24 197.03   191.82 202.61   185.56 196.35
2021-07-01   185.81 196.61   185.78 196.58   323.29 334.10   185.24 196.04   190.82 201.62   184.55 195.36
2021-07-02   184.80 195.62   184.77 195.59   322.29 333.11   184.23 195.05   189.82 200.63   183.55 194.37
2021-07-03   183.79 194.62   183.77 194.60   321.28 332.11   183.22 194.05   188.81 199.64   182.54 193.37
2021-07-04   182.78 193.63   182.76 193.60   320.27 331.12   182.21 193.06   187.80 198.64   181.53 192.38
2021-07-05   181.77 192.63   181.75 192.60   319.26 330.12   181.20 192.06   186.79 197.64   180.52 191.38
2021-07-06   180.76 191.63   180.73 191.60   318.25 329.12   180.19 191.06   185.77 196.64   179.51 190.38
2021-07-07   179.74 190.62   179.72 190.60   317.23 328.11   179.17 190.05   184.76 195.64   178.49 189.37
2021-07-08   178.72 189.62   178.70 189.59   316.21 327.10   178.15 189.05   183.74 194.63   177.47 188.37
2021-07-09   177.70 188.61   177.68 188.58   315.19 326.10   177.13 188.04   182.72 193.62   176.45 187.36
2021-07-10   176.68 187.60   176.65 187.57   314.17 325.08   176.11 187.03   181.70 192.61   175.43 186.35
2021-07-11   175.66 186.58   175.63 186.56   313.14 324.07   175.09 186.01   180.67 191.60   174.41 185.33
2021-07-12   174.63 185.57   174.60 185.54   312.12 323.05   174.06 185.00   179.64 190.58   173.38 184.32
2021-07-13   173.60 184.55   173.57 184.52   311.09 322.04   173.03 183.98   178.62 189.56   172.35 183.30
2021-07-14   172.57 183.53   172.54 183.50   310.06 321.01   172.00 182.96   177.59 188.54   171.32 182.28
2021-07-15   171.54 182.50   171.51 182.48   309.03 319.99   170.97 181.93   176.55 187.52   170.29 181.25
2021-07-16   170.51 181.48   170.48 181.45   307.99 318.97   169.94 180.91   175.52 186.50   169.25 180.23
2021-07-17   169.47 180.45   169.44 180.43   306.96 317.94   168.90 179.88   174.49 185.47   168.22 179.20
2021-07-18   168.43 179.43   168.41 179.40   305.92 316.91   167.86 178.86   173.45 184.44   167.18 178.18
2021-07-19   167.40 178.40   167.37 178.37   304.88 315.88   166.83 177.83   172.41 183.41   166.15 177.15
2021-07-20   166.36 177.36   166.33 177.34   303.85 314.85   165.79 176.79   171.37 182.38   165.11 176.11
2021-07-21   165.32 176.33   165.29 176.30   302.81 313.82   164.75 175.76   170.33 181.35   164.07 175.08
2021-07-22   164.28 175.30   164.25 175.27   301.77 312.78   163.71 174.73   169.29 180.31   163.03 174.05
2021-07-23   163.24 174.26   163.21 174.23   300.72 311.75   162.67 173.69   168.25 179.28   161.99 173.01
2021-07-24   162.19 173.22   162.17 173.20   299.68 310.71   161.62 172.65   167.21 178.24   160.94 171.97
2021-07-25   161.15 172.19   161.13 172.16   298.64 309.67   160.58 171.62   166.17 177.20   159.90 170.93
2021-07-26   160.11 171.15   160.08 171.12   297.60 308.63   159.54 170.58   165.12 176.16   158.86 169.90
2021-07-27   159.06 170.11   159.04 170.08   296.55 307.59   158.49 169.54   164.08 175.12   157.81 168.86
2021-07-28   158.02 169.06   157.99 169.04   295.51 306.55   157.45 168.49   163.04 174.08   156.77 167.81
2021-07-29   156.98 168.02   156.95 168.00   294.46 305.51   156.41 167.45   161.99 173.04   155.73 166.77
2021-07-30   155.93 166.98   155.91 166.95   293.42 304.47   155.36 166.41   160.95 172.00   154.68 165.73
2021-07-31   154.89 165.94   154.86 165.91   292.37 303.42   154.32 165.37   159.90 170.95   153.64 164.69
2021-08-01   153.84 164.89   153.82 164.87   291.33 302.38   153.27 164.32   158.86 169.91   152.59 163.64
2021-08-02   152.80 163.85   152.77 163.82   290.29 301.34   152.23 163.28   157.81 168.86   151.55 162.60
2021-08-03   151.75 162.81   151.73 162.78   289.24 300.29   151.18 162.24   156.77 167.82   150.50 161.55
2021-08-04   150.71 161.76   150.69 161.73   288.20 299.25   150.14 161.19   155.73 166.78   149.46 160.51
2021-08-05   149.67 160.72   149.64 160.69   287.16 298.20   149.10 160.15   154.68 165.73   148.42 159.47
2021-08-06   148.63 159.67   148.60 159.65   286.11 297.16   148.06 159.10   153.64 164.69   147.38 158.42
2021-08-07   147.58 158.63   147.56 158.60   285.07 296.12   147.01 158.06   152.60 163.64   146.33 157.38
2021-08-08   146.54 157.58   146.52 157.56   284.03 295.07   145.97 157.01   151.56 162.60   145.29 156.33
2021-08-09   145.50 156.54   145.48 156.51   282.99 294.03   144.93 155.97   150.52 161.56   144.25 155.29
2021-08-10   144.46 155.50   144.44 155.47   281.95 292.99   143.89 154.93   149.48 160.51   143.21 154.25
2021-08-11   143.43 154.46   143.40 154.43   280.91 291.94   142.86 153.89   148.44 159.47   142.18 153.20
2021-08-12   142.39 153.41   142.36 153.39   279.88 290.90   141.82 152.84   147.41 158.43   141.14 152.16
2021-08-13   141.35 152.37   141.33 152.35   278.84 289.86   140.78 151.80   146.37 157.39   140.10 151.12
2021-08-14   140.32 151.33   140.29 151.31   277.81 288.82   139.75 150.76   145.34 156.35   139.07 150.08
2021-08-15   139.29 150.29   139.26 150.27   276.77 287.78   138.72 149.72   144.30 155.31   138.04 149.04
2021-08-16   138.26 149.25   138.23 149.23   275.74 286.74   137.69 148.68   143.27 154.27   137.01 148.00
2021-08-17   137.23 148.22   137.20 148.19   274.71 285.70   136.66 147.65   142.24 153.23   135.98 146.97
2021-08-18   136.20 147.18   136.17 147.15   273.69 284.67   135.63 146.61   141.21 152.20   134.95 145.93
2021-08-19   135.17 146.15   135.15 146.12   272.66 283.63   134.60 145.58   140.19 151.16   133.92 144.90
2021-08-20   134.15 145.11   134.12 145.09   271.63 282.60   133.58 144.54   139.16 150.13   132.90 143.86
2021-08-21   133.12 144.08   133.10 144.05   270.61 281.57   132.55 143.51   138.14 149.10   131.87 142.83
2021-08-22   132.10 143.05   132.08 143.02   269.59 280.54   131.53 142.48   137.12 148.07   130.85 141.80
2021-08-23   131.08 142.02   131.06 141.99   268.57 279.51   130.51 141.45   136.10 147.04   129.83 140.77
2021-08-24   130.07 140.99   130.04 140.97   267.55 278.48   129.50 140.42   135.08 146.01   128.82 139.74
2021-08-25   129.05 139.97   129.03 139.94   266.54 277.46   128.48 139.40   134.07 144.98   127.80 138.72
2021-08-26   128.04 138.94   128.01 138.92   265.53 276.43   127.47 138.37   133.05 143.96   126.79 137.69
2021-08-27   127.03 137.92   127.00 137.89   264.52 275.41   126.46 137.35   132.04 142.94   125.78 136.67
2021-08-28   126.02 136.90   125.99 136.87   263.51 274.39   125.45 136.33   131.04 141.92   124.77 135.65
2021-08-29   125.01 135.88   124.99 135.86   262.50 273.37   124.44 135.31   130.03 140.90   123.76 134.63
2021-08-30   124.01 134.87   123.98 134.84   261.50 272.35   123.44 134.30   129.02 139.88   122.76 133.62
2021-08-31   123.01 133.85   122.98 133.83   260.50 271.34   122.44 133.28   128.02 138.87   121.76 132.60
2021-09-01   122.01 132.84   121.98 132.81   259.50 270.33   121.44 132.27   127.02 137.86   120.76 131.59
2021-09-02   121.01 131.83   120.98 131.80   258.50 269.32   120.44 131.26   126.03 136.84   119.76 130.58
2021-09-03   120.02 130.82   119.99 130.80   257.50 268.31   119.45 130.25   125.03 135.84   118.77 129.57
2021-09-04   119.02 129.82   119.00 129.79   256.51 267.30   118.45 129.25   124.04 134.83   117.77 128.56
2021-09-05   118.03 128.81   118.01 128.79   255.52 266.30   117.46 128.24   123.05 133.83   116.78 127.56
2021-09-06   117.05 127.81   117.02 127.78   254.53 265.30   116.48 127.24   122.06 132.83   115.80 126.56
2021-09-07   116.06 126.81   116.03 126.79   253.55 264.30   115.49 126.24   121.08 131.83   114.81 125.56
2021-09-08   115.08 125.81   115.05 125.79   252.57 263.30   114.51 125.24   120.09 130.83   113.83 124.56
2021-09-09   114.10 124.82   114.07 124.79   251.59 262.31   113.53 124.25   119.11 129.84   112.85 123.57
2021-09-10   113.12 123.83   113.09 123.80   250.61 261.32   112.55 123.26   118.13 128.84   111.87 122.58
2021-09-11   112.14 122.84   112.12 122.81   249.63 260.33   111.57 122.27   117.16 127.85   110.89 121.59
2021-09-12   111.17 121.85   111.14 121.82   248.66 259.34   110.60 121.28   116.19 126.87   109.92 120.60
2021-09-13   110.20 120.87   110.17 120.84   247.69 258.35   109.63 120.30   115.22 125.88   108.95 119.61
2021-09-14   109.23 119.88   109.20 119.86   246.72 257.37   108.66 119.31   114.25 124.90   107.98 118.63
2021-09-15   108.27 118.90   108.24 118.88   245.75 256.39   107.70 118.33   113.28 123.92   107.01 117.65
2021-09-16   107.30 117.92   107.27 117.90   244.79 255.41   106.73 117.35   112.32 122.94   106.05 116.67
2021-09-17   106.34 116.95   106.31 116.92   243.83 254.43   105.77 116.38   111.35 121.96   105.09 115.70
2021-09-18   105.38 115.97   105.35 115.95   242.87 253.46   104.81 115.40   110.40 120.99   104.13 114.72
2021-09-19   104.42 115.00   104.40 114.98   241.91 252.49   103.85 114.43   109.44 120.02   103.17 113.75
2021-09-20   103.47 114.03   103.44 114.01   240.96 251.52   102.90 113.46   108.48 119.05   102.22 112.78
2021-09-21   102.52 113.07   102.49 113.04   240.00 250.55   101.95 112.50   107.53 118.08   101.26 111.82
2021-09-22   101.56 112.10   101.54 112.08   239.05 249.59   100.99 111.53   106.58 117.12   100.31 110.85
2021-09-23   100.62 111.14   100.59 111.11   238.10 248.63   100.05 110.57   105.63 116.15    99.37 109.89
2021-09-24    99.67 110.18    99.64 110.15   237.16 247.67    99.10 109.61   104.69 115.19    98.42 108.93
2021-09-25    98.73 109.22    98.70 109.19   236.21 246.71    98.16 108.65   103.74 114.24    97.47 107.97
2021-09-26    97.78 108.27    97.76 108.24   235.27 245.75    97.21 107.70   102.80 113.28    96.53 107.01
2021-09-27    96.84 107.31    96.82 107.29   234.33 244.80    96.27 106.74   101.86 112.33    95.59 106.06
2021-09-28    95.90 106.36    95.88 106.33   233.39 243.85    95.33 105.79   100.92 111.37    94.65 105.11
2021-09-29    94.97 105.41    94.94 105.38   232.45 242.90    94.40 104.84    99.98 110.43    93.72 104.16
2021-09-30    94.03 104.46    94.00 104.44   231.52 241.95    93.46 103.89    99.05 109.48    92.78 103.21
2021-10-01    93.10 103.52    93.07 103.49   230.58 241.00    92.53 102.95    98.11 108.53    91.85 102.27
2021-10-02    92.17 102.57    92.14 102.55   229.65 240.06    91.60 102.00    97.18 107.59    90.91 101.32
2021-10-03    91.24 101.63    91.21 101.60   228.72 239.12    90.67 101.06    96.25 106.64    89.98 100.38
2021-10-04    90.31 100.69    90.28 100.66   227.79 238.18    89.74 100.12    95.32 105.70    89.06  99.44
2021-10-05    89.38  99.75    89.35  99.72   226.87 237.24    88.81  99.18    94.39 104.77    88.13  98.50
2021-10-06    88.45  98.81    88.43  98.79   225.94 236.30    87.88  98.24    93.47 103.83    87.20  97.56
2021-10-07    87.53  97.88    87.50  97.85   225.02 235.37    86.96  97.31    92.54 102.89    86.28  96.63
2021-10-08    86.60  96.94    86.58  96.92   224.09 234.43    86.03  96.37    91.62 101.96    85.35  95.69
2021-10-09    85.68  96.01    85.66  95.98   223.17 233.50    85.11  95.44    90.70 101.03    84.43  94.76
2021-10-10    84.76  95.08    84.73  95.05   222.25 232.57    84.19  94.51    89.78 100.10    83.51  93.83
2021-10-11    83.84  94.15    83.81  94.12   221.33 231.64    83.27  93.58    88.86  99.17    82.59  92.90
2021-10-12    82.92  93.22    82.89  93.20   220.41 230.71    82.35  92.65    87.94  98.24    81.67  91.97
2021-10-13    82.00  92.29    81.98  92.27   219.49 229.78    81.43  91.72    87.02  97.31    80.75  91.04
2021-10-14    81.08  91.37    81.06  91.34   218.57 228.86    80.51  90.80    86.10  96.38    79.83  90.12
2021-10-15    80.17  90.44    80.14  90.42   217.65 227.93    79.60  89.87    85.18  95.46    78.92  89.19
2021-10-16    79.25  89.52    79.22  89.49   216.74 227.01    78.68  88.95    84.27  94.53    78.00  88.27
2021-10-17    78.34  88.60    78.31  88.57   215.82 226.08    77.77  88.03    83.35  93.61    77.08  87.35
2021-10-18    77.42  87.67    77.39  87.65   214.91 225.16    76.85  87.10    82.44  92.69    76.17  86.42
2021-10-19    76.50  86.75    76.48  86.73   213.99 224.24    75.93  86.18    81.52  91.77    75.25  85.50
2021-10-20    75.59  85.83    75.56  85.81   213.08 223.32    75.02  85.26    80.61  90.85    74.34  84.58
2021-10-21    74.68  84.91    74.65  84.88   212.16 222.40    74.11  84.34    79.69  89.93    73.43  83.66
2021-10-22    73.76  83.99    73.74  83.97   211.25 221.48    73.19  83.42    78.78  89.01    72.51  82.74
2021-10-23    72.85  83.07    72.82  83.05   210.33 220.56    72.28  82.50    77.86  88.09    71.60  81.82
2021-10-24    71.93  82.15    71.91  82.13   209.42 219.64    71.36  81.58    76.95  87.17    70.68  80.90
2021-10-25    71.02  81.24    70.99  81.21   208.51 218.72    70.45  80.67    76.03  86.25    69.77  79.98
2021-10-26    70.10  80.32    70.08  80.29   207.59 217.80    69.53  79.75    75.12  85.33    68.85  79.07
2021-10-27    69.19  79.40    69.16  79.37   206.68 216.89    68.62  78.83    74.20  84.41    67.94  78.15
2021-10-28    68.27  78.48    68.25  78.46   205.76 215.97    67.70  77.91    73.29  83.50    67.02  77.23
2021-10-29    67.36  77.56    67.33  77.54   204.85 215.05    66.79  76.99    72.37  82.58    66.11  76.31
2021-10-30    66.44  76.65    66.42  76.62   203.93 214.13    65.87  76.08    71.46  81.66    65.19  75.40
2021-10-31    65.53  75.73    65.50  75.70   203.01 213.22    64.96  75.16    70.54  80.74    64.28  74.48
2021-11-01    64.61  74.81    64.58  74.78   202.10 212.30    64.04  74.24    69.62  79.82    63.36  73.56
2021-11-02    63.69  73.89    63.66  73.86   201.18 211.38    63.12  73.32    68.71  78.91    62.44  72.64
2021-11-03    62.77  72.97    62.74  72.94   200.26 210.46    62.20  72.40    67.79  77.99    61.52  71.72
2021-11-04    61.85  72.05    61.83  72.03   199.34 209.54    61.28  71.48    66.87  77.07    60.60  70.80
2021-11-05    60.93  71.13    60.90  71.11   198.42 208.62    60.36  70.56    65.95  76.15    59.68  69.88
2021-11-06    60.01  70.21    59.98  70.18   197.50 207.70    59.44  69.64    65.02  75.23    58.76  68.96
2021-11-07    59.09  69.29    59.06  69.26   196.57 206.78    58.52  68.72    64.10  74.30    57.83  68.04
2021-11-08    58.16  68.37    58.13  68.34   195.65 205.85    57.59  67.80    63.18  73.38    56.91  67.12
2021-11-09    57.23  67.44    57.21  67.42   194.72 204.93    56.66  66.87    62.25  72.46    55.98  66.19
2021-11-10    56.47  66.35    56.45  66.33   193.96 203.84    55.90  65.78    61.49  71.37    55.22  65.10
2021-11-11    55.78  65.19    55.76  65.16   193.27 202.68    55.21  64.62    60.80  70.20    54.53  63.94
2021-11-12    55.09  64.02    55.06  64.00   192.58 201.51    54.52  63.45    60.11  69.04    53.84  62.77
2021-11-13    54.40  62.86    54.37  62.83   191.88 200.35    53.83  62.29    59.41  67.87    53.14  61.61
2021-11-14    53.70  61.69    53.67  61.67   191.19 199.18    53.13  61.12    58.71  66.71    52.45  60.44
2021-11-15    53.00  60.53    52.97  60.50   190.49 198.01    52.43  59.96    58.02  65.54    51.75  59.27
2021-11-16    52.30  59.36    52.27  59.33   189.79 196.84    51.73  58.79    57.31  64.37    51.05  58.11

2022-04-18   256.03 263.17   256.01 263.14    33.52  40.66   255.46 262.60   261.05 268.18   254.78 261.92
2022-04-19   254.90 262.50   254.88 262.47    32.39  39.98   254.33 261.93   259.92 267.51   253.65 261.25
2022-04-20   253.77 261.83   253.75 261.80    31.26  39.31   253.20 261.26   258.79 266.84   252.52 260.58
2022-04-21   252.65 261.16   252.62 261.13    30.13  38.65   252.08 260.59   257.66 266.17   251.39 259.91
2022-04-22   251.52 260.49   251.49 260.47    29.01  37.98   250.95 259.92   256.53 265.51   250.27 259.24
2022-04-23   250.39 259.83   250.36 259.80    27.88  37.32   249.82 259.26   255.41 264.84   249.14 258.58
2022-04-24   249.26 259.17   249.24 259.14    26.75  36.65   248.69 258.60   254.28 264.18   248.01 257.92
2022-04-25   248.22 258.43   248.19 258.40    25.70  35.91   247.65 257.86   253.23 263.44   246.97 257.18
2022-04-26   247.33 257.53   247.30 257.51    24.81  35.02   246.76 256.96   252.34 262.55   246.07 256.28
2022-04-27   246.43 256.64   246.41 256.61    23.92  34.13   245.86 256.07   251.45 261.65   245.18 255.39
2022-04-28   245.54 255.75   245.52 255.72    23.03  33.23   244.97 255.18   250.56 260.76   244.29 254.50
2022-04-29   244.65 254.85   244.63 254.83    22.14  32.34   244.08 254.28   249.67 259.87   243.40 253.60
2022-04-30   243.76 253.96   243.74 253.94    21.25  31.45   243.19 253.39   248.78 258.98   242.51 252.71
2022-05-01   242.87 253.07   242.85 253.05    20.36  30.56   242.30 252.50   247.89 258.09   241.62 251.82
2022-05-02   241.98 252.18   241.96 252.16    19.47  29.67   241.41 251.61   247.00 257.20   240.73 250.93
2022-05-03   241.09 251.29   241.07 251.27    18.58  28.78   240.52 250.72   246.11 256.31   239.84 250.04
2022-05-04   240.20 250.40   240.18 250.38    17.69  27.89   239.63 249.83   245.22 255.42   238.95 249.15
2022-05-05   239.31 249.52   239.29 249.49    16.80  27.00   238.74 248.95   244.33 254.53   238.06 248.27
2022-05-06   238.42 248.63   238.40 248.60    15.91  26.11   237.85 248.06   243.44 253.64   237.17 247.38
2022-05-07   237.53 247.74   237.51 247.71    15.02  25.23   236.96 247.17   242.55 252.75   236.28 246.49
2022-05-08   236.64 246.85   236.61 246.82    14.13  24.34   236.07 246.28   241.66 251.87   235.39 245.60
2022-05-09   235.75 245.96   235.72 245.94    13.24  23.45   235.18 245.39   240.76 250.98   234.50 244.71
2022-05-10   234.86 245.07   234.83 245.05    12.34  22.56   234.29 244.50   239.87 250.09   233.61 243.82
2022-05-11   233.96 244.18   233.94 244.16    11.45  21.67   233.39 243.61   238.98 249.20   232.71 242.93
2022-05-12   233.07 243.29   233.04 243.27    10.56  20.78   232.50 242.72   238.09 248.31   231.82 242.04
2022-05-13   232.18 242.40   232.15 242.38     9.66  19.89   231.61 241.83   237.19 247.42   230.92 241.15
2022-05-14   231.28 241.51   231.25 241.49     8.77  19.00   230.71 240.94   236.29 246.53   230.03 240.26
2022-05-15   230.38 240.62   230.36 240.60     7.87  18.11   229.81 240.05   235.40 245.64   229.13 239.37
2022-05-16   229.49 239.73   229.46 239.70     6.97  17.22   228.92 239.16   234.50 244.75   228.23 238.48
2022-05-17   228.59 238.84   228.56 238.81     6.07  16.33   228.02 238.27   233.60 243.85   227.34 237.59
2022-05-18   227.69 237.95   227.66 237.92     5.17  15.43   227.12 237.38   232.70 242.96   226.44 236.69
2022-05-19   226.79 237.05   226.76 237.02     4.27  14.54   226.22 236.48   231.80 242.07   225.53 235.80
2022-05-20   225.88 236.16   225.86 236.13     3.37  13.64   225.31 235.59   230.90 241.17   224.63 234.91
2022-05-21   224.98 235.26   224.95 235.23     2.47  12.75   224.41 234.69   229.99 240.28   223.73 234.01
2022-05-22   224.07 234.36   224.05 234.34     1.56  11.85   223.50 233.79   229.09 239.38   222.82 233.11
2022-05-23   223.17 233.46   223.14 233.44     0.65  10.95   222.60 232.89   228.18 238.48   221.91 232.21
2022-05-24   222.26 232.56   222.23 232.54   359.74  10.05   221.69 231.99   227.27 237.58   221.01 231.31
2022-05-25   221.35 231.66   221.32 231.64   358.83   9.15   220.78 231.09   226.36 236.68   220.10 230.41
2022-05-26   220.43 230.76   220.41 230.73   357.92   8.25   219.86 230.19   225.45 235.77   219.18 229.51
2022-05-27   219.52 229.86   219.49 229.83   357.01   7.34   218.95 229.29   224.53 234.87   218.27 228.60
2022-05-28   218.60 228.95   218.58 228.92   356.09   6.44   218.03 228.38   223.62 233.96   217.35 227.70
2022-05-29   217.68 228.04   217.66 228.02   355.17   5.53   217.11 227.47   222.70 233.06   216.43 226.79
2022-05-30   216.76 227.13   216.74 227.11   354.25   4.62   216.19 226.56   221.78 232.15   215.51 225.88
2022-05-31   215.84 226.22   215.82 226.19   353.33   3.71   215.27 225.65   220.86 231.24   214.59 224.97
2022-06-01   214.92 225.31   214.89 225.28   352.40   2.80   214.35 224.74   219.93 230.32   213.67 224.06
2022-06-02   213.99 224.39   213.96 224.37   351.48   1.88   213.42 223.82   219.01 229.41   212.74 223.14
2022-06-03   213.06 223.48   213.04 223.45   350.55   0.96   212.49 222.91   218.08 228.49   211.81 222.23
2022-06-04   212.13 222.56   212.10 222.53   349.62   0.04   211.56 221.99   217.15 227.57   210.88 221.31
2022-06-05   211.20 221.64   211.17 221.61   348.68 359.12   210.63 221.07   216.21 226.65   209.95 220.39
2022-06-06   210.26 220.71   210.23 220.69   347.75 358.20   209.69 220.14   215.28 225.73   209.01 219.46
2022-06-07   209.32 219.79   209.30 219.76   346.81 357.27   208.75 219.22   214.34 224.80   208.07 218.54
2022-06-08   208.38 218.86   208.35 218.83   345.87 356.35   207.81 218.29   213.40 223.87   207.13 217.61
2022-06-09   207.44 217.93   207.41 217.90   344.92 355.42   206.87 217.36   212.45 222.94   206.19 216.68
2022-06-10   206.49 217.00   206.46 216.97   343.98 354.48   205.92 216.43   211.51 222.01   205.24 215.75
2022-06-11   205.54 216.06   205.52 216.03   343.03 353.55   204.97 215.49   210.56 221.08   204.29 214.81
2022-06-12   204.59 215.12   204.56 215.10   342.08 352.61   204.02 214.55   209.61 220.14   203.34 213.87
2022-06-13   203.64 214.18   203.61 214.16   341.12 351.67   203.07 213.61   208.65 219.20   202.39 212.93
2022-06-14   202.68 213.24   202.65 213.21   340.17 350.73   202.11 212.67   207.70 218.26   201.43 211.99
2022-06-15   201.72 212.30   201.69 212.27   339.21 349.78   201.15 211.73   206.74 217.31   200.47 211.04
2022-06-16   200.76 211.35   200.73 211.32   338.25 348.84   200.19 210.78   205.77 216.36   199.51 210.10
2022-06-17   199.79 210.40   199.77 210.37   337.28 347.88   199.22 209.83   204.81 215.41   198.54 209.15
2022-06-18   198.83 209.44   198.80 209.42   336.31 346.93   198.26 208.87   203.84 214.46   197.58 208.19
2022-06-19   197.86 208.49   197.83 208.46   335.34 345.98   197.29 207.92   202.87 213.50   196.61 207.24
2022-06-20   196.88 207.53   196.86 207.50   334.37 345.02   196.31 206.96   201.90 212.55   195.63 206.28
2022-06-21   195.91 206.57   195.88 206.54   333.39 344.06   195.34 206.00   200.92 211.58   194.66 205.32
2022-06-22   194.93 205.60   194.90 205.58   332.42 343.09   194.36 205.03   199.94 210.62   193.68 204.35
2022-06-23   193.95 204.64   193.92 204.61   331.44 342.13   193.38 204.07   198.96 209.65   192.70 203.39
2022-06-24   192.96 203.67   192.94 203.64   330.45 341.16   192.39 203.10   197.98 208.68   191.71 202.42
2022-06-25   191.98 202.70   191.95 202.67   329.46 340.18   191.41 202.13   196.99 207.71   190.73 201.45
2022-06-26   190.99 201.72   190.96 201.69   328.48 339.21   190.42 201.15   196.00 206.74   189.74 200.47
2022-06-27   190.00 200.74   189.97 200.72   327.48 338.23   189.43 200.17   195.01 205.76   188.74 199.49
2022-06-28   189.00 199.76   188.97 199.74   326.49 337.25   188.43 199.19   194.02 204.78   187.75 198.51
2022-06-29   188.00 198.78   187.98 198.75   325.49 336.27   187.43 198.21   193.02 203.79   186.75 197.53
2022-06-30   187.00 197.79   186.98 197.77   324.49 335.28   186.43 197.22   192.02 202.81   185.75 196.54
2022-07-01   186.00 196.80   185.98 196.78   323.49 334.29   185.43 196.23   191.02 201.82   184.75 195.55
2022-07-02   185.00 195.81   184.97 195.79   322.48 333.30   184.43 195.24   190.01 200.83   183.75 194.56
2022-07-03   183.99 194.82   183.96 194.79   321.48 332.31   183.42 194.25   189.01 199.83   182.74 193.57
2022-07-04   182.98 193.82   182.95 193.80   320.47 331.31   182.41 193.25   188.00 198.84   181.73 192.57
2022-07-05   181.97 192.82   181.94 192.80   319.46 330.31   181.40 192.25   186.98 197.84   180.72 191.57
2022-07-06   180.95 191.82   180.93 191.80   318.44 329.31   180.38 191.25   185.97 196.84   179.70 190.57
2022-07-07   179.94 190.82   179.91 190.79   317.43 328.30   179.37 190.25   184.95 195.83   178.69 189.57
2022-07-08   178.92 189.81   178.89 189.78   316.41 327.30   178.35 189.24   183.94 194.83   177.67 188.56
2022-07-09   177.90 188.80   177.87 188.78   315.39 326.29   177.33 188.23   182.91 193.82   176.65 187.55
2022-07-10   176.88 187.79   176.85 187.76   314.36 325.28   176.31 187.22   181.89 192.81   175.63 186.54
2022-07-11   175.85 186.78   175.83 186.75   313.34 324.27   175.28 186.21   180.87 191.79   174.60 185.53
2022-07-12   174.83 185.76   174.80 185.74   312.31 323.25   174.26 185.19   179.84 190.78   173.58 184.51
2022-07-13   173.80 184.74   173.77 184.72   311.29 322.23   173.23 184.17   178.81 189.76   172.55 183.49
2022-07-14   172.77 183.72   172.74 183.70   310.26 321.21   172.20 183.15   177.79 188.74   171.52 182.47
2022-07-15   171.74 182.70   171.71 182.68   309.23 320.19   171.17 182.13   176.75 187.72   170.49 181.45
2022-07-16   170.71 181.68   170.68 181.65   308.19 319.17   170.14 181.11   175.72 186.69   169.46 180.43
2022-07-17   169.67 180.65   169.65 180.63   307.16 318.14   169.10 180.08   174.69 185.67   168.42 179.40
2022-07-18   168.64 179.63   168.61 179.60   306.13 317.11   168.07 179.06   173.65 184.64   167.39 178.38
2022-07-19   167.60 178.60   167.57 178.57   305.09 316.09   167.03 178.03   172.62 183.61   166.35 177.35
2022-07-20   166.56 177.57   166.54 177.54   304.05 315.06   165.99 177.00   171.58 182.58   165.31 176.32
2022-07-21   165.53 176.54   165.50 176.51   303.01 314.02   164.96 175.97   170.54 181.55   164.28 175.29
2022-07-22   164.49 175.50   164.46 175.48   301.97 312.99   163.92 174.93   169.50 180.52   163.24 174.25
2022-07-23   163.45 174.47   163.42 174.44   300.93 311.96   162.88 173.90   168.46 179.48   162.20 173.22
2022-07-24   162.41 173.43   162.38 173.41   299.89 310.92   161.84 172.86   167.42 178.45   161.16 172.18
2022-07-25   161.36 172.40   161.34 172.37   298.85 309.88   160.79 171.83   166.38 177.41   160.11 171.15
2022-07-26   160.32 171.36   160.30 171.33   297.81 308.85   159.75 170.79   165.34 176.37   159.07 170.11
2022-07-27   159.28 170.32   159.25 170.29   296.77 307.81   158.71 169.75   164.30 175.34   158.03 169.07
2022-07-28   158.24 169.28   158.21 169.25   295.73 306.77   157.67 168.71   163.25 174.30   156.99 168.03
2022-07-29   157.20 168.24   157.17 168.21   294.68 305.73   156.63 167.67   162.21 173.26   155.94 166.99
2022-07-30   156.15 167.20   156.13 167.17   293.64 304.69   155.58 166.63   161.17 172.22   154.90 165.95
2022-07-31   155.11 166.16   155.08 166.13   292.60 303.65   154.54 165.59   160.13 171.17   153.86 164.91
2022-08-01   154.07 165.12   154.04 165.09   291.56 302.60   153.50 164.55   159.08 170.13   152.82 163.87
2022-08-02   153.03 164.08   153.00 164.05   290.51 301.56   152.46 163.51   158.04 169.09   151.77 162.82
2022-08-03   151.98 163.03   151.96 163.01   289.47 300.52   151.41 162.46   157.00 168.05   150.73 161.78
2022-08-04   150.94 161.99   150.92 161.96   288.43 299.48   150.37 161.42   155.96 167.01   149.69 160.74
2022-08-05   149.90 160.95   149.87 160.92   287.39 298.44   149.33 160.38   154.92 165.96   148.65 159.70
2022-08-06   148.86 159.91   148.83 159.88   286.35 297.39   148.29 159.34   153.88 164.92   147.61 158.65
2022-08-07   147.82 158.86   147.79 158.84   285.31 296.35   147.25 158.29   152.84 163.88   146.57 157.61
2022-08-08   146.78 157.82   146.75 157.80   284.27 295.31   146.21 157.25   151.80 162.84   145.53 156.57
2022-08-09   145.74 156.78   145.72 156.75   283.23 294.27   145.17 156.21   150.76 161.80   144.49 155.53
2022-08-10   144.71 155.74   144.68 155.71   282.19 293.23   144.14 155.17   149.72 160.75   143.46 154.49
2022-08-11   143.67 154.70   143.64 154.67   281.16 292.19   143.10 154.13   148.69 159.71   142.42 153.45
2022-08-12   142.63 153.66   142.61 153.63   280.12 291.15   142.06 153.09   147.65 158.67   141.38 152.41
2022-08-13   141.60 152.62   141.57 152.59   279.09 290.11   141.03 152.05   146.62 157.63   140.35 151.37
2022-08-14   140.57 151.58   140.54 151.55   278.06 289.07   140.00 151.01   145.58 156.60   139.32 150.33
2022-08-15   139.54 150.54   139.51 150.52   277.03 288.03   138.97 149.97   144.55 155.56   138.29 149.29
2022-08-16   138.51 149.51   138.48 149.48   276.00 286.99   137.94 148.94   143.52 154.52   137.26 148.26
2022-08-17   137.48 148.47   137.45 148.44   274.97 285.96   136.91 147.90   142.50 153.49   136.23 147.22
2022-08-18   136.45 147.44   136.43 147.41   273.94 284.92   135.88 146.87   141.47 152.45   135.20 146.19
2022-08-19   135.43 146.40   135.40 146.38   272.92 283.89   134.86 145.83   140.44 151.42   134.18 145.15
2022-08-20   134.41 145.37   134.38 145.35   271.89 282.86   133.84 144.80   139.42 150.39   133.15 144.12
2022-08-21   133.38 144.34   133.36 144.31   270.87 281.83   132.81 143.77   138.40 149.36   132.13 143.09
2022-08-22   132.36 143.31   132.34 143.29   269.85 280.80   131.79 142.74   137.38 148.33   131.11 142.06
2022-08-23   131.35 142.29   131.32 142.26   268.83 279.77   130.78 141.72   136.36 147.30   130.10 141.03
2022-08-24   130.33 141.26   130.31 141.23   267.82 278.75   129.76 140.69   135.35 146.27   129.08 140.01
2022-08-25   129.32 140.24   129.29 140.21   266.81 277.72   128.75 139.67   134.33 145.25   128.07 138.98
2022-08-26   128.31 139.21   128.28 139.19   265.79 276.70   127.74 138.64   133.32 144.23   127.06 137.96
2022-08-27   127.30 138.19   127.27 138.17   264.78 275.68   126.73 137.62   132.31 143.21   126.05 136.94
2022-08-28   126.29 137.17   126.26 137.15   263.78 274.66   125.72 136.60   131.31 142.19   125.04 135.92
2022-08-29   125.29 136.16   125.26 136.13   262.77 273.64   124.72 135.59   130.30 141.17   124.03 134.91
2022-08-30   124.28 135.14   124.26 135.11   261.77 272.63   123.71 134.57   129.30 140.16   123.03 133.89
2022-08-31   123.28 134.13   123.26 134.10   260.77 271.62   122.71 133.56   128.30 139.14   122.03 132.88
2022-09-01   122.28 133.12   122.26 133.09   259.77 270.60   121.71 132.55   127.30 138.13   121.03 131.87
2022-09-02   121.29 132.11   121.26 132.08   258.77 269.60   120.72 131.54   126.30 137.12   120.04 130.86
2022-09-03   120.29 131.10   120.27 131.07   257.78 268.59   119.72 130.53   125.31 136.12   119.04 129.85
2022-09-04   119.30 130.10   119.28 130.07   256.79 267.58   118.73 129.53   124.32 135.11   118.05 128.85
2022-09-05   118.31 129.09   118.29 129.07   255.80 266.58   117.74 128.52   123.33 134.11   117.06 127.84
2022-09-06   117.33 128.09   117.30 128.07   254.81 265.58   116.76 127.52   122.34 133.11   116.08 126.84
2022-09-07   116.34 127.10   116.32 127.07   253.83 264.58   115.77 126.53   121.36 132.11   115.09 125.84
2022-09-08   115.36 126.10   115.33 126.07   252.85 263.59   114.79 125.53   120.38 131.11   114.11 124.85
2022-09-09   114.38 125.11   114.35 125.08   251.87 262.59   113.81 124.54   119.40 130.12   113.13 123.85
2022-09-10   113.40 124.11   113.38 124.09   250.89 261.60   112.83 123.54   118.42 129.13   112.15 122.86
2022-09-11   112.43 123.12   112.40 123.10   249.92 260.61   111.86 122.55   117.44 128.14   111.18 121.87
2022-09-12   111.46 122.14   111.43 122.11   248.94 259.63   110.89 121.57   116.47 127.15   110.20 120.89
2022-09-13   110.48 121.15   110.46 121.13   247.97 258.64   109.91 120.58   115.50 126.17   109.23 119.90
2022-09-14   109.52 120.17   109.49 120.14   247.00 257.66   108.95 119.60   114.53 125.19   108.27 118.92
2022-09-15   108.55 119.19   108.52 119.16   246.04 256.68   107.98 118.62   113.57 124.21   107.30 117.94
2022-09-16   107.59 118.21   107.56 118.19   245.08 255.70   107.02 117.64   112.60 123.23   106.34 116.96
2022-09-17   106.63 117.24   106.60 117.21   244.11 254.72   106.06 116.67   111.64 122.25   105.38 115.99
2022-09-18   105.67 116.26   105.64 116.24   243.15 253.75   105.10 115.69   110.68 121.28   104.42 115.01
2022-09-19   104.71 115.29   104.68 115.27   242.20 252.78   104.14 114.72   109.73 120.31   103.46 114.04
2022-09-20   103.76 114.32   103.73 114.30   241.24 251.81   103.19 113.75   108.77 119.34   102.51 113.07
2022-09-21   102.80 113.36   102.78 113.33   240.29 250.85   102.23 112.79   107.82 118.37   101.55 112.11
2022-09-22   101.85 112.39   101.83 112.37   239.34 249.88   101.28 111.82   106.87 117.41   100.60 111.14
2022-09-23   100.90 111.43   100.88 111.40   238.39 248.92   100.33 110.86   105.92 116.45    99.65 110.18
2022-09-24    99.96 110.47    99.93 110.44   237.45 247.96    99.39 109.90   104.97 115.49    98.71 109.22
2022-09-25    99.01 109.51    98.99 109.49   236.50 247.00    98.44 108.94   104.03 114.53    97.76 108.26
2022-09-26    98.07 108.56    98.04 108.53   235.56 246.04    97.50 107.99   103.09 113.57    96.82 107.31
2022-09-27    97.13 107.60    97.10 107.58   234.62 245.09    96.56 107.03   102.15 112.62    95.88 106.35
2022-09-28    96.19 106.65    96.16 106.62   233.68 244.14    95.62 106.08   101.21 111.67    94.94 105.40
2022-09-29    95.25 105.70    95.23 105.67   232.74 243.19    94.68 105.13   100.27 110.72    94.00 104.45
2022-09-30    94.32 104.75    94.29 104.73   231.81 242.24    93.75 104.18    99.33 109.77    93.07 103.50
2022-10-01    93.38 103.81    93.36 103.78   230.87 241.29    92.81 103.24    98.40 108.82    92.13 102.56
2022-10-02    92.45 102.86    92.43 102.84   229.94 240.35    91.88 102.29    97.47 107.88    91.20 101.61
2022-10-03    91.52 101.92    91.49 101.89   229.01 239.41    90.95 101.35    96.54 106.93    90.27 100.67
2022-10-04    90.59 100.98    90.57 100.95   228.08 238.47    90.02 100.41    95.61 105.99    89.34  99.73
2022-10-05    89.66 100.04    89.64 100.01   227.15 237.53    89.09  99.47    94.68 105.05    88.41  98.79
2022-10-06    88.74  99.10    88.71  99.07   226.22 236.59    88.17  98.53    93.75 104.12    87.49  97.85
2022-10-07    87.81  98.17    87.79  98.14   225.30 235.65    87.24  97.60    92.83 103.18    86.56  96.91
2022-10-08    86.89  97.23    86.86  97.20   224.38 234.72    86.32  96.66    91.90 102.25    85.64  95.98
2022-10-09    85.96  96.30    85.94  96.27   223.45 233.78    85.39  95.73    90.98 101.31    84.71  95.05
2022-10-10    85.04  95.37    85.02  95.34   222.53 232.85    84.47  94.80    90.06 100.38    83.79  94.11
2022-10-11    84.12  94.43    84.10  94.41   221.61 231.92    83.55  93.86    89.14  99.45    82.87  93.18
2022-10-12    83.20  93.51    83.18  93.48   220.69 230.99    82.63  92.94    88.22  98.52    81.95  92.25
2022-10-13    82.28  92.58    82.26  92.55   219.77 230.06    81.71  92.01    87.30  97.59    81.03  91.33
2022-10-14    81.36  91.65    81.34  91.62   218.85 229.14    80.79  91.08    86.38  96.67    80.11  90.40
2022-10-15    80.45  90.72    80.42  90.70   217.93 228.21    79.88  90.15    85.46  95.74    79.20  89.47
2022-10-16    79.53  89.80    79.50  89.77   217.02 227.29    78.96  89.23    84.54  94.81    78.28  88.55
2022-10-17    78.61  88.88    78.59  88.85   216.10 226.36    78.04  88.31    83.63  93.89    77.36  87.62
2022-10-18    77.70  87.95    77.67  87.93   215.18 225.44    77.13  87.38    82.71  92.97    76.45  86.70
2022-10-19    76.78  87.03    76.75  87.00   214.27 224.52    76.21  86.46    81.80  92.04    75.53  85.78
2022-10-20    75.86  86.11    75.84  86.08   213.35 223.60    75.29  85.54    80.88  91.12    74.61  84.86
2022-10-21    74.95  85.19    74.92  85.16   212.44 222.67    74.38  84.62    79.96  90.20    73.70  83.94
2022-10-22    74.03  84.27    74.01  84.24   211.52 221.75    73.46  83.70    79.05  89.28    72.78  83.02
2022-10-23    73.12  83.35    73.09  83.32   210.61 220.83    72.55  82.78    78.13  88.36    71.87  82.09
2022-10-24    72.20  82.43    72.18  82.40   209.69 219.91    71.63  81.86    77.22  87.44    70.95  81.17
2022-10-25    71.29  81.51    71.26  81.48   208.78 218.99    70.72  80.94    76.30  86.52    70.04  80.26
2022-10-26    70.37  80.59    70.35  80.56   207.86 218.07    69.80  80.02    75.39  85.60    69.12  79.34
2022-10-27    69.46  79.67    69.43  79.64   206.94 217.16    68.89  79.10    74.47  84.68    68.21  78.42
2022-10-28    68.54  78.75    68.51  78.72   206.03 216.24    67.97  78.18    73.56  83.76    67.29  77.50
2022-10-29    67.62  77.83    67.60  77.80   205.11 215.32    67.05  77.26    72.64  82.84    66.37  76.58
2022-10-30    66.71  76.91    66.68  76.88   204.19 214.40    66.14  76.34    71.72  81.93    65.46  75.66
2022-10-31    65.79  75.99    65.76  75.96   203.28 213.48    65.22  75.42    70.80  81.01    64.54  74.74
2022-11-01    64.87  75.07    64.84  75.04   202.36 212.56    64.30  74.50    69.89  80.09    63.62  73.82
2022-11-02    63.95  74.15    63.92  74.12   201.44 211.64    63.38  73.58    68.97  79.17    62.70  72.90
2022-11-03    63.03  73.23    63.00  73.20   200.52 210.72    62.46  72.66    68.05  78.25    61.78  71.98
2022-11-04    62.11  72.31    62.08  72.28   199.60 209.80    61.54  71.74    67.12  77.33    60.86  71.06
2022-11-05    61.19  71.39    61.16  71.36   198.67 208.88    60.62  70.82    66.20  76.40    59.94  70.14
2022-11-06    60.26  70.47    60.24  70.44   197.75 207.95    59.69  69.90    65.28  75.48    59.01  69.22
2022-11-07    59.34  69.54    59.31  69.52   196.83 207.03    58.77  68.97    64.36  74.56    58.09  68.29
2022-11-08    58.41  68.62    58.39  68.59   195.90 206.11    57.84  68.05    63.43  73.63    57.16  67.37
2022-11-09    57.49  67.69    57.46  67.67   194.97 205.18    56.92  67.12    62.50  72.71    56.24  66.44
2022-11-10    56.65  66.68    56.62  66.65   194.14 204.16    56.08  66.11    61.67  71.69    55.40  65.43
2022-11-11    55.96  65.51    55.93  65.48   193.45 203.00    55.39  64.94    60.97  70.53    54.71  64.26
2022-11-12    55.27  64.35    55.24  64.32   192.75 201.83    54.70  63.78    60.28  69.36    54.02  63.09
2022-11-13    54.57  63.18    54.54  63.15   192.06 200.67    54.00  62.61    59.59  68.19    53.32  61.93
2022-11-14    53.87  62.01    53.85  61.98   191.36 199.50    53.30  61.44    58.89  67.03    52.62  60.76
2022-11-15    53.17  60.84    53.15  60.81   190.66 198.33    52.60  60.27    58.19  65.86    51.92  59.59
2022-11-16    52.47  59.67    52.44  59.64   189.96 197.16    51.90  59.10    57.49  64.69    51.22  58.42

2023-04-18   256.38 263.38   256.35 263.35    33.86  40.86   255.81 262.81   261.39 268.39   255.13 262.13
2023-04-19   255.25 262.70   255.22 262.68    32.73  40.19   254.68 262.13   260.26 267.72   253.99 261.45
2023-04-20   254.11 262.03   254.09 262.01    31.60  39.52   253.54 261.46   259.13 267.05   252.86 260.78
2023-04-21   252.99 261.37   252.96 261.34    30.47  38.85   252.42 260.80   258.00 266.38   251.73 260.12
2023-04-22   251.86 260.70   251.83 260.67    29.34  38.19   251.29 260.13   256.87 265.71   250.61 259.45
2023-04-23   250.73 260.03   250.70 260.01    28.21  37.52   250.16 259.46   255.74 265.05   249.48 258.78
2023-04-24   249.60 259.37   249.57 259.35    27.09  36.86   249.03 258.80   254.61 264.39   248.35 258.12
2023-04-25   248.49 258.70   248.46 258.67    25.97  36.18   247.92 258.13   253.50 263.71   247.23 257.44
2023-04-26   247.59 257.80   247.57 257.77    25.08  35.29   247.02 257.23   252.61 262.82   246.34 256.55
2023-04-27   246.70 256.91   246.67 256.88    24.19  34.39   246.13 256.34   251.72 261.92   245.45 255.65
2023-04-28   245.81 256.01   245.78 255.99    23.30  33.50   245.24 255.44   250.82 261.03   244.56 254.76
2023-04-29   244.92 255.12   244.89 255.09    22.40  32.61   244.35 254.55   249.93 260.13   243.67 253.87
2023-04-30   244.03 254.23   244.00 254.20    21.51  31.71   243.46 253.66   249.04 259.24   242.78 252.98
2023-05-01   243.13 253.34   243.11 253.31    20.62  30.82   242.56 252.77   248.15 258.35   241.88 252.08
2023-05-02   242.24 252.44   242.22 252.42    19.73  29.93   241.67 251.87   247.26 257.46   240.99 251.19
2023-05-03   241.35 251.55   241.33 251.53    18.84  29.04   240.78 250.98   246.37 256.57   240.10 250.30
2023-05-04   240.46 250.66   240.44 250.64    17.95  28.15   239.89 250.09   245.48 255.68   239.21 249.41
2023-05-05   239.57 249.77   239.54 249.75    17.06  27.26   239.00 249.20   244.59 254.79   238.32 248.52
2023-05-06   238.68 248.88   238.65 248.86    16.17  26.37   238.11 248.31   243.69 253.90   237.43 247.63
2023-05-07   237.79 247.99   237.76 247.97    15.27  25.48   237.22 247.42   242.80 253.01   236.54 246.74
2023-05-08   236.89 247.10   236.87 247.08    14.38  24.59   236.32 246.53   241.91 252.12   235.64 245.85
2023-05-09   236.00 246.21   235.97 246.19    13.49  23.70   235.43 245.64   241.02 251.23   234.75 244.96
2023-05-10   235.11 245.32   235.08 245.30    12.60  22.81   234.54 244.75   240.12 250.34   233.86 244.07
2023-05-11   234.21 244.43   234.19 244.41    11.70  21.92   233.64 243.86   239.23 249.45   232.96 243.18
2023-05-12   233.32 243.54   233.29 243.52    10.81  21.03   232.75 242.97   238.33 248.56   232.07 242.29
2023-05-13   232.42 242.65   232.40 242.62     9.91  20.14   231.85 242.08   237.44 247.67   231.17 241.40
2023-05-14   231.53 241.76   231.50 241.73     9.01  19.25   230.96 241.19   236.54 246.77   230.27 240.51
2023-05-15   230.63 240.87   230.60 240.84     8.12  18.35   230.06 240.30   235.64 245.88   229.38 239.62
2023-05-16   229.73 239.97   229.70 239.95     7.22  17.46   229.16 239.40   234.74 244.99   228.48 238.72
2023-05-17   228.83 239.08   228.80 239.05     6.32  16.57   228.26 238.51   233.84 244.09   227.58 237.83
2023-05-18   227.93 238.19   227.90 238.16     5.42  15.67   227.36 237.62   232.94 243.20   226.68 236.93
2023-05-19   227.03 237.29   227.00 237.26     4.51  14.78   226.46 236.72   232.04 242.30   225.77 236.04
2023-05-20   226.12 236.39   226.09 236.37     3.61  13.88   225.55 235.82   231.14 241.41   224.87 235.14
2023-05-21   225.22 235.50   225.19 235.47     2.70  12.98   224.65 234.93   230.23 240.51   223.96 234.24
2023-05-22   224.31 234.60   224.28 234.57     1.80  12.08   223.74 234.03   229.32 239.61   223.06 233.35
2023-05-23   223.40 233.70   223.37 233.67     0.89  11.18   222.83 233.13   228.42 238.71   222.15 232.45
2023-05-24   222.49 232.80   222.46 232.77   359.98  10.28   221.92 232.23   227.51 237.81   221.24 231.54
2023-05-25   221.58 231.89   221.55 231.87   359.07   9.38   221.01 231.32   226.59 236.91   220.33 230.64
2023-05-26   220.66 230.99   220.64 230.96   358.15   8.48   220.09 230.42   225.68 236.00   219.41 229.74
2023-05-27   219.75 230.08   219.72 230.06   357.24   7.57   219.18 229.51   224.76 235.10   218.50 228.83
2023-05-28   218.83 229.18   218.80 229.15   356.32   6.66   218.26 228.61   223.85 234.19   217.58 227.92
2023-05-29   217.91 228.27   217.89 228.24   355.40   5.75   217.34 227.70   222.93 233.28   216.66 227.02
2023-05-30   216.99 227.36   216.96 227.33   354.48   4.84   216.42 226.79   222.01 232.37   215.74 226.11
2023-05-31   216.07 226.44   216.04 226.42   353.55   3.93   215.50 225.87   221.08 231.46   214.82 225.19
2023-06-01   215.14 225.53   215.11 225.50   352.63   3.02   214.57 224.96   220.16 230.54   213.89 224.28
2023-06-02   214.21 224.61   214.19 224.59   351.70   2.10   213.64 224.04   219.23 229.63   212.96 223.36
2023-06-03   213.28 223.69   213.26 223.67   350.77   1.18   212.71 223.12   218.30 228.71   212.03 222.44
2023-06-04   212.35 222.77   212.32 222.75   349.84   0.26   211.78 222.20   217.37 227.79   211.10 221.52
2023-06-05   211.42 221.85   211.39 221.83   348.90 359.34   210.85 221.28   216.43 226.87   210.16 220.60
2023-06-06   210.48 220.93   210.45 220.90   347.97 358.41   209.91 220.36   215.49 225.94   209.23 219.68
2023-06-07   209.54 220.00   209.51 219.97   347.03 357.49   208.97 219.43   214.55 225.02   208.29 218.75
2023-06-08   208.60 219.07   208.57 219.05   346.08 356.56   208.03 218.50   213.61 224.09   207.34 217.82
2023-06-09   207.65 218.14   207.62 218.11   345.14 355.63   207.08 217.57   212.67 223.16   206.40 216.89
2023-06-10   206.70 217.21   206.68 217.18   344.19 354.69   206.13 216.64   211.72 222.22   205.45 215.96
2023-06-11   205.75 216.27   205.73 216.24   343.24 353.76   205.18 215.70   210.77 221.29   204.50 215.02
2023-06-12   204.80 215.33   204.77 215.31   342.29 352.82   204.23 214.76   209.82 220.35   203.55 214.08
2023-06-13   203.85 214.39   203.82 214.36   341.33 351.88   203.28 213.82   208.86 219.41   202.60 213.14
2023-06-14   202.89 213.45   202.86 213.42   340.38 350.93   202.32 212.88   207.90 218.46   201.64 212.20
2023-06-15   201.93 212.50   201.90 212.47   339.42 349.99   201.36 211.93   206.94 217.52   200.68 211.25
2023-06-16   200.97 211.55   200.94 211.53   338.45 349.04   200.40 210.98   205.98 216.57   199.71 210.30
2023-06-17   200.00 210.60   199.97 210.57   337.49 348.09   199.43 210.03   205.01 215.62   198.75 209.35
2023-06-18   199.03 209.65   199.00 209.62   336.52 347.13   198.46 209.08   204.05 214.66   197.78 208.40
2023-06-19   198.06 208.69   198.03 208.66   335.55 346.18   197.49 208.12   203.08 213.71   196.81 207.44
2023-06-20   197.09 207.73   197.06 207.70   334.57 345.22   196.52 207.16   202.10 212.75   195.84 206.48
2023-06-21   196.11 206.77   196.08 206.74   333.60 344.26   195.54 206.20   201.12 211.78   194.86 205.52
2023-06-22   195.13 205.80   195.10 205.78   332.62 343.29   194.56 205.23   200.15 210.82   193.88 204.55
2023-06-23   194.15 204.84   194.12 204.81   331.64 342.32   193.58 204.27   199.16 209.85   192.90 203.59
2023-06-24   193.16 203.87   193.14 203.84   330.65 341.35   192.59 203.30   198.18 208.88   191.91 202.62
2023-06-25   192.18 202.89   192.15 202.87   329.66 340.38   191.61 202.32   197.19 207.91   190.93 201.64
2023-06-26   191.19 201.92   191.16 201.89   328.67 339.41   190.62 201.35   196.20 206.93   189.94 200.67
2023-06-27   190.19 200.94   190.17 200.91   327.68 338.43   189.62 200.37   195.21 205.95   188.94 199.69
2023-06-28   189.20 199.96   189.17 199.93   326.69 337.45   188.63 199.39   194.22 204.97   187.95 198.71
2023-06-29   188.20 198.98   188.18 198.95   325.69 336.46   187.63 198.41   193.22 203.99   186.95 197.72
2023-06-30   187.20 197.99   187.18 197.96   324.69 335.48   186.63 197.42   192.22 203.00   185.95 196.74
2023-07-01   186.20 197.00   186.17 196.97   323.69 334.49   185.63 196.43   191.22 202.02   184.95 195.75
2023-07-02   185.20 196.01   185.17 195.98   322.68 333.50   184.63 195.44   190.21 201.02   183.95 194.76
2023-07-03   184.19 195.02   184.16 194.99   321.68 332.50   183.62 194.45   189.20 200.03   182.94 193.76
2023-07-04   183.18 194.02   183.15 193.99   320.67 331.51   182.61 193.45   188.20 199.03   181.93 192.77
2023-07-05   182.17 193.02   182.14 192.99   319.66 330.51   181.60 192.45   187.18 198.04   180.92 191.77
2023-07-06   181.16 192.02   181.13 191.99   318.64 329.51   180.59 191.45   186.17 197.03   179.90 190.77
2023-07-07   180.14 191.02   180.11 190.99   317.63 328.50   179.57 190.45   185.15 196.03   178.89 189.77
2023-07-08   179.12 190.01   179.10 189.98   316.61 327.50   178.55 189.44   184.14 195.03   177.87 188.76
2023-07-09   178.10 189.00   178.08 188.98   315.59 326.49   177.53 188.43   183.12 194.02   176.85 187.75
2023-07-10   177.08 187.99   177.05 187.97   314.57 325.48   176.51 187.42   182.10 193.01   175.83 186.74
2023-07-11   176.06 186.98   176.03 186.95   313.55 324.47   175.49 186.41   181.07 191.99   174.81 185.73
2023-07-12   175.03 185.97   175.01 185.94   312.52 323.45   174.46 185.40   180.05 190.98   173.78 184.71
2023-07-13   174.01 184.95   173.98 184.92   311.49 322.44   173.44 184.38   179.02 189.96   172.76 183.70
2023-07-14   172.98 183.93   172.95 183.90   310.47 321.42   172.41 183.36   177.99 188.95   171.73 182.68
2023-07-15   171.95 182.91   171.92 182.88   309.44 320.40   171.38 182.34   176.96 187.93   170.70 181.66
2023-07-16   170.92 181.89   170.89 181.86   308.40 319.38   170.35 181.32   175.93 186.90   169.67 180.64
2023-07-17   169.88 180.86   169.86 180.84   307.37 318.35   169.31 180.29   174.90 185.88   168.63 179.61
2023-07-18   168.85 179.84   168.82 179.81   306.34 317.33   168.28 179.27   173.87 184.85   167.60 178.59
2023-07-19   167.82 178.81   167.79 178.79   305.30 316.30   167.25 178.24   172.83 183.83   166.57 177.56
2023-07-20   166.78 177.78   166.75 177.76   304.27 315.27   166.21 177.21   171.80 182.80   165.53 176.53
2023-07-21   165.74 176.75   165.72 176.73   303.23 314.24   165.17 176.18   170.76 181.77   164.49 175.50
2023-07-22   164.71 175.72   164.68 175.70   302.19 313.21   164.14 175.15   169.72 180.74   163.46 174.47
2023-07-23   163.67 174.69   163.64 174.66   301.16 312.18   163.10 174.12   168.68 179.70   162.42 173.44
2023-07-24   162.63 173.66   162.60 173.63   300.12 311.14   162.06 173.09   167.65 178.67   161.38 172.40
2023-07-25   161.59 172.62   161.56 172.59   299.08 310.11   161.02 172.05   166.61 177.64   160.34 171.37
2023-07-26   160.55 171.59   160.52 171.56   298.04 309.07   159.98 171.02   165.57 176.60   159.30 170.33
2023-07-27   159.51 170.55   159.48 170.52   297.00 308.04   158.94 169.98   164.53 175.56   158.26 169.30
2023-07-28   158.47 169.51   158.44 169.48   295.96 307.00   157.90 168.94   163.49 174.53   157.22 168.26
2023-07-29   157.43 168.47   157.40 168.45   294.92 305.96   156.86 167.90   162.44 173.49   156.18 167.22
2023-07-30   156.39 167.43   156.36 167.41   293.88 304.92   155.82 166.86   161.40 172.45   155.14 166.18
2023-07-31   155.35 166.40   155.32 166.37   292.84 303.88   154.78 165.83   160.36 171.41   154.10 165.14
2023-08-01   154.31 165.36   154.28 165.33   291.80 302.84   153.74 164.79   159.32 170.37   153.06 164.10
2023-08-02   153.27 164.32   153.24 164.29   290.75 301.80   152.70 163.75   158.28 169.33   152.02 163.06
2023-08-03   152.23 163.28   152.20 163.25   289.71 300.76   151.66 162.71   157.24 168.29   150.98 162.02
2023-08-04   151.19 162.24   151.16 162.21   288.68 299.72   150.62 161.67   156.20 167.25   149.94 160.98
2023-08-05   150.15 161.19   150.12 161.17   287.64 298.68   149.58 160.62   155.16 166.21   148.90 159.94
2023-08-06   149.11 160.15   149.08 160.13   286.60 297.64   148.54 159.58   154.13 165.17   147.86 158.90
2023-08-07   148.07 159.11   148.05 159.09   285.56 296.60   147.50 158.54   153.09 164.13   146.82 157.86
2023-08-08   147.04 158.07   147.01 158.05   284.52 295.56   146.47 157.50   152.05 163.09   145.78 156.82
2023-08-09   146.00 157.04   145.97 157.01   283.49 294.52   145.43 156.47   151.01 162.05   144.75 155.78
2023-08-10   144.96 156.00   144.94 155.97   282.45 293.48   144.39 155.43   149.98 161.01   143.71 154.75
2023-08-11   143.93 154.96   143.90 154.93   281.42 292.44   143.36 154.39   148.94 159.97   142.68 153.71
2023-08-12   142.90 153.92   142.87 153.89   280.38 291.41   142.33 153.35   147.91 158.93   141.65 152.67
2023-08-13   141.86 152.88   141.84 152.86   279.35 290.37   141.29 152.31   146.88 157.90   140.61 151.63
2023-08-14   140.83 151.85   140.81 151.82   278.32 289.33   140.26 151.28   145.85 156.86   139.58 150.59
2023-08-15   139.80 150.81   139.78 150.78   277.29 288.30   139.23 150.24   144.82 155.83   138.55 149.56
2023-08-16   138.78 149.78   138.75 149.75   276.26 287.26   138.21 149.21   143.79 154.79   137.53 148.52
2023-08-17   137.75 148.74   137.72 148.72   275.24 286.23   137.18 148.17   142.77 153.76   136.50 147.49
2023-08-18   136.73 147.71   136.70 147.68   274.21 285.20   136.16 147.14   141.74 152.72   135.47 146.46
2023-08-19   135.70 146.68   135.68 146.65   273.19 284.17   135.13 146.11   140.72 151.69   134.45 145.43
2023-08-20   134.68 145.65   134.65 145.62   272.17 283.14   134.11 145.08   139.70 150.66   133.43 144.40
2023-08-21   133.66 144.62   133.63 144.59   271.15 282.11   133.09 144.05   138.68 149.63   132.41 143.37
2023-08-22   132.64 143.59   132.62 143.57   270.13 281.08   132.07 143.02   137.66 148.61   131.39 142.34
2023-08-23   131.63 142.57   131.60 142.54   269.11 280.05   131.06 142.00   136.64 147.58   130.38 141.32
2023-08-24   130.61 141.54   130.59 141.52   268.10 279.03   130.04 140.97   135.63 146.56   129.36 140.29
2023-08-25   129.60 140.52   129.57 140.49   267.09 278.01   129.03 139.95   134.62 145.53   128.35 139.27
2023-08-26   128.59 139.50   128.56 139.47   266.08 276.99   128.02 138.93   133.61 144.51   127.34 138.25
2023-08-27   127.58 138.48   127.56 138.45   265.07 275.97   127.01 137.91   132.60 143.49   126.33 137.23
2023-08-28   126.58 137.46   126.55 137.43   264.06 274.95   126.01 136.89   131.59 142.48   125.33 136.21
2023-08-29   125.57 136.45   125.55 136.42   263.06 273.93   125.00 135.88   130.59 141.46   124.32 135.19
2023-08-30   124.57 135.43   124.54 135.41   262.06 272.92   124.00 134.86   129.59 140.45   123.32 134.18
2023-08-31   123.57 134.42   123.54 134.39   261.06 271.91   123.00 133.85   128.59 139.43   122.32 133.17
2023-09-01   122.57 133.41   122.55 133.38   260.06 270.90   122.00 132.84   127.59 138.42   121.32 132.16
2023-09-02   121.58 132.40   121.55 132.38   259.07 269.89   121.01 131.83   126.59 137.42   120.33 131.15
2023-09-03   120.59 131.40   120.56 131.37   258.07 268.88   120.02 130.83   125.60 136.41   119.33 130.15
2023-09-04   119.60 130.39   119.57 130.37   257.08 267.88   119.03 129.82   124.61 135.41   118.34 129.14
2023-09-05   118.61 129.39   118.58 129.36   256.09 266.88   118.04 128.82   123.62 134.41   117.36 128.14
2023-09-06   117.62 128.39   117.59 128.36   255.11 265.88   117.05 127.82   122.64 133.41   116.37 127.14
2023-09-07   116.64 127.39   116.61 127.37   254.12 264.88   116.07 126.82   121.65 132.41   115.39 126.14
2023-09-08   115.66 126.40   115.63 126.37   253.14 263.89   115.09 125.83   120.67 131.41   114.40 125.15
2023-09-09   114.68 125.40   114.65 125.38   252.16 262.89   114.11 124.83   119.69 130.42   113.43 124.15
2023-09-10   113.70 124.41   113.67 124.39   251.19 261.90   113.13 123.84   118.71 129.43   112.45 123.16
2023-09-11   112.72 123.43   112.70 123.40   250.21 260.91   112.15 122.86   117.74 128.44   111.47 122.17
2023-09-12   111.75 122.44   111.73 122.41   249.24 259.93   111.18 121.87   116.77 127.45   110.50 121.19
2023-09-13   110.78 121.45   110.76 121.43   248.27 258.94   110.21 120.88   115.80 126.47   109.53 120.20
2023-09-14   109.81 120.47   109.79 120.45   247.30 257.96   109.24 119.90   114.83 125.49   108.56 119.22
2023-09-15   108.85 119.49   108.82 119.47   246.34 256.98   108.28 118.92   113.86 124.51   107.60 118.24
2023-09-16   107.89 118.51   107.86 118.49   245.37 256.00   107.32 117.94   112.90 123.53   106.64 117.26
2023-09-17   106.92 117.54   106.90 117.51   244.41 255.03   106.35 116.97   111.94 122.55   105.67 116.29
2023-09-18   105.97 116.57   105.94 116.54   243.45 254.05   105.40 116.00   110.98 121.58   104.71 115.32
2023-09-19   105.01 115.60   104.98 115.57   242.50 253.08   104.44 115.03   110.02 120.61   103.76 114.34
2023-09-20   104.05 114.63   104.03 114.60   241.54 252.11   103.48 114.06   109.07 119.64   102.80 113.38
2023-09-21   103.10 113.66   103.07 113.63   240.59 251.15   102.53 113.09   108.12 118.67   101.85 112.41
2023-09-22   102.15 112.69   102.12 112.67   239.64 250.18   101.58 112.12   107.17 117.71   100.90 111.44
2023-09-23   101.20 111.73   101.18 111.71   238.69 249.22   100.63 111.16   106.22 116.75    99.95 110.48
2023-09-24   100.26 110.77   100.23 110.75   237.74 248.26    99.69 110.20   105.27 115.79    99.00 109.52
2023-09-25    99.31 109.81    99.28 109.79   236.80 247.30    98.74 109.24   104.33 114.83    98.06 108.56
2023-09-26    98.37 108.86    98.34 108.83   235.85 246.34    97.80 108.29   103.38 113.87    97.12 107.61
2023-09-27    97.43 107.90    97.40 107.88   234.91 245.39    96.86 107.33   102.44 112.92    96.18 106.65
2023-09-28    96.49 106.95    96.46 106.92   233.97 244.44    95.92 106.38   101.50 111.97    95.24 105.70
2023-09-29    95.55 106.00    95.52 105.97   233.04 243.49    94.98 105.43   100.56 111.01    94.30 104.75
2023-09-30    94.61 105.05    94.59 105.02   232.10 242.54    94.04 104.48    99.63 110.07    93.36 103.80
2023-10-01    93.68 104.10    93.65 104.08   231.17 241.59    93.11 103.53    98.69 109.12    92.43 102.85
2023-10-02    92.75 103.16    92.72 103.13   230.23 240.65    92.18 102.59    97.76 108.17    91.49 101.91
2023-10-03    91.81 102.22    91.79 102.19   229.30 239.70    91.24 101.65    96.83 107.23    90.56 100.96
2023-10-04    90.88 101.27    90.86 101.25   228.37 238.76    90.31 100.70    95.90 106.29    89.63 100.02
2023-10-05    89.95 100.33    89.93 100.31   227.44 237.82    89.38  99.76    94.97 105.35    88.70  99.08
2023-10-06    89.03  99.39    89.00  99.37   226.51 236.88    88.46  98.82    94.04 104.41    87.78  98.14
2023-10-07    88.10  98.46    88.07  98.43   225.59 235.94    87.53  97.89    93.12 103.47    86.85  97.21
2023-10-08    87.18  97.52    87.15  97.50   224.66 235.01    86.61  96.95    92.19 102.54    85.93  96.27
2023-10-09    86.25  96.59    86.23  96.56   223.74 234.07    85.68  96.02    91.27 101.60    85.00  95.34
2023-10-10    85.33  95.65    85.30  95.63   222.82 233.14    84.76  95.08    90.34 100.67    84.08  94.40
2023-10-11    84.41  94.72    84.38  94.70   221.89 232.21    83.84  94.15    89.42  99.74    83.16  93.47
2023-10-12    83.49  93.79    83.46  93.77   220.97 231.28    82.92  93.22    88.50  98.81    82.24  92.54
2023-10-13    82.57  92.86    82.54  92.84   220.05 230.35    82.00  92.29    87.58  97.88    81.31  91.61
2023-10-14    81.65  91.93    81.62  91.91   219.13 229.42    81.08  91.36    86.66  96.95    80.40  90.68
2023-10-15    80.73  91.01    80.70  90.98   218.21 228.50    80.16  90.44    85.74  96.02    79.48  89.76
2023-10-16    79.81  90.08    79.78  90.05   217.30 227.57    79.24  89.51    84.82  95.10    78.56  88.83
2023-10-17    78.89  89.16    78.86  89.13   216.38 226.64    78.32  88.59    83.91  94.17    77.64  87.91
2023-10-18    77.97  88.23    77.95  88.20   215.46 225.72    77.40  87.66    82.99  93.25    76.72  86.98
2023-10-19    77.06  87.31    77.03  87.28   214.54 224.79    76.49  86.74    82.07  92.32    75.81  86.06
2023-10-20    76.14  86.38    76.11  86.36   213.63 223.87    75.57  85.81    81.15  91.40    74.89  85.13
2023-10-21    75.22  85.46    75.20  85.44   212.71 222.95    74.65  84.89    80.24  90.48    73.97  84.21
2023-10-22    74.31  84.54    74.28  84.51   211.79 222.03    73.74  83.97    79.32  89.55    73.06  83.29
2023-10-23    73.39  83.62    73.36  83.59   210.88 221.11    72.82  83.05    78.40  88.63    72.14  82.37
2023-10-24    72.47  82.70    72.45  82.67   209.96 220.18    71.90  82.13    77.49  87.71    71.22  81.45
2023-10-25    71.56  81.78    71.53  81.75   209.04 219.26    70.99  81.21    76.57  86.79    70.31  80.52
2023-10-26    70.64  80.85    70.61  80.83   208.13 218.34    70.07  80.28    75.65  85.87    69.39  79.60
2023-10-27    69.72  79.93    69.70  79.91   207.21 217.42    69.15  79.36    74.74  84.95    68.47  78.68
2023-10-28    68.80  79.01    68.78  78.99   206.29 216.50    68.23  78.44    73.82  84.03    67.55  77.76
2023-10-29    67.89  78.09    67.86  78.07   205.37 215.58    67.32  77.52    72.90  83.11    66.64  76.84
2023-10-30    66.97  77.17    66.94  77.15   204.45 214.66    66.40  76.60    71.98  82.19    65.72  75.92
2023-10-31    66.05  76.25    66.02  76.22   203.54 213.74    65.48  75.68    71.06  81.27    64.80  75.00
2023-11-01    65.13  75.33    65.10  75.30   202.62 212.82    64.56  74.76    70.14  80.34    63.88  74.08
2023-11-02    64.21  74.41    64.18  74.38   201.69 211.90    63.64  73.84    69.22  79.42    62.96  73.16
2023-11-03    63.29  73.49    63.26  73.46   200.77 210.97    62.72  72.92    68.30  78.50    62.04  72.24
2023-11-04    62.36  72.56    62.34  72.54   199.85 210.05    61.79  71.99    67.38  77.58    61.11  71.31
2023-11-05    61.44  71.64    61.41  71.61   198.93 209.13    60.87  71.07    66.45  76.66    60.19  70.39
2023-11-06    60.51  70.72    60.49  70.69   198.00 208.20    59.94  70.15    65.53  75.73    59.26  69.47
2023-11-07    59.59  69.79    59.56  69.77   197.08 207.28    59.02  69.22    64.60  74.81    58.34  68.54
2023-11-08    58.66  68.87    58.64  68.84   196.15 206.35    58.09  68.30    63.68  73.88    57.41  67.62
2023-11-09    57.73  67.94    57.71  67.91   195.22 205.43    57.16  67.37    62.75  72.96    56.48  66.69
2023-11-10    56.82  66.99    56.80  66.97   194.31 204.48    56.25  66.42    61.84  72.01    55.57  65.74
2023-11-11    56.13  65.83    56.10  65.80   193.62 203.31    55.56  65.26    61.14  70.84    54.88  64.58
2023-11-12    55.44  64.66    55.41  64.63   192.92 202.15    54.87  64.09    60.45  69.67    54.18  63.41
2023-11-13    54.74  63.49    54.71  63.46   192.23 200.98    54.17  62.92    59.75  68.51    53.49  62.24
2023-11-14    54.04  62.32    54.01  62.29   191.53 199.81    53.47  61.75    59.06  67.34    52.79  61.07
2023-11-15    53.34  61.15    53.31  61.12   190.83 198.64    52.77  60.58    58.35  66.16    52.09  59.90
2023-11-16    52.64  59.98    52.61  59.95   190.12 197.46    52.07  59.41    57.65  64.99    51.39  58.73
2023-11-17    51.93  58.80    51.90  58.78   189.42 196.29    51.36  58.23    56.95  63.82    50.68  57.55
