
       Target
                ecliptic
RA      Dec     latitude
292.470  37.568  58.293

Checked interval [2020-01-01, 2023-12-31]
|           Window [days]                 |    Normal V3 PA [deg]    |
   Start           End         Duration         Start         End         RA            Dec     
 2020-04-15      2020-11-07       206.00     260.89290      64.47866     292.46980      37.56779 
 2021-04-15      2021-11-07       206.00     261.14488      64.71838     292.46980      37.56779 
 2022-04-15      2022-11-08       207.00     261.39675      64.09173     292.46980      37.56779 
 2023-04-16      2023-11-08       206.00     260.82189      64.31774     292.46980      37.56779 


                V3PA          NIRCam           NIRSpec         NIRISS           MIRI          FGS
   Date      min    max      min    max       min    max     min    max      min    max      min    max

2020-04-16   257.16 264.46   257.14 264.43    34.65  41.94   256.59 263.89   262.18 269.47   255.91 263.21
2020-04-17   256.02 263.94   255.99 263.92    33.50  41.43   255.45 263.37   261.03 268.96   254.77 262.69
2020-04-18   254.87 263.43   254.85 263.41    32.36  40.92   254.30 262.86   259.89 268.45   253.62 262.18
2020-04-19   253.73 262.92   253.70 262.90    31.22  40.41   253.16 262.35   258.75 267.94   252.48 261.67
2020-04-20   252.59 262.42   252.56 262.39    30.07  39.91   252.02 261.85   257.60 267.43   251.34 261.17
2020-04-21   251.57 261.78   251.55 261.76    29.06  39.27   251.00 261.21   256.59 266.80   250.32 260.53
2020-04-22   250.75 260.96   250.73 260.93    28.24  38.45   250.18 260.39   255.77 265.97   249.50 259.71
2020-04-23   249.93 260.14   249.91 260.11    27.42  37.62   249.36 259.57   254.95 265.15   248.68 258.89
2020-04-24   249.11 259.31   249.09 259.29    26.60  36.80   248.54 258.74   254.13 264.33   247.86 258.06
2020-04-25   248.29 258.49   248.27 258.47    25.78  35.98   247.72 257.92   253.31 263.51   247.04 257.24
2020-04-26   247.47 257.67   247.45 257.65    24.96  35.16   246.90 257.10   252.49 262.69   246.22 256.42
2020-04-27   246.65 256.85   246.63 256.83    24.14  34.34   246.08 256.28   251.67 261.87   245.40 255.60
2020-04-28   245.83 256.04   245.81 256.01    23.32  33.52   245.26 255.47   250.85 261.05   244.58 254.78
2020-04-29   245.01 255.22   244.99 255.19    22.50  32.71   244.44 254.65   250.03 260.23   243.76 253.97
2020-04-30   244.19 254.40   244.17 254.37    21.68  31.89   243.62 253.83   249.21 259.41   242.94 253.15
2020-05-01   243.37 253.58   243.34 253.56    20.86  31.07   242.80 253.01   248.39 258.60   242.12 252.33
2020-05-02   242.55 252.76   242.52 252.74    20.03  30.25   241.98 252.19   247.56 257.78   241.30 251.51
2020-05-03   241.72 251.95   241.70 251.92    19.21  29.43   241.15 251.38   246.74 256.96   240.47 250.70
2020-05-04   240.90 251.13   240.87 251.10    18.39  28.62   240.33 250.56   245.91 256.14   239.65 249.88
2020-05-05   240.07 250.31   240.05 250.28    17.56  27.80   239.50 249.74   245.09 255.32   238.82 249.06
2020-05-06   239.25 249.49   239.22 249.46    16.73  26.98   238.68 248.92   244.26 254.51   238.00 248.24
2020-05-07   238.42 248.67   238.39 248.64    15.91  26.16   237.85 248.10   243.43 253.69   237.17 247.42
2020-05-08   237.59 247.85   237.56 247.82    15.08  25.34   237.02 247.28   242.60 252.87   236.34 246.60
2020-05-09   236.76 247.03   236.73 247.00    14.24  24.52   236.19 246.46   241.77 252.04   235.51 245.78
2020-05-10   235.92 246.21   235.90 246.18    13.41  23.69   235.35 245.64   240.94 251.22   234.67 244.96
2020-05-11   235.09 245.38   235.06 245.36    12.57  22.87   234.52 244.81   240.10 250.40   233.84 244.13
2020-05-12   234.25 244.56   234.22 244.53    11.74  22.04   233.68 243.99   239.26 249.57   233.00 243.31
2020-05-13   233.41 243.73   233.38 243.70    10.90  21.22   232.84 243.16   238.42 248.75   232.16 242.48
2020-05-14   232.57 242.90   232.54 242.87    10.05  20.39   232.00 242.33   237.58 247.92   231.32 241.65
2020-05-15   231.72 242.07   231.69 242.04     9.21  19.56   231.15 241.50   236.74 247.09   230.47 240.82
2020-05-16   230.87 241.24   230.85 241.21     8.36  18.73   230.30 240.67   235.89 246.25   229.62 239.99
2020-05-17   230.02 240.40   230.00 240.38     7.51  17.89   229.45 239.83   235.04 245.42   228.77 239.15
2020-05-18   229.17 239.57   229.14 239.54     6.66  17.06   228.60 239.00   234.18 244.58   227.92 238.32
2020-05-19   228.31 238.73   228.29 238.70     5.80  16.22   227.74 238.16   233.33 243.74   227.06 237.48
2020-05-20   227.45 237.89   227.43 237.86     4.94  15.38   226.88 237.32   232.47 242.90   226.20 236.64
2020-05-21   226.59 237.04   226.56 237.02     4.08  14.53   226.02 236.47   231.61 242.06   225.34 235.79
2020-05-22   225.72 236.20   225.70 236.17     3.21  13.69   225.15 235.63   230.74 241.21   224.47 234.95
2020-05-23   224.85 235.35   224.83 235.32     2.34  12.84   224.28 234.78   229.87 240.36   223.60 234.10
2020-05-24   223.98 234.50   223.95 234.47     1.47  11.98   223.41 233.93   229.00 239.51   222.73 233.25
2020-05-25   223.10 233.64   223.08 233.61     0.59  11.13   222.53 233.07   228.12 238.66   221.85 232.39
2020-05-26   222.22 232.78   222.20 232.76   359.71  10.27   221.65 232.21   227.24 237.80   220.97 231.53
2020-05-27   221.34 231.92   221.31 231.89   358.83   9.41   220.77 231.35   226.35 236.93   220.09 230.67
2020-05-28   220.45 231.05   220.42 231.03   357.94   8.54   219.88 230.48   225.46 236.07   219.20 229.80
2020-05-29   219.56 230.18   219.53 230.16   357.04   7.67   218.99 229.61   224.57 235.20   218.30 228.93
2020-05-30   218.66 229.31   218.63 229.29   356.15   6.80   218.09 228.74   223.67 234.33   217.41 228.06
2020-05-31   217.76 228.43   217.73 228.41   355.24   5.92   217.19 227.86   222.77 233.45   216.51 227.18
2020-06-01   216.85 227.55   216.82 227.53   354.34   5.04   216.28 226.98   221.87 232.57   215.60 226.30
2020-06-02   215.94 226.67   215.91 226.64   353.43   4.16   215.37 226.10   220.95 231.68   214.69 225.42
2020-06-03   215.02 225.78   215.00 225.75   352.51   3.27   214.45 225.21   220.04 230.80   213.77 224.53
2020-06-04   214.10 224.89   214.08 224.86   351.59   2.37   213.53 224.32   219.12 229.90   212.85 223.64
2020-06-05   213.18 223.99   213.15 223.96   350.66   1.48   212.61 223.42   218.19 229.00   211.93 222.74
2020-06-06   212.25 223.09   212.22 223.06   349.73   0.57   211.68 222.52   217.26 228.10   211.00 221.84
2020-06-07   211.31 222.18   211.29 222.15   348.80 359.67   210.74 221.61   216.33 227.19   210.06 220.93
2020-06-08   210.37 221.27   210.34 221.24   347.86 358.76   209.80 220.70   215.39 226.28   209.12 220.02
2020-06-09   209.43 220.35   209.40 220.33   346.91 357.84   208.86 219.78   214.44 225.37   208.18 219.10
2020-06-10   208.48 219.43   208.45 219.40   345.96 356.92   207.91 218.86   213.49 224.45   207.22 218.18
2020-06-11   207.52 218.50   207.49 218.48   345.01 355.99   206.95 217.93   212.53 223.52   206.27 217.25
2020-06-12   206.56 217.57   206.53 217.55   344.04 355.06   205.99 217.00   211.57 222.59   205.31 216.32
2020-06-13   205.59 216.64   205.56 216.61   343.08 354.12   205.02 216.07   210.61 221.65   204.34 215.38
2020-06-14   204.62 215.69   204.59 215.67   342.11 353.18   204.05 215.12   209.63 220.71   203.37 214.44
2020-06-15   203.64 214.75   203.61 214.72   341.13 352.23   203.07 214.18   208.66 219.76   202.39 213.50
2020-06-16   202.66 213.79   202.63 213.77   340.14 351.28   202.09 213.22   207.67 218.81   201.41 212.54
2020-06-17   201.67 212.84   201.64 212.81   339.16 350.32   201.10 212.27   206.68 217.85   200.42 211.58
2020-06-18   200.67 211.87   200.65 211.85   338.16 349.36   200.10 211.30   205.69 216.89   199.42 210.62
2020-06-19   199.67 210.90   199.65 210.88   337.16 348.39   199.10 210.33   204.69 215.92   198.42 209.65
2020-06-20   198.67 209.93   198.64 209.90   336.16 347.42   198.10 209.36   203.68 214.94   197.42 208.68
2020-06-21   197.66 208.95   197.63 208.92   335.15 346.44   197.09 208.38   202.67 213.96   196.41 207.70
2020-06-22   196.64 207.96   196.61 207.94   334.13 345.45   196.07 207.39   201.66 212.98   195.39 206.71
2020-06-23   195.62 206.97   195.59 206.94   333.11 344.46   195.05 206.40   200.63 211.99   194.37 205.72
2020-06-24   194.59 205.97   194.57 205.95   332.08 343.46   194.02 205.40   199.61 210.99   193.34 204.72
2020-06-25   193.56 204.97   193.53 204.94   331.05 342.46   192.99 204.40   198.57 209.99   192.31 203.72
2020-06-26   192.52 203.96   192.49 203.93   330.01 341.45   191.95 203.39   197.53 208.98   191.27 202.71
2020-06-27   191.48 202.95   191.45 202.92   328.96 340.43   190.91 202.38   196.49 207.96   190.23 201.70
2020-06-28   190.43 201.93   190.40 201.90   327.91 339.41   189.86 201.36   195.44 206.94   189.18 200.68
2020-06-29   189.37 200.90   189.35 200.87   326.86 338.39   188.80 200.33   194.39 205.92   188.12 199.65
2020-06-30   188.31 199.87   188.29 199.84   325.80 337.36   187.74 199.30   193.33 204.89   187.06 198.62
2020-07-01   187.25 198.83   187.22 198.81   324.73 336.32   186.68 198.26   192.26 203.85   186.00 197.58
2020-07-02   186.18 197.79   186.15 197.76   323.67 335.28   185.61 197.22   191.19 202.81   184.93 196.54
2020-07-03   185.10 196.74   185.08 196.72   322.59 334.23   184.53 196.17   190.12 201.76   183.85 195.49
2020-07-04   184.02 195.69   184.00 195.66   321.51 333.18   183.45 195.12   189.04 200.70   182.77 194.44
2020-07-05   182.94 194.63   182.91 194.60   320.43 332.12   182.37 194.06   187.95 199.65   181.69 193.38
2020-07-06   181.85 193.57   181.82 193.54   319.34 331.05   181.28 193.00   186.87 198.58   180.60 192.32
2020-07-07   180.76 192.50   180.73 192.47   318.25 329.99   180.19 191.93   185.77 197.51   179.51 191.25
2020-07-08   179.66 191.42   179.63 191.40   317.15 328.91   179.09 190.85   184.68 196.44   178.41 190.17
2020-07-09   178.56 190.35   178.53 190.32   316.05 327.83   177.99 189.78   183.58 195.36   177.31 189.10
2020-07-10   177.46 189.26   177.43 189.24   314.94 326.75   176.89 188.69   182.47 194.28   176.20 188.01
2020-07-11   176.35 188.17   176.32 188.15   313.83 325.66   175.78 187.60   181.36 193.19   175.10 186.92
2020-07-12   175.23 187.08   175.21 187.06   312.72 324.57   174.66 186.51   180.25 192.10   173.98 185.83
2020-07-13   174.12 185.99   174.09 185.96   311.61 323.47   173.55 185.42   179.13 191.00   172.87 184.74
2020-07-14   173.00 184.89   172.97 184.86   310.49 322.37   172.43 184.32   178.02 189.90   171.75 183.63
2020-07-15   171.88 183.78   171.85 183.75   309.37 321.27   171.31 183.21   176.90 188.80   170.63 182.53
2020-07-16   170.76 182.67   170.73 182.65   308.24 320.16   170.19 182.10   175.77 187.69   169.51 181.42
2020-07-17   169.63 181.56   169.60 181.53   307.12 319.05   169.06 180.99   174.65 186.58   168.38 180.31
2020-07-18   168.50 180.45   168.48 180.42   305.99 317.93   167.93 179.88   173.52 185.46   167.25 179.20
2020-07-19   167.37 179.33   167.35 179.30   304.86 316.82   166.80 178.76   172.39 184.34   166.12 178.08
2020-07-20   166.24 178.21   166.21 178.18   303.73 315.69   165.67 177.64   171.26 183.22   164.99 176.96
2020-07-21   165.11 177.08   165.08 177.06   302.60 314.57   164.54 176.51   170.12 182.10   163.86 175.83
2020-07-22   163.97 175.96   163.95 175.93   301.46 313.45   163.40 175.39   168.99 180.97   162.72 174.71
2020-07-23   162.84 174.83   162.81 174.80   300.33 312.32   162.27 174.26   167.85 179.84   161.59 173.58
2020-07-24   161.70 173.70   161.68 173.67   299.19 311.19   161.13 173.13   166.72 178.71   160.45 172.45
2020-07-25   160.57 172.57   160.54 172.54   298.05 310.06   160.00 172.00   165.58 177.58   159.32 171.32
2020-07-26   159.43 171.43   159.40 171.41   296.92 308.92   158.86 170.86   164.45 176.45   158.18 170.18
2020-07-27   158.30 170.30   158.27 170.27   295.78 307.79   157.73 169.73   163.31 175.32   157.04 169.05
2020-07-28   157.16 169.17   157.13 169.14   294.65 306.65   156.59 168.60   162.18 174.18   155.91 167.91
2020-07-29   156.03 168.03   156.00 168.00   293.51 305.52   155.46 167.46   161.04 173.05   154.77 166.78
2020-07-30   154.89 166.89   154.86 166.87   292.38 304.38   154.32 166.32   159.91 171.91   153.64 165.64
2020-07-31   153.76 165.76   153.73 165.73   291.25 303.24   153.19 165.19   158.77 170.77   152.51 164.51
2020-08-01   152.63 164.62   152.60 164.59   290.11 302.11   152.06 164.05   157.64 169.64   151.38 163.37
2020-08-02   151.50 163.49   151.47 163.46   288.99 300.97   150.93 162.92   156.51 168.50   150.25 162.23
2020-08-03   150.37 162.35   150.34 162.32   287.86 299.84   149.80 161.78   155.39 167.37   149.12 161.10
2020-08-04   149.24 161.22   149.22 161.19   286.73 298.70   148.67 160.65   154.26 166.23   147.99 159.97
2020-08-05   148.12 160.08   148.10 160.06   285.61 297.57   147.55 159.51   153.14 165.10   146.87 158.83
2020-08-06   147.00 158.95   146.97 158.92   284.49 296.44   146.43 158.38   152.02 163.97   145.75 157.70
2020-08-07   145.88 157.82   145.86 157.79   283.37 295.31   145.31 157.25   150.90 162.84   144.63 156.57
2020-08-08   144.77 156.69   144.74 156.67   282.26 294.18   144.20 156.12   149.78 161.71   143.52 155.44
2020-08-09   143.66 155.57   143.63 155.54   281.14 293.05   143.09 155.00   148.67 160.58   142.41 154.32
2020-08-10   142.55 154.44   142.52 154.42   280.04 291.93   141.98 153.87   147.56 159.46   141.30 153.19
2020-08-11   141.44 153.32   141.42 153.29   278.93 290.81   140.87 152.75   146.46 158.34   140.19 152.07
2020-08-12   140.34 152.20   140.32 152.18   277.83 289.69   139.77 151.63   145.36 157.22   139.09 150.95
2020-08-13   139.25 151.09   139.22 151.06   276.73 288.57   138.68 150.52   144.26 156.10   138.00 149.84
2020-08-14   138.15 149.97   138.13 149.95   275.64 287.46   137.58 149.40   143.17 154.99   136.90 148.72
2020-08-15   137.07 148.86   137.04 148.84   274.55 286.35   136.50 148.29   142.08 153.88   135.82 147.61
2020-08-16   135.98 147.76   135.96 147.73   273.47 285.25   135.41 147.19   141.00 152.77   134.73 146.51
2020-08-17   134.90 146.66   134.88 146.63   272.39 284.14   134.33 146.09   139.92 151.67   133.65 145.41
2020-08-18   133.83 145.56   133.80 145.53   271.32 283.05   133.26 144.99   138.84 150.57   132.58 144.31
2020-08-19   132.76 144.46   132.73 144.44   270.25 281.95   132.19 143.89   137.77 149.48   131.51 143.21
2020-08-20   131.69 143.37   131.67 143.35   269.18 280.86   131.12 142.80   136.71 148.39   130.44 142.12
2020-08-21   130.63 142.29   130.61 142.26   268.12 279.77   130.06 141.72   135.65 147.30   129.38 141.04
2020-08-22   129.58 141.21   129.55 141.18   267.06 278.69   129.01 140.64   134.59 146.22   128.33 139.95
2020-08-23   128.53 140.13   128.50 140.10   266.01 277.62   127.96 139.56   133.54 145.14   127.28 138.88
2020-08-24   127.48 139.06   127.46 139.03   264.97 276.54   126.91 138.49   132.50 144.07   126.23 137.80
2020-08-25   126.44 137.99   126.42 137.96   263.93 275.47   125.87 137.42   131.46 143.00   125.19 136.74
2020-08-26   125.41 136.92   125.38 136.90   262.89 274.41   124.84 136.35   130.42 141.94   124.16 135.67
2020-08-27   124.38 135.87   124.35 135.84   261.87 273.35   123.81 135.30   129.39 140.88   123.13 134.62
2020-08-28   123.35 134.81   123.33 134.79   260.84 272.30   122.78 134.24   128.37 139.83   122.10 133.56
2020-08-29   122.34 133.76   122.31 133.74   259.82 271.25   121.77 133.19   127.35 138.78   121.08 132.51
2020-08-30   121.32 132.72   121.30 132.69   258.81 270.21   120.75 132.15   126.34 137.74   120.07 131.47
2020-08-31   120.31 131.68   120.29 131.66   257.80 269.17   119.74 131.11   125.33 136.70   119.06 130.43
2020-09-01   119.31 130.65   119.29 130.62   256.80 268.14   118.74 130.08   124.33 135.67   118.06 129.40
2020-09-02   118.32 129.62   118.29 129.60   255.80 267.11   117.75 129.05   123.33 134.64   117.06 128.37
2020-09-03   117.32 128.60   117.30 128.57   254.81 266.09   116.75 128.03   122.34 133.62   116.07 127.35
2020-09-04   116.34 127.58   116.31 127.56   253.82 265.07   115.77 127.01   121.35 132.60   115.09 126.33
2020-09-05   115.36 126.57   115.33 126.54   252.84 264.06   114.79 126.00   120.37 131.59   114.11 125.32
2020-09-06   114.38 125.56   114.35 125.54   251.87 263.05   113.81 124.99   119.40 130.58   113.13 124.31
2020-09-07   113.41 124.56   113.38 124.54   250.90 262.05   112.84 123.99   118.43 129.58   112.16 123.31
2020-09-08   112.44 123.57   112.42 123.54   249.93 261.05   111.87 123.00   117.46 128.58   111.19 122.32
2020-09-09   111.48 122.58   111.46 122.55   248.97 260.06   110.91 122.01   116.50 127.59   110.23 121.33
2020-09-10   110.53 121.59   110.50 121.56   248.02 259.08   109.96 121.02   115.54 126.61   109.28 120.34
2020-09-11   109.58 120.61   109.55 120.58   247.07 258.10   109.01 120.04   114.59 125.63   108.33 119.36
2020-09-12   108.63 119.63   108.61 119.61   246.12 257.12   108.06 119.06   113.65 124.65   107.38 118.38
2020-09-13   107.69 118.66   107.67 118.64   245.18 256.15   107.12 118.09   112.71 123.68   106.44 117.41
2020-09-14   106.76 117.70   106.73 117.67   244.25 255.19   106.19 117.13   111.77 122.71   105.51 116.45
2020-09-15   105.83 116.74   105.80 116.71   243.32 254.23   105.26 116.17   110.84 121.75   104.58 115.49
2020-09-16   104.90 115.78   104.87 115.76   242.39 253.27   104.33 115.21   109.92 120.80   103.65 114.53
2020-09-17   103.98 114.83   103.95 114.81   241.47 252.32   103.41 114.26   108.99 119.85   102.73 113.58
2020-09-18   103.06 113.89   103.04 113.86   240.55 251.38   102.49 113.32   108.08 118.90   101.81 112.64
2020-09-19   102.15 112.95   102.12 112.92   239.64 250.43   101.58 112.38   107.16 117.96   100.90 111.70
2020-09-20   101.24 112.01   101.21 111.98   238.73 249.50   100.67 111.44   106.26 117.03    99.99 110.76
2020-09-21   100.34 111.08   100.31 111.05   237.82 248.57    99.77 110.51   105.35 116.09    99.09 109.83
2020-09-22    99.44 110.15    99.41 110.13   236.92 247.64    98.87 109.58   104.45 115.17    98.18 108.90
2020-09-23    98.54 109.23    98.51 109.20   236.03 246.72    97.97 108.66   103.55 114.24    97.29 107.98
2020-09-24    97.65 108.31    97.62 108.28   235.13 245.80    97.08 107.74   102.66 113.33    96.40 107.06
2020-09-25    96.76 107.40    96.73 107.37   234.24 244.88    96.19 106.83   101.77 112.41    95.51 106.15
2020-09-26    95.87 106.49    95.84 106.46   233.36 243.97    95.30 105.92   100.89 111.50    94.62 105.24
2020-09-27    94.99 105.58    94.96 105.55   232.48 243.07    94.42 105.01   100.00 110.60    93.74 104.33
2020-09-28    94.11 104.68    94.08 104.65   231.60 242.17    93.54 104.11    99.13 109.69    92.86 103.43
2020-09-29    93.23 103.78    93.21 103.75   230.72 241.27    92.66 103.21    98.25 108.79    91.98 102.53
2020-09-30    92.36 102.88    92.34 102.86   229.85 240.37    91.79 102.31    97.38 107.90    91.11 101.63
2020-10-01    91.49 101.99    91.47 101.97   228.98 239.48    90.92 101.42    96.51 107.01    90.24 100.74
2020-10-02    90.62 101.11    90.60 101.08   228.11 238.59    90.05 100.54    95.64 106.12    89.37  99.85
2020-10-03    89.76 100.22    89.73 100.19   227.25 237.71    89.19  99.65    94.78 105.24    88.51  98.97
2020-10-04    88.90  99.34    88.87  99.31   226.39 236.83    88.33  98.77    93.91 104.35    87.65  98.09
2020-10-05    88.04  98.46    88.01  98.44   225.53 235.95    87.47  97.89    93.05 103.48    86.79  97.21
2020-10-06    87.18  97.59    87.16  97.56   224.67 235.07    86.61  97.02    92.20 102.60    85.93  96.34
2020-10-07    86.33  96.71    86.30  96.69   223.82 234.20    85.76  96.14    91.34 101.73    85.08  95.46
2020-10-08    85.47  95.84    85.45  95.82   222.96 233.33    84.90  95.27    90.49 100.86    84.22  94.59
2020-10-09    84.62  94.98    84.60  94.95   222.11 232.47    84.05  94.41    89.64  99.99    83.37  93.73
2020-10-10    83.77  94.11    83.75  94.09   221.26 231.60    83.20  93.54    88.79  99.13    82.52  92.86
2020-10-11    82.93  93.25    82.90  93.22   220.41 230.74    82.36  92.68    87.94  98.27    81.68  92.00
2020-10-12    82.08  92.39    82.05  92.37   219.57 229.88    81.51  91.82    87.10  97.41    80.83  91.14
2020-10-13    81.24  91.53    81.21  91.51   218.72 229.02    80.67  90.96    86.25  96.55    79.99  90.28
2020-10-14    80.39  90.68    80.37  90.65   217.88 228.17    79.82  90.11    85.41  95.69    79.14  89.43
2020-10-15    79.55  89.82    79.52  89.80   217.04 227.31    78.98  89.25    84.57  94.84    78.30  88.57
2020-10-16    78.71  88.97    78.68  88.95   216.20 226.46    78.14  88.40    83.72  93.99    77.46  87.72
2020-10-17    77.87  88.12    77.84  88.09   215.35 225.61    77.30  87.55    82.88  93.14    76.62  86.87
2020-10-18    77.03  87.27    77.00  87.25   214.51 224.76    76.46  86.70    82.04  92.29    75.78  86.02
2020-10-19    76.19  86.42    76.16  86.40   213.67 223.91    75.62  85.85    81.20  91.44    74.94  85.17
2020-10-20    75.35  85.58    75.32  85.55   212.83 223.06    74.78  85.01    80.36  90.59    74.10  84.33
2020-10-21    74.51  84.73    74.48  84.70   212.00 222.22    73.94  84.16    79.52  89.75    73.26  83.48
2020-10-22    73.67  83.89    73.64  83.86   211.16 221.37    73.10  83.32    78.68  88.90    72.42  82.64
2020-10-23    72.83  83.04    72.80  83.02   210.32 220.53    72.26  82.47    77.84  88.06    71.58  81.79
2020-10-24    71.99  82.20    71.96  82.17   209.48 219.69    71.42  81.63    77.01  87.21    70.74  80.95
2020-10-25    71.15  81.35    71.12  81.33   208.64 218.84    70.58  80.78    76.17  86.37    69.90  80.10
2020-10-26    70.31  80.51    70.28  80.49   207.80 218.00    69.74  79.94    75.32  85.53    69.06  79.26
2020-10-27    69.47  79.67    69.44  79.64   206.96 217.16    68.90  79.10    74.48  84.68    68.22  78.42
2020-10-28    68.63  78.83    68.60  78.80   206.11 216.31    68.06  78.26    73.64  83.84    67.38  77.58
2020-10-29    67.78  77.98    67.76  77.96   205.27 215.47    67.21  77.41    72.80  83.00    66.53  76.73
2020-10-30    66.94  77.14    66.91  77.11   204.43 214.63    66.37  76.57    71.95  82.16    65.69  75.89
2020-10-31    66.09  76.30    66.07  76.27   203.58 213.78    65.52  75.73    71.11  81.31    64.84  75.05
2020-11-01    65.25  75.45    65.22  75.43   202.73 212.94    64.68  74.88    70.26  80.47    64.00  74.20
2020-11-02    64.40  74.61    64.37  74.58   201.89 212.10    63.83  74.04    69.41  79.62    63.15  73.36
2020-11-03    63.81  73.50    63.79  73.47   201.30 210.99    63.24  72.93    68.83  78.51    62.56  72.25
2020-11-04    63.29  72.32    63.26  72.30   200.78 209.81    62.72  71.75    68.30  77.34    62.04  71.07
2020-11-05    62.76  71.15    62.74  71.12   200.25 208.64    62.19  70.58    67.78  76.16    61.51  69.90
2020-11-06    62.23  69.97    62.21  69.95   199.72 207.46    61.66  69.40    67.25  74.99    60.98  68.72
2020-11-07    61.70  68.80    61.68  68.77   199.19 206.28    61.13  68.23    66.72  73.81    60.45  67.54

2021-04-16   257.51 264.61   257.49 264.58    35.00  42.10   256.94 264.04   262.53 269.63   256.26 263.36
2021-04-17   256.37 264.10   256.34 264.07    33.85  41.58   255.80 263.53   261.38 269.11   255.12 262.85
2021-04-18   255.22 263.59   255.20 263.56    32.71  41.07   254.65 263.02   260.24 268.60   253.97 262.34
2021-04-19   254.08 263.08   254.05 263.05    31.57  40.57   253.51 262.51   259.09 268.09   252.83 261.83
2021-04-20   252.94 262.57   252.91 262.54    30.42  40.06   252.37 262.00   257.95 267.59   251.68 261.32
2021-04-21   251.82 262.03   251.80 262.01    29.31  39.52   251.25 261.46   256.84 267.05   250.57 260.78
2021-04-22   251.00 261.21   250.98 261.18    28.49  38.70   250.43 260.64   256.02 266.22   249.75 259.96
2021-04-23   250.18 260.39   250.16 260.36    27.67  37.87   249.61 259.82   255.20 265.40   248.93 259.13
2021-04-24   249.36 259.56   249.34 259.54    26.85  37.05   248.79 258.99   254.38 264.58   248.11 258.31
2021-04-25   248.54 258.74   248.52 258.72    26.03  36.23   247.97 258.17   253.56 263.76   247.29 257.49
2021-04-26   247.72 257.92   247.70 257.90    25.21  35.41   247.15 257.35   252.74 262.94   246.47 256.67
2021-04-27   246.90 257.10   246.87 257.08    24.39  34.59   246.33 256.53   251.92 262.12   245.65 255.85
2021-04-28   246.08 256.28   246.05 256.26    23.57  33.77   245.51 255.71   251.10 261.30   244.83 255.03
2021-04-29   245.26 255.46   245.23 255.44    22.75  32.95   244.69 254.89   250.28 260.48   244.01 254.21
2021-04-30   244.44 254.65   244.41 254.62    21.93  32.13   243.87 254.08   249.45 259.66   243.19 253.40
2021-05-01   243.62 253.83   243.59 253.80    21.10  31.31   243.05 253.26   248.63 258.84   242.37 252.58
2021-05-02   242.79 253.01   242.77 252.98    20.28  30.50   242.22 252.44   247.81 258.02   241.54 251.76
2021-05-03   241.97 252.19   241.94 252.16    19.46  29.68   241.40 251.62   246.99 257.21   240.72 250.94
2021-05-04   241.15 251.37   241.12 251.35    18.63  28.86   240.58 250.80   246.16 256.39   239.89 250.12
2021-05-05   240.32 250.55   240.29 250.53    17.81  28.04   239.75 249.98   245.33 255.57   239.07 249.30
2021-05-06   239.49 249.73   239.47 249.71    16.98  27.22   238.92 249.16   244.51 254.75   238.24 248.48
2021-05-07   238.66 248.91   238.64 248.89    16.15  26.40   238.09 248.34   243.68 253.93   237.41 247.66
2021-05-08   237.83 248.09   237.81 248.07    15.32  25.58   237.26 247.52   242.85 253.11   236.58 246.84
2021-05-09   237.00 247.27   236.97 247.24    14.49  24.76   236.43 246.70   242.02 252.29   235.75 246.02
2021-05-10   236.17 246.45   236.14 246.42    13.65  23.94   235.60 245.88   241.18 251.46   234.92 245.20
2021-05-11   235.33 245.62   235.30 245.60    12.82  23.11   234.76 245.05   240.35 250.64   234.08 244.37
2021-05-12   234.49 244.80   234.47 244.77    11.98  22.28   233.92 244.23   239.51 249.81   233.24 243.55
2021-05-13   233.65 243.97   233.63 243.94    11.14  21.46   233.08 243.40   238.67 248.99   232.40 242.72
2021-05-14   232.81 243.14   232.78 243.11    10.30  20.63   232.24 242.57   237.83 248.16   231.56 241.89
2021-05-15   231.96 242.31   231.94 242.28     9.45  19.80   231.39 241.74   236.98 247.33   230.71 241.06
2021-05-16   231.12 241.48   231.09 241.45     8.60  18.97   230.55 240.91   236.13 246.49   229.87 240.23
2021-05-17   230.27 240.64   230.24 240.62     7.75  18.13   229.70 240.07   235.28 245.66   229.02 239.39
2021-05-18   229.41 239.81   229.39 239.78     6.90  17.29   228.84 239.24   234.43 244.82   228.16 238.56
2021-05-19   228.56 238.97   228.53 238.94     6.04  16.45   227.99 238.40   233.57 243.98   227.30 237.72
2021-05-20   227.70 238.13   227.67 238.10     5.18  15.61   227.13 237.56   232.71 243.14   226.44 236.88
2021-05-21   226.83 237.28   226.81 237.26     4.32  14.77   226.26 236.71   231.85 242.30   225.58 236.03
2021-05-22   225.97 236.43   225.94 236.41     3.45  13.92   225.40 235.86   230.98 241.45   224.72 235.18
2021-05-23   225.10 235.58   225.07 235.56     2.58  13.07   224.53 235.01   230.11 240.60   223.85 234.33
2021-05-24   224.22 234.73   224.20 234.71     1.71  12.22   223.65 234.16   229.24 239.75   222.97 233.48
2021-05-25   223.34 233.88   223.32 233.85     0.83  11.36   222.77 233.31   228.36 238.89   222.09 232.63
2021-05-26   222.46 233.02   222.44 232.99   359.95  10.50   221.89 232.45   227.48 238.03   221.21 231.77
2021-05-27   221.58 232.15   221.55 232.13   359.07   9.64   221.01 231.58   226.59 237.17   220.33 230.90
2021-05-28   220.69 231.29   220.66 231.26   358.18   8.78   220.12 230.72   225.70 236.30   219.44 230.04
2021-05-29   219.80 230.42   219.77 230.39   357.28   7.91   219.23 229.85   224.81 235.43   218.54 229.17
2021-05-30   218.90 229.55   218.87 229.52   356.39   7.03   218.33 228.98   223.91 234.56   217.65 228.29
2021-05-31   218.00 228.67   217.97 228.64   355.48   6.16   217.43 228.10   223.01 233.68   216.74 227.42
2021-06-01   217.09 227.79   217.06 227.76   354.58   5.27   216.52 227.22   222.10 232.80   215.84 226.54
2021-06-02   216.18 226.90   216.15 226.88   353.66   4.39   215.61 226.33   221.19 231.92   214.93 225.65
2021-06-03   215.26 226.01   215.23 225.99   352.75   3.50   214.69 225.44   220.28 231.03   214.01 224.76
2021-06-04   214.34 225.12   214.31 225.09   351.83   2.61   213.77 224.55   219.36 230.13   213.09 223.87
2021-06-05   213.41 224.22   213.39 224.19   350.90   1.71   212.84 223.65   218.43 229.24   212.16 222.97
2021-06-06   212.48 223.32   212.46 223.29   349.97   0.81   211.91 222.75   217.50 228.33   211.23 222.07
2021-06-07   211.55 222.41   211.52 222.38   349.04 359.90   210.98 221.84   216.56 227.43   210.30 221.16
2021-06-08   210.61 221.50   210.58 221.47   348.10 358.99   210.04 220.93   215.62 226.51   209.36 220.25
2021-06-09   209.66 220.58   209.64 220.56   347.15 358.07   209.09 220.01   214.68 225.60   208.41 219.33
2021-06-10   208.71 219.66   208.68 219.63   346.20 357.15   208.14 219.09   213.73 224.68   207.46 218.41
2021-06-11   207.75 218.73   207.73 218.71   345.24 356.22   207.18 218.16   212.77 223.75   206.50 217.48
2021-06-12   206.79 217.80   206.77 217.77   344.28 355.29   206.22 217.23   211.81 222.82   205.54 216.55
2021-06-13   205.83 216.86   205.80 216.84   343.31 354.35   205.26 216.29   210.84 221.88   204.57 215.61
2021-06-14   204.85 215.92   204.83 215.90   342.34 353.41   204.28 215.35   209.87 220.94   203.60 214.67
2021-06-15   203.87 214.97   203.85 214.95   341.36 352.46   203.30 214.40   208.89 219.99   202.62 213.72
2021-06-16   202.89 214.02   202.86 213.99   340.38 351.51   202.32 213.45   207.91 219.04   201.64 212.77
2021-06-17   201.90 213.06   201.87 213.04   339.39 350.55   201.33 212.49   206.92 218.08   200.65 211.81
2021-06-18   200.91 212.10   200.88 212.07   338.39 349.59   200.34 211.53   205.92 217.11   199.66 210.85
2021-06-19   199.91 211.13   199.88 211.10   337.39 348.62   199.34 210.56   204.92 216.14   198.66 209.88
2021-06-20   198.90 210.15   198.87 210.13   336.39 347.64   198.33 209.58   203.92 215.17   197.65 208.90
2021-06-21   197.89 209.17   197.86 209.15   335.38 346.66   197.32 208.60   202.90 214.19   196.64 207.92
2021-06-22   196.87 208.19   196.85 208.16   334.36 345.67   196.30 207.62   201.89 213.20   195.62 206.94
2021-06-23   195.85 207.20   195.82 207.17   333.34 344.68   195.28 206.63   200.86 212.21   194.60 205.94
2021-06-24   194.82 206.20   194.79 206.17   332.31 343.69   194.25 205.63   199.84 211.21   193.57 204.95
2021-06-25   193.79 205.19   193.76 205.17   331.28 342.68   193.22 204.62   198.80 210.21   192.54 203.94
2021-06-26   192.75 204.19   192.72 204.16   330.24 341.67   192.18 203.62   197.76 209.20   191.50 202.93
2021-06-27   191.70 203.17   191.68 203.14   329.19 340.66   191.13 202.60   196.72 208.19   190.45 201.92
2021-06-28   190.65 202.15   190.63 202.12   328.14 339.64   190.08 201.58   195.67 207.17   189.40 200.90
2021-06-29   189.60 201.12   189.57 201.10   327.09 338.61   189.03 200.55   194.62 206.14   188.35 199.87
2021-06-30   188.54 200.09   188.51 200.07   326.03 337.58   187.97 199.52   193.56 205.11   187.29 198.84
2021-07-01   187.47 199.06   187.45 199.03   324.96 336.54   186.90 198.49   192.49 204.07   186.22 197.81
2021-07-02   186.40 198.01   186.38 197.99   323.89 335.50   185.83 197.44   191.42 203.03   185.15 196.76
2021-07-03   185.33 196.97   185.30 196.94   322.82 334.45   184.76 196.40   190.35 201.98   184.08 195.71
2021-07-04   184.25 195.91   184.22 195.89   321.74 333.40   183.68 195.34   189.27 200.93   183.00 194.66
2021-07-05   183.17 194.85   183.14 194.83   320.65 332.34   182.60 194.28   188.18 199.87   181.92 193.60
2021-07-06   182.08 193.79   182.05 193.76   319.57 331.28   181.51 193.22   187.09 198.81   180.83 192.54
2021-07-07   180.98 192.72   180.96 192.69   318.47 330.21   180.41 192.15   186.00 197.74   179.73 191.47
2021-07-08   179.89 191.65   179.86 191.62   317.38 329.14   179.32 191.08   184.90 196.66   178.64 190.40
2021-07-09   178.79 190.57   178.76 190.54   316.27 328.06   178.22 190.00   183.80 195.58   177.54 189.32
2021-07-10   177.68 189.49   177.66 189.46   315.17 326.97   177.11 188.92   182.70 194.50   176.43 188.24
2021-07-11   176.57 188.40   176.55 188.37   314.06 325.89   176.00 187.83   181.59 193.41   175.32 187.15
2021-07-12   175.46 187.31   175.44 187.28   312.95 324.79   174.89 186.74   180.48 192.32   174.21 186.06
2021-07-13   174.35 186.21   174.32 186.18   311.84 323.70   173.78 185.64   179.36 191.23   173.10 184.96
2021-07-14   173.23 185.11   173.20 185.08   310.72 322.60   172.66 184.54   178.25 190.13   171.98 183.86
2021-07-15   172.11 184.01   172.08 183.98   309.60 321.49   171.54 183.44   177.12 189.02   170.86 182.76
2021-07-16   170.99 182.90   170.96 182.87   308.47 320.39   170.42 182.33   176.00 187.91   169.74 181.65
2021-07-17   169.86 181.79   169.83 181.76   307.35 319.28   169.29 181.22   174.88 186.80   168.61 180.54
2021-07-18   168.73 180.67   168.71 180.65   306.22 318.16   168.16 180.10   173.75 185.69   167.48 179.42
2021-07-19   167.60 179.56   167.58 179.53   305.09 317.04   167.03 178.99   172.62 184.57   166.35 178.31
2021-07-20   166.47 178.44   166.45 178.41   303.96 315.93   165.90 177.87   171.49 183.45   165.22 177.19
2021-07-21   165.34 177.32   165.32 177.29   302.83 314.80   164.77 176.75   170.36 182.33   164.09 176.06
2021-07-22   164.21 176.19   164.18 176.16   301.70 313.68   163.64 175.62   169.22 181.21   162.96 174.94
2021-07-23   163.07 175.06   163.05 175.04   300.56 312.55   162.50 174.49   168.09 180.08   161.82 173.81
2021-07-24   161.94 173.93   161.91 173.91   299.43 311.42   161.37 173.36   166.96 178.95   160.69 172.68
2021-07-25   160.81 172.80   160.78 172.78   298.29 310.29   160.24 172.23   165.82 177.82   159.55 171.55
2021-07-26   159.67 171.67   159.64 171.65   297.16 309.16   159.10 171.10   164.69 176.69   158.42 170.42
2021-07-27   158.54 170.54   158.51 170.51   296.02 308.03   157.97 169.97   163.55 175.56   157.29 169.29
2021-07-28   157.40 169.41   157.38 169.38   294.89 306.89   156.83 168.84   162.42 174.42   156.15 168.16
2021-07-29   156.27 168.27   156.24 168.25   293.76 305.76   155.70 167.70   161.28 173.29   155.02 167.02
2021-07-30   155.14 167.14   155.11 167.11   292.62 304.62   154.57 166.57   160.15 172.15   153.88 165.89
2021-07-31   154.00 166.00   153.98 165.98   291.49 303.49   153.43 165.43   159.02 171.02   152.75 164.75
2021-08-01   152.87 164.87   152.85 164.84   290.36 302.36   152.30 164.30   157.89 169.88   151.62 163.62
2021-08-02   151.75 163.73   151.72 163.71   289.23 301.22   151.18 163.16   156.76 168.75   150.50 162.48
2021-08-03   150.62 162.60   150.59 162.57   288.11 300.09   150.05 162.03   155.63 167.62   149.37 161.35
2021-08-04   149.50 161.47   149.47 161.44   286.98 298.95   148.93 160.90   154.51 166.48   148.24 160.22
2021-08-05   148.37 160.34   148.35 160.31   285.86 297.82   147.80 159.77   153.39 165.35   147.12 159.09
2021-08-06   147.25 159.21   147.23 159.18   284.74 296.69   146.68 158.64   152.27 164.22   146.00 157.95
2021-08-07   146.14 158.08   146.11 158.05   283.63 295.56   145.57 157.51   151.15 163.09   144.89 156.83
2021-08-08   145.02 156.95   145.00 156.92   282.51 294.44   144.45 156.38   150.04 161.97   143.77 155.70
2021-08-09   143.91 155.83   143.89 155.80   281.40 293.31   143.34 155.26   148.93 160.84   142.66 154.57
2021-08-10   142.81 154.70   142.78 154.68   280.30 292.19   142.24 154.13   147.82 159.72   141.56 153.45
2021-08-11   141.70 153.58   141.68 153.56   279.19 291.07   141.13 153.01   146.72 158.60   140.45 152.33
2021-08-12   140.60 152.47   140.58 152.44   278.09 289.95   140.03 151.90   145.62 157.48   139.35 151.21
2021-08-13   139.51 151.35   139.48 151.32   277.00 288.84   138.94 150.78   144.52 156.37   138.26 150.10
2021-08-14   138.42 150.24   138.39 150.21   275.91 287.73   137.85 149.67   143.43 155.25   137.17 148.99
2021-08-15   137.33 149.13   137.30 149.10   274.82 286.62   136.76 148.56   142.35 154.15   136.08 147.88
2021-08-16   136.25 148.03   136.22 148.00   273.73 285.51   135.68 147.46   141.26 153.04   135.00 146.78
2021-08-17   135.17 146.93   135.14 146.90   272.66 284.41   134.60 146.36   140.18 151.94   133.92 145.67
2021-08-18   134.09 145.83   134.07 145.80   271.58 283.32   133.52 145.26   139.11 150.84   132.84 144.58
2021-08-19   133.03 144.73   133.00 144.71   270.51 282.22   132.46 144.16   138.04 149.75   131.77 143.48
2021-08-20   131.96 143.65   131.93 143.62   269.45 281.13   131.39 143.08   136.98 148.66   130.71 142.39
2021-08-21   130.90 142.56   130.87 142.53   268.39 280.05   130.33 141.99   135.92 147.58   129.65 141.31
2021-08-22   129.85 141.48   129.82 141.45   267.33 278.97   129.28 140.91   134.86 146.49   128.60 140.23
2021-08-23   128.80 140.40   128.77 140.38   266.28 277.89   128.23 139.83   133.81 145.42   127.55 139.15
2021-08-24   127.75 139.33   127.73 139.30   265.24 276.82   127.18 138.76   132.77 144.35   126.50 138.08
2021-08-25   126.71 138.26   126.69 138.24   264.20 275.75   126.14 137.69   131.73 143.28   125.46 137.01
2021-08-26   125.68 137.20   125.65 137.18   263.17 274.69   125.11 136.63   130.69 142.22   124.43 135.95
2021-08-27   124.65 136.14   124.62 136.12   262.14 273.63   124.08 135.57   129.67 141.16   123.40 134.89
2021-08-28   123.63 135.09   123.60 135.07   261.11 272.58   123.06 134.52   128.64 140.11   122.38 133.84
2021-08-29   122.61 134.04   122.58 134.02   260.10 271.53   122.04 133.47   127.62 139.06   121.36 132.79
2021-08-30   121.60 133.00   121.57 132.97   259.08 270.49   121.03 132.43   126.61 138.02   120.35 131.75
2021-08-31   120.59 131.96   120.56 131.94   258.08 269.45   120.02 131.39   125.60 136.98   119.34 130.71
2021-09-01   119.59 130.93   119.56 130.90   257.07 268.42   119.02 130.36   124.60 135.95   118.34 129.68
2021-09-02   118.59 129.90   118.56 129.88   256.08 267.39   118.02 129.33   123.61 134.92   117.34 128.65
2021-09-03   117.60 128.88   117.57 128.86   255.09 266.37   117.03 128.31   122.61 133.90   116.35 127.63
2021-09-04   116.61 127.87   116.59 127.84   254.10 265.35   116.04 127.30   121.63 132.88   115.36 126.61
2021-09-05   115.63 126.85   115.61 126.83   253.12 264.34   115.06 126.28   120.65 131.87   114.38 125.60
2021-09-06   114.66 125.85   114.63 125.82   252.14 263.33   114.09 125.28   119.67 130.86   113.41 124.60
2021-09-07   113.69 124.85   113.66 124.82   251.17 262.33   113.12 124.28   118.70 129.86   112.43 123.60
2021-09-08   112.72 123.85   112.69 123.82   250.21 261.34   112.15 123.28   117.74 128.87   111.47 122.60
2021-09-09   111.76 122.86   111.73 122.83   249.25 260.35   111.19 122.29   116.78 127.87   110.51 121.61
2021-09-10   110.81 121.87   110.78 121.85   248.29 259.36   110.24 121.30   115.82 126.89   109.55 120.62
2021-09-11   109.85 120.89   109.83 120.87   247.34 258.38   109.28 120.32   114.87 125.91   108.60 119.64
2021-09-12   108.91 119.92   108.88 119.89   246.40 257.40   108.34 119.35   113.92 124.93   107.66 118.67
2021-09-13   107.97 118.95   107.94 118.92   245.46 256.43   107.40 118.38   112.98 123.96   106.72 117.70
2021-09-14   107.03 117.98   107.01 117.95   244.52 255.47   106.46 117.41   112.05 123.00   105.78 116.73
2021-09-15   106.10 117.02   106.08 116.99   243.59 254.51   105.53 116.45   111.12 122.04   104.85 115.77
2021-09-16   105.18 116.07   105.15 116.04   242.66 253.55   104.61 115.50   110.19 121.08   103.93 114.81
2021-09-17   104.25 115.11   104.23 115.09   241.74 252.60   103.68 114.54   109.27 120.13   103.00 113.86
2021-09-18   103.34 114.17   103.31 114.14   240.82 251.66   102.77 113.60   108.35 119.18   102.09 112.92
2021-09-19   102.42 113.23   102.40 113.20   239.91 250.71   101.85 112.66   107.44 118.24   101.17 111.98
2021-09-20   101.51 112.29   101.49 112.26   239.00 249.78   100.94 111.72   106.53 117.31   100.26 111.04
2021-09-21   100.61 111.36   100.58 111.33   238.10 248.85   100.04 110.79   105.62 116.37    99.36 110.11
2021-09-22    99.71 110.43    99.68 110.40   237.20 247.92    99.14 109.86   104.72 115.45    98.46 109.18
2021-09-23    98.81 109.51    98.78 109.48   236.30 247.00    98.24 108.94   103.83 114.52    97.56 108.26
2021-09-24    97.92 108.59    97.89 108.56   235.40 246.08    97.35 108.02   102.93 113.60    96.67 107.34
2021-09-25    97.03 107.67    97.00 107.65   234.52 245.16    96.46 107.10   102.04 112.69    95.78 106.42
2021-09-26    96.14 106.76    96.12 106.74   233.63 244.25    95.57 106.19   101.16 111.78    94.89 105.51
2021-09-27    95.26 105.86    95.23 105.83   232.75 243.34    94.69 105.29   100.27 110.87    94.01 104.61
2021-09-28    94.38 104.95    94.35 104.93   231.87 242.44    93.81 104.38    99.39 109.97    93.13 103.70
2021-09-29    93.50 104.05    93.48 104.03   230.99 241.54    92.93 103.48    98.52 109.07    92.25 102.80
2021-09-30    92.63 103.16    92.60 103.13   230.12 240.65    92.06 102.59    97.65 108.17    91.38 101.91
2021-10-01    91.76 102.27    91.73 102.24   229.25 239.75    91.19 101.70    96.77 107.28    90.51 101.02
2021-10-02    90.89 101.38    90.87 101.35   228.38 238.87    90.32 100.81    95.91 106.39    89.64 100.13
2021-10-03    90.03 100.49    90.00 100.47   227.51 237.98    89.46  99.92    95.04 105.51    88.78  99.24
2021-10-04    89.16  99.61    89.14  99.58   226.65 237.10    88.59  99.04    94.18 104.63    87.91  98.36
2021-10-05    88.30  98.73    88.28  98.71   225.79 236.22    87.73  98.16    93.32 103.75    87.05  97.48
2021-10-06    87.45  97.86    87.42  97.83   224.93 235.34    86.88  97.29    92.46 102.87    86.20  96.61
2021-10-07    86.59  96.98    86.57  96.96   224.08 234.47    86.02  96.41    91.61 102.00    85.34  95.73
2021-10-08    85.74  96.11    85.71  96.09   223.23 233.60    85.17  95.54    90.75 101.13    84.49  94.86
2021-10-09    84.89  95.24    84.86  95.22   222.37 232.73    84.32  94.67    89.90 100.26    83.64  93.99
2021-10-10    84.04  94.38    84.01  94.35   221.52 231.87    83.47  93.81    89.05  99.39    82.79  93.13
2021-10-11    83.19  93.52    83.16  93.49   220.68 231.00    82.62  92.95    88.20  98.53    81.94  92.27
2021-10-12    82.34  92.66    82.31  92.63   219.83 230.14    81.77  92.09    87.36  97.67    81.09  91.41
2021-10-13    81.50  91.80    81.47  91.77   218.98 229.28    80.93  91.23    86.51  96.81    80.24  90.55
2021-10-14    80.65  90.94    80.62  90.91   218.14 228.43    80.08  90.37    85.67  95.96    79.40  89.69
2021-10-15    79.81  90.09    79.78  90.06   217.30 227.57    79.24  89.52    84.82  95.10    78.56  88.83
2021-10-16    78.97  89.23    78.94  89.21   216.45 226.72    78.40  88.66    83.98  94.25    77.71  87.98
2021-10-17    78.12  88.38    78.10  88.35   215.61 225.87    77.55  87.81    83.14  93.40    76.87  87.13
2021-10-18    77.28  87.53    77.26  87.50   214.77 225.02    76.71  86.96    82.30  92.55    76.03  86.28
2021-10-19    76.44  86.68    76.42  86.65   213.93 224.17    75.87  86.11    81.46  91.70    75.19  85.43
2021-10-20    75.60  85.83    75.58  85.81   213.09 223.32    75.03  85.26    80.62  90.85    74.35  84.58
2021-10-21    74.76  84.99    74.74  84.96   212.25 222.47    74.19  84.42    79.78  90.00    73.51  83.74
2021-10-22    73.92  84.14    73.90  84.11   211.41 221.63    73.35  83.57    78.94  89.16    72.67  82.89
2021-10-23    73.08  83.30    73.06  83.27   210.57 220.78    72.51  82.73    78.10  88.31    71.83  82.04
2021-10-24    72.24  82.45    72.21  82.42   209.73 219.94    71.67  81.88    77.26  87.47    70.99  81.20
2021-10-25    71.40  81.61    71.37  81.58   208.89 219.09    70.83  81.04    76.42  86.62    70.15  80.36
2021-10-26    70.56  80.76    70.53  80.74   208.05 218.25    69.99  80.19    75.57  85.78    69.31  79.51
2021-10-27    69.72  79.92    69.69  79.89   207.20 217.41    69.15  79.35    74.73  84.93    68.47  78.67
2021-10-28    68.87  79.07    68.85  79.05   206.36 216.56    68.30  78.50    73.89  84.09    67.62  77.82
2021-10-29    68.03  78.23    68.00  78.20   205.52 215.72    67.46  77.66    73.05  83.25    66.78  76.98
2021-10-30    67.19  77.39    67.16  77.36   204.67 214.87    66.62  76.82    72.20  82.40    65.94  76.14
2021-10-31    66.34  76.54    66.31  76.52   203.83 214.03    65.77  75.97    71.36  81.56    65.09  75.29
2021-11-01    65.49  75.70    65.47  75.67   202.98 213.18    64.92  75.13    70.51  80.71    64.24  74.45
2021-11-02    64.64  74.85    64.62  74.83   202.13 212.34    64.07  74.28    69.66  79.87    63.39  73.60
2021-11-03    63.96  73.84    63.93  73.81   201.45 211.33    63.39  73.27    68.97  78.86    62.71  72.59
2021-11-04    63.43  72.67    63.41  72.64   200.92 210.15    62.86  72.10    68.45  77.68    62.18  71.41
2021-11-05    62.91  71.49    62.88  71.46   200.39 208.98    62.34  70.92    67.92  76.50    61.66  70.24
2021-11-06    62.38  70.31    62.35  70.29   199.86 207.80    61.81  69.74    67.39  75.33    61.13  69.06
2021-11-07    61.85  69.13    61.82  69.11   199.33 206.62    61.28  68.56    66.86  74.15    60.59  67.88

2022-04-16   257.86 264.77   257.84 264.74    35.35  42.25   257.29 264.20   262.88 269.78   256.61 263.51
2022-04-17   256.71 264.25   256.69 264.23    34.20  41.74   256.14 263.68   261.73 269.27   255.46 263.00
2022-04-18   255.57 263.74   255.54 263.71    33.06  41.23   255.00 263.17   260.58 268.76   254.32 262.49
2022-04-19   254.42 263.23   254.40 263.21    31.91  40.72   253.85 262.66   259.44 268.25   253.17 261.98
2022-04-20   253.28 262.72   253.25 262.70    30.77  40.21   252.71 262.15   258.29 267.74   252.03 261.47
2022-04-21   252.14 262.22   252.11 262.19    29.62  39.71   251.57 261.65   257.15 267.23   250.88 260.97
2022-04-22   251.25 261.46   251.22 261.43    28.74  38.94   250.68 260.89   256.27 266.47   250.00 260.21
2022-04-23   250.43 260.63   250.40 260.61    27.92  38.12   249.86 260.06   255.44 265.65   249.18 259.38
2022-04-24   249.61 259.81   249.58 259.78    27.10  37.30   249.04 259.24   254.62 264.82   248.36 258.56
2022-04-25   248.79 258.99   248.76 258.96    26.27  36.47   248.22 258.42   253.80 264.00   247.54 257.74
2022-04-26   247.97 258.17   247.94 258.14    25.45  35.65   247.40 257.60   252.98 263.18   246.72 256.92
2022-04-27   247.15 257.35   247.12 257.32    24.63  34.83   246.58 256.78   252.16 262.36   245.89 256.09
2022-04-28   246.32 256.53   246.30 256.50    23.81  34.01   245.75 255.96   251.34 261.54   245.07 255.27
2022-04-29   245.50 255.71   245.48 255.68    22.99  33.19   244.93 255.14   250.52 260.72   244.25 254.46
2022-04-30   244.68 254.89   244.65 254.86    22.17  32.37   244.11 254.32   249.70 259.90   243.43 253.64
2022-05-01   243.86 254.07   243.83 254.04    21.35  31.56   243.29 253.50   248.87 259.08   242.61 252.82
2022-05-02   243.03 253.25   243.01 253.22    20.52  30.74   242.46 252.68   248.05 258.26   241.78 252.00
2022-05-03   242.21 252.43   242.18 252.40    19.70  29.92   241.64 251.86   247.23 257.45   240.96 251.18
2022-05-04   241.39 251.61   241.36 251.58    18.87  29.10   240.82 251.04   246.40 256.63   240.13 250.36
2022-05-05   240.56 250.79   240.53 250.76    18.05  28.28   239.99 250.22   245.57 255.81   239.31 249.54
2022-05-06   239.73 249.97   239.70 249.94    17.22  27.46   239.16 249.40   244.75 254.99   238.48 248.72
2022-05-07   238.90 249.15   238.88 249.12    16.39  26.64   238.33 248.58   243.92 254.16   237.65 247.90
2022-05-08   238.07 248.33   238.04 248.30    15.56  25.82   237.50 247.76   243.09 253.34   236.82 247.08
2022-05-09   237.24 247.51   237.21 247.48    14.73  24.99   236.67 246.94   242.25 252.52   235.99 246.25
2022-05-10   236.40 246.68   236.38 246.65    13.89  24.17   235.83 246.11   241.42 251.70   235.15 245.43
2022-05-11   235.57 245.86   235.54 245.83    13.05  23.34   235.00 245.29   240.58 250.87   234.32 244.61
2022-05-12   234.73 245.03   234.70 245.00    12.22  22.52   234.16 244.46   239.74 250.04   233.48 243.78
2022-05-13   233.89 244.20   233.86 244.18    11.37  21.69   233.32 243.63   238.90 249.22   232.64 242.95
2022-05-14   233.04 243.37   233.02 243.35    10.53  20.86   232.47 242.80   238.06 248.39   231.79 242.12
2022-05-15   232.20 242.54   232.17 242.51     9.69  20.03   231.63 241.97   237.21 247.56   230.95 241.29
2022-05-16   231.35 241.71   231.32 241.68     8.84  19.19   230.78 241.14   236.36 246.72   230.10 240.46
2022-05-17   230.50 240.87   230.47 240.85     7.99  18.36   229.93 240.30   235.51 245.89   229.25 239.62
2022-05-18   229.64 240.03   229.62 240.01     7.13  17.52   229.07 239.46   234.66 245.05   228.39 238.78
2022-05-19   228.79 239.19   228.76 239.17     6.27  16.68   228.22 238.62   233.80 244.21   227.54 237.94
2022-05-20   227.93 238.35   227.90 238.33     5.41  15.84   227.36 237.78   232.94 243.37   226.68 237.10
2022-05-21   227.06 237.51   227.04 237.48     4.55  15.00   226.49 236.94   232.08 242.52   225.81 236.26
2022-05-22   226.20 236.66   226.17 236.63     3.68  14.15   225.63 236.09   231.21 241.68   224.94 235.41
2022-05-23   225.33 235.81   225.30 235.78     2.81  13.30   224.76 235.24   230.34 240.82   224.07 234.56
2022-05-24   224.45 234.96   224.42 234.93     1.94  12.44   223.88 234.39   229.47 239.97   223.20 233.71
2022-05-25   223.57 234.10   223.55 234.07     1.06  11.59   223.00 233.53   228.59 239.11   222.32 232.85
2022-05-26   222.69 233.24   222.66 233.21     0.18  10.73   222.12 232.67   227.71 238.26   221.44 231.99
2022-05-27   221.81 232.38   221.78 232.35   359.29   9.86   221.24 231.81   226.82 237.39   220.55 231.13
2022-05-28   220.92 231.51   220.89 231.48   358.40   9.00   220.35 230.94   225.93 236.53   219.66 230.26
2022-05-29   220.02 230.64   219.99 230.61   357.51   8.13   219.45 230.07   225.04 235.66   218.77 229.39
2022-05-30   219.12 229.77   219.10 229.74   356.61   7.25   218.55 229.20   224.14 234.78   217.87 228.52
2022-05-31   218.22 228.89   218.19 228.86   355.71   6.38   217.65 228.32   223.24 233.90   216.97 227.64
2022-06-01   217.31 228.01   217.29 227.98   354.80   5.49   216.74 227.44   222.33 233.02   216.06 226.76
2022-06-02   216.40 227.12   216.37 227.09   353.89   4.61   215.83 226.55   221.42 232.14   215.15 225.87
2022-06-03   215.48 226.23   215.46 226.20   352.97   3.72   214.91 225.66   220.50 231.25   214.23 224.98
2022-06-04   214.56 225.34   214.54 225.31   352.05   2.82   213.99 224.77   219.58 230.35   213.31 224.09
2022-06-05   213.64 224.44   213.61 224.41   351.12   1.92   213.07 223.87   218.65 229.45   212.39 223.19
2022-06-06   212.71 223.53   212.68 223.51   350.19   1.02   212.14 222.96   217.72 228.55   211.45 222.28
2022-06-07   211.77 222.63   211.74 222.60   349.26   0.11   211.20 222.06   216.78 227.64   210.52 221.38
2022-06-08   210.83 221.71   210.80 221.69   348.31 359.20   210.26 221.14   215.84 226.73   209.58 220.46
2022-06-09   209.88 220.80   209.85 220.77   347.37 358.28   209.31 220.23   214.90 225.81   208.63 219.55
2022-06-10   208.93 219.87   208.90 219.85   346.42 357.36   208.36 219.30   213.94 224.89   207.68 218.62
2022-06-11   207.97 218.95   207.95 218.92   345.46 356.43   207.40 218.38   212.99 223.96   206.72 217.70
2022-06-12   207.01 218.01   206.98 217.99   344.50 355.50   206.44 217.44   212.02 223.03   205.76 216.76
2022-06-13   206.04 217.08   206.02 217.05   343.53 354.56   205.47 216.51   211.06 222.09   204.79 215.83
2022-06-14   205.07 216.13   205.04 216.11   342.56 353.62   204.50 215.56   210.08 221.15   203.82 214.88
2022-06-15   204.09 215.18   204.06 215.16   341.58 352.67   203.52 214.61   209.11 220.20   202.84 213.93
2022-06-16   203.11 214.23   203.08 214.20   340.59 351.72   202.54 213.66   208.12 219.25   201.85 212.98
2022-06-17   202.12 213.27   202.09 213.25   339.60 350.76   201.55 212.70   207.13 218.29   200.87 212.02
2022-06-18   201.12 212.31   201.09 212.28   338.61 349.80   200.55 211.74   206.14 217.32   199.87 211.06
2022-06-19   200.12 211.34   200.09 211.31   337.61 348.83   199.55 210.77   205.13 216.35   198.87 210.09
2022-06-20   199.11 210.36   199.09 210.34   336.60 347.85   198.54 209.79   204.13 215.38   197.86 209.11
2022-06-21   198.10 209.38   198.07 209.35   335.59 346.87   197.53 208.81   203.12 214.40   196.85 208.13
2022-06-22   197.08 208.39   197.06 208.37   334.57 345.88   196.51 207.82   202.10 213.41   195.83 207.14
2022-06-23   196.06 207.40   196.03 207.38   333.55 344.89   195.49 206.83   201.08 212.42   194.81 206.15
2022-06-24   195.03 206.40   195.01 206.38   332.52 343.89   194.46 205.83   200.05 211.42   193.78 205.15
2022-06-25   194.00 205.40   193.97 205.37   331.49 342.89   193.43 204.83   199.01 210.42   192.75 204.15
2022-06-26   192.96 204.39   192.93 204.36   330.45 341.88   192.39 203.82   197.97 209.41   191.71 203.14
2022-06-27   191.91 203.38   191.89 203.35   329.40 340.86   191.34 202.81   196.93 208.39   190.66 202.13
2022-06-28   190.86 202.36   190.84 202.33   328.35 339.84   190.29 201.79   195.88 207.37   189.61 201.11
2022-06-29   189.81 201.33   189.78 201.30   327.30 338.82   189.24 200.76   194.82 206.35   188.56 200.08
2022-06-30   188.75 200.30   188.72 200.27   326.24 337.79   188.18 199.73   193.76 205.31   187.50 199.05
2022-07-01   187.68 199.26   187.66 199.23   325.17 336.75   187.11 198.69   192.70 204.28   186.43 198.01
2022-07-02   186.61 198.22   186.59 198.19   324.10 335.71   186.04 197.65   191.63 203.23   185.36 196.97
2022-07-03   185.54 197.17   185.51 197.14   323.03 334.66   184.97 196.60   190.55 202.19   184.29 195.92
2022-07-04   184.46 196.12   184.43 196.09   321.95 333.61   183.89 195.55   189.48 201.13   183.21 194.87
2022-07-05   183.38 195.06   183.35 195.03   320.86 332.55   182.81 194.49   188.39 200.08   182.13 193.81
2022-07-06   182.29 194.00   182.26 193.97   319.78 331.48   181.72 193.43   187.30 199.01   181.04 192.75
2022-07-07   181.20 192.93   181.17 192.90   318.68 330.42   180.63 192.36   186.21 197.94   179.95 191.68
2022-07-08   180.10 191.86   180.07 191.83   317.59 329.34   179.53 191.29   185.11 196.87   178.85 190.60
2022-07-09   179.00 190.78   178.97 190.75   316.49 328.27   178.43 190.21   184.01 195.79   177.75 189.53
2022-07-10   177.90 189.70   177.87 189.67   315.38 327.18   177.33 189.13   182.91 194.71   176.64 188.44
2022-07-11   176.79 188.61   176.76 188.58   314.28 326.10   176.22 188.04   181.80 193.62   175.54 187.36
2022-07-12   175.68 187.52   175.65 187.49   313.16 325.01   175.11 186.95   180.69 192.53   174.43 186.27
2022-07-13   174.56 186.42   174.54 186.40   312.05 323.91   173.99 185.85   179.58 191.44   173.31 185.17
2022-07-14   173.45 185.32   173.42 185.30   310.93 322.81   172.88 184.75   178.46 190.34   172.20 184.07
2022-07-15   172.33 184.22   172.30 184.19   309.81 321.71   171.76 183.65   177.34 189.24   171.08 182.97
2022-07-16   171.21 183.12   171.18 183.09   308.69 320.60   170.64 182.55   176.22 188.13   169.95 181.86
2022-07-17   170.08 182.01   170.05 181.98   307.57 319.49   169.51 181.44   175.10 187.02   168.83 180.75
2022-07-18   168.95 180.89   168.93 180.87   306.44 318.38   168.38 180.32   173.97 185.91   167.70 179.64
2022-07-19   167.83 179.78   167.80 179.75   305.31 317.26   167.26 179.21   172.84 184.79   166.58 178.53
2022-07-20   166.70 178.66   166.67 178.63   304.19 316.15   166.13 178.09   171.71 183.67   165.45 177.41
2022-07-21   165.57 177.54   165.54 177.51   303.05 315.03   165.00 176.97   170.58 182.55   164.32 176.29
2022-07-22   164.44 176.42   164.41 176.39   301.92 313.90   163.87 175.85   169.45 181.43   163.18 175.16
2022-07-23   163.30 175.29   163.28 175.26   300.79 312.78   162.73 174.72   168.32 180.31   162.05 174.04
2022-07-24   162.17 174.16   162.14 174.14   299.66 311.65   161.60 173.59   167.19 179.18   160.92 172.91
2022-07-25   161.04 173.03   161.01 173.01   298.52 310.52   160.47 172.46   166.05 178.05   159.79 171.78
2022-07-26   159.90 171.90   159.88 171.88   297.39 309.39   159.33 171.33   164.92 176.92   158.65 170.65
2022-07-27   158.77 170.77   158.74 170.75   296.26 308.26   158.20 170.20   163.79 175.79   157.52 169.52
2022-07-28   157.64 169.64   157.61 169.62   295.13 307.13   157.07 169.07   162.65 174.66   156.39 168.39
2022-07-29   156.51 168.51   156.48 168.48   293.99 306.00   155.94 167.94   161.52 173.52   155.26 167.26
2022-07-30   155.38 167.38   155.35 167.35   292.86 304.86   154.81 166.81   160.39 172.39   154.13 166.13
2022-07-31   154.25 166.24   154.22 166.22   291.73 303.73   153.68 165.67   159.26 171.26   153.00 164.99
2022-08-01   153.12 165.11   153.09 165.08   290.61 302.60   152.55 164.54   158.13 170.13   151.87 163.86
2022-08-02   151.99 163.98   151.97 163.95   289.48 301.47   151.42 163.41   157.01 168.99   150.74 162.73
2022-08-03   150.87 162.85   150.84 162.82   288.35 300.33   150.30 162.28   155.88 167.86   149.62 161.60
2022-08-04   149.74 161.72   149.72 161.69   287.23 299.20   149.17 161.15   154.76 166.73   148.49 160.47
2022-08-05   148.62 160.59   148.60 160.56   286.11 298.07   148.05 160.02   153.64 165.60   147.37 159.34
2022-08-06   147.51 159.46   147.48 159.43   284.99 296.95   146.94 158.89   152.52 164.47   146.26 158.21
2022-08-07   146.39 158.33   146.37 158.31   283.88 295.82   145.82 157.76   151.41 163.35   145.14 157.08
2022-08-08   145.28 157.21   145.25 157.18   282.77 294.69   144.71 156.64   150.30 162.22   144.03 155.96
2022-08-09   144.17 156.08   144.15 156.06   281.66 293.57   143.60 155.51   149.19 161.10   142.92 154.83
2022-08-10   143.07 154.96   143.04 154.94   280.55 292.45   142.50 154.39   148.08 159.98   141.82 153.71
2022-08-11   141.96 153.84   141.94 153.82   279.45 291.33   141.39 153.27   146.98 158.86   140.71 152.59
2022-08-12   140.87 152.73   140.84 152.70   278.35 290.22   140.30 152.16   145.88 157.74   139.62 151.48
2022-08-13   139.77 151.62   139.75 151.59   277.26 289.10   139.20 151.05   144.79 156.63   138.52 150.37
2022-08-14   138.68 150.51   138.66 150.48   276.17 287.99   138.11 149.94   143.70 155.52   137.43 149.26
2022-08-15   137.60 149.40   137.57 149.37   275.08 286.89   137.03 148.83   142.61 154.42   136.35 148.15
2022-08-16   136.51 148.30   136.49 148.27   274.00 285.78   135.94 147.73   141.53 153.31   135.26 147.05
2022-08-17   135.44 147.20   135.41 147.17   272.92 284.68   134.87 146.63   140.45 152.21   134.19 145.95
2022-08-18   134.36 146.10   134.34 146.07   271.85 283.59   133.79 145.53   139.38 151.12   133.11 144.85
2022-08-19   133.30 145.01   133.27 144.98   270.78 282.50   132.73 144.44   138.31 150.02   132.04 143.76
2022-08-20   132.23 143.92   132.21 143.89   269.72 281.41   131.66 143.35   137.25 148.94   130.98 142.67
2022-08-21   131.17 142.84   131.15 142.81   268.66 280.32   130.60 142.27   136.19 147.85   129.92 141.59
2022-08-22   130.12 141.76   130.09 141.73   267.61 279.24   129.55 141.19   135.13 146.77   128.87 140.51
2022-08-23   129.07 140.68   129.04 140.66   266.56 278.17   128.50 140.11   134.09 145.70   127.82 139.43
2022-08-24   128.03 139.61   128.00 139.58   265.51 277.10   127.46 139.04   133.04 144.63   126.78 138.36
2022-08-25   126.99 138.54   126.96 138.52   264.48 276.03   126.42 137.97   132.00 143.56   125.74 137.29
2022-08-26   125.96 137.48   125.93 137.46   263.44 274.97   125.39 136.91   130.97 142.50   124.70 136.23
2022-08-27   124.93 136.43   124.90 136.40   262.41 273.91   124.36 135.86   129.94 141.44   123.68 135.18
2022-08-28   123.90 135.37   123.88 135.35   261.39 272.86   123.33 134.80   128.92 140.39   122.65 134.12
2022-08-29   122.89 134.33   122.86 134.30   260.37 271.81   122.32 133.76   127.90 139.34   121.64 133.08
2022-08-30   121.87 133.29   121.85 133.26   259.36 270.77   121.30 132.72   126.89 138.30   120.62 132.03
2022-08-31   120.87 132.25   120.84 132.22   258.35 269.74   120.30 131.68   125.88 137.26   119.62 131.00
2022-09-01   119.87 131.22   119.84 131.19   257.35 268.70   119.30 130.65   124.88 136.23   118.61 129.97
2022-09-02   118.87 130.19   118.84 130.16   256.36 267.68   118.30 129.62   123.88 135.20   117.62 128.94
2022-09-03   117.88 129.17   117.85 129.14   255.37 266.66   117.31 128.60   122.89 134.18   116.63 127.92
2022-09-04   116.89 128.15   116.87 128.12   254.38 265.64   116.32 127.58   121.91 133.17   115.64 126.90
2022-09-05   115.91 127.14   115.88 127.11   253.40 264.63   115.34 126.57   120.93 132.16   114.66 125.89
2022-09-06   114.94 126.13   114.91 126.11   252.42 263.62   114.37 125.56   119.95 131.15   113.68 124.88
2022-09-07   113.97 125.13   113.94 125.11   251.45 262.62   113.40 124.56   118.98 130.15   112.71 123.88
2022-09-08   113.00 124.14   112.97 124.11   250.49 261.62   112.43 123.57   118.02 129.15   111.75 122.89
2022-09-09   112.04 123.15   112.01 123.12   249.53 260.63   111.47 122.58   117.05 128.16   110.79 121.89
2022-09-10   111.08 122.16   111.06 122.13   248.57 259.65   110.51 121.59   116.10 127.18   109.83 120.91
2022-09-11   110.13 121.18   110.11 121.15   247.62 258.67   109.56 120.61   115.15 126.19   108.88 119.93
2022-09-12   109.19 120.20   109.16 120.18   246.68 257.69   108.62 119.63   114.20 125.22   107.94 118.95
2022-09-13   108.25 119.23   108.22 119.21   245.74 256.72   107.68 118.66   113.26 124.25   107.00 117.98
2022-09-14   107.31 118.27   107.29 118.24   244.80 255.75   106.74 117.70   112.33 123.28   106.06 117.02
2022-09-15   106.38 117.31   106.35 117.28   243.87 254.79   105.81 116.74   111.40 122.32   105.13 116.06
2022-09-16   105.45 116.35   105.43 116.32   242.94 253.84   104.88 115.78   110.47 121.37   104.20 115.10
2022-09-17   104.53 115.40   104.50 115.37   242.02 252.89   103.96 114.83   109.55 120.41   103.28 114.15
2022-09-18   103.61 114.45   103.59 114.43   241.10 251.94   103.04 113.88   108.63 119.47   102.36 113.20
2022-09-19   102.70 113.51   102.67 113.48   240.19 251.00   102.13 112.94   107.71 118.53   101.45 112.26
2022-09-20   101.79 112.57   101.76 112.55   239.28 250.06   101.22 112.00   106.81 117.59   100.54 111.32
2022-09-21   100.88 111.64   100.86 111.62   238.37 249.13   100.31 111.07   105.90 116.66    99.63 110.39
2022-09-22    99.98 110.71    99.96 110.69   237.47 248.20    99.41 110.14   105.00 115.73    98.73 109.46
2022-09-23    99.09 109.79    99.06 109.76   236.57 247.28    98.52 109.22   104.10 114.80    97.83 108.54
2022-09-24    98.19 108.87    98.16 108.84   235.68 246.36    97.62 108.30   103.21 113.88    96.94 107.62
2022-09-25    97.30 107.95    97.27 107.93   234.79 245.44    96.73 107.38   102.32 112.97    96.05 106.70
2022-09-26    96.41 107.04    96.39 107.02   233.90 244.53    95.84 106.47   101.43 112.06    95.16 105.79
2022-09-27    95.53 106.13    95.50 106.11   233.02 243.62    94.96 105.56   100.55 111.15    94.28 104.88
2022-09-28    94.65 105.23    94.62 105.20   232.14 242.72    94.08 104.66    99.67 110.25    93.40 103.98
2022-09-29    93.77 104.33    93.75 104.30   231.26 241.82    93.20 103.76    98.79 109.35    92.52 103.08
2022-09-30    92.90 103.43    92.87 103.41   230.39 240.92    92.33 102.86    97.91 108.45    91.65 102.18
2022-10-01    92.03 102.54    92.00 102.52   229.52 240.03    91.46 101.97    97.04 107.56    90.78 101.29
2022-10-02    91.16 101.65    91.13 101.63   228.65 239.14    90.59 101.08    96.18 106.67    89.91 100.40
2022-10-03    90.29 100.77    90.27 100.74   227.78 238.25    89.72 100.20    95.31 105.78    89.04  99.52
2022-10-04    89.43  99.88    89.40  99.86   226.92 237.37    88.86  99.31    94.45 104.90    88.18  98.63
2022-10-05    88.57  99.00    88.54  98.98   226.06 236.49    88.00  98.43    93.59 104.02    87.32  97.75
2022-10-06    87.71  98.13    87.69  98.10   225.20 235.61    87.14  97.56    92.73 103.14    86.46  96.88
2022-10-07    86.86  97.25    86.83  97.23   224.34 234.74    86.29  96.68    91.87 102.27    85.60  96.00
2022-10-08    86.00  96.38    85.97  96.35   223.49 233.87    85.43  95.81    91.02 101.40    84.75  95.13
2022-10-09    85.15  95.51    85.12  95.49   222.64 233.00    84.58  94.94    90.16 100.53    83.90  94.26
2022-10-10    84.30  94.65    84.27  94.62   221.79 232.13    83.73  94.08    89.31  99.66    83.05  93.39
2022-10-11    83.45  93.78    83.42  93.75   220.94 231.27    82.88  93.21    88.46  98.80    82.20  92.53
2022-10-12    82.60  92.92    82.57  92.89   220.09 230.41    82.03  92.35    87.62  97.93    81.35  91.67
2022-10-13    81.75  92.06    81.73  92.03   219.24 229.55    81.18  91.49    86.77  97.07    80.50  90.81
2022-10-14    80.91  91.20    80.88  91.18   218.40 228.69    80.34  90.63    85.92  96.22    79.66  89.95
2022-10-15    80.06  90.35    80.04  90.32   217.55 227.83    79.49  89.78    85.08  95.36    78.81  89.09
2022-10-16    79.22  89.49    79.19  89.46   216.71 226.98    78.65  88.92    84.24  94.51    77.97  88.24
2022-10-17    78.38  88.64    78.35  88.61   215.87 226.13    77.81  88.07    83.39  93.65    77.13  87.39
2022-10-18    77.54  87.79    77.51  87.76   215.02 225.27    76.97  87.22    82.55  92.80    76.29  86.54
2022-10-19    76.70  86.94    76.67  86.91   214.18 224.42    76.13  86.37    81.71  91.95    75.44  85.69
2022-10-20    75.85  86.09    75.83  86.06   213.34 223.57    75.28  85.52    80.87  91.10    74.60  84.84
2022-10-21    75.01  85.24    74.99  85.21   212.50 222.73    74.44  84.67    80.03  90.25    73.76  83.99
2022-10-22    74.17  84.39    74.15  84.37   211.66 221.88    73.60  83.82    79.19  89.41    72.92  83.14
2022-10-23    73.33  83.55    73.30  83.52   210.82 221.03    72.76  82.98    78.35  88.56    72.08  82.29
2022-10-24    72.49  82.70    72.46  82.67   209.98 220.19    71.92  82.13    77.50  87.72    71.24  81.45
2022-10-25    71.65  81.85    71.62  81.83   209.14 219.34    71.08  81.28    76.66  86.87    70.40  80.60
2022-10-26    70.81  81.01    70.78  80.98   208.29 218.50    70.24  80.44    75.82  86.02    69.55  79.76
2022-10-27    69.96  80.16    69.94  80.14   207.45 217.65    69.39  79.59    74.98  85.18    68.71  78.91
2022-10-28    69.12  79.32    69.09  79.29   206.61 216.81    68.55  78.75    74.13  84.33    67.87  78.07
2022-10-29    68.27  78.47    68.25  78.45   205.76 215.96    67.70  77.90    73.29  83.49    67.02  77.22
2022-10-30    67.43  77.63    67.40  77.60   204.92 215.12    66.86  77.06    72.44  82.64    66.18  76.38
2022-10-31    66.58  76.78    66.56  76.76   204.07 214.27    66.01  76.21    71.60  81.80    65.33  75.53
2022-11-01    65.73  75.94    65.71  75.91   203.22 213.42    65.16  75.37    70.75  80.95    64.48  74.69
2022-11-02    64.88  75.09    64.86  75.06   202.37 212.58    64.31  74.52    69.90  80.11    63.63  73.84
2022-11-03    64.10  74.18    64.07  74.15   201.59 211.66    63.53  73.61    69.11  79.19    62.85  72.93
2022-11-04    63.57  73.00    63.55  72.97   201.06 210.49    63.00  72.43    68.59  78.02    62.32  71.75
2022-11-05    63.04  71.82    63.02  71.80   200.53 209.31    62.47  71.25    68.06  76.84    61.79  70.57
2022-11-06    62.52  70.64    62.49  70.62   200.00 208.13    61.95  70.07    67.53  75.66    61.26  69.39
2022-11-07    61.98  69.46    61.96  69.44   199.47 206.95    61.41  68.89    67.00  74.48    60.73  68.21
2022-11-08    61.45  68.28    61.42  68.26   198.94 205.77    60.88  67.71    66.46  73.30    60.20  67.03

2023-04-17   257.07 264.41   257.04 264.39    34.55  41.90   256.50 263.84   262.08 269.43   255.81 263.16
2023-04-18   255.92 263.90   255.89 263.87    33.41  41.39   255.35 263.33   260.93 268.92   254.67 262.65
2023-04-19   254.77 263.39   254.75 263.36    32.26  40.88   254.20 262.82   259.79 268.41   253.52 262.14
2023-04-20   253.63 262.88   253.60 262.86    31.11  40.37   253.06 262.31   258.64 267.90   252.38 261.63
2023-04-21   252.48 262.38   252.45 262.35    29.97  39.86   251.91 261.81   257.50 267.39   251.23 261.13
2023-04-22   251.50 261.71   251.47 261.68    28.99  39.20   250.93 261.14   256.52 266.72   250.25 260.46
2023-04-23   250.68 260.88   250.65 260.86    28.17  38.37   250.11 260.31   255.69 265.90   249.43 259.63
2023-04-24   249.86 260.06   249.83 260.03    27.34  37.55   249.29 259.49   254.87 265.07   248.61 258.81
2023-04-25   249.04 259.24   249.01 259.21    26.52  36.72   248.47 258.67   254.05 264.25   247.78 257.99
2023-04-26   248.21 258.41   248.19 258.39    25.70  35.90   247.64 257.84   253.23 263.43   246.96 257.16
2023-04-27   247.39 257.59   247.37 257.57    24.88  35.08   246.82 257.02   252.41 262.61   246.14 256.34
2023-04-28   246.57 256.77   246.54 256.74    24.06  34.26   246.00 256.20   251.59 261.79   245.32 255.52
2023-04-29   245.75 255.95   245.72 255.92    23.24  33.44   245.18 255.38   250.76 260.97   244.50 254.70
2023-04-30   244.93 255.13   244.90 255.10    22.41  32.62   244.36 254.56   249.94 260.15   243.67 253.88
2023-05-01   244.10 254.31   244.08 254.28    21.59  31.80   243.53 253.74   249.12 259.33   242.85 253.06
2023-05-02   243.28 253.49   243.25 253.46    20.77  30.98   242.71 252.92   248.29 258.51   242.03 252.24
2023-05-03   242.45 252.67   242.43 252.64    19.94  30.16   241.88 252.10   247.47 257.69   241.20 251.42
2023-05-04   241.63 251.85   241.60 251.82    19.11  29.34   241.06 251.28   246.64 256.87   240.38 250.60
2023-05-05   240.80 251.03   240.77 251.00    18.29  28.52   240.23 250.46   245.81 256.05   239.55 249.78
2023-05-06   239.97 250.21   239.94 250.18    17.46  27.70   239.40 249.64   244.99 255.22   238.72 248.96
2023-05-07   239.14 249.39   239.11 249.36    16.63  26.87   238.57 248.82   244.16 254.40   237.89 248.14
2023-05-08   238.31 248.56   238.28 248.54    15.80  26.05   237.74 247.99   243.32 253.58   237.06 247.31
2023-05-09   237.48 247.74   237.45 247.71    14.96  25.23   236.91 247.17   242.49 252.76   236.23 246.49
2023-05-10   236.64 246.92   236.61 246.89    14.13  24.40   236.07 246.35   241.66 251.93   235.39 245.66
2023-05-11   235.80 246.09   235.78 246.06    13.29  23.58   235.23 245.52   240.82 251.10   234.55 244.84
2023-05-12   234.96 245.26   234.94 245.24    12.45  22.75   234.39 244.69   239.98 250.28   233.71 244.01
2023-05-13   234.12 244.43   234.10 244.41    11.61  21.92   233.55 243.86   239.14 249.45   232.87 243.18
2023-05-14   233.28 243.60   233.25 243.58    10.77  21.09   232.71 243.03   238.29 248.62   232.03 242.35
2023-05-15   232.43 242.77   232.41 242.74     9.92  20.26   231.86 242.20   237.45 247.79   231.18 241.52
2023-05-16   231.58 241.94   231.56 241.91     9.07  19.42   231.01 241.37   236.60 246.95   230.33 240.69
2023-05-17   230.73 241.10   230.70 241.07     8.22  18.59   230.16 240.53   235.75 246.12   229.48 239.85
2023-05-18   229.88 240.26   229.85 240.24     7.36  17.75   229.31 239.69   234.89 245.28   228.62 239.01
2023-05-19   229.02 239.42   228.99 239.40     6.51  16.91   228.45 238.85   234.03 244.44   227.77 238.17
2023-05-20   228.16 238.58   228.13 238.55     5.64  16.07   227.59 238.01   233.17 243.59   226.91 237.33
2023-05-21   227.29 237.73   227.27 237.71     4.78  15.22   226.72 237.16   232.31 242.75   226.04 236.48
2023-05-22   226.42 236.88   226.40 236.86     3.91  14.37   225.85 236.31   231.44 241.90   225.17 235.63
2023-05-23   225.55 236.03   225.53 236.01     3.04  13.52   224.98 235.46   230.57 241.05   224.30 234.78
2023-05-24   224.68 235.18   224.65 235.15     2.17  12.67   224.11 234.61   229.69 240.19   223.43 233.93
2023-05-25   223.80 234.32   223.77 234.30     1.29  11.81   223.23 233.75   228.81 239.34   222.55 233.07
2023-05-26   222.92 233.46   222.89 233.43     0.40  10.95   222.35 232.89   227.93 238.48   221.67 232.21
2023-05-27   222.03 232.60   222.00 232.57   359.52  10.08   221.46 232.03   227.05 237.61   220.78 231.35
2023-05-28   221.14 231.73   221.11 231.70   358.63   9.22   220.57 231.16   226.16 236.75   219.89 230.48
2023-05-29   220.25 230.86   220.22 230.83   357.73   8.35   219.68 230.29   225.26 235.87   218.99 229.61
2023-05-30   219.35 229.98   219.32 229.96   356.83   7.47   218.78 229.41   224.36 235.00   218.10 228.73
2023-05-31   218.44 229.11   218.42 229.08   355.93   6.59   217.87 228.54   223.46 234.12   217.19 227.85
2023-06-01   217.53 228.22   217.51 228.20   355.02   5.71   216.96 227.65   222.55 233.24   216.28 226.97
2023-06-02   216.62 227.34   216.60 227.31   354.11   4.82   216.05 226.77   221.64 232.35   215.37 226.09
2023-06-03   215.70 226.45   215.68 226.42   353.19   3.93   215.13 225.88   220.72 231.46   214.45 225.20
2023-06-04   214.78 225.55   214.76 225.52   352.27   3.04   214.21 224.98   219.80 230.57   213.53 224.30
2023-06-05   213.86 224.65   213.83 224.62   351.34   2.14   213.29 224.08   218.87 229.67   212.60 223.40
2023-06-06   212.92 223.75   212.90 223.72   350.41   1.23   212.35 223.18   217.94 228.76   211.67 222.50
2023-06-07   211.99 222.84   211.96 222.81   349.47   0.33   211.42 222.27   217.00 227.85   210.74 221.59
2023-06-08   211.04 221.93   211.02 221.90   348.53 359.41   210.47 221.36   216.06 226.94   209.79 220.67
2023-06-09   210.10 221.01   210.07 220.98   347.59 358.49   209.53 220.44   215.11 226.02   208.85 219.76
2023-06-10   209.15 220.08   209.12 220.06   346.63 357.57   208.58 219.51   214.16 225.10   207.89 218.83
2023-06-11   208.19 219.16   208.16 219.13   345.67 356.64   207.62 218.59   213.20 224.17   206.94 217.91
2023-06-12   207.22 218.22   207.20 218.20   344.71 355.71   206.65 217.65   212.24 223.24   205.97 216.97
2023-06-13   206.26 217.29   206.23 217.26   343.74 354.77   205.69 216.72   211.27 222.30   205.01 216.03
2023-06-14   205.28 216.34   205.26 216.32   342.77 353.83   204.71 215.77   210.30 221.36   204.03 215.09
2023-06-15   204.30 215.39   204.28 215.37   341.79 352.88   203.73 214.82   209.32 220.41   203.05 214.14
2023-06-16   203.32 214.44   203.29 214.41   340.81 351.93   202.75 213.87   208.33 219.45   202.07 213.19
2023-06-17   202.33 213.48   202.30 213.45   339.82 350.97   201.76 212.91   207.34 218.49   201.08 212.23
2023-06-18   201.33 212.51   201.31 212.49   338.82 350.00   200.76 211.94   206.35 217.53   200.08 211.26
2023-06-19   200.33 211.54   200.30 211.52   337.82 349.03   199.76 210.97   205.35 216.56   199.08 210.29
2023-06-20   199.32 210.57   199.30 210.54   336.81 348.06   198.75 210.00   204.34 215.58   198.07 209.32
2023-06-21   198.31 209.59   198.29 209.56   335.80 347.07   197.74 209.02   203.33 214.60   197.06 208.34
2023-06-22   197.29 208.60   197.27 208.57   334.78 346.09   196.72 208.03   202.31 213.62   196.04 207.35
2023-06-23   196.27 207.61   196.24 207.58   333.76 345.10   195.70 207.04   201.29 212.62   195.02 206.36
2023-06-24   195.24 206.61   195.22 206.58   332.73 344.10   194.67 206.04   200.26 211.62   193.99 205.36
2023-06-25   194.21 205.61   194.18 205.58   331.70 343.09   193.64 205.04   199.22 210.62   192.96 204.36
2023-06-26   193.17 204.60   193.14 204.57   330.66 342.08   192.60 204.03   198.18 209.61   191.92 203.35
2023-06-27   192.12 203.58   192.10 203.56   329.61 341.07   191.55 203.01   197.14 208.60   190.87 202.33
2023-06-28   191.08 202.56   191.05 202.54   328.56 340.05   190.51 201.99   196.09 207.58   189.82 201.31
2023-06-29   190.02 201.54   189.99 201.51   327.51 339.02   189.45 200.97   195.04 206.55   188.77 200.29
2023-06-30   188.96 200.50   188.93 200.48   326.45 337.99   188.39 199.93   193.98 205.52   187.71 199.25
2023-07-01   187.90 199.47   187.87 199.44   325.38 336.96   187.33 198.90   192.91 204.48   186.65 198.22
2023-07-02   186.83 198.43   186.80 198.40   324.31 335.91   186.26 197.86   191.84 203.44   185.58 197.18
2023-07-03   185.75 197.38   185.73 197.35   323.24 334.87   185.18 196.81   190.77 202.39   184.50 196.13
2023-07-04   184.67 196.33   184.65 196.30   322.16 333.81   184.10 195.76   189.69 201.34   183.42 195.08
2023-07-05   183.59 195.27   183.56 195.24   321.08 332.76   183.02 194.70   188.61 200.28   182.34 194.02
2023-07-06   182.50 194.21   182.48 194.18   319.99 331.69   181.93 193.64   187.52 199.22   181.25 192.96
2023-07-07   181.41 193.14   181.39 193.11   318.90 330.63   180.84 192.57   186.43 198.16   180.16 191.89
2023-07-08   180.32 192.07   180.29 192.04   317.80 329.56   179.75 191.50   185.33 197.08   179.07 190.82
2023-07-09   179.22 190.99   179.19 190.97   316.71 328.48   178.65 190.42   184.23 196.01   177.97 189.74
2023-07-10   178.11 189.91   178.09 189.88   315.60 327.40   177.54 189.34   183.13 194.93   176.86 188.66
2023-07-11   177.01 188.83   176.98 188.80   314.50 326.31   176.44 188.26   182.02 193.84   175.76 187.57
2023-07-12   175.90 187.74   175.87 187.71   313.39 325.22   175.33 187.17   180.91 192.75   174.65 186.49
2023-07-13   174.79 186.64   174.76 186.62   312.27 324.13   174.22 186.07   179.80 191.66   173.54 185.39
2023-07-14   173.67 185.55   173.65 185.52   311.16 323.03   173.10 184.98   178.69 190.56   172.42 184.29
2023-07-15   172.55 184.44   172.53 184.42   310.04 321.93   171.98 183.87   177.57 189.46   171.30 183.19
2023-07-16   171.43 183.34   171.41 183.31   308.92 320.83   170.86 182.77   176.45 188.36   170.18 182.09
2023-07-17   170.31 182.23   170.29 182.21   307.80 319.72   169.74 181.66   175.33 187.25   169.06 180.98
2023-07-18   169.19 181.12   169.16 181.10   306.68 318.61   168.62 180.55   174.20 186.14   167.94 179.87
2023-07-19   168.06 180.01   168.04 179.98   305.55 317.50   167.49 179.44   173.08 185.02   166.81 178.76
2023-07-20   166.93 178.89   166.91 178.87   304.42 316.38   166.36 178.32   171.95 183.91   165.68 177.64
2023-07-21   165.81 177.77   165.78 177.75   303.29 315.26   165.24 177.20   170.82 182.79   164.56 176.52
2023-07-22   164.68 176.65   164.65 176.63   302.16 314.14   164.11 176.08   169.69 181.67   163.43 175.40
2023-07-23   163.55 175.53   163.52 175.50   301.03 313.02   162.98 174.96   168.56 180.54   162.30 174.28
2023-07-24   162.42 174.40   162.39 174.38   299.90 311.89   161.85 173.83   167.43 179.42   161.16 173.15
2023-07-25   161.28 173.28   161.26 173.25   298.77 310.77   160.71 172.71   166.30 178.29   160.03 172.03
2023-07-26   160.15 172.15   160.13 172.12   297.64 309.64   159.58 171.58   165.17 177.17   158.90 170.90
2023-07-27   159.02 171.02   159.00 171.00   296.51 308.51   158.45 170.45   164.04 176.04   157.77 169.77
2023-07-28   157.89 169.89   157.87 169.87   295.38 307.38   157.32 169.32   162.91 174.91   156.64 168.64
2023-07-29   156.76 168.76   156.74 168.74   294.25 306.25   156.19 168.19   161.78 173.78   155.51 167.51
2023-07-30   155.63 167.63   155.61 167.61   293.12 305.12   155.06 167.06   160.65 172.65   154.38 166.38
2023-07-31   154.51 166.50   154.48 166.48   291.99 303.99   153.94 165.93   159.52 171.52   153.25 165.25
2023-08-01   153.38 165.37   153.35 165.34   290.87 302.86   152.81 164.80   158.39 170.39   152.13 164.12
2023-08-02   152.25 164.24   152.23 164.21   289.74 301.73   151.68 163.67   157.27 169.26   151.00 162.99
2023-08-03   151.13 163.11   151.11 163.09   288.62 300.60   150.56 162.54   156.15 168.13   149.88 161.86
2023-08-04   150.01 161.98   149.98 161.96   287.50 299.47   149.44 161.41   155.03 167.00   148.76 160.73
2023-08-05   148.89 160.86   148.87 160.83   286.38 298.34   148.32 160.29   153.91 165.87   147.64 159.60
2023-08-06   147.78 159.73   147.75 159.70   285.26 297.22   147.21 159.16   152.79 164.74   146.53 158.48
2023-08-07   146.66 158.60   146.64 158.58   284.15 296.09   146.09 158.03   151.68 163.62   145.41 157.35
2023-08-08   145.55 157.48   145.53 157.45   283.04 294.97   144.98 156.91   150.57 162.50   144.30 156.23
2023-08-09   144.45 156.36   144.42 156.33   281.93 293.85   143.88 155.79   149.46 161.38   143.20 155.11
2023-08-10   143.34 155.24   143.32 155.21   280.83 292.73   142.77 154.67   148.36 160.26   142.09 153.99
2023-08-11   142.24 154.12   142.22 154.10   279.73 291.61   141.67 153.55   147.26 159.14   140.99 152.87
2023-08-12   141.15 153.01   141.12 152.98   278.63 290.50   140.58 152.44   146.16 158.03   139.90 151.76
2023-08-13   140.05 151.90   140.03 151.87   277.54 289.39   139.48 151.33   145.07 156.91   138.80 150.65
2023-08-14   138.96 150.79   138.94 150.76   276.45 288.28   138.39 150.22   143.98 155.81   137.71 149.54
2023-08-15   137.88 149.69   137.85 149.66   275.37 287.17   137.31 149.12   142.89 154.70   136.63 148.44
2023-08-16   136.80 148.58   136.77 148.56   274.29 286.07   136.23 148.01   141.81 153.60   135.55 147.33
2023-08-17   135.72 147.49   135.70 147.46   273.21 284.97   135.15 146.92   140.74 152.50   134.47 146.24
2023-08-18   134.65 146.39   134.62 146.36   272.14 283.88   134.08 145.82   139.67 151.41   133.40 145.14
2023-08-19   133.58 145.30   133.56 145.27   271.07 282.79   133.01 144.73   138.60 150.32   132.33 144.05
2023-08-20   132.52 144.21   132.49 144.19   270.01 281.70   131.95 143.64   137.54 149.23   131.27 142.96
2023-08-21   131.46 143.13   131.44 143.10   268.95 280.62   130.89 142.56   136.48 148.15   130.21 141.88
2023-08-22   130.41 142.05   130.38 142.03   267.90 279.54   129.84 141.48   135.42 147.07   129.16 140.80
2023-08-23   129.36 140.98   129.34 140.95   266.85 278.47   128.79 140.41   134.38 145.99   128.11 139.73
2023-08-24   128.32 139.91   128.29 139.88   265.81 277.40   127.75 139.34   133.33 144.92   127.07 138.66
2023-08-25   127.28 138.84   127.25 138.82   264.77 276.33   126.71 138.27   132.30 143.86   126.03 137.59
2023-08-26   126.25 137.78   126.22 137.75   263.74 275.27   125.68 137.21   131.26 142.80   125.00 136.53
2023-08-27   125.22 136.73   125.19 136.70   262.71 274.21   124.65 136.16   130.24 141.74   123.97 135.47
2023-08-28   124.20 135.67   124.17 135.65   261.68 273.16   123.63 135.10   129.21 140.69   122.95 134.42
2023-08-29   123.18 134.63   123.15 134.60   260.67 272.11   122.61 134.06   128.20 139.64   121.93 133.38
2023-08-30   122.17 133.59   122.14 133.56   259.66 271.07   121.60 133.02   127.18 138.60   120.92 132.33
2023-08-31   121.16 132.55   121.13 132.52   258.65 270.04   120.59 131.98   126.18 137.56   119.91 131.30
2023-09-01   120.16 131.52   120.13 131.49   257.65 269.00   119.59 130.95   125.17 136.53   118.91 130.27
2023-09-02   119.16 130.49   119.14 130.46   256.65 267.98   118.59 129.92   124.18 135.51   117.91 129.24
2023-09-03   118.17 129.47   118.15 129.44   255.66 266.96   117.60 128.90   123.19 134.48   116.92 128.22
2023-09-04   117.19 128.45   117.16 128.43   254.67 265.94   116.62 127.88   122.20 133.47   115.93 127.20
2023-09-05   116.20 127.44   116.18 127.41   253.69 264.93   115.63 126.87   121.22 132.46   114.95 126.19
2023-09-06   115.23 126.43   115.20 126.41   252.72 263.92   114.66 125.86   120.24 131.45   113.98 125.18
2023-09-07   114.26 125.43   114.23 125.41   251.75 262.92   113.69 124.86   119.27 130.45   113.01 124.18
2023-09-08   113.29 124.44   113.27 124.41   250.78 261.92   112.72 123.87   118.31 129.45   112.04 123.19
2023-09-09   112.33 123.45   112.31 123.42   249.82 260.93   111.76 122.88   117.35 128.46   111.08 122.20
2023-09-10   111.38 122.46   111.35 122.43   248.86 259.95   110.81 121.89   116.39 127.48   110.13 121.21
2023-09-11   110.43 121.48   110.40 121.45   247.91 258.97   109.86 120.91   115.44 126.49   109.18 120.23
2023-09-12   109.48 120.50   109.45 120.48   246.97 257.99   108.91 119.93   114.50 125.52   108.23 119.25
2023-09-13   108.54 119.53   108.51 119.51   246.03 257.02   107.97 118.96   113.55 124.55   107.29 118.28
2023-09-14   107.60 118.57   107.58 118.54   245.09 256.05   107.03 118.00   112.62 123.58   106.35 117.31
2023-09-15   106.67 117.60   106.64 117.58   244.16 255.09   106.10 117.03   111.69 122.62   105.42 116.35
2023-09-16   105.74 116.65   105.72 116.62   243.23 254.14   105.17 116.08   110.76 121.66   104.49 115.40
2023-09-17   104.82 115.70   104.79 115.67   242.31 253.18   104.25 115.13   109.83 120.71   103.57 114.45
2023-09-18   103.90 114.75   103.87 114.72   241.39 252.24   103.33 114.18   108.92 119.76   102.65 113.50
2023-09-19   102.99 113.81   102.96 113.78   240.47 251.29   102.42 113.24   108.00 118.82   101.74 112.56
2023-09-20   102.08 112.87   102.05 112.84   239.56 250.36   101.51 112.30   107.09 117.88   100.83 111.62
2023-09-21   101.17 111.93   101.14 111.91   238.66 249.42   100.60 111.36   106.18 116.95    99.92 110.68
2023-09-22   100.27 111.01   100.24 110.98   237.75 248.49    99.70 110.44   105.28 116.02    99.02 109.75
2023-09-23    99.37 110.08    99.34 110.05   236.86 247.57    98.80 109.51   104.38 115.10    98.12 108.83
2023-09-24    98.47 109.16    98.45 109.13   235.96 246.65    97.90 108.59   103.49 114.17    97.22 107.91
2023-09-25    97.58 108.24    97.56 108.22   235.07 245.73    97.01 107.67   102.60 113.26    96.33 106.99
2023-09-26    96.69 107.33    96.67 107.30   234.18 244.82    96.12 106.76   101.71 112.35    95.44 106.08
2023-09-27    95.81 106.42    95.78 106.39   233.30 243.91    95.24 105.85   100.83 111.44    94.56 105.17
2023-09-28    94.93 105.52    94.90 105.49   232.42 243.00    94.36 104.95    99.94 110.53    93.68 104.27
2023-09-29    94.05 104.62    94.02 104.59   231.54 242.10    93.48 104.05    99.07 109.63    92.80 103.36
2023-09-30    93.18 103.72    93.15 103.69   230.66 241.20    92.61 103.15    98.19 108.73    91.92 102.47
2023-10-01    92.30 102.82    92.28 102.80   229.79 240.31    91.73 102.25    97.32 107.84    91.05 101.57
2023-10-02    91.43 101.93    91.41 101.91   228.92 239.42    90.86 101.36    96.45 106.95    90.18 100.68
2023-10-03    90.57 101.05    90.54 101.02   228.05 238.53    90.00 100.48    95.58 106.06    89.32  99.79
2023-10-04    89.70 100.16    89.68 100.13   227.19 237.65    89.13  99.59    94.72 105.18    88.45  98.91
2023-10-05    88.84  99.28    88.81  99.25   226.33 236.77    88.27  98.71    93.86 104.29    87.59  98.03
2023-10-06    87.98  98.40    87.95  98.37   225.47 235.89    87.41  97.83    93.00 103.42    86.73  97.15
2023-10-07    87.12  97.53    87.10  97.50   224.61 235.01    86.55  96.96    92.14 102.54    85.87  96.27
2023-10-08    86.27  96.65    86.24  96.63   223.76 234.14    85.70  96.08    91.28 101.67    85.02  95.40
2023-10-09    85.41  95.78    85.39  95.76   222.90 233.27    84.84  95.21    90.43 100.80    84.16  94.53
2023-10-10    84.56  94.91    84.54  94.89   222.05 232.40    83.99  94.34    89.58  99.93    83.31  93.66
2023-10-11    83.71  94.05    83.69  94.02   221.20 231.54    83.14  93.48    88.73  99.06    82.46  92.80
2023-10-12    82.86  93.19    82.84  93.16   220.35 230.67    82.29  92.62    87.88  98.20    81.61  91.93
2023-10-13    82.01  92.32    81.99  92.30   219.50 229.81    81.44  91.75    87.03  97.34    80.76  91.07
2023-10-14    81.17  91.46    81.14  91.44   218.66 228.95    80.60  90.89    86.18  96.48    79.92  90.21
2023-10-15    80.32  90.61    80.30  90.58   217.81 228.09    79.75  90.04    85.34  95.62    79.07  89.36
2023-10-16    79.48  89.75    79.45  89.72   216.97 227.24    78.91  89.18    84.49  94.77    78.23  88.50
2023-10-17    78.63  88.90    78.61  88.87   216.12 226.38    78.06  88.33    83.65  93.91    77.38  87.65
2023-10-18    77.79  88.04    77.76  88.02   215.28 225.53    77.22  87.47    82.81  93.06    76.54  86.79
2023-10-19    76.95  87.19    76.92  87.17   214.44 224.68    76.38  86.62    81.96  92.21    75.70  85.94
2023-10-20    76.11  86.34    76.08  86.31   213.59 223.83    75.54  85.77    81.12  91.36    74.85  85.09
2023-10-21    75.26  85.49    75.24  85.47   212.75 222.98    74.69  84.92    80.28  90.51    74.01  84.24
2023-10-22    74.42  84.64    74.39  84.62   211.91 222.13    73.85  84.07    79.44  89.66    73.17  83.39
2023-10-23    73.58  83.79    73.55  83.77   211.07 221.28    73.01  83.22    78.59  88.81    72.33  82.54
2023-10-24    72.74  82.95    72.71  82.92   210.22 220.43    72.17  82.38    77.75  87.96    71.48  81.70
2023-10-25    71.89  82.10    71.87  82.07   209.38 219.59    71.32  81.53    76.91  87.12    70.64  80.85
2023-10-26    71.05  81.25    71.02  81.23   208.54 218.74    70.48  80.68    76.06  86.27    69.80  80.00
2023-10-27    70.20  80.41    70.18  80.38   207.69 217.89    69.63  79.84    75.22  85.42    68.95  79.16
2023-10-28    69.36  79.56    69.33  79.53   206.85 217.05    68.79  78.99    74.38  84.58    68.11  78.31
2023-10-29    68.51  78.71    68.49  78.69   206.00 216.20    67.94  78.14    73.53  83.73    67.26  77.46
2023-10-30    67.67  77.87    67.64  77.84   205.15 215.35    67.10  77.30    72.68  82.88    66.42  76.62
2023-10-31    66.82  77.02    66.79  76.99   204.31 214.51    66.25  76.45    71.83  82.04    65.57  75.77
2023-11-01    65.97  76.17    65.94  76.15   203.46 213.66    65.40  75.60    70.98  81.19    64.72  74.92
2023-11-02    65.12  75.32    65.09  75.30   202.61 212.81    64.55  74.75    70.13  80.34    63.87  74.07
2023-11-03    64.27  74.48    64.24  74.45   201.75 211.96    63.70  73.91    69.28  79.49    63.02  73.22
2023-11-04    63.71  73.33    63.68  73.30   201.19 210.82    63.14  72.76    68.72  78.35    62.46  72.08
2023-11-05    63.18  72.15    63.15  72.12   200.67 209.64    62.61  71.58    68.19  77.17    61.93  70.90
2023-11-06    62.65  70.97    62.62  70.94   200.13 208.46    62.08  70.40    67.66  75.99    61.40  69.72
2023-11-07    62.11  69.79    62.09  69.76   199.60 207.28    61.54  69.22    67.13  74.80    60.86  68.54
2023-11-08    61.58  68.61    61.55  68.58   199.07 206.09    61.01  68.04    66.59  73.62    60.33  67.36
