
       Target
                ecliptic
RA      Dec     latitude
286.576  41.742  63.547

Checked interval [2020-01-01, 2023-12-31]
|           Window [days]                 |    Normal V3 PA [deg]    |
   Start           End         Duration         Start         End         RA            Dec     
 2020-04-06      2020-11-02       210.00     265.24550      64.56982     286.57602      41.74158 
 2021-04-06      2021-11-02       209.99     265.50155      64.82846     286.57602      41.74158 
 2022-04-07      2022-11-03       210.00     264.89877      64.18092     286.57602      41.74158 
 2023-04-07      2023-11-03       210.00     265.17136      64.42821     286.57602      41.74158 


                V3PA          NIRCam           NIRSpec         NIRISS           MIRI          FGS
   Date      min    max      min    max       min    max     min    max      min    max      min    max

2020-04-07   261.64 268.68   261.61 268.65    39.13  46.16   261.07 268.11   266.65 273.69   260.39 267.43
2020-04-08   260.49 268.07   260.47 268.04    37.98  45.55   259.92 267.50   265.51 273.08   259.24 266.81
2020-04-09   259.35 267.46   259.32 267.43    36.84  44.94   258.78 266.89   264.36 272.47   258.10 266.21
2020-04-10   258.20 266.85   258.18 266.82    35.69  44.34   257.63 266.28   263.22 271.87   256.95 265.60
2020-04-11   257.06 266.25   257.03 266.22    34.55  43.73   256.49 265.68   262.08 271.26   255.81 265.00
2020-04-12   255.92 265.64   255.89 265.62    33.41  43.13   255.35 265.07   260.93 270.66   254.67 264.39
2020-04-13   254.81 265.01   254.78 264.99    32.29  42.50   254.24 264.44   259.82 270.03   253.55 263.76
2020-04-14   253.94 264.14   253.91 264.12    31.42  41.63   253.37 263.57   258.95 269.16   252.69 262.89
2020-04-15   253.07 263.27   253.04 263.25    30.56  40.76   252.50 262.70   258.08 268.29   251.82 262.02
2020-04-16   252.20 262.40   252.18 262.38    29.69  39.89   251.63 261.83   257.22 267.42   250.95 261.15
2020-04-17   251.34 261.54   251.31 261.51    28.82  39.02   250.77 260.97   256.35 266.55   250.08 260.29
2020-04-18   250.47 260.67   250.44 260.64    27.96  38.16   249.90 260.10   255.48 265.68   249.22 259.42
2020-04-19   249.60 259.80   249.58 259.78    27.09  37.29   249.03 259.23   254.62 264.82   248.35 258.55
2020-04-20   248.74 258.94   248.71 258.91    26.22  36.42   248.17 258.37   253.75 263.95   247.49 257.69
2020-04-21   247.87 258.07   247.84 258.05    25.36  35.56   247.30 257.50   252.89 263.09   246.62 256.82
2020-04-22   247.00 257.21   246.98 257.18    24.49  34.70   246.43 256.64   252.02 262.22   245.75 255.96
2020-04-23   246.14 256.34   246.11 256.32    23.63  33.83   245.57 255.77   251.15 261.36   244.89 255.09
2020-04-24   245.27 255.48   245.25 255.45    22.76  32.97   244.70 254.91   250.29 260.50   244.02 254.23
2020-04-25   244.41 254.62   244.38 254.59    21.89  32.10   243.84 254.05   249.42 259.63   243.15 253.37
2020-04-26   243.54 253.75   243.51 253.73    21.03  31.24   242.97 253.18   248.55 258.77   242.29 252.50
2020-04-27   242.67 252.89   242.64 252.86    20.16  30.38   242.10 252.32   247.69 257.91   241.42 251.64
2020-04-28   241.80 252.03   241.77 252.00    19.29  29.51   241.23 251.46   246.82 257.04   240.55 250.78
2020-04-29   240.93 251.16   240.91 251.14    18.42  28.65   240.36 250.59   245.95 256.18   239.68 249.91
2020-04-30   240.06 250.30   240.04 250.27    17.55  27.79   239.49 249.73   245.08 255.31   238.81 249.05
2020-05-01   239.19 249.43   239.16 249.41    16.68  26.92   238.62 248.86   244.21 254.45   237.94 248.18
2020-05-02   238.32 248.57   238.29 248.54    15.81  26.06   237.75 248.00   243.33 253.58   237.07 247.32
2020-05-03   237.44 247.70   237.42 247.68    14.93  25.19   236.87 247.13   242.46 252.72   236.19 246.45
2020-05-04   236.57 246.84   236.54 246.81    14.06  24.32   236.00 246.27   241.58 251.85   235.32 245.59
2020-05-05   235.69 245.97   235.67 245.94    13.18  23.46   235.12 245.40   240.71 250.98   234.44 244.72
2020-05-06   234.81 245.10   234.79 245.07    12.30  22.59   234.24 244.53   239.83 250.11   233.56 243.85
2020-05-07   233.93 244.23   233.91 244.20    11.42  21.72   233.36 243.66   238.95 249.25   232.68 242.98
2020-05-08   233.05 243.36   233.03 243.33    10.54  20.85   232.48 242.79   238.07 248.37   231.80 242.11
2020-05-09   232.17 242.49   232.14 242.46     9.66  19.97   231.60 241.92   237.19 247.50   230.92 241.24
2020-05-10   231.28 241.61   231.26 241.59     8.77  19.10   230.71 241.04   236.30 246.63   230.03 240.36
2020-05-11   230.40 240.74   230.37 240.71     7.89  18.23   229.83 240.17   235.41 245.75   229.15 239.49
2020-05-12   229.51 239.86   229.48 239.83     7.00  17.35   228.94 239.29   234.52 244.88   228.26 238.61
2020-05-13   228.62 238.98   228.59 238.96     6.10  16.47   228.05 238.41   233.63 244.00   227.37 237.73
2020-05-14   227.72 238.10   227.70 238.08     5.21  15.59   227.15 237.53   232.74 243.12   226.47 236.85
2020-05-15   226.83 237.22   226.80 237.19     4.31  14.71   226.26 236.65   231.84 242.23   225.58 235.97
2020-05-16   225.93 236.34   225.90 236.31     3.42  13.82   225.36 235.77   230.94 241.35   224.68 235.08
2020-05-17   225.03 235.45   225.00 235.42     2.51  12.94   224.46 234.88   230.04 240.46   223.78 234.20
2020-05-18   224.12 234.56   224.10 234.53     1.61  12.05   223.55 233.99   229.14 239.58   222.87 233.31
2020-05-19   223.22 233.67   223.19 233.64     0.70  11.16   222.65 233.10   228.23 238.68   221.97 232.42
2020-05-20   222.31 232.78   222.28 232.75   359.80  10.26   221.74 232.21   227.32 237.79   221.06 231.53
2020-05-21   221.40 231.88   221.37 231.85   358.88   9.37   220.83 231.31   226.41 236.90   220.15 230.63
2020-05-22   220.48 230.98   220.45 230.96   357.97   8.47   219.91 230.41   225.50 236.00   219.23 229.73
2020-05-23   219.56 230.08   219.54 230.05   357.05   7.57   218.99 229.51   224.58 235.10   218.31 228.83
2020-05-24   218.64 229.18   218.62 229.15   356.13   6.66   218.07 228.61   223.66 234.19   217.39 227.93
2020-05-25   217.72 228.27   217.69 228.24   355.21   5.76   217.15 227.70   222.73 233.29   216.47 227.02
2020-05-26   216.79 227.36   216.76 227.34   354.28   4.85   216.22 226.79   221.81 232.38   215.54 226.11
2020-05-27   215.86 226.45   215.83 226.42   353.35   3.94   215.29 225.88   220.88 231.46   214.61 225.20
2020-05-28   214.93 225.53   214.90 225.51   352.41   3.02   214.36 224.96   219.94 230.55   213.68 224.28
2020-05-29   213.99 224.62   213.96 224.59   351.48   2.10   213.42 224.05   219.00 229.63   212.74 223.36
2020-05-30   213.05 223.69   213.02 223.67   350.54   1.18   212.48 223.12   218.06 228.71   211.80 222.44
2020-05-31   212.10 222.77   212.08 222.74   349.59   0.26   211.53 222.20   217.12 227.78   210.85 221.52
2020-06-01   211.16 221.84   211.13 221.81   348.64 359.33   210.59 221.27   216.17 226.86   209.91 220.59
2020-06-02   210.21 220.91   210.18 220.88   347.69 358.40   209.64 220.34   215.22 225.92   208.96 219.66
2020-06-03   209.25 219.97   209.23 219.95   346.74 357.46   208.68 219.40   214.27 224.99   208.00 218.72
2020-06-04   208.29 219.04   208.27 219.01   345.78 356.52   207.72 218.47   213.31 224.05   207.04 217.79
2020-06-05   207.33 218.09   207.30 218.07   344.82 355.58   206.76 217.52   212.35 223.11   206.08 216.84
2020-06-06   206.37 217.15   206.34 217.12   343.85 354.64   205.80 216.58   211.38 222.16   205.11 215.90
2020-06-07   205.40 216.20   205.37 216.17   342.88 353.69   204.83 215.63   210.41 221.22   204.15 214.95
2020-06-08   204.42 215.25   204.40 215.22   341.91 352.73   203.85 214.68   209.44 220.26   203.17 214.00
2020-06-09   203.45 214.29   203.42 214.26   340.93 351.78   202.88 213.72   208.46 219.31   202.20 213.04
2020-06-10   202.47 213.33   202.44 213.30   339.95 350.82   201.90 212.76   207.48 218.35   201.22 212.08
2020-06-11   201.48 212.37   201.46 212.34   338.97 349.85   200.91 211.80   206.50 217.38   200.23 211.12
2020-06-12   200.49 211.40   200.47 211.37   337.98 348.89   199.92 210.83   205.51 216.41   199.24 210.15
2020-06-13   199.50 210.43   199.48 210.40   336.99 347.92   198.93 209.86   204.52 215.44   198.25 209.18
2020-06-14   198.51 209.45   198.48 209.43   335.99 346.94   197.94 208.88   203.52 214.47   197.26 208.20
2020-06-15   197.51 208.47   197.48 208.45   335.00 345.96   196.94 207.90   202.52 213.49   196.26 207.22
2020-06-16   196.50 207.49   196.48 207.46   333.99 344.98   195.93 206.92   201.52 212.51   195.25 206.24
2020-06-17   195.50 206.50   195.47 206.48   332.99 343.99   194.93 205.93   200.51 211.52   194.25 205.25
2020-06-18   194.49 205.51   194.46 205.49   331.98 343.00   193.92 204.94   199.50 210.53   193.24 204.26
2020-06-19   193.47 204.52   193.45 204.49   330.96 342.01   192.90 203.95   198.49 209.53   192.22 203.27
2020-06-20   192.46 203.52   192.43 203.50   329.94 341.01   191.89 202.95   197.47 208.54   191.21 202.27
2020-06-21   191.44 202.52   191.41 202.49   328.92 340.01   190.87 201.95   196.45 207.53   190.19 201.27
2020-06-22   190.41 201.51   190.39 201.49   327.90 339.00   189.84 200.94   195.43 206.53   189.16 200.26
2020-06-23   189.38 200.50   189.36 200.48   326.87 337.99   188.81 199.93   194.40 205.52   188.13 199.25
2020-06-24   188.35 199.49   188.33 199.47   325.84 336.98   187.78 198.92   193.37 204.51   187.10 198.24
2020-06-25   187.32 198.47   187.29 198.45   324.81 335.96   186.75 197.90   192.33 203.49   186.07 197.22
2020-06-26   186.28 197.45   186.26 197.43   323.77 334.94   185.71 196.88   191.30 202.47   185.03 196.20
2020-06-27   185.24 196.43   185.21 196.40   322.73 333.92   184.67 195.86   190.26 201.45   183.99 195.18
2020-06-28   184.20 195.40   184.17 195.38   321.69 332.89   183.63 194.83   189.21 200.42   182.95 194.15
2020-06-29   183.15 194.37   183.12 194.35   320.64 331.86   182.58 193.80   188.17 199.39   181.90 193.12
2020-06-30   182.10 193.34   182.08 193.31   319.59 330.83   181.53 192.77   187.12 198.35   180.85 192.09
2020-07-01   181.05 192.30   181.02 192.27   318.54 329.79   180.48 191.73   186.06 197.32   179.80 191.05
2020-07-02   180.00 191.26   179.97 191.23   317.48 328.75   179.43 190.69   185.01 196.28   178.74 190.01
2020-07-03   178.94 190.22   178.91 190.19   316.43 327.70   178.37 189.65   183.95 195.23   177.69 188.97
2020-07-04   177.88 189.17   177.85 189.14   315.37 326.66   177.31 188.60   182.89 194.19   176.63 187.92
2020-07-05   176.82 188.12   176.79 188.09   314.30 325.61   176.25 187.55   181.83 193.14   175.57 186.87
2020-07-06   175.75 187.07   175.73 187.04   313.24 324.56   175.18 186.50   180.77 192.08   174.50 185.82
2020-07-07   174.69 186.01   174.66 185.99   312.17 323.50   174.12 185.44   179.70 191.03   173.43 184.76
2020-07-08   173.62 184.96   173.59 184.93   311.11 322.44   173.05 184.39   178.63 189.97   172.37 183.71
2020-07-09   172.55 183.90   172.52 183.87   310.04 321.38   171.98 183.33   177.56 188.91   171.30 182.65
2020-07-10   171.48 182.83   171.45 182.81   308.96 320.32   170.91 182.26   176.49 187.85   170.23 181.58
2020-07-11   170.40 181.77   170.38 181.74   307.89 319.26   169.83 181.20   175.42 186.78   169.15 180.52
2020-07-12   169.33 180.70   169.30 180.68   306.82 318.19   168.76 180.13   174.34 185.72   168.08 179.45
2020-07-13   168.25 179.63   168.23 179.61   305.74 317.12   167.68 179.06   173.27 184.65   167.00 178.38
2020-07-14   167.18 178.56   167.15 178.54   304.67 316.05   166.61 177.99   172.19 183.58   165.93 177.31
2020-07-15   166.10 177.49   166.07 177.47   303.59 314.98   165.53 176.92   171.12 182.51   164.85 176.24
2020-07-16   165.02 176.42   165.00 176.39   302.51 313.91   164.45 175.85   170.04 181.43   163.77 175.17
2020-07-17   163.95 175.34   163.92 175.32   301.43 312.83   163.38 174.77   168.96 180.36   162.69 174.09
2020-07-18   162.87 174.27   162.84 174.24   300.35 311.76   162.30 173.70   167.88 179.28   161.62 173.02
2020-07-19   161.79 173.19   161.76 173.17   299.28 310.68   161.22 172.62   166.80 178.21   160.54 171.94
2020-07-20   160.71 172.11   160.68 172.09   298.20 309.60   160.14 171.54   165.72 177.13   159.46 170.86
2020-07-21   159.63 171.04   159.60 171.01   297.12 308.52   159.06 170.47   164.65 176.05   158.38 169.79
2020-07-22   158.55 169.96   158.53 169.93   296.04 307.45   157.98 169.39   163.57 174.97   157.30 168.71
2020-07-23   157.48 168.88   157.45 168.85   294.96 306.37   156.91 168.31   162.49 173.89   156.22 167.63
2020-07-24   156.40 167.80   156.37 167.77   293.89 305.29   155.83 167.23   161.41 172.82   155.15 166.55
2020-07-25   155.32 166.72   155.30 166.69   292.81 304.21   154.75 166.15   160.34 171.74   154.07 165.47
2020-07-26   154.25 165.64   154.22 165.62   291.73 303.13   153.68 165.07   159.26 170.66   153.00 164.39
2020-07-27   153.17 164.56   153.15 164.54   290.66 302.05   152.60 163.99   158.19 169.58   151.92 163.31
2020-07-28   152.10 163.49   152.07 163.46   289.59 300.97   151.53 162.92   157.12 168.50   150.85 162.23
2020-07-29   151.03 162.41   151.00 162.38   288.52 299.90   150.46 161.84   156.04 167.42   149.78 161.16
2020-07-30   149.96 161.33   149.93 161.31   287.45 298.82   149.39 160.76   154.97 166.35   148.71 160.08
2020-07-31   148.89 160.26   148.86 160.23   286.38 297.74   148.32 159.69   153.91 165.27   147.64 159.01
2020-08-01   147.83 159.18   147.80 159.15   285.31 296.67   147.26 158.61   152.84 164.20   146.57 157.93
2020-08-02   146.76 158.11   146.73 158.08   284.25 295.60   146.19 157.54   151.78 163.12   145.51 156.86
2020-08-03   145.70 157.04   145.67 157.01   283.19 294.52   145.13 156.47   150.71 162.05   144.45 155.79
2020-08-04   144.64 155.97   144.61 155.94   282.13 293.45   144.07 155.40   149.65 160.98   143.39 154.72
2020-08-05   143.58 154.90   143.56 154.87   281.07 292.38   143.01 154.33   148.60 159.91   142.33 153.65
2020-08-06   142.53 153.83   142.50 153.80   280.01 291.32   141.96 153.26   147.54 158.85   141.28 152.58
2020-08-07   141.47 152.77   141.45 152.74   278.96 290.25   140.90 152.20   146.49 157.78   140.22 151.51
2020-08-08   140.43 151.70   140.40 151.68   277.91 289.19   139.86 151.13   145.44 156.72   139.17 150.45
2020-08-09   139.38 150.64   139.35 150.62   276.87 288.13   138.81 150.07   144.39 155.66   138.13 149.39
2020-08-10   138.33 149.58   138.31 149.56   275.82 287.07   137.76 149.01   143.35 154.60   137.08 148.33
2020-08-11   137.29 148.53   137.27 148.50   274.78 286.02   136.72 147.96   142.31 153.54   136.04 147.28
2020-08-12   136.26 147.47   136.23 147.45   273.74 284.96   135.69 146.90   141.27 152.49   135.00 146.22
2020-08-13   135.22 146.42   135.19 146.40   272.71 283.91   134.65 145.85   140.24 151.44   133.97 145.17
2020-08-14   134.19 145.38   134.16 145.35   271.68 282.86   133.62 144.81   139.20 150.39   132.94 144.13
2020-08-15   133.16 144.33   133.13 144.30   270.65 281.82   132.59 143.76   138.18 149.35   131.91 143.08
2020-08-16   132.14 143.29   132.11 143.26   269.62 280.78   131.57 142.72   137.15 148.30   130.88 142.04
2020-08-17   131.11 142.25   131.09 142.22   268.60 279.74   130.54 141.68   136.13 147.26   129.86 141.00
2020-08-18   130.10 141.21   130.07 141.19   267.58 278.70   129.53 140.64   135.11 146.23   128.84 139.96
2020-08-19   129.08 140.18   129.05 140.15   266.57 277.67   128.51 139.61   134.10 145.20   127.83 138.93
2020-08-20   128.07 139.15   128.04 139.12   265.56 276.64   127.50 138.58   133.08 144.17   126.82 137.90
2020-08-21   127.06 138.12   127.04 138.10   264.55 275.61   126.49 137.55   132.08 143.14   125.81 136.87
2020-08-22   126.06 137.10   126.03 137.07   263.54 274.59   125.49 136.53   131.07 142.11   124.81 135.85
2020-08-23   125.06 136.08   125.03 136.05   262.54 273.57   124.49 135.51   130.07 141.09   123.81 134.83
2020-08-24   124.06 135.06   124.03 135.04   261.55 272.55   123.49 134.49   129.07 140.08   122.81 133.81
2020-08-25   123.07 134.05   123.04 134.02   260.55 271.54   122.50 133.48   128.08 139.06   121.82 132.80
2020-08-26   122.08 133.04   122.05 133.01   259.56 270.53   121.51 132.47   127.09 138.05   120.83 131.79
2020-08-27   121.09 132.03   121.06 132.01   258.58 269.52   120.52 131.46   126.11 137.05   119.84 130.78
2020-08-28   120.11 131.03   120.08 131.00   257.60 268.52   119.54 130.46   125.12 136.05   118.86 129.78
2020-08-29   119.13 130.03   119.10 130.00   256.62 267.52   118.56 129.46   124.14 135.05   117.88 128.78
2020-08-30   118.15 129.04   118.13 129.01   255.64 266.52   117.58 128.47   123.17 134.05   116.90 127.78
2020-08-31   117.18 128.04   117.15 128.02   254.67 265.53   116.61 127.47   122.20 133.06   115.93 126.79
2020-09-01   116.21 127.05   116.19 127.03   253.70 264.54   115.64 126.48   121.23 132.07   114.96 125.80
2020-09-02   115.25 126.07   115.22 126.04   252.74 263.56   114.68 125.50   120.26 131.08   114.00 124.82
2020-09-03   114.29 125.09   114.26 125.06   251.77 262.57   113.72 124.52   119.30 130.10   113.04 123.84
2020-09-04   113.33 124.11   113.30 124.08   250.82 261.60   112.76 123.54   118.34 129.12   112.08 122.86
2020-09-05   112.38 123.13   112.35 123.11   249.86 260.62   111.81 122.56   117.39 128.15   111.12 121.88
2020-09-06   111.42 122.16   111.40 122.14   248.91 259.65   110.85 121.59   116.44 127.18   110.17 120.91
2020-09-07   110.48 121.20   110.45 121.17   247.96 258.68   109.91 120.63   115.49 126.21   109.23 119.94
2020-09-08   109.53 120.23   109.51 120.20   247.02 257.72   108.96 119.66   114.55 125.25   108.28 118.98
2020-09-09   108.59 119.27   108.56 119.24   246.08 256.76   108.02 118.70   113.61 124.29   107.34 118.02
2020-09-10   107.65 118.31   107.63 118.29   245.14 255.80   107.08 117.74   112.67 123.33   106.40 117.06
2020-09-11   106.72 117.36   106.69 117.33   244.21 254.85   106.15 116.79   111.73 122.37   105.47 116.11
2020-09-12   105.79 116.41   105.76 116.38   243.27 253.89   105.22 115.84   110.80 121.42   104.54 115.16
2020-09-13   104.86 115.46   104.83 115.43   242.34 252.95   104.29 114.89   109.87 120.47   103.61 114.21
2020-09-14   103.93 114.52   103.90 114.49   241.42 252.00   103.36 113.95   108.95 119.53   102.68 113.26
2020-09-15   103.01 113.57   102.98 113.55   240.50 251.06   102.44 113.00   108.02 118.59   101.76 112.32
2020-09-16   102.09 112.64   102.06 112.61   239.58 250.12   101.52 112.07   107.10 117.65   100.84 111.38
2020-09-17   101.17 111.70   101.14 111.67   238.66 249.19   100.60 111.13   106.19 116.72    99.92 110.45
2020-09-18   100.26 110.77   100.23 110.74   237.74 248.26    99.69 110.20   105.27 115.78    99.00 109.52
2020-09-19    99.34 109.84    99.32 109.81   236.83 247.33    98.77 109.27   104.36 114.85    98.09 108.59
2020-09-20    98.43 108.91    98.41 108.89   235.92 246.40    97.86 108.34   103.45 113.93    97.18 107.66
2020-09-21    97.53 107.99    97.50 107.96   235.01 245.48    96.96 107.42   102.54 113.00    96.28 106.74
2020-09-22    96.62 107.07    96.59 107.04   234.11 244.55    96.05 106.50   101.64 112.08    95.37 105.82
2020-09-23    95.72 106.15    95.69 106.12   233.21 243.64    95.15 105.58   100.73 111.16    94.47 104.90
2020-09-24    94.82 105.23    94.79 105.21   232.30 242.72    94.25 104.66    99.83 110.25    93.57 103.98
2020-09-25    93.92 104.32    93.89 104.29   231.41 241.81    93.35 103.75    98.93 109.33    92.67 103.07
2020-09-26    93.02 103.41    92.99 103.38   230.51 240.90    92.45 102.84    98.04 108.42    91.77 102.16
2020-09-27    92.13 102.50    92.10 102.47   229.61 239.99    91.56 101.93    97.14 107.51    90.88 101.25
2020-09-28    91.23 101.59    91.21 101.57   228.72 239.08    90.66 101.02    96.25 106.61    89.98 100.34
2020-09-29    90.34 100.69    90.31 100.66   227.83 238.18    89.77 100.12    95.36 105.70    89.09  99.44
2020-09-30    89.45  99.79    89.42  99.76   226.94 237.27    88.88  99.22    94.47 104.80    88.20  98.53
2020-10-01    88.56  98.89    88.54  98.86   226.05 236.37    87.99  98.32    93.58 103.90    87.31  97.63
2020-10-02    87.68  97.99    87.65  97.96   225.16 235.47    87.11  97.42    92.69 103.00    86.42  96.74
2020-10-03    86.79  97.09    86.76  97.06   224.28 234.58    86.22  96.52    91.80 102.10    85.54  95.84
2020-10-04    85.90  96.19    85.88  96.17   223.39 233.68    85.33  95.62    90.92 101.21    84.65  94.94
2020-10-05    85.02  95.30    84.99  95.27   222.51 232.79    84.45  94.73    90.04 100.32    83.77  94.05
2020-10-06    84.14  94.41    84.11  94.38   221.62 231.90    83.57  93.84    89.15  99.42    82.89  93.16
2020-10-07    83.26  93.52    83.23  93.49   220.74 231.01    82.69  92.95    88.27  98.53    82.00  92.27
2020-10-08    82.37  92.63    82.35  92.60   219.86 230.12    81.80  92.06    87.39  97.64    81.12  91.38
2020-10-09    81.49  91.74    81.47  91.71   218.98 229.23    80.92  91.17    86.51  96.76    80.24  90.49
2020-10-10    80.61  90.85    80.59  90.83   218.10 228.34    80.04  90.28    85.63  95.87    79.36  89.60
2020-10-11    79.73  89.97    79.71  89.94   217.22 227.45    79.16  89.40    84.75  94.98    78.48  88.72
2020-10-12    78.85  89.08    78.83  89.05   216.34 226.57    78.28  88.51    83.87  94.10    77.60  87.83
2020-10-13    77.97  88.20    77.95  88.17   215.46 225.68    77.40  87.63    82.99  93.21    76.72  86.95
2020-10-14    77.10  87.31    77.07  87.29   214.58 224.80    76.53  86.74    82.11  92.33    75.84  86.06
2020-10-15    76.22  86.43    76.19  86.40   213.70 223.92    75.65  85.86    81.23  91.44    74.97  85.18
2020-10-16    75.34  85.55    75.31  85.52   212.82 223.03    74.77  84.98    80.35  90.56    74.09  84.30
2020-10-17    74.46  84.66    74.43  84.64   211.94 222.15    73.89  84.09    79.47  89.68    73.21  83.41
2020-10-18    73.58  83.78    73.55  83.75   211.06 221.27    73.01  83.21    78.59  88.80    72.33  82.53
2020-10-19    72.70  82.90    72.67  82.87   210.18 220.39    72.13  82.33    77.71  87.91    71.45  81.65
2020-10-20    71.82  82.02    71.79  81.99   209.30 219.50    71.25  81.45    76.83  87.03    70.56  80.77
2020-10-21    70.93  81.13    70.91  81.11   208.42 218.62    70.36  80.56    75.95  86.15    69.68  79.88
2020-10-22    70.05  80.25    70.02  80.22   207.54 217.74    69.48  79.68    75.07  85.27    68.80  79.00
2020-10-23    69.17  79.37    69.14  79.34   206.65 216.86    68.60  78.80    74.18  84.38    67.92  78.12
2020-10-24    68.28  78.48    68.26  78.46   205.77 215.97    67.71  77.91    73.30  83.50    67.03  77.23
2020-10-25    67.40  77.60    67.37  77.57   204.88 215.09    66.83  77.03    72.41  82.62    66.15  76.35
2020-10-26    66.51  76.72    66.48  76.69   204.00 214.20    65.94  76.15    71.53  81.73    65.26  75.47
2020-10-27    65.62  75.83    65.60  75.80   203.11 213.32    65.05  75.26    70.64  80.85    64.37  74.58
2020-10-28    64.93  74.75    64.90  74.72   202.42 212.23    64.36  74.18    69.95  79.76    63.68  73.50
2020-10-29    64.31  73.58    64.29  73.56   201.80 211.07    63.74  73.01    69.33  78.60    63.06  72.33
2020-10-30    63.70  72.42    63.67  72.39   201.18 209.91    63.13  71.85    68.71  77.44    62.45  71.17
2020-10-31    63.08  71.26    63.05  71.23   200.57 208.74    62.51  70.69    68.09  76.27    61.83  70.00
2020-11-01    62.46  70.09    62.43  70.06   199.94 207.58    61.89  69.52    67.47  75.10    61.21  68.84
2020-11-02    61.83  68.92    61.81  68.90   199.32 206.41    61.26  68.35    66.85  73.94    60.58  67.67

2021-04-07   261.99 268.85   261.96 268.83    39.48  46.34   261.42 268.28   267.01 273.87   260.74 267.60
2021-04-08   260.84 268.24   260.82 268.22    38.33  45.73   260.27 267.67   265.86 273.26   259.59 266.99
2021-04-09   259.70 267.64   259.67 267.61    37.19  45.12   259.13 267.07   264.71 272.65   258.45 266.38
2021-04-10   258.56 267.03   258.53 267.00    36.04  44.52   257.99 266.46   263.57 272.04   257.30 265.78
2021-04-11   257.41 266.42   257.39 266.40    34.90  43.91   256.84 265.85   262.43 271.44   256.16 265.17
2021-04-12   256.27 265.82   256.24 265.79    33.76  43.31   255.70 265.25   261.28 270.84   255.02 264.57
2021-04-13   255.13 265.22   255.10 265.19    32.62  42.71   254.56 264.65   260.14 270.24   253.88 263.97
2021-04-14   254.20 264.41   254.17 264.38    31.69  41.90   253.63 263.84   259.22 269.42   252.95 263.16
2021-04-15   253.33 263.54   253.31 263.51    30.82  41.02   252.76 262.97   258.35 268.55   252.08 262.29
2021-04-16   252.47 262.67   252.44 262.64    29.95  40.16   251.90 262.10   257.48 267.68   251.21 261.42
2021-04-17   251.60 261.80   251.57 261.77    29.09  39.29   251.03 261.23   256.61 266.81   250.35 260.55
2021-04-18   250.73 260.93   250.71 260.91    28.22  38.42   250.16 260.36   255.75 265.95   249.48 259.68
2021-04-19   249.87 260.07   249.84 260.04    27.35  37.55   249.30 259.50   254.88 265.08   248.62 258.82
2021-04-20   249.00 259.20   248.97 259.17    26.49  36.69   248.43 258.63   254.02 264.22   247.75 257.95
2021-04-21   248.13 258.33   248.11 258.31    25.62  35.82   247.56 257.76   253.15 263.35   246.88 257.08
2021-04-22   247.27 257.47   247.24 257.44    24.76  34.96   246.70 256.90   252.28 262.49   246.02 256.22
2021-04-23   246.40 256.61   246.37 256.58    23.89  34.09   245.83 256.04   251.42 261.62   245.15 255.36
2021-04-24   245.53 255.74   245.51 255.72    23.02  33.23   244.96 255.17   250.55 260.76   244.28 254.49
2021-04-25   244.67 254.88   244.64 254.85    22.16  32.37   244.10 254.31   249.68 259.89   243.42 253.63
2021-04-26   243.80 254.01   243.77 253.99    21.29  31.50   243.23 253.44   248.82 259.03   242.55 252.76
2021-04-27   242.93 253.15   242.91 253.12    20.42  30.64   242.36 252.58   247.95 258.17   241.68 251.90
2021-04-28   242.06 252.29   242.04 252.26    19.55  29.77   241.49 251.72   247.08 257.30   240.81 251.04
2021-04-29   241.19 251.42   241.17 251.40    18.68  28.91   240.62 250.85   246.21 256.44   239.94 250.17
2021-04-30   240.32 250.56   240.30 250.53    17.81  28.05   239.75 249.99   245.34 255.57   239.07 249.31
2021-05-01   239.45 249.69   239.42 249.67    16.94  27.18   238.88 249.12   244.47 254.71   238.20 248.44
2021-05-02   238.58 248.83   238.55 248.80    16.07  26.31   238.01 248.26   243.59 253.84   237.33 247.58
2021-05-03   237.70 247.96   237.68 247.93    15.19  25.45   237.13 247.39   242.72 252.98   236.45 246.71
2021-05-04   236.83 247.09   236.80 247.07    14.32  24.58   236.26 246.52   241.84 252.11   235.58 245.84
2021-05-05   235.95 246.23   235.93 246.20    13.44  23.71   235.38 245.66   240.97 251.24   234.70 244.98
2021-05-06   235.07 245.36   235.05 245.33    12.56  22.84   234.50 244.79   240.09 250.37   233.82 244.11
2021-05-07   234.19 244.49   234.17 244.46    11.68  21.97   233.62 243.92   239.21 249.50   232.94 243.24
2021-05-08   233.31 243.62   233.29 243.59    10.80  21.10   232.74 243.05   238.33 248.63   232.06 242.36
2021-05-09   232.43 242.74   232.40 242.72     9.92  20.23   231.86 242.17   237.44 247.76   231.18 241.49
2021-05-10   231.54 241.87   231.52 241.84     9.03  19.36   230.97 241.30   236.56 246.88   230.29 240.62
2021-05-11   230.66 240.99   230.63 240.97     8.14  18.48   230.09 240.42   235.67 246.01   229.40 239.74
2021-05-12   229.77 240.12   229.74 240.09     7.25  17.60   229.20 239.55   234.78 245.13   228.52 238.86
2021-05-13   228.87 239.24   228.85 239.21     6.36  16.72   228.30 238.67   233.89 244.25   227.62 237.99
2021-05-14   227.98 238.36   227.95 238.33     5.47  15.84   227.41 237.79   233.00 243.37   226.73 237.10
2021-05-15   227.08 237.47   227.06 237.45     4.57  14.96   226.51 236.90   232.10 242.49   225.83 236.22
2021-05-16   226.18 236.59   226.16 236.56     3.67  14.08   225.61 236.02   231.20 241.60   224.93 235.34
2021-05-17   225.28 235.70   225.26 235.67     2.77  13.19   224.71 235.13   230.30 240.72   224.03 234.45
2021-05-18   224.38 234.81   224.35 234.79     1.87  12.30   223.81 234.24   229.39 239.83   223.13 233.56
2021-05-19   223.47 233.92   223.45 233.89     0.96  11.41   222.90 233.35   228.49 238.94   222.22 232.67
2021-05-20   222.56 233.03   222.54 233.00     0.05  10.51   221.99 232.46   227.58 238.04   221.31 231.78
2021-05-21   221.65 232.13   221.62 232.10   359.14   9.62   221.08 231.56   226.67 237.15   220.40 230.88
2021-05-22   220.73 231.23   220.71 231.20   358.22   8.72   220.16 230.66   225.75 236.25   219.48 229.98
2021-05-23   219.82 230.33   219.79 230.30   357.30   7.82   219.25 229.76   224.83 235.35   218.57 229.08
2021-05-24   218.89 229.43   218.87 229.40   356.38   6.91   218.32 228.86   223.91 234.44   217.64 228.17
2021-05-25   217.97 228.52   217.94 228.49   355.46   6.01   217.40 227.95   222.99 233.53   216.72 227.27
2021-05-26   217.04 227.61   217.02 227.58   354.53   5.10   216.47 227.04   222.06 232.62   215.79 226.36
2021-05-27   216.11 226.70   216.08 226.67   353.60   4.18   215.54 226.13   221.13 231.71   214.86 225.44
2021-05-28   215.18 225.78   215.15 225.75   352.66   3.27   214.61 225.21   220.19 230.80   213.93 224.53
2021-05-29   214.24 224.86   214.21 224.83   351.73   2.35   213.67 224.29   219.25 229.88   212.99 223.61
2021-05-30   213.30 223.94   213.27 223.91   350.78   1.43   212.73 223.37   218.31 228.95   212.05 222.69
2021-05-31   212.35 223.01   212.33 222.99   349.84   0.50   211.78 222.44   217.37 228.03   211.10 221.76
2021-06-01   211.40 222.08   211.38 222.06   348.89 359.57   210.83 221.51   216.42 227.10   210.15 220.83
2021-06-02   210.45 221.15   210.43 221.13   347.94 358.64   209.88 220.58   215.47 226.17   209.20 219.90
2021-06-03   209.50 220.22   209.47 220.19   346.98 357.70   208.93 219.65   214.51 225.23   208.25 218.97
2021-06-04   208.54 219.28   208.51 219.25   346.03 356.77   207.97 218.71   213.55 224.29   207.29 218.03
2021-06-05   207.58 218.34   207.55 218.31   345.06 355.82   207.01 217.77   212.59 223.35   206.32 217.08
2021-06-06   206.61 217.39   206.58 217.36   344.10 354.88   206.04 216.82   211.62 222.40   205.36 216.14
2021-06-07   205.64 216.44   205.61 216.41   343.13 353.93   205.07 215.87   210.65 221.45   204.39 215.19
2021-06-08   204.67 215.49   204.64 215.46   342.15 352.97   204.10 214.92   209.68 220.50   203.41 214.24
2021-06-09   203.69 214.53   203.66 214.50   341.18 352.02   203.12 213.96   208.70 219.54   202.44 213.28
2021-06-10   202.71 213.57   202.68 213.54   340.19 351.06   202.14 213.00   207.72 218.58   201.46 212.32
2021-06-11   201.72 212.60   201.69 212.58   339.21 350.09   201.15 212.03   206.74 217.62   200.47 211.35
2021-06-12   200.73 211.63   200.71 211.61   338.22 349.12   200.16 211.06   205.75 216.65   199.48 210.38
2021-06-13   199.74 210.66   199.71 210.64   337.23 348.15   199.17 210.09   204.76 215.68   198.49 209.41
2021-06-14   198.74 209.69   198.72 209.66   336.23 347.17   198.17 209.12   203.76 214.70   197.49 208.44
2021-06-15   197.74 208.71   197.72 208.68   335.23 346.19   197.17 208.14   202.76 213.72   196.49 207.46
2021-06-16   196.74 207.72   196.71 207.70   334.23 345.21   196.17 207.15   201.76 212.74   195.49 206.47
2021-06-17   195.73 206.74   195.71 206.71   333.22 344.22   195.16 206.17   200.75 211.75   194.48 205.49
2021-06-18   194.72 205.74   194.70 205.72   332.21 343.23   194.15 205.17   199.74 210.76   193.47 204.49
2021-06-19   193.71 204.75   193.68 204.72   331.19 342.24   193.14 204.18   198.72 209.76   192.46 203.50
2021-06-20   192.69 203.75   192.66 203.72   330.18 341.24   192.12 203.18   197.70 208.77   191.44 202.50
2021-06-21   191.67 202.75   191.64 202.72   329.15 340.24   191.10 202.18   196.68 207.76   190.42 201.50
2021-06-22   190.64 201.74   190.62 201.71   328.13 339.23   190.07 201.17   195.66 206.76   189.39 200.49
2021-06-23   189.61 200.73   189.59 200.70   327.10 338.22   189.04 200.16   194.63 205.75   188.36 199.48
2021-06-24   188.58 199.72   188.56 199.69   326.07 337.20   188.01 199.15   193.60 204.73   187.33 198.47
2021-06-25   187.55 198.70   187.52 198.67   325.03 336.19   186.98 198.13   192.56 203.72   186.30 197.45
2021-06-26   186.51 197.68   186.48 197.65   324.00 335.17   185.94 197.11   191.52 202.69   185.26 196.43
2021-06-27   185.47 196.65   185.44 196.63   322.95 334.14   184.90 196.08   190.48 201.67   184.22 195.40
2021-06-28   184.42 195.63   184.40 195.60   321.91 333.11   183.85 195.06   189.44 200.64   183.17 194.38
2021-06-29   183.38 194.60   183.35 194.57   320.86 332.08   182.81 194.03   188.39 199.61   182.12 193.34
2021-06-30   182.33 193.56   182.30 193.53   319.81 331.05   181.76 192.99   187.34 198.58   181.07 192.31
2021-07-01   181.27 192.52   181.25 192.50   318.76 330.01   180.70 191.95   186.29 197.54   180.02 191.27
2021-07-02   180.22 191.48   180.19 191.45   317.70 328.97   179.65 190.91   185.23 196.50   178.97 190.23
2021-07-03   179.16 190.44   179.13 190.41   316.65 327.92   178.59 189.87   184.17 195.45   177.91 189.19
2021-07-04   178.10 189.39   178.07 189.36   315.59 326.88   177.53 188.82   183.11 194.41   176.85 188.14
2021-07-05   177.04 188.34   177.01 188.31   314.52 325.83   176.47 187.77   182.05 193.36   175.79 187.09
2021-07-06   175.97 187.29   175.95 187.26   313.46 324.77   175.40 186.72   180.99 192.30   174.72 186.04
2021-07-07   174.91 186.23   174.88 186.21   312.39 323.72   174.34 185.66   179.92 191.25   173.65 184.98
2021-07-08   173.84 185.17   173.81 185.15   311.32 322.66   173.27 184.60   178.85 190.19   172.59 183.92
2021-07-09   172.77 184.11   172.74 184.09   310.25 321.60   172.20 183.54   177.78 189.13   171.52 182.86
2021-07-10   171.70 183.05   171.67 183.03   309.18 320.54   171.13 182.48   176.71 188.07   170.45 181.80
2021-07-11   170.62 181.99   170.60 181.96   308.11 319.47   170.05 181.42   175.64 187.00   169.37 180.74
2021-07-12   169.55 180.92   169.52 180.89   307.04 318.41   168.98 180.35   174.56 185.94   168.30 179.67
2021-07-13   168.47 179.85   168.45 179.83   305.96 317.34   167.90 179.28   173.49 184.87   167.22 178.60
2021-07-14   167.40 178.78   167.37 178.76   304.89 316.27   166.83 178.21   172.41 183.80   166.15 177.53
2021-07-15   166.32 177.71   166.29 177.68   303.81 315.20   165.75 177.14   171.34 182.73   165.07 176.46
2021-07-16   165.24 176.64   165.22 176.61   302.73 314.13   164.67 176.07   170.26 181.65   163.99 175.39
2021-07-17   164.17 175.56   164.14 175.54   301.65 313.05   163.60 174.99   169.18 180.58   162.91 174.31
2021-07-18   163.09 174.49   163.06 174.46   300.58 311.98   162.52 173.92   168.10 179.50   161.84 173.24
2021-07-19   162.01 173.41   161.98 173.39   299.50 310.90   161.44 172.84   167.02 178.43   160.76 172.16
2021-07-20   160.93 172.34   160.91 172.31   298.42 309.82   160.36 171.77   165.95 177.35   159.68 171.09
2021-07-21   159.85 171.26   159.83 171.23   297.34 308.75   159.28 170.69   164.87 176.27   158.60 170.01
2021-07-22   158.78 170.18   158.75 170.15   296.26 307.67   158.21 169.61   163.79 175.20   157.53 168.93
2021-07-23   157.70 169.10   157.67 169.08   295.19 306.59   157.13 168.53   162.71 174.12   156.45 167.85
2021-07-24   156.62 168.03   156.60 168.00   294.11 305.51   156.05 167.46   161.64 173.04   155.37 166.77
2021-07-25   155.55 166.95   155.52 166.92   293.04 304.43   154.98 166.38   160.56 171.96   154.30 165.70
2021-07-26   154.47 165.87   154.45 165.84   291.96 303.36   153.90 165.30   159.49 170.88   153.22 164.62
2021-07-27   153.40 164.79   153.37 164.77   290.89 302.28   152.83 164.22   158.42 169.81   152.15 163.54
2021-07-28   152.33 163.71   152.30 163.69   289.82 301.20   151.76 163.14   157.34 168.73   151.08 162.46
2021-07-29   151.26 162.64   151.23 162.61   288.75 300.13   150.69 162.07   156.27 167.65   150.01 161.39
2021-07-30   150.19 161.56   150.16 161.54   287.68 299.05   149.62 160.99   155.21 166.58   148.94 160.31
2021-07-31   149.12 160.49   149.10 160.46   286.61 297.98   148.55 159.92   154.14 165.50   147.87 159.24
2021-08-01   148.06 159.42   148.03 159.39   285.55 296.90   147.49 158.85   153.07 164.43   146.81 158.16
2021-08-02   147.00 158.34   146.97 158.32   284.48 295.83   146.43 157.77   152.01 163.36   145.74 157.09
2021-08-03   145.93 157.27   145.91 157.25   283.42 294.76   145.36 156.70   150.95 162.29   144.68 156.02
2021-08-04   144.88 156.20   144.85 156.18   282.36 293.69   144.31 155.63   149.89 161.22   143.63 154.95
2021-08-05   143.82 155.14   143.79 155.11   281.31 292.62   143.25 154.57   148.84 160.15   142.57 153.89
2021-08-06   142.77 154.07   142.74 154.04   280.25 291.56   142.20 153.50   147.78 159.09   141.52 152.82
2021-08-07   141.71 153.01   141.69 152.98   279.20 290.49   141.14 152.44   146.73 158.02   140.46 151.76
2021-08-08   140.67 151.95   140.64 151.92   278.15 289.43   140.10 151.38   145.68 156.96   139.42 150.70
2021-08-09   139.62 150.89   139.59 150.86   277.11 288.37   139.05 150.32   144.64 155.90   138.37 149.64
2021-08-10   138.58 149.83   138.55 149.80   276.07 287.32   138.01 149.26   143.59 154.85   137.33 148.58
2021-08-11   137.54 148.78   137.51 148.75   275.03 286.26   136.97 148.21   142.55 153.79   136.29 147.52
2021-08-12   136.50 147.72   136.47 147.70   273.99 285.21   135.93 147.15   141.52 152.74   135.25 146.47
2021-08-13   135.47 146.67   135.44 146.65   272.96 284.16   134.90 146.10   140.48 151.69   134.22 145.42
2021-08-14   134.44 145.63   134.41 145.60   271.92 283.11   133.87 145.06   139.45 150.64   133.19 144.38
2021-08-15   133.41 144.58   133.38 144.56   270.90 282.07   132.84 144.01   138.43 149.60   132.16 143.33
2021-08-16   132.39 143.54   132.36 143.52   269.87 281.03   131.82 142.97   137.40 148.56   131.14 142.29
2021-08-17   131.37 142.50   131.34 142.48   268.85 279.99   130.80 141.93   136.38 147.52   130.11 141.25
2021-08-18   130.35 141.47   130.32 141.44   267.84 278.96   129.78 140.90   135.36 146.48   129.10 140.22
2021-08-19   129.33 140.44   129.31 140.41   266.82 277.92   128.76 139.87   134.35 145.45   128.08 139.19
2021-08-20   128.32 139.41   128.30 139.38   265.81 276.90   127.75 138.84   133.34 144.42   127.07 138.16
2021-08-21   127.32 138.38   127.29 138.36   264.80 275.87   126.75 137.81   132.33 143.40   126.07 137.13
2021-08-22   126.31 137.36   126.29 137.33   263.80 274.85   125.74 136.79   131.33 142.38   125.06 136.11
2021-08-23   125.31 136.34   125.29 136.31   262.80 273.83   124.74 135.77   130.33 141.36   124.06 135.09
2021-08-24   124.32 135.33   124.29 135.30   261.81 272.81   123.75 134.76   129.33 140.34   123.07 134.07
2021-08-25   123.33 134.31   123.30 134.29   260.81 271.80   122.76 133.74   128.34 139.33   122.08 133.06
2021-08-26   122.34 133.30   122.31 133.28   259.82 270.79   121.77 132.73   127.35 138.32   121.09 132.05
2021-08-27   121.35 132.30   121.33 132.27   258.84 269.79   120.78 131.73   126.37 137.31   120.10 131.05
2021-08-28   120.37 131.30   120.34 131.27   257.86 268.78   119.80 130.73   125.38 136.31   119.12 130.05
2021-08-29   119.39 130.30   119.36 130.27   256.88 267.79   118.82 129.73   124.41 135.31   118.14 129.05
2021-08-30   118.42 129.30   118.39 129.28   255.90 266.79   117.85 128.73   123.43 134.32   117.17 128.05
2021-08-31   117.45 128.31   117.42 128.28   254.93 265.80   116.88 127.74   122.46 133.33   116.19 127.06
2021-09-01   116.48 127.32   116.45 127.30   253.97 264.81   115.91 126.75   121.49 132.34   115.23 126.07
2021-09-02   115.51 126.34   115.49 126.31   253.00 263.83   114.94 125.77   120.53 131.35   114.26 125.09
2021-09-03   114.55 125.36   114.53 125.33   252.04 262.84   113.98 124.79   119.57 130.37   113.30 124.11
2021-09-04   113.60 124.38   113.57 124.35   251.08 261.87   113.03 123.81   118.61 129.40   112.35 123.13
2021-09-05   112.64 123.41   112.62 123.38   250.13 260.89   112.07 122.84   117.66 128.42   111.39 122.16
2021-09-06   111.69 122.44   111.67 122.41   249.18 259.92   111.12 121.87   116.71 127.45   110.44 121.18
2021-09-07   110.74 121.47   110.72 121.44   248.23 258.96   110.17 120.90   115.76 126.48   109.49 120.22
2021-09-08   109.80 120.50   109.77 120.48   247.29 257.99   109.23 119.93   114.82 125.52   108.55 119.25
2021-09-09   108.86 119.54   108.83 119.52   246.35 257.03   108.29 118.97   113.88 124.56   107.61 118.29
2021-09-10   107.92 118.59   107.90 118.56   245.41 256.07   107.35 118.02   112.94 123.60   106.67 117.34
2021-09-11   106.99 117.63   106.96 117.61   244.48 255.12   106.42 117.06   112.00 122.65   105.74 116.38
2021-09-12   106.06 116.68   106.03 116.66   243.54 254.17   105.49 116.11   111.07 121.70   104.81 115.43
2021-09-13   105.13 115.74   105.10 115.71   242.62 253.22   104.56 115.17   110.14 120.75   103.88 114.48
2021-09-14   104.20 114.79   104.18 114.76   241.69 252.28   103.63 114.22   109.22 119.81   102.95 113.54
2021-09-15   103.28 113.85   103.25 113.82   240.77 251.34   102.71 113.28   108.30 118.86   102.03 112.60
2021-09-16   102.36 112.91   102.33 112.89   239.85 250.40   101.79 112.34   107.38 117.93   101.11 111.66
2021-09-17   101.44 111.98   101.42 111.95   238.93 249.46   100.87 111.41   106.46 116.99   100.19 110.73
2021-09-18   100.53 111.04   100.50 111.02   238.02 248.53    99.96 110.47   105.54 116.06    99.28 109.79
2021-09-19    99.62 110.12    99.59 110.09   237.10 247.60    99.05 109.55   104.63 115.13    98.36 108.86
2021-09-20    98.71 109.19    98.68 109.16   236.19 246.68    98.14 108.62   103.72 114.20    97.46 107.94
2021-09-21    97.80 108.27    97.77 108.24   235.29 245.75    97.23 107.70   102.81 113.28    96.55 107.01
2021-09-22    96.89 107.34    96.87 107.32   234.38 244.83    96.32 106.77   101.91 112.36    95.64 106.09
2021-09-23    95.99 106.43    95.96 106.40   233.48 243.91    95.42 105.86   101.01 111.44    94.74 105.17
2021-09-24    95.09 105.51    95.06 105.48   232.58 243.00    94.52 104.94   100.10 110.52    93.84 104.26
2021-09-25    94.19 104.60    94.16 104.57   231.68 242.08    93.62 104.03    99.21 109.61    92.94 103.35
2021-09-26    93.29 103.68    93.27 103.66   230.78 241.17    92.72 103.11    98.31 108.70    92.04 102.43
2021-09-27    92.40 102.78    92.37 102.75   229.89 240.26    91.83 102.21    97.41 107.79    91.15 101.53
2021-09-28    91.51 101.87    91.48 101.84   228.99 239.36    90.94 101.30    96.52 106.88    90.25 100.62
2021-09-29    90.61 100.96    90.59 100.94   228.10 238.45    90.04 100.39    95.63 105.98    89.36  99.71
2021-09-30    89.72 100.06    89.70 100.04   227.21 237.55    89.15  99.49    94.74 105.08    88.47  98.81
2021-10-01    88.83  99.16    88.81  99.13   226.32 236.65    88.26  98.59    93.85 104.18    87.58  97.91
2021-10-02    87.95  98.26    87.92  98.24   225.43 235.75    87.38  97.69    92.96 103.28    86.70  97.01
2021-10-03    87.06  97.37    87.03  97.34   224.55 234.85    86.49  96.80    92.08 102.38    85.81  96.11
2021-10-04    86.18  96.47    86.15  96.44   223.66 233.96    85.61  95.90    91.19 101.48    84.93  95.22
2021-10-05    85.29  95.58    85.27  95.55   222.78 233.06    84.72  95.01    90.31 100.59    84.04  94.32
2021-10-06    84.41  94.68    84.38  94.66   221.90 232.17    83.84  94.11    89.42  99.70    83.16  93.43
2021-10-07    83.53  93.79    83.50  93.77   221.01 231.28    82.96  93.22    88.54  98.81    82.28  92.54
2021-10-08    82.65  92.90    82.62  92.88   220.13 230.39    82.08  92.33    87.66  97.92    81.39  91.65
2021-10-09    81.76  92.01    81.74  91.99   219.25 229.50    81.19  91.44    86.78  97.03    80.51  90.76
2021-10-10    80.88  91.13    80.86  91.10   218.37 228.61    80.31  90.56    85.90  96.14    79.63  89.87
2021-10-11    80.00  90.24    79.98  90.21   217.49 227.73    79.43  89.67    85.02  95.25    78.75  88.99
2021-10-12    79.12  89.35    79.10  89.33   216.61 226.84    78.55  88.78    84.14  94.37    77.87  88.10
2021-10-13    78.24  88.47    78.22  88.44   215.73 225.96    77.67  87.90    83.26  93.48    76.99  87.22
2021-10-14    77.36  87.58    77.34  87.56   214.85 225.07    76.79  87.01    82.38  92.60    76.11  86.33
2021-10-15    76.48  86.70    76.46  86.67   213.97 224.19    75.91  86.13    81.50  91.71    75.23  85.45
2021-10-16    75.61  85.82    75.58  85.79   213.09 223.30    75.04  85.25    80.62  90.83    74.35  84.56
2021-10-17    74.73  84.93    74.70  84.91   212.21 222.42    74.16  84.36    79.74  89.95    73.47  83.68
2021-10-18    73.84  84.05    73.82  84.02   211.33 221.54    73.27  83.48    78.86  89.06    72.59  82.80
2021-10-19    72.96  83.17    72.94  83.14   210.45 220.65    72.39  82.60    77.98  88.18    71.71  81.92
2021-10-20    72.08  82.28    72.06  82.26   209.57 219.77    71.51  81.71    77.10  87.30    70.83  81.03
2021-10-21    71.20  81.40    71.17  81.37   208.69 218.89    70.63  80.83    76.22  86.42    69.95  80.15
2021-10-22    70.32  80.52    70.29  80.49   207.80 218.00    69.75  79.95    75.33  85.53    69.07  79.27
2021-10-23    69.43  79.63    69.41  79.61   206.92 217.12    68.86  79.06    74.45  84.65    68.18  78.38
2021-10-24    68.55  78.75    68.52  78.72   206.04 216.24    67.98  78.18    73.56  83.76    67.30  77.50
2021-10-25    67.66  77.86    67.64  77.84   205.15 215.35    67.09  77.29    72.68  82.88    66.41  76.61
2021-10-26    66.77  76.98    66.75  76.95   204.26 214.47    66.20  76.41    71.79  81.99    65.52  75.73
2021-10-27    65.89  76.09    65.86  76.07   203.37 213.58    65.32  75.52    70.90  81.11    64.63  74.84
2021-10-28    65.11  75.09    65.08  75.07   202.60 212.58    64.54  74.52    70.12  80.11    63.86  73.84
2021-10-29    64.49  73.93    64.47  73.90   201.98 211.42    63.92  73.36    69.51  78.94    63.24  72.68
2021-10-30    63.88  72.76    63.85  72.74   201.36 210.25    63.31  72.19    68.89  77.78    62.62  71.51
2021-10-31    63.26  71.60    63.23  71.57   200.74 209.09    62.69  71.03    68.27  76.61    62.00  70.35
2021-11-01    62.63  70.43    62.61  70.41   200.12 207.92    62.06  69.86    67.65  75.45    61.38  69.18
2021-11-02    62.01  69.26    61.98  69.24   199.50 206.75    61.44  68.69    67.02  74.28    60.76  68.01

2022-04-08   261.20 268.43   261.17 268.40    38.68  45.91   260.63 267.86   266.21 273.44   259.95 267.17
2022-04-09   260.05 267.82   260.02 267.79    37.54  45.30   259.48 267.25   265.07 272.83   258.80 266.57
2022-04-10   258.91 267.21   258.88 267.18    36.39  44.70   258.34 266.64   263.92 272.23   257.66 265.96
2022-04-11   257.76 266.61   257.74 266.58    35.25  44.09   257.19 266.04   262.78 271.62   256.51 265.35
2022-04-12   256.62 266.00   256.59 265.98    34.11  43.49   256.05 265.43   261.63 271.02   255.37 264.75
2022-04-13   255.48 265.40   255.45 265.37    32.96  42.89   254.91 264.83   260.49 270.42   254.23 264.15
2022-04-14   254.46 264.67   254.44 264.65    31.95  42.16   253.89 264.10   259.48 269.69   253.21 263.42
2022-04-15   253.60 263.80   253.57 263.77    31.08  41.29   253.03 263.23   258.61 268.82   252.35 262.55
2022-04-16   252.73 262.93   252.70 262.90    30.22  40.42   252.16 262.36   257.74 267.95   251.48 261.68
2022-04-17   251.86 262.06   251.83 262.04    29.35  39.55   251.29 261.49   256.88 267.08   250.61 260.81
2022-04-18   250.99 261.19   250.97 261.17    28.48  38.68   250.42 260.62   256.01 266.21   249.74 259.94
2022-04-19   250.13 260.33   250.10 260.30    27.61  37.81   249.56 259.76   255.14 265.34   248.88 259.08
2022-04-20   249.26 259.46   249.23 259.43    26.75  36.95   248.69 258.89   254.28 264.48   248.01 258.21
2022-04-21   248.39 258.60   248.37 258.57    25.88  36.08   247.82 258.03   253.41 263.61   247.14 257.34
2022-04-22   247.53 257.73   247.50 257.70    25.02  35.22   246.96 257.16   252.54 262.75   246.28 256.48
2022-04-23   246.66 256.87   246.63 256.84    24.15  34.35   246.09 256.30   251.68 261.88   245.41 255.61
2022-04-24   245.79 256.00   245.77 255.97    23.28  33.49   245.22 255.43   250.81 261.02   244.54 254.75
2022-04-25   244.93 255.14   244.90 255.11    22.41  32.62   244.36 254.57   249.94 260.15   243.68 253.89
2022-04-26   244.06 254.27   244.03 254.25    21.55  31.76   243.49 253.70   249.07 259.29   242.81 253.02
2022-04-27   243.19 253.41   243.16 253.38    20.68  30.89   242.62 252.84   248.21 258.42   241.94 252.16
2022-04-28   242.32 252.54   242.29 252.52    19.81  30.03   241.75 251.97   247.34 257.56   241.07 251.29
2022-04-29   241.45 251.68   241.42 251.65    18.94  29.17   240.88 251.11   246.47 256.69   240.20 250.43
2022-04-30   240.58 250.81   240.55 250.79    18.07  28.30   240.01 250.24   245.59 255.83   239.33 249.56
2022-05-01   239.71 249.95   239.68 249.92    17.19  27.43   239.14 249.38   244.72 254.96   238.46 248.70
2022-05-02   238.83 249.08   238.81 249.05    16.32  26.57   238.26 248.51   243.85 254.10   237.58 247.83
2022-05-03   237.96 248.21   237.93 248.19    15.45  25.70   237.39 247.64   242.97 253.23   236.71 246.96
2022-05-04   237.08 247.35   237.06 247.32    14.57  24.83   236.51 246.78   242.10 252.36   235.83 246.09
2022-05-05   236.21 246.48   236.18 246.45    13.69  23.96   235.64 245.91   241.22 251.49   234.95 245.23
2022-05-06   235.33 245.61   235.30 245.58    12.81  23.09   234.76 245.04   240.34 250.62   234.08 244.36
2022-05-07   234.45 244.74   234.42 244.71    11.93  22.22   233.88 244.17   239.46 249.75   233.19 243.48
2022-05-08   233.56 243.86   233.54 243.84    11.05  21.35   232.99 243.29   238.58 248.88   232.31 242.61
2022-05-09   232.68 242.99   232.65 242.96    10.17  20.48   232.11 242.42   237.69 248.01   231.43 241.74
2022-05-10   231.79 242.11   231.77 242.09     9.28  19.60   231.22 241.54   236.81 247.13   230.54 240.86
2022-05-11   230.90 241.24   230.88 241.21     8.39  18.73   230.33 240.67   235.92 246.25   229.65 239.99
2022-05-12   230.01 240.36   229.99 240.33     7.50  17.85   229.44 239.79   235.03 245.38   228.76 239.11
2022-05-13   229.12 239.48   229.10 239.45     6.61  16.97   228.55 238.91   234.14 244.50   227.87 238.23
2022-05-14   228.23 238.60   228.20 238.57     5.71  16.09   227.66 238.03   233.24 243.61   226.98 237.35
2022-05-15   227.33 237.72   227.30 237.69     4.82  15.20   226.76 237.15   232.34 242.73   226.08 236.46
2022-05-16   226.43 236.83   226.40 236.80     3.92  14.32   225.86 236.26   231.45 241.84   225.18 235.58
2022-05-17   225.53 235.94   225.50 235.92     3.01  13.43   224.96 235.37   230.54 240.96   224.28 234.69
2022-05-18   224.62 235.05   224.60 235.03     2.11  12.54   224.05 234.48   229.64 240.07   223.37 233.80
2022-05-19   223.71 234.16   223.69 234.13     1.20  11.65   223.14 233.59   228.73 239.17   222.46 232.91
2022-05-20   222.80 233.26   222.78 233.24     0.29  10.75   222.23 232.69   227.82 238.28   221.55 232.01
2022-05-21   221.89 232.37   221.86 232.34   359.38   9.86   221.32 231.80   226.91 237.38   220.64 231.12
2022-05-22   220.97 231.47   220.95 231.44   358.46   8.96   220.40 230.90   225.99 236.48   219.72 230.22
2022-05-23   220.06 230.57   220.03 230.54   357.54   8.05   219.49 230.00   225.07 235.58   218.80 229.31
2022-05-24   219.13 229.66   219.11 229.63   356.62   7.15   218.56 229.09   224.15 234.68   217.88 228.41
2022-05-25   218.21 228.75   218.18 228.73   355.70   6.24   217.64 228.18   223.22 233.77   216.96 227.50
2022-05-26   217.28 227.84   217.25 227.82   354.77   5.33   216.71 227.27   222.29 232.86   216.03 226.59
2022-05-27   216.35 226.93   216.32 226.90   353.83   4.42   215.78 226.36   221.36 231.94   215.10 225.68
2022-05-28   215.41 226.01   215.39 225.98   352.90   3.50   214.84 225.44   220.43 231.03   214.16 224.76
2022-05-29   214.47 225.09   214.45 225.06   351.96   2.58   213.90 224.52   219.49 230.11   213.22 223.84
2022-05-30   213.53 224.17   213.50 224.14   351.02   1.66   212.96 223.60   218.55 229.18   212.28 222.92
2022-05-31   212.59 223.24   212.56 223.22   350.07   0.73   212.02 222.67   217.60 228.26   211.33 221.99
2022-06-01   211.64 222.31   211.61 222.29   349.12 359.80   211.07 221.74   216.65 227.33   210.39 221.06
2022-06-02   210.68 221.38   210.66 221.35   348.17 358.87   210.11 220.81   215.70 226.39   209.43 220.13
2022-06-03   209.73 220.44   209.70 220.42   347.21 357.93   209.16 219.87   214.74 225.46   208.48 219.19
2022-06-04   208.77 219.50   208.74 219.48   346.25 356.99   208.20 218.93   213.78 224.52   207.52 218.25
2022-06-05   207.80 218.56   207.78 218.53   345.29 356.05   207.23 217.99   212.82 223.57   206.55 217.31
2022-06-06   206.84 217.61   206.81 217.59   344.32 355.10   206.27 217.04   211.85 222.63   205.59 216.36
2022-06-07   205.86 216.66   205.84 216.64   343.35 354.15   205.29 216.09   210.88 221.68   204.61 215.41
2022-06-08   204.89 215.71   204.86 215.68   342.38 353.19   204.32 215.14   209.91 220.72   203.64 214.46
2022-06-09   203.91 214.75   203.89 214.72   341.40 352.24   203.34 214.18   208.93 219.76   202.66 213.50
2022-06-10   202.93 213.79   202.90 213.76   340.42 351.27   202.36 213.22   207.94 218.80   201.68 212.54
2022-06-11   201.94 212.82   201.92 212.80   339.43 350.31   201.37 212.25   206.96 217.84   200.69 211.57
2022-06-12   200.95 211.85   200.93 211.83   338.44 349.34   200.38 211.28   205.97 216.87   199.70 210.60
2022-06-13   199.96 210.88   199.93 210.85   337.45 348.37   199.39 210.31   204.98 215.89   198.71 209.63
2022-06-14   198.96 209.90   198.94 209.88   336.45 347.39   198.39 209.33   203.98 214.92   197.71 208.65
2022-06-15   197.96 208.92   197.94 208.90   335.45 346.41   197.39 208.35   202.98 213.94   196.71 207.67
2022-06-16   196.96 207.94   196.93 207.91   334.44 345.42   196.39 207.37   201.97 212.95   195.71 206.69
2022-06-17   195.95 206.95   195.92 206.92   333.44 344.44   195.38 206.38   200.96 211.96   194.70 205.70
2022-06-18   194.94 205.96   194.91 205.93   332.42 343.44   194.37 205.39   199.95 210.97   193.69 204.71
2022-06-19   193.92 204.96   193.89 204.93   331.41 342.45   193.35 204.39   198.94 209.98   192.67 203.71
2022-06-20   192.90 203.96   192.88 203.93   330.39 341.45   192.33 203.39   197.92 208.98   191.65 202.71
2022-06-21   191.88 202.96   191.85 202.93   329.37 340.45   191.31 202.39   196.89 207.97   190.63 201.71
2022-06-22   190.85 201.95   190.83 201.92   328.34 339.44   190.28 201.38   195.87 206.97   189.60 200.70
2022-06-23   189.82 200.94   189.80 200.91   327.31 338.43   189.25 200.37   194.84 205.95   188.57 199.69
2022-06-24   188.79 199.93   188.77 199.90   326.28 337.41   188.22 199.36   193.81 204.94   187.54 198.67
2022-06-25   187.76 198.91   187.73 198.88   325.24 336.39   187.19 198.34   192.77 203.92   186.51 197.66
2022-06-26   186.72 197.89   186.69 197.86   324.20 335.37   186.15 197.32   191.73 202.90   185.47 196.63
2022-06-27   185.68 196.86   185.65 196.83   323.16 334.35   185.11 196.29   190.69 201.88   184.42 195.61
2022-06-28   184.63 195.83   184.60 195.81   322.12 333.32   184.06 195.26   189.65 200.85   183.38 194.58
2022-06-29   183.58 194.80   183.56 194.77   321.07 332.29   183.01 194.23   188.60 199.82   182.33 193.55
2022-06-30   182.53 193.76   182.51 193.74   320.02 331.25   181.96 193.19   187.55 198.78   181.28 192.51
2022-07-01   181.48 192.73   181.45 192.70   318.97 330.21   180.91 192.16   186.49 197.74   180.23 191.48
2022-07-02   180.42 191.69   180.40 191.66   317.91 329.17   179.85 191.12   185.44 196.70   179.17 190.43
2022-07-03   179.36 190.64   179.34 190.61   316.85 328.13   178.79 190.07   184.38 195.66   178.11 189.39
2022-07-04   178.30 189.59   178.28 189.57   315.79 327.08   177.73 189.02   183.32 194.61   177.05 188.34
2022-07-05   177.24 188.54   177.22 188.52   314.73 326.03   176.67 187.97   182.26 193.56   175.99 187.29
2022-07-06   176.18 187.49   176.15 187.46   313.66 324.98   175.61 186.92   181.19 192.51   174.93 186.24
2022-07-07   175.11 186.44   175.08 186.41   312.60 323.92   174.54 185.87   180.13 191.45   173.86 185.19
2022-07-08   174.04 185.38   174.02 185.35   311.53 322.87   173.47 184.81   179.06 190.39   172.79 184.13
2022-07-09   172.97 184.32   172.95 184.29   310.46 321.81   172.40 183.75   177.99 189.33   171.72 183.07
2022-07-10   171.90 183.26   171.88 183.23   309.39 320.74   171.33 182.69   176.92 188.27   170.65 182.01
2022-07-11   170.83 182.19   170.80 182.17   308.32 319.68   170.26 181.62   175.84 187.21   169.58 180.94
2022-07-12   169.76 181.13   169.73 181.10   307.24 318.61   169.19 180.56   174.77 186.14   168.51 179.88
2022-07-13   168.68 180.06   168.65 180.03   306.17 317.55   168.11 179.49   173.70 185.07   167.43 178.81
2022-07-14   167.61 178.99   167.58 178.96   305.09 316.48   167.04 178.42   172.62 184.00   166.36 177.74
2022-07-15   166.53 177.92   166.50 177.89   304.02 315.41   165.96 177.35   171.55 182.93   165.28 176.67
2022-07-16   165.45 176.85   165.43 176.82   302.94 314.33   164.88 176.28   170.47 181.86   164.20 175.60
2022-07-17   164.38 175.77   164.35 175.75   301.86 313.26   163.81 175.20   169.39 180.79   163.13 174.52
2022-07-18   163.30 174.70   163.27 174.67   300.79 312.19   162.73 174.13   168.31 179.72   162.05 173.45
2022-07-19   162.22 173.63   162.20 173.60   299.71 311.11   161.65 173.06   167.24 178.64   160.97 172.37
2022-07-20   161.15 172.55   161.12 172.52   298.63 310.04   160.58 171.98   166.16 177.56   159.89 171.30
2022-07-21   160.07 171.47   160.04 171.45   297.56 308.96   159.50 170.90   165.08 176.49   158.82 170.22
2022-07-22   158.99 170.40   158.97 170.37   296.48 307.88   158.42 169.83   164.01 175.41   157.74 169.15
2022-07-23   157.92 169.32   157.89 169.29   295.40 306.81   157.35 168.75   162.93 174.34   156.67 168.07
2022-07-24   156.84 168.24   156.82 168.22   294.33 305.73   156.27 167.67   161.86 173.26   155.59 166.99
2022-07-25   155.77 167.17   155.74 167.14   293.26 304.65   155.20 166.60   160.78 172.18   154.52 165.92
2022-07-26   154.70 166.09   154.67 166.06   292.18 303.58   154.13 165.52   159.71 171.11   153.44 164.84
2022-07-27   153.62 165.01   153.60 164.99   291.11 302.50   153.05 164.44   158.64 170.03   152.37 163.76
2022-07-28   152.55 163.94   152.53 163.91   290.04 301.43   151.98 163.37   157.57 168.95   151.30 162.69
2022-07-29   151.49 162.86   151.46 162.84   288.97 300.35   150.92 162.29   156.50 167.88   150.23 161.61
2022-07-30   150.42 161.79   150.39 161.76   287.91 299.28   149.85 161.22   155.43 166.81   149.17 160.54
2022-07-31   149.35 160.72   149.33 160.69   286.84 298.21   148.78 160.15   154.37 165.73   148.10 159.47
2022-08-01   148.29 159.65   148.26 159.62   285.78 297.13   147.72 159.08   153.30 164.66   147.04 158.40
2022-08-02   147.23 158.58   147.20 158.55   284.72 296.06   146.66 158.01   152.24 163.59   145.98 157.33
2022-08-03   146.17 157.51   146.14 157.48   283.66 294.99   145.60 156.94   151.18 162.52   144.92 156.26
2022-08-04   145.11 156.44   145.08 156.41   282.60 293.93   144.54 155.87   150.13 161.46   143.86 155.19
2022-08-05   144.06 155.37   144.03 155.35   281.54 292.86   143.49 154.80   149.07 160.39   142.81 154.12
2022-08-06   143.00 154.31   142.98 154.28   280.49 291.80   142.43 153.74   148.02 159.33   141.75 153.06
2022-08-07   141.95 153.25   141.93 153.22   279.44 290.74   141.38 152.68   146.97 158.26   140.70 152.00
2022-08-08   140.91 152.19   140.88 152.16   278.40 289.68   140.34 151.62   145.92 157.20   139.66 150.94
2022-08-09   139.86 151.13   139.84 151.10   277.35 288.62   139.29 150.56   144.88 156.15   138.61 149.88
2022-08-10   138.82 150.08   138.80 150.05   276.31 287.56   138.25 149.51   143.84 155.09   137.57 148.83
2022-08-11   137.78 149.02   137.76 149.00   275.27 286.51   137.21 148.45   142.80 154.04   136.53 147.77
2022-08-12   136.75 147.97   136.72 147.95   274.24 285.46   136.18 147.40   141.76 152.99   135.50 146.72
2022-08-13   135.72 146.92   135.69 146.90   273.20 284.41   135.15 146.35   140.73 151.94   134.47 145.67
2022-08-14   134.69 145.88   134.66 145.85   272.17 283.37   134.12 145.31   139.70 150.89   133.44 144.63
2022-08-15   133.66 144.84   133.63 144.81   271.15 282.32   133.09 144.27   138.68 149.85   132.41 143.59
2022-08-16   132.64 143.80   132.61 143.77   270.13 281.28   132.07 143.23   137.65 148.81   131.39 142.55
2022-08-17   131.62 142.76   131.59 142.73   269.11 280.25   131.05 142.19   136.63 147.78   130.37 141.51
2022-08-18   130.60 141.73   130.58 141.70   268.09 279.21   130.03 141.16   135.62 146.74   129.35 140.48
2022-08-19   129.59 140.70   129.56 140.67   267.08 278.18   129.02 140.13   134.61 145.71   128.34 139.45
2022-08-20   128.58 139.67   128.56 139.64   266.07 277.16   128.01 139.10   133.60 144.68   127.33 138.42
2022-08-21   127.58 138.64   127.55 138.62   265.06 276.13   127.01 138.07   132.59 143.66   126.33 137.39
2022-08-22   126.57 137.62   126.55 137.60   264.06 275.11   126.00 137.05   131.59 142.64   125.32 136.37
2022-08-23   125.58 136.60   125.55 136.58   263.06 274.09   125.01 136.03   130.59 141.62   124.32 135.35
2022-08-24   124.58 135.59   124.55 135.56   262.07 273.08   124.01 135.02   129.60 140.61   123.33 134.34
2022-08-25   123.59 134.58   123.56 134.55   261.08 272.07   123.02 134.01   128.60 139.59   122.34 133.33
2022-08-26   122.60 133.57   122.57 133.54   260.09 271.06   122.03 133.00   127.62 138.59   121.35 132.32
2022-08-27   121.62 132.57   121.59 132.54   259.10 270.05   121.05 132.00   126.63 137.58   120.37 131.32
2022-08-28   120.64 131.57   120.61 131.54   258.12 269.05   120.07 131.00   125.65 136.58   119.38 130.31
2022-08-29   119.66 130.57   119.63 130.54   257.15 268.06   119.09 130.00   124.67 135.58   118.41 129.32
2022-08-30   118.68 129.57   118.66 129.55   256.17 267.06   118.11 129.00   123.70 134.59   117.43 128.32
2022-08-31   117.71 128.58   117.69 128.56   255.20 266.07   117.14 128.01   122.73 133.60   116.46 127.33
2022-09-01   116.75 127.60   116.72 127.57   254.23 265.08   116.18 127.03   121.76 132.61   115.50 126.35
2022-09-02   115.78 126.61   115.76 126.59   253.27 264.10   115.21 126.04   120.80 131.63   114.53 125.36
2022-09-03   114.82 125.63   114.80 125.61   252.31 263.12   114.25 125.06   119.84 130.65   113.57 124.38
2022-09-04   113.87 124.65   113.84 124.63   251.35 262.14   113.30 124.08   118.88 129.67   112.62 123.40
2022-09-05   112.91 123.68   112.89 123.65   250.40 261.17   112.34 123.11   117.93 128.70   111.66 122.43
2022-09-06   111.96 122.71   111.94 122.68   249.45 260.20   111.39 122.14   116.98 127.73   110.71 121.46
2022-09-07   111.02 121.74   110.99 121.72   248.50 259.23   110.45 121.17   116.03 126.76   109.77 120.49
2022-09-08   110.07 120.78   110.05 120.75   247.56 258.27   109.50 120.21   115.09 125.80   108.82 119.53
2022-09-09   109.13 119.82   109.11 119.79   246.62 257.31   108.56 119.25   114.15 124.84   107.88 118.57
2022-09-10   108.20 118.86   108.17 118.84   245.68 256.35   107.63 118.29   113.21 123.88   106.95 117.61
2022-09-11   107.26 117.91   107.24 117.88   244.75 255.40   106.69 117.34   112.28 122.93   106.01 116.66
2022-09-12   106.33 116.96   106.30 116.93   243.82 254.45   105.76 116.39   111.35 121.98   105.08 115.71
2022-09-13   105.40 116.01   105.38 115.99   242.89 253.50   104.83 115.44   110.42 121.03   104.15 114.76
2022-09-14   104.48 115.07   104.45 115.04   241.96 252.56   103.91 114.50   109.49 120.09   103.23 113.82
2022-09-15   103.55 114.13   103.53 114.10   241.04 251.62   102.98 113.56   108.57 119.14   102.30 112.88
2022-09-16   102.63 113.19   102.61 113.16   240.12 250.68   102.06 112.62   107.65 118.21   101.38 111.94
2022-09-17   101.72 112.26   101.69 112.23   239.21 249.74   101.15 111.69   106.73 117.27   100.47 111.01
2022-09-18   100.80 111.32   100.78 111.30   238.29 248.81   100.23 110.75   105.82 116.34    99.55 110.07
2022-09-19    99.89 110.40    99.86 110.37   237.38 247.88    99.32 109.83   104.91 115.41    98.64 109.14
2022-09-20    98.98 109.47    98.95 109.44   236.47 246.96    98.41 108.90   104.00 114.48    97.73 108.22
2022-09-21    98.07 108.54    98.05 108.52   235.56 246.03    97.50 107.97   103.09 113.56    96.82 107.29
2022-09-22    97.17 107.62    97.14 107.60   234.66 245.11    96.60 107.05   102.18 112.64    95.92 106.37
2022-09-23    96.27 106.71    96.24 106.68   233.75 244.19    95.70 106.14   101.28 111.72    95.02 105.45
2022-09-24    95.37 105.79    95.34 105.76   232.85 243.28    94.80 105.22   100.38 110.80    94.11 104.54
2022-09-25    94.47 104.88    94.44 104.85   231.95 242.36    93.90 104.31    99.48 109.89    93.22 103.62
2022-09-26    93.57 103.96    93.54 103.94   231.06 241.45    93.00 103.39    98.58 108.98    92.32 102.71
2022-09-27    92.67 103.05    92.65 103.03   230.16 240.54    92.10 102.48    97.69 108.07    91.42 101.80
2022-09-28    91.78 102.15    91.75 102.12   229.27 239.63    91.21 101.58    96.80 107.16    90.53 100.90
2022-09-29    90.89 101.24    90.86 101.22   228.38 238.73    90.32 100.67    95.90 106.26    89.64  99.99
2022-09-30    90.00 100.34    89.97 100.31   227.49 237.83    89.43  99.77    95.01 105.35    88.75  99.09
2022-10-01    89.11  99.44    89.08  99.41   226.60 236.93    88.54  98.87    94.12 104.45    87.86  98.19
2022-10-02    88.22  98.54    88.19  98.51   225.71 236.03    87.65  97.97    93.24 103.55    86.97  97.29
2022-10-03    87.33  97.64    87.31  97.62   224.82 235.13    86.76  97.07    92.35 102.66    86.08  96.39
2022-10-04    86.45  96.75    86.42  96.72   223.94 234.23    85.88  96.18    91.46 101.76    85.20  95.49
2022-10-05    85.56  95.85    85.54  95.82   223.05 233.34    84.99  95.28    90.58 100.87    84.31  94.60
2022-10-06    84.68  94.96    84.65  94.93   222.17 232.45    84.11  94.39    89.70  99.97    83.43  93.71
2022-10-07    83.80  94.07    83.77  94.04   221.29 231.55    83.23  93.50    88.81  99.08    82.55  92.82
2022-10-08    82.92  93.18    82.89  93.15   220.40 230.66    82.35  92.61    87.93  98.19    81.67  91.92
2022-10-09    82.04  92.29    82.01  92.26   219.52 229.77    81.47  91.72    87.05  97.30    80.78  91.04
2022-10-10    81.15  91.40    81.13  91.37   218.64 228.89    80.58  90.83    86.17  96.41    79.90  90.15
2022-10-11    80.27  90.51    80.25  90.48   217.76 228.00    79.70  89.94    85.29  95.53    79.02  89.26
2022-10-12    79.39  89.62    79.37  89.60   216.88 227.11    78.82  89.05    84.41  94.64    78.14  88.37
2022-10-13    78.51  88.74    78.49  88.71   216.00 226.23    77.94  88.17    83.53  93.75    77.26  87.49
2022-10-14    77.63  87.85    77.61  87.83   215.12 225.34    77.06  87.28    82.65  92.87    76.38  86.60
2022-10-15    76.75  86.97    76.73  86.94   214.24 224.46    76.18  86.40    81.77  91.98    75.50  85.72
2022-10-16    75.87  86.08    75.85  86.06   213.36 223.57    75.30  85.51    80.89  91.10    74.62  84.83
2022-10-17    74.99  85.20    74.97  85.17   212.48 222.69    74.42  84.63    80.01  90.21    73.74  83.95
2022-10-18    74.11  84.32    74.08  84.29   211.60 221.80    73.54  83.75    79.13  89.33    72.86  83.06
2022-10-19    73.23  83.43    73.20  83.41   210.72 220.92    72.66  82.86    78.24  88.45    71.98  82.18
2022-10-20    72.35  82.55    72.32  82.52   209.83 220.04    71.78  81.98    77.36  87.56    71.10  81.30
2022-10-21    71.46  81.66    71.44  81.64   208.95 219.15    70.89  81.09    76.48  86.68    70.21  80.41
2022-10-22    70.58  80.78    70.55  80.75   208.07 218.27    70.01  80.21    75.60  85.80    69.33  79.53
2022-10-23    69.70  79.90    69.67  79.87   207.18 217.38    69.13  79.33    74.71  84.91    68.44  78.64
2022-10-24    68.81  79.01    68.78  78.98   206.30 216.50    68.24  78.44    73.82  84.03    67.56  77.76
2022-10-25    67.92  78.13    67.90  78.10   205.41 215.61    67.35  77.56    72.94  83.14    66.67  76.87
2022-10-26    67.03  77.24    67.01  77.21   204.52 214.73    66.46  76.67    72.05  82.25    65.78  75.99
2022-10-27    66.15  76.35    66.12  76.33   203.63 213.84    65.58  75.78    71.16  81.37    64.89  75.10
2022-10-28    65.28  75.43    65.26  75.41   202.77 212.92    64.71  74.86    70.30  80.45    64.03  74.18
2022-10-29    64.67  74.27    64.64  74.24   202.15 211.76    64.10  73.70    69.68  79.28    63.42  73.02
2022-10-30    64.05  73.10    64.02  73.08   201.54 210.59    63.48  72.53    69.06  78.12    62.80  71.85
2022-10-31    63.43  71.94    63.40  71.91   200.92 209.42    62.86  71.37    68.44  76.95    62.18  70.69
2022-11-01    62.81  70.77    62.78  70.74   200.29 208.26    62.24  70.20    67.82  75.78    61.55  69.52
2022-11-02    62.18  69.60    62.15  69.57   199.67 207.09    61.61  69.03    67.20  74.62    60.93  68.35
2022-11-03    61.55  68.43    61.53  68.40   199.04 205.92    60.98  67.86    66.57  73.45    60.30  67.18

2023-04-08   261.55 268.61   261.53 268.59    39.04  46.10   260.98 268.04   266.57 273.63   260.30 267.36
2023-04-09   260.41 268.00   260.38 267.98    37.89  45.49   259.84 267.43   265.42 273.02   259.16 266.75
2023-04-10   259.26 267.40   259.24 267.37    36.75  44.88   258.69 266.83   264.28 272.41   258.01 266.15
2023-04-11   258.12 266.79   258.09 266.77    35.60  44.28   257.55 266.22   263.13 271.81   256.87 265.54
2023-04-12   256.97 266.19   256.95 266.16    34.46  43.68   256.40 265.62   261.99 271.20   255.72 264.94
2023-04-13   255.83 265.59   255.80 265.56    33.32  43.07   255.26 265.02   260.85 270.60   254.58 264.34
2023-04-14   254.73 264.94   254.71 264.92    32.22  42.43   254.16 264.37   259.75 269.96   253.48 263.69
2023-04-15   253.86 264.07   253.84 264.04    31.35  41.56   253.29 263.50   258.88 269.09   252.61 262.82
2023-04-16   253.00 263.20   252.97 263.17    30.48  40.69   252.43 262.63   258.01 268.21   251.74 261.95
2023-04-17   252.13 262.33   252.10 262.30    29.62  39.82   251.56 261.76   257.14 267.34   250.88 261.08
2023-04-18   251.26 261.46   251.23 261.43    28.75  38.95   250.69 260.89   256.28 266.48   250.01 260.21
2023-04-19   250.39 260.59   250.37 260.57    27.88  38.08   249.82 260.02   255.41 265.61   249.14 259.34
2023-04-20   249.53 259.73   249.50 259.70    27.01  37.21   248.96 259.16   254.54 264.74   248.28 258.48
2023-04-21   248.66 258.86   248.63 258.83    26.15  36.35   248.09 258.29   253.67 263.87   247.41 257.61
2023-04-22   247.79 257.99   247.76 257.97    25.28  35.48   247.22 257.42   252.81 263.01   246.54 256.74
2023-04-23   246.92 257.13   246.90 257.10    24.41  34.61   246.35 256.56   251.94 262.14   245.67 255.88
2023-04-24   246.06 256.26   246.03 256.24    23.54  33.75   245.49 255.69   251.07 261.28   244.81 255.01
2023-04-25   245.19 255.40   245.16 255.37    22.68  32.88   244.62 254.83   250.20 260.41   243.94 254.15
2023-04-26   244.32 254.53   244.29 254.50    21.81  32.02   243.75 253.96   249.33 259.55   243.07 253.28
2023-04-27   243.45 253.67   243.42 253.64    20.94  31.15   242.88 253.10   248.47 258.68   242.20 252.42
2023-04-28   242.58 252.80   242.55 252.77    20.07  30.29   242.01 252.23   247.59 257.82   241.33 251.55
2023-04-29   241.71 251.93   241.68 251.91    19.20  29.42   241.14 251.36   246.72 256.95   240.46 250.68
2023-04-30   240.84 251.07   240.81 251.04    18.32  28.56   240.27 250.50   245.85 256.08   239.59 249.82
2023-05-01   239.96 250.20   239.94 250.18    17.45  27.69   239.39 249.63   244.98 255.22   238.71 248.95
2023-05-02   239.09 249.33   239.06 249.31    16.58  26.82   238.52 248.76   244.10 254.35   237.84 248.08
2023-05-03   238.21 248.47   238.19 248.44    15.70  25.95   237.64 247.90   243.23 253.48   236.96 247.22
2023-05-04   237.34 247.60   237.31 247.57    14.83  25.09   236.77 247.03   242.35 252.61   236.09 246.35
2023-05-05   236.46 246.73   236.43 246.70    13.95  24.22   235.89 246.16   241.47 251.74   235.21 245.48
2023-05-06   235.58 245.86   235.55 245.83    13.07  23.34   235.01 245.29   240.59 250.87   234.33 244.61
2023-05-07   234.70 244.99   234.67 244.96    12.19  22.47   234.13 244.42   239.71 250.00   233.45 243.73
2023-05-08   233.81 244.11   233.79 244.09    11.30  21.60   233.24 243.54   238.83 249.13   232.56 242.86
2023-05-09   232.93 243.24   232.90 243.21    10.42  20.73   232.36 242.67   237.95 248.25   231.68 241.99
2023-05-10   232.04 242.36   232.02 242.34     9.53  19.85   231.47 241.79   237.06 247.38   230.79 241.11
2023-05-11   231.15 241.48   231.13 241.46     8.64  18.97   230.58 240.91   236.17 246.50   229.90 240.23
2023-05-12   230.26 240.61   230.24 240.58     7.75  18.09   229.69 240.04   235.28 245.62   229.01 239.35
2023-05-13   229.37 239.72   229.34 239.70     6.86  17.21   228.80 239.15   234.38 244.74   228.12 238.47
2023-05-14   228.47 238.84   228.45 238.82     5.96  16.33   227.90 238.27   233.49 243.86   227.22 237.59
2023-05-15   227.58 237.96   227.55 237.93     5.06  15.45   227.01 237.39   232.59 242.97   226.32 236.71
2023-05-16   226.67 237.07   226.65 237.04     4.16  14.56   226.10 236.50   231.69 242.09   225.42 235.82
2023-05-17   225.77 236.18   225.74 236.16     3.26  13.67   225.20 235.61   230.79 241.20   224.52 234.93
2023-05-18   224.87 235.29   224.84 235.27     2.35  12.78   224.30 234.72   229.88 240.31   223.61 234.04
2023-05-19   223.96 234.40   223.93 234.37     1.44  11.89   223.39 233.83   228.97 239.41   222.71 233.15
2023-05-20   223.05 233.50   223.02 233.48     0.53  10.99   222.48 232.93   228.06 238.52   221.79 232.25
2023-05-21   222.13 232.60   222.10 232.58   359.62  10.09   221.56 232.03   227.15 237.62   220.88 231.35
2023-05-22   221.21 231.70   221.19 231.68   358.70   9.19   220.64 231.13   226.23 236.72   219.96 230.45
2023-05-23   220.29 230.80   220.27 230.77   357.78   8.29   219.72 230.23   225.31 235.82   219.04 229.55
2023-05-24   219.37 229.89   219.34 229.87   356.86   7.38   218.80 229.32   224.39 234.91   218.12 228.64
2023-05-25   218.44 228.99   218.42 228.96   355.93   6.47   217.87 228.42   223.46 234.00   217.19 227.73
2023-05-26   217.51 228.07   217.49 228.05   355.00   5.56   216.94 227.50   222.53 233.09   216.26 226.82
2023-05-27   216.58 227.16   216.55 227.13   354.07   4.65   216.01 226.59   221.60 232.17   215.33 225.91
2023-05-28   215.65 226.24   215.62 226.21   353.13   3.73   215.08 225.67   220.66 231.26   214.39 224.99
2023-05-29   214.71 225.32   214.68 225.29   352.19   2.81   214.14 224.75   219.72 230.34   213.45 224.07
2023-05-30   213.76 224.40   213.74 224.37   351.25   1.88   213.19 223.83   218.78 229.41   212.51 223.15
2023-05-31   212.82 223.47   212.79 223.44   350.30   0.96   212.25 222.90   217.83 228.48   211.56 222.22
2023-06-01   211.87 222.54   211.84 222.51   349.35   0.03   211.30 221.97   216.88 227.55   210.61 221.29
2023-06-02   210.91 221.60   210.89 221.58   348.40 359.09   210.34 221.03   215.93 226.62   209.66 220.35
2023-06-03   209.95 220.67   209.93 220.64   347.44 358.15   209.38 220.10   214.97 225.68   208.70 219.42
2023-06-04   208.99 219.73   208.97 219.70   346.48 357.21   208.42 219.16   214.01 224.74   207.74 218.48
2023-06-05   208.03 218.78   208.00 218.75   345.52 356.27   207.46 218.21   213.04 223.80   206.78 217.53
2023-06-06   207.06 217.83   207.03 217.81   344.55 355.32   206.49 217.26   212.08 222.85   205.81 216.58
2023-06-07   206.09 216.88   206.06 216.86   343.58 354.37   205.52 216.31   211.10 221.90   204.84 215.63
2023-06-08   205.11 215.93   205.09 215.90   342.60 353.41   204.54 215.36   210.13 220.94   203.86 214.68
2023-06-09   204.13 214.97   204.11 214.94   341.62 352.45   203.56 214.40   209.15 219.98   202.88 213.72
2023-06-10   203.15 214.00   203.12 213.98   340.64 351.49   202.58 213.43   208.16 219.02   201.90 212.75
2023-06-11   202.16 213.04   202.14 213.01   339.65 350.53   201.59 212.47   207.18 218.05   200.91 211.79
2023-06-12   201.17 212.07   201.15 212.04   338.66 349.56   200.60 211.50   206.19 217.08   199.92 210.82
2023-06-13   200.18 211.09   200.15 211.07   337.66 348.58   199.61 210.52   205.19 216.11   198.93 209.84
2023-06-14   199.18 210.12   199.15 210.09   336.67 347.60   198.61 209.55   204.19 215.13   197.93 208.87
2023-06-15   198.18 209.13   198.15 209.11   335.66 346.62   197.61 208.56   203.19 214.15   196.93 207.88
2023-06-16   197.17 208.15   197.15 208.12   334.66 345.64   196.60 207.58   202.19 213.16   195.92 206.90
2023-06-17   196.16 207.16   196.14 207.13   333.65 344.65   195.59 206.59   201.18 212.18   194.91 205.91
2023-06-18   195.15 206.17   195.12 206.14   332.64 343.65   194.58 205.60   200.17 211.18   193.90 204.92
2023-06-19   194.13 205.17   194.11 205.14   331.62 342.66   193.56 204.60   199.15 210.19   192.88 203.92
2023-06-20   193.11 204.17   193.09 204.14   330.60 341.66   192.54 203.60   198.13 209.19   191.86 202.92
2023-06-21   192.09 203.17   192.06 203.14   329.58 340.65   191.52 202.60   197.11 208.18   190.84 201.92
2023-06-22   191.06 202.16   191.04 202.13   328.55 339.65   190.49 201.59   196.08 207.17   189.81 200.91
2023-06-23   190.03 201.15   190.01 201.12   327.52 338.63   189.46 200.58   195.05 206.16   188.78 199.90
2023-06-24   189.00 200.13   188.98 200.11   326.49 337.62   188.43 199.56   194.02 205.15   187.75 198.88
2023-06-25   187.97 199.11   187.94 199.09   325.45 336.60   187.40 198.54   192.98 204.13   186.71 197.86
2023-06-26   186.93 198.09   186.90 198.07   324.41 335.58   186.36 197.52   191.94 203.11   185.68 196.84
2023-06-27   185.88 197.07   185.86 197.04   323.37 334.55   185.31 196.50   190.90 202.08   184.63 195.82
2023-06-28   184.84 196.04   184.81 196.01   322.33 333.53   184.27 195.47   189.85 201.05   183.59 194.79
2023-06-29   183.79 195.01   183.76 194.98   321.28 332.49   183.22 194.44   188.81 200.02   182.54 193.76
2023-06-30   182.74 193.97   182.71 193.94   320.23 331.46   182.17 193.40   187.76 198.99   181.49 192.72
2023-07-01   181.69 192.93   181.66 192.91   319.17 330.42   181.12 192.36   186.70 197.95   180.44 191.68
2023-07-02   180.63 191.89   180.61 191.86   318.12 329.38   180.06 191.32   185.65 196.91   179.38 190.64
2023-07-03   179.57 190.85   179.55 190.82   317.06 328.33   179.00 190.28   184.59 195.86   178.32 189.60
2023-07-04   178.51 189.80   178.49 189.77   316.00 327.29   177.94 189.23   183.53 194.82   177.26 188.55
2023-07-05   177.45 188.75   177.43 188.72   314.94 326.24   176.88 188.18   182.47 193.77   176.20 187.50
2023-07-06   176.39 187.70   176.36 187.67   313.88 325.19   175.82 187.13   181.40 192.71   175.14 186.45
2023-07-07   175.32 186.64   175.30 186.62   312.81 324.13   174.75 186.07   180.34 191.66   174.07 185.39
2023-07-08   174.25 185.59   174.23 185.56   311.74 323.08   173.68 185.02   179.27 190.60   173.00 184.34
2023-07-09   173.19 184.53   173.16 184.50   310.67 322.02   172.62 183.96   178.20 189.54   171.93 183.28
2023-07-10   172.12 183.47   172.09 183.44   309.60 320.96   171.55 182.90   177.13 188.48   170.86 182.22
2023-07-11   171.04 182.40   171.02 182.38   308.53 319.89   170.47 181.83   176.06 187.42   169.79 181.15
2023-07-12   169.97 181.34   169.94 181.31   307.46 318.83   169.40 180.77   174.99 186.36   168.72 180.09
2023-07-13   168.90 180.27   168.87 180.25   306.39 317.76   168.33 179.70   173.91 185.29   167.65 179.02
2023-07-14   167.82 179.21   167.80 179.18   305.31 316.69   167.25 178.64   172.84 184.22   166.57 177.95
2023-07-15   166.75 178.14   166.72 178.11   304.24 315.62   166.18 177.57   171.76 183.15   165.50 176.89
2023-07-16   165.67 177.07   165.65 177.04   303.16 314.55   165.10 176.50   170.69 182.08   164.42 175.82
2023-07-17   164.60 175.99   164.57 175.97   302.09 313.48   164.03 175.42   169.61 181.01   163.35 174.74
2023-07-18   163.52 174.92   163.50 174.90   301.01 312.41   162.95 174.35   168.54 179.94   162.27 173.67
2023-07-19   162.45 173.85   162.42 173.82   299.93 311.34   161.88 173.28   167.46 178.86   161.20 172.60
2023-07-20   161.37 172.77   161.35 172.75   298.86 310.26   160.80 172.20   166.39 177.79   160.12 171.52
2023-07-21   160.30 171.70   160.27 171.67   297.78 309.19   159.73 171.13   165.31 176.72   159.05 170.45
2023-07-22   159.22 170.63   159.20 170.60   296.71 308.11   158.65 170.06   164.24 175.64   157.97 169.37
2023-07-23   158.15 169.55   158.12 169.52   295.64 307.04   157.58 168.98   163.16 174.57   156.90 168.30
2023-07-24   157.08 168.48   157.05 168.45   294.56 305.96   156.51 167.91   162.09 173.49   155.82 167.22
2023-07-25   156.00 167.40   155.98 167.37   293.49 304.89   155.43 166.83   161.02 172.42   154.75 166.15
2023-07-26   154.93 166.33   154.91 166.30   292.42 303.81   154.36 165.76   159.95 171.34   153.68 165.08
2023-07-27   153.86 165.25   153.84 165.23   291.35 302.74   153.29 164.68   158.88 170.27   152.61 164.00
2023-07-28   152.79 164.18   152.77 164.15   290.28 301.67   152.22 163.61   157.81 169.19   151.54 162.93
2023-07-29   151.73 163.11   151.70 163.08   289.21 300.59   151.16 162.54   156.74 168.12   150.48 161.86
2023-07-30   150.66 162.03   150.63 162.01   288.15 299.52   150.09 161.46   155.68 167.05   149.41 160.78
2023-07-31   149.60 160.96   149.57 160.94   287.08 298.45   149.03 160.39   154.61 165.98   148.35 159.71
2023-08-01   148.54 159.89   148.51 159.87   286.02 297.38   147.97 159.32   153.55 164.91   147.28 158.64
2023-08-02   147.48 158.82   147.45 158.80   284.96 296.31   146.91 158.25   152.49 163.84   146.23 157.57
2023-08-03   146.42 157.76   146.39 157.73   283.91 295.25   145.85 157.19   151.43 162.77   145.17 156.51
2023-08-04   145.36 156.69   145.34 156.67   282.85 294.18   144.79 156.12   150.38 161.71   144.11 155.44
2023-08-05   144.31 155.63   144.28 155.60   281.80 293.12   143.74 155.06   149.33 160.64   143.06 154.38
2023-08-06   143.26 154.57   143.23 154.54   280.75 292.05   142.69 154.00   148.27 159.58   142.01 153.32
2023-08-07   142.21 153.51   142.18 153.48   279.70 290.99   141.64 152.94   147.23 158.52   140.96 152.26
2023-08-08   141.17 152.45   141.14 152.42   278.65 289.94   140.60 151.88   146.18 157.46   139.91 151.20
2023-08-09   140.12 151.39   140.10 151.37   277.61 288.88   139.55 150.82   145.14 156.41   138.87 150.14
2023-08-10   139.08 150.34   139.06 150.31   276.57 287.83   138.51 149.77   144.10 155.35   137.83 149.09
2023-08-11   138.05 149.29   138.02 149.26   275.53 286.77   137.48 148.72   143.06 154.30   136.80 148.04
2023-08-12   137.01 148.24   136.99 148.21   274.50 285.73   136.44 147.67   142.03 153.25   135.76 146.99
2023-08-13   135.98 147.19   135.95 147.17   273.47 284.68   135.41 146.62   141.00 152.21   134.73 145.94
2023-08-14   134.95 146.15   134.93 146.12   272.44 283.64   134.38 145.58   139.97 151.16   133.70 144.90
2023-08-15   133.93 145.11   133.90 145.08   271.42 282.59   133.36 144.54   138.94 150.12   132.68 143.86
2023-08-16   132.91 144.07   132.88 144.04   270.39 281.56   132.34 143.50   137.92 149.08   131.66 142.82
2023-08-17   131.89 143.03   131.86 143.01   269.38 280.52   131.32 142.46   136.90 148.05   130.64 141.78
2023-08-18   130.87 142.00   130.85 141.97   268.36 279.49   130.30 141.43   135.89 147.02   129.62 140.75
2023-08-19   129.86 140.97   129.84 140.95   267.35 278.46   129.29 140.40   134.88 145.99   128.61 139.72
2023-08-20   128.86 139.95   128.83 139.92   266.34 277.43   128.29 139.38   133.87 144.96   127.60 138.69
2023-08-21   127.85 138.92   127.82 138.90   265.34 276.41   127.28 138.35   132.87 143.94   126.60 137.67
2023-08-22   126.85 137.90   126.82 137.88   264.34 275.39   126.28 137.33   131.86 142.92   125.60 136.65
2023-08-23   125.85 136.89   125.83 136.86   263.34 274.37   125.28 136.32   130.87 141.90   124.60 135.63
2023-08-24   124.86 135.87   124.83 135.85   262.34 273.36   124.29 135.30   129.87 140.89   123.61 134.62
2023-08-25   123.87 134.86   123.84 134.83   261.35 272.35   123.30 134.29   128.88 139.88   122.62 133.61
2023-08-26   122.88 133.85   122.85 133.83   260.37 271.34   122.31 133.28   127.89 138.87   121.63 132.60
2023-08-27   121.90 132.85   121.87 132.82   259.38 270.34   121.33 132.28   126.91 137.87   120.65 131.60
2023-08-28   120.92 131.85   120.89 131.82   258.40 269.34   120.35 131.28   125.93 136.87   119.67 130.60
2023-08-29   119.94 130.85   119.91 130.83   257.43 268.34   119.37 130.28   124.95 135.87   118.69 129.60
2023-08-30   118.97 129.86   118.94 129.83   256.45 267.35   118.40 129.29   123.98 134.88   117.72 128.61
2023-08-31   118.00 128.87   117.97 128.84   255.48 266.36   117.43 128.30   123.01 133.89   116.75 127.62
2023-09-01   117.03 127.88   117.00 127.86   254.52 265.37   116.46 127.31   122.05 132.90   115.78 126.63
2023-09-02   116.07 126.90   116.04 126.87   253.55 264.39   115.50 126.33   121.08 131.92   114.82 125.65
2023-09-03   115.11 125.92   115.08 125.89   252.59 263.41   114.54 125.35   120.12 130.94   113.86 124.67
2023-09-04   114.15 124.94   114.12 124.92   251.64 262.43   113.58 124.37   119.17 129.96   112.90 123.69
2023-09-05   113.20 123.97   113.17 123.94   250.69 261.46   112.63 123.40   118.21 128.99   111.95 122.72
2023-09-06   112.25 123.00   112.22 122.98   249.74 260.49   111.68 122.43   117.26 128.02   111.00 121.75
2023-09-07   111.30 122.04   111.28 122.01   248.79 259.52   110.73 121.47   116.32 127.05   110.05 120.78
2023-09-08   110.36 121.07   110.33 121.05   247.85 258.56   109.79 120.50   115.37 126.09   109.11 119.82
2023-09-09   109.42 120.11   109.39 120.09   246.91 257.60   108.85 119.54   114.43 125.13   108.17 118.86
2023-09-10   108.48 119.16   108.46 119.13   245.97 256.64   107.91 118.59   113.50 124.17   107.23 117.91
2023-09-11   107.55 118.20   107.52 118.18   245.04 255.69   106.98 117.63   112.56 123.22   106.30 116.95
2023-09-12   106.62 117.25   106.59 117.23   244.10 254.74   106.05 116.68   111.63 122.27   105.37 116.00
2023-09-13   105.69 116.31   105.66 116.28   243.18 253.79   105.12 115.74   110.70 121.32   104.44 115.05
2023-09-14   104.76 115.36   104.74 115.33   242.25 252.85   104.19 114.79   109.78 120.38   103.51 114.11
2023-09-15   103.84 114.42   103.81 114.39   241.33 251.91   103.27 113.85   108.86 119.44   102.59 113.17
2023-09-16   102.92 113.48   102.89 113.46   240.41 250.97   102.35 112.91   107.94 118.50   101.67 112.23
2023-09-17   102.00 112.55   101.98 112.52   239.49 250.03   101.43 111.98   107.02 117.56   100.75 111.30
2023-09-18   101.09 111.61   101.06 111.59   238.58 249.10   100.52 111.04   106.10 116.63    99.84 110.36
2023-09-19   100.18 110.69   100.15 110.66   237.66 248.17    99.61 110.12   105.19 115.70    98.93 109.43
2023-09-20    99.27 109.76    99.24 109.73   236.75 247.25    98.70 109.19   104.28 114.77    98.02 108.51
2023-09-21    98.36 108.83    98.33 108.81   235.85 246.32    97.79 108.26   103.37 113.85    97.11 107.58
2023-09-22    97.45 107.91    97.43 107.89   234.94 245.40    96.88 107.34   102.47 112.93    96.20 106.66
2023-09-23    96.55 106.99    96.52 106.97   234.04 244.48    95.98 106.42   101.57 112.01    95.30 105.74
2023-09-24    95.65 106.08    95.62 106.05   233.14 243.56    95.08 105.51   100.66 111.09    94.40 104.83
2023-09-25    94.75 105.16    94.72 105.14   232.24 242.65    94.18 104.59    99.76 110.18    93.50 103.91
2023-09-26    93.85 104.25    93.83 104.22   231.34 241.74    93.28 103.68    98.87 109.27    92.60 103.00
2023-09-27    92.96 103.34    92.93 103.31   230.44 240.83    92.39 102.77    97.97 108.36    91.71 102.09
2023-09-28    92.06 102.43    92.04 102.41   229.55 239.92    91.49 101.86    97.08 107.45    90.81 101.18
2023-09-29    91.17 101.53    91.14 101.50   228.66 239.02    90.60 100.96    96.19 106.54    89.92 100.28
2023-09-30    90.28 100.62    90.25 100.60   227.77 238.11    89.71 100.05    95.29 105.64    89.03  99.37
2023-10-01    89.39  99.72    89.36  99.70   226.88 237.21    88.82  99.15    94.40 104.74    88.14  98.47
2023-10-02    88.50  98.82    88.47  98.80   225.99 236.31    87.93  98.25    93.52 103.84    87.25  97.57
2023-10-03    87.61  97.92    87.59  97.90   225.10 235.41    87.04  97.35    92.63 102.94    86.36  96.67
2023-10-04    86.73  97.03    86.70  97.00   224.22 234.51    86.16  96.46    91.74 102.04    85.48  95.78
2023-10-05    85.84  96.13    85.82  96.11   223.33 233.62    85.27  95.56    90.86 101.15    84.59  94.88
2023-10-06    84.96  95.24    84.93  95.21   222.45 232.73    84.39  94.67    89.97 100.25    83.71  93.99
2023-10-07    84.07  94.35    84.05  94.32   221.56 231.83    83.50  93.78    89.09  99.36    82.82  93.09
2023-10-08    83.19  93.45    83.17  93.43   220.68 230.94    82.62  92.88    88.21  98.47    81.94  92.20
2023-10-09    82.31  92.56    82.28  92.54   219.80 230.05    81.74  91.99    87.32  97.58    81.06  91.31
2023-10-10    81.43  91.67    81.40  91.65   218.92 229.16    80.86  91.10    86.44  96.69    80.18  90.42
2023-10-11    80.55  90.79    80.52  90.76   218.03 228.27    79.98  90.22    85.56  95.80    79.30  89.53
2023-10-12    79.67  89.90    79.64  89.87   217.15 227.39    79.10  89.33    84.68  94.91    78.41  88.65
2023-10-13    78.78  89.01    78.76  88.98   216.27 226.50    78.21  88.44    83.80  94.03    77.53  87.76
2023-10-14    77.90  88.12    77.88  88.10   215.39 225.61    77.33  87.55    82.92  93.14    76.65  86.87
2023-10-15    77.02  87.24    77.00  87.21   214.51 224.73    76.45  86.67    82.04  92.25    75.77  85.99
2023-10-16    76.14  86.35    76.11  86.33   213.63 223.84    75.57  85.78    81.16  91.37    74.89  85.10
2023-10-17    75.26  85.47    75.23  85.44   212.75 222.96    74.69  84.90    80.27  90.48    74.01  84.22
2023-10-18    74.38  84.58    74.35  84.56   211.86 222.07    73.81  84.01    79.39  89.60    73.13  83.33
2023-10-19    73.49  83.70    73.47  83.67   210.98 221.19    72.92  83.13    78.51  88.71    72.24  82.45
2023-10-20    72.61  82.81    72.58  82.79   210.10 220.30    72.04  82.24    77.63  87.83    71.36  81.56
2023-10-21    71.73  81.93    71.70  81.90   209.21 219.42    71.16  81.36    76.74  86.94    70.48  80.68
2023-10-22    70.84  81.04    70.82  81.02   208.33 218.53    70.27  80.47    75.86  86.06    69.59  79.79
2023-10-23    69.96  80.16    69.93  80.13   207.44 217.64    69.39  79.59    74.97  85.17    68.71  78.91
2023-10-24    69.07  79.27    69.04  79.24   206.56 216.76    68.50  78.70    74.09  84.29    67.82  78.02
2023-10-25    68.18  78.38    68.16  78.36   205.67 215.87    67.61  77.81    73.20  83.40    66.93  77.13
2023-10-26    67.29  77.50    67.27  77.47   204.78 214.98    66.72  76.93    72.31  82.51    66.04  76.25
2023-10-27    66.40  76.61    66.38  76.58   203.89 214.10    65.83  76.04    71.42  81.62    65.15  75.36
2023-10-28    65.51  75.72    65.48  75.69   203.00 213.21    64.94  75.15    70.53  80.73    64.26  74.47
2023-10-29    64.84  74.61    64.81  74.58   202.32 212.10    64.27  74.04    69.85  79.62    63.59  73.36
2023-10-30    64.22  73.44    64.19  73.42   201.70 210.93    63.65  72.87    69.23  78.46    62.97  72.19
2023-10-31    63.60  72.27    63.57  72.25   201.08 209.76    63.03  71.70    68.61  77.29    62.34  71.02
2023-11-01    62.97  71.10    62.95  71.08   200.46 208.59    62.40  70.53    67.99  76.12    61.72  69.85
2023-11-02    62.35  69.93    62.32  69.91   199.83 207.42    61.78  69.36    67.36  74.95    61.09  68.68
2023-11-03    61.72  68.76    61.69  68.74   199.20 206.25    61.15  68.19    66.73  73.78    60.47  67.51
