
       Target
                ecliptic
RA      Dec     latitude
294.111  38.710  58.991

Checked interval [2020-01-01, 2023-12-31]
|           Window [days]                 |    Normal V3 PA [deg]    |
   Start           End         Duration         Start         End         RA            Dec     
 2020-04-18      2020-11-10       206.00     259.48586      62.86626     294.11076      38.71022 
 2021-04-18      2021-11-10       206.08     259.73949      63.03784     294.11076      38.71022 
 2022-04-18      2022-11-11       207.00     259.99199      62.46707     294.11076      38.71022 
 2023-04-19      2023-11-11       206.00     259.41227      62.69000     294.11076      38.71022 


                V3PA          NIRCam           NIRSpec         NIRISS           MIRI          FGS
   Date      min    max      min    max       min    max     min    max      min    max      min    max

2020-04-19   255.74 263.07   255.71 263.04    33.22  40.56   255.17 262.50   260.75 268.08   254.48 261.82
2020-04-20   254.59 262.55   254.57 262.52    32.08  40.03   254.02 261.98   259.61 267.56   253.34 261.29
2020-04-21   253.45 262.02   253.42 262.00    30.94  39.51   252.88 261.45   258.47 267.04   252.20 260.77
2020-04-22   252.31 261.50   252.28 261.48    29.80  38.99   251.74 260.93   257.32 266.52   251.06 260.25
2020-04-23   251.17 260.98   251.14 260.96    28.66  38.47   250.60 260.41   256.18 266.00   249.92 259.73
2020-04-24   250.14 260.35   250.12 260.33    27.63  37.84   249.57 259.78   255.16 265.37   248.89 259.10
2020-04-25   249.32 259.52   249.29 259.50    26.81  37.01   248.75 258.95   254.33 264.54   248.07 258.27
2020-04-26   248.49 258.69   248.47 258.67    25.98  36.18   247.92 258.12   253.51 263.71   247.24 257.44
2020-04-27   247.67 257.87   247.64 257.84    25.15  35.36   247.10 257.30   252.68 262.88   246.42 256.62
2020-04-28   246.84 257.04   246.82 257.02    24.33  34.53   246.27 256.47   251.86 262.06   245.59 255.79
2020-04-29   246.02 256.22   245.99 256.19    23.50  33.70   245.45 255.65   251.03 261.23   244.77 254.97
2020-04-30   245.19 255.39   245.17 255.37    22.68  32.88   244.62 254.82   250.21 260.41   243.94 254.14
2020-05-01   244.37 254.57   244.34 254.54    21.85  32.06   243.80 254.00   249.38 259.58   243.12 253.32
2020-05-02   243.54 253.75   243.52 253.72    21.03  31.23   242.97 253.18   248.56 258.76   242.29 252.50
2020-05-03   242.72 252.92   242.69 252.90    20.20  30.41   242.15 252.35   247.73 257.94   241.47 251.67
2020-05-04   241.89 252.10   241.86 252.07    19.38  29.59   241.32 251.53   246.90 257.12   240.64 250.85
2020-05-05   241.06 251.28   241.04 251.25    18.55  28.76   240.49 250.71   246.08 256.29   239.81 250.03
2020-05-06   240.23 250.45   240.21 250.43    17.72  27.94   239.66 249.88   245.25 255.47   238.98 249.20
2020-05-07   239.40 249.63   239.38 249.60    16.89  27.12   238.83 249.06   244.42 254.65   238.15 248.38
2020-05-08   238.57 248.81   238.55 248.78    16.06  26.29   238.00 248.24   243.59 253.82   237.32 247.56
2020-05-09   237.74 247.98   237.72 247.96    15.23  25.47   237.17 247.41   242.76 253.00   236.49 246.73
2020-05-10   236.91 247.16   236.88 247.13    14.40  24.65   236.34 246.59   241.92 252.17   235.66 245.91
2020-05-11   236.07 246.33   236.05 246.31    13.56  23.82   235.50 245.76   241.09 251.35   234.82 245.08
2020-05-12   235.24 245.51   235.21 245.48    12.73  22.99   234.67 244.94   240.25 250.52   233.99 244.26
2020-05-13   234.40 244.68   234.37 244.65    11.89  22.17   233.83 244.11   239.41 249.69   233.15 243.43
2020-05-14   233.56 243.85   233.53 243.82    11.05  21.34   232.99 243.28   238.57 248.86   232.31 242.60
2020-05-15   232.72 243.02   232.69 242.99    10.20  20.51   232.15 242.45   237.73 248.03   231.47 241.77
2020-05-16   231.87 242.19   231.85 242.16     9.36  19.67   231.30 241.62   236.89 247.20   230.62 240.94
2020-05-17   231.03 241.35   231.00 241.33     8.51  18.84   230.46 240.78   236.04 246.37   229.77 240.10
2020-05-18   230.18 240.52   230.15 240.49     7.66  18.01   229.61 239.95   235.19 245.53   228.93 239.27
2020-05-19   229.32 239.68   229.30 239.65     6.81  17.17   228.75 239.11   234.34 244.70   228.07 238.43
2020-05-20   228.47 238.84   228.44 238.82     5.96  16.33   227.90 238.27   233.49 243.86   227.22 237.59
2020-05-21   227.61 238.00   227.59 237.97     5.10  15.49   227.04 237.43   232.63 243.02   226.36 236.75
2020-05-22   226.75 237.16   226.73 237.13     4.24  14.65   226.18 236.59   231.77 242.17   225.50 235.91
2020-05-23   225.89 236.31   225.86 236.29     3.38  13.80   225.32 235.74   230.90 241.33   224.64 235.06
2020-05-24   225.02 235.46   225.00 235.44     2.51  12.95   224.45 234.89   230.04 240.48   223.77 234.21
2020-05-25   224.15 234.61   224.13 234.59     1.64  12.10   223.58 234.04   229.17 239.63   222.90 233.36
2020-05-26   223.28 233.76   223.25 233.73     0.77  11.25   222.71 233.19   228.30 238.77   222.03 232.51
2020-05-27   222.40 232.90   222.38 232.88   359.89  10.39   221.83 232.33   227.42 237.92   221.15 231.65
2020-05-28   221.52 232.04   221.50 232.02   359.01   9.53   220.95 231.47   226.54 237.06   220.27 230.79
2020-05-29   220.64 231.18   220.61 231.15   358.13   8.67   220.07 230.61   225.65 236.20   219.39 229.93
2020-05-30   219.75 230.31   219.72 230.29   357.24   7.80   219.18 229.74   224.77 235.33   218.50 229.06
2020-05-31   218.86 229.44   218.83 229.42   356.35   6.93   218.29 228.87   223.87 234.46   217.61 228.19
2020-06-01   217.96 228.57   217.94 228.55   355.45   6.06   217.39 228.00   222.98 233.59   216.71 227.32
2020-06-02   217.06 227.69   217.04 227.67   354.55   5.18   216.49 227.12   222.08 232.71   215.81 226.44
2020-06-03   216.16 226.81   216.13 226.79   353.65   4.30   215.59 226.24   221.17 231.83   214.91 225.56
2020-06-04   215.25 225.93   215.22 225.90   352.74   3.42   214.68 225.36   220.27 230.95   214.00 224.68
2020-06-05   214.34 225.04   214.31 225.02   351.83   2.53   213.77 224.47   219.35 230.06   213.09 223.79
2020-06-06   213.42 224.15   213.39 224.12   350.91   1.64   212.85 223.58   218.44 229.17   212.17 222.90
2020-06-07   212.50 223.25   212.47 223.23   349.99   0.74   211.93 222.68   217.51 228.27   211.25 222.00
2020-06-08   211.57 222.35   211.55 222.33   349.06 359.84   211.00 221.78   216.59 227.37   210.32 221.10
2020-06-09   210.64 221.45   210.61 221.42   348.13 358.94   210.07 220.88   215.66 226.46   209.39 220.20
2020-06-10   209.70 220.54   209.68 220.51   347.19 358.03   209.13 219.97   214.72 225.55   208.45 219.29
2020-06-11   208.76 219.63   208.74 219.60   346.25 357.11   208.19 219.06   213.78 224.64   207.51 218.37
2020-06-12   207.82 218.71   207.79 218.68   345.30 356.19   207.25 218.14   212.83 223.72   206.57 217.46
2020-06-13   206.87 217.78   206.84 217.76   344.35 355.27   206.30 217.21   211.88 222.80   205.61 216.53
2020-06-14   205.91 216.86   205.88 216.83   343.40 354.34   205.34 216.29   210.92 221.87   204.66 215.60
2020-06-15   204.95 215.92   204.92 215.90   342.43 353.41   204.38 215.35   209.96 220.94   203.70 214.67
2020-06-16   203.98 214.98   203.95 214.96   341.47 352.47   203.41 214.41   209.00 220.00   202.73 213.73
2020-06-17   203.01 214.04   202.98 214.02   340.50 351.53   202.44 213.47   208.02 219.06   201.76 212.79
2020-06-18   202.03 213.09   202.01 213.07   339.52 350.58   201.46 212.52   207.05 218.11   200.78 211.84
2020-06-19   201.05 212.14   201.02 212.11   338.54 349.63   200.48 211.57   206.06 217.16   199.80 210.89
2020-06-20   200.06 211.18   200.04 211.16   337.55 348.67   199.49 210.61   205.08 216.20   198.81 209.93
2020-06-21   199.07 210.22   199.04 210.19   336.56 347.71   198.50 209.65   204.08 215.23   197.82 208.97
2020-06-22   198.07 209.25   198.04 209.22   335.56 346.74   197.50 208.68   203.09 214.26   196.82 208.00
2020-06-23   197.07 208.27   197.04 208.25   334.55 345.76   196.50 207.70   202.08 213.29   195.82 207.02
2020-06-24   196.06 207.29   196.03 207.27   333.55 344.78   195.49 206.72   201.07 212.31   194.81 206.04
2020-06-25   195.04 206.31   195.02 206.28   332.53 343.80   194.47 205.74   200.06 211.32   193.79 205.06
2020-06-26   194.02 205.32   194.00 205.29   331.51 342.81   193.45 204.75   199.04 210.33   192.77 204.07
2020-06-27   193.00 204.32   192.97 204.30   330.49 341.81   192.43 203.75   198.01 209.34   191.75 203.07
2020-06-28   191.97 203.32   191.94 203.29   329.46 340.81   191.40 202.75   196.98 208.34   190.72 202.07
2020-06-29   190.93 202.31   190.91 202.29   328.42 339.80   190.36 201.74   195.95 207.33   189.68 201.06
2020-06-30   189.89 201.30   189.87 201.28   327.38 338.79   189.32 200.73   194.91 206.32   188.64 200.05
2020-07-01   188.85 200.28   188.82 200.26   326.33 337.77   188.28 199.71   193.86 205.30   187.60 199.03
2020-07-02   187.80 199.26   187.77 199.23   325.28 336.75   187.23 198.69   192.81 204.28   186.55 198.01
2020-07-03   186.74 198.23   186.71 198.21   324.23 335.72   186.17 197.66   191.76 203.25   185.49 196.98
2020-07-04   185.68 197.20   185.65 197.17   323.17 334.69   185.11 196.63   190.70 202.21   184.43 195.95
2020-07-05   184.62 196.16   184.59 196.13   322.10 333.65   184.05 195.59   189.63 201.17   183.37 194.91
2020-07-06   183.55 195.11   183.52 195.09   321.03 332.60   182.98 194.54   188.56 200.13   182.30 193.86
2020-07-07   182.47 194.07   182.45 194.04   319.96 331.55   181.90 193.50   187.49 199.08   181.22 192.81
2020-07-08   181.39 193.01   181.37 192.98   318.88 330.50   180.82 192.44   186.41 198.03   180.14 191.76
2020-07-09   180.31 191.95   180.28 191.93   317.80 329.44   179.74 191.38   185.33 196.97   179.06 190.70
2020-07-10   179.22 190.89   179.20 190.86   316.71 328.38   178.65 190.32   184.24 195.90   177.97 189.64
2020-07-11   178.13 189.82   178.11 189.79   315.62 327.31   177.56 189.25   183.15 194.83   176.88 188.57
2020-07-12   177.04 188.75   177.01 188.72   314.53 326.23   176.47 188.18   182.05 193.76   175.79 187.49
2020-07-13   175.94 187.67   175.91 187.64   313.43 325.15   175.37 187.10   180.96 192.68   174.69 186.42
2020-07-14   174.84 186.59   174.81 186.56   312.33 324.07   174.27 186.02   179.85 191.60   173.59 185.33
2020-07-15   173.73 185.50   173.71 185.47   311.22 322.99   173.16 184.93   178.75 190.51   172.48 184.25
2020-07-16   172.63 184.41   172.60 184.38   310.11 321.90   172.06 183.84   177.64 189.42   171.38 183.16
2020-07-17   171.51 183.31   171.49 183.29   309.00 320.80   170.94 182.74   176.53 188.33   170.26 182.06
2020-07-18   170.40 182.22   170.37 182.19   307.89 319.70   169.83 181.65   175.42 187.23   169.15 180.97
2020-07-19   169.29 181.12   169.26 181.09   306.77 318.60   168.72 180.55   174.30 186.13   168.03 179.86
2020-07-20   168.17 180.01   168.14 179.98   305.65 317.50   167.60 179.44   173.18 185.03   166.92 178.76
2020-07-21   167.05 178.90   167.02 178.88   304.53 316.39   166.48 178.33   172.06 183.92   165.80 177.65
2020-07-22   165.93 177.79   165.90 177.77   303.41 315.28   165.36 177.22   170.94 182.81   164.67 176.54
2020-07-23   164.80 176.68   164.78 176.65   302.29 314.17   164.23 176.11   169.82 181.69   163.55 175.43
2020-07-24   163.68 175.56   163.65 175.54   301.16 313.05   163.11 174.99   168.69 180.58   162.43 174.31
2020-07-25   162.55 174.45   162.52 174.42   300.04 311.93   161.98 173.88   167.57 179.46   161.30 173.19
2020-07-26   161.42 173.33   161.40 173.30   298.91 310.81   160.85 172.76   166.44 178.34   160.17 172.07
2020-07-27   160.30 172.20   160.27 172.18   297.78 309.69   159.73 171.63   165.31 177.22   159.05 170.95
2020-07-28   159.17 171.08   159.14 171.05   296.66 308.57   158.60 170.51   164.19 176.10   157.92 169.83
2020-07-29   158.04 169.96   158.02 169.93   295.53 307.44   157.47 169.39   163.06 174.97   156.79 168.70
2020-07-30   156.91 168.83   156.89 168.80   294.40 306.32   156.34 168.26   161.93 173.84   155.66 167.58
2020-07-31   155.79 167.70   155.76 167.68   293.28 305.19   155.22 167.13   160.80 172.72   154.54 166.45
2020-08-01   154.66 166.58   154.63 166.55   292.15 304.06   154.09 166.01   159.68 171.59   153.41 165.33
2020-08-02   153.54 165.45   153.51 165.42   291.02 302.94   152.97 164.88   158.55 170.46   152.28 164.20
2020-08-03   152.41 164.32   152.38 164.29   289.90 301.81   151.84 163.75   157.43 169.34   151.16 163.07
2020-08-04   151.29 163.19   151.26 163.17   288.78 300.68   150.72 162.62   156.30 168.21   150.04 161.94
2020-08-05   150.17 162.07   150.14 162.04   287.65 299.55   149.60 161.50   155.18 167.08   148.92 160.81
2020-08-06   149.05 160.94   149.02 160.91   286.53 298.43   148.48 160.37   154.06 165.95   147.80 159.69
2020-08-07   147.93 159.81   147.90 159.79   285.42 297.30   147.36 159.24   152.94 164.83   146.68 158.56
2020-08-08   146.81 158.69   146.79 158.66   284.30 296.18   146.24 158.12   151.83 163.70   145.56 157.44
2020-08-09   145.70 157.56   145.67 157.54   283.19 295.05   145.13 156.99   150.72 162.58   144.45 156.31
2020-08-10   144.59 156.44   144.56 156.42   282.08 293.93   144.02 155.87   149.60 161.46   143.34 155.19
2020-08-11   143.48 155.32   143.45 155.29   280.97 292.81   142.91 154.75   148.50 160.34   142.23 154.07
2020-08-12   142.38 154.20   142.35 154.18   279.86 291.69   141.81 153.63   147.39 159.22   141.13 152.95
2020-08-13   141.28 153.09   141.25 153.06   278.76 290.57   140.71 152.52   146.29 158.10   140.02 151.84
2020-08-14   140.18 151.97   140.15 151.95   277.66 289.46   139.61 151.40   145.19 156.99   138.93 150.72
2020-08-15   139.08 150.86   139.06 150.83   276.57 288.35   138.51 150.29   144.10 155.88   137.83 149.61
2020-08-16   137.99 149.75   137.96 149.73   275.48 287.24   137.42 149.18   143.01 154.77   136.74 148.50
2020-08-17   136.90 148.65   136.88 148.62   274.39 286.13   136.33 148.08   141.92 153.66   135.65 147.39
2020-08-18   135.82 147.54   135.79 147.52   273.31 285.03   135.25 146.97   140.84 152.56   134.57 146.29
2020-08-19   134.74 146.44   134.71 146.42   272.23 283.93   134.17 145.87   139.76 151.46   133.49 145.19
2020-08-20   133.67 145.35   133.64 145.32   271.15 282.83   133.10 144.78   138.68 150.36   132.42 144.10
2020-08-21   132.60 144.25   132.57 144.23   270.08 281.74   132.03 143.68   137.61 149.27   131.34 143.00
2020-08-22   131.53 143.16   131.50 143.14   269.02 280.65   130.96 142.59   136.54 148.18   130.28 141.91
2020-08-23   130.47 142.08   130.44 142.05   267.96 279.57   129.90 141.51   135.48 147.09   129.22 140.83
2020-08-24   129.41 141.00   129.38 140.97   266.90 278.49   128.84 140.43   134.43 146.01   128.16 139.75
2020-08-25   128.36 139.92   128.33 139.89   265.85 277.41   127.79 139.35   133.37 144.94   127.11 138.67
2020-08-26   127.31 138.85   127.28 138.82   264.80 276.34   126.74 138.28   132.33 143.86   126.06 137.60
2020-08-27   126.27 137.78   126.24 137.75   263.76 275.27   125.70 137.21   131.28 142.79   125.02 136.53
2020-08-28   125.23 136.72   125.20 136.69   262.72 274.20   124.66 136.15   130.25 141.73   123.98 135.46
2020-08-29   124.20 135.66   124.17 135.63   261.69 273.14   123.63 135.09   129.21 140.67   122.95 134.40
2020-08-30   123.17 134.60   123.14 134.57   260.66 272.09   122.60 134.03   128.19 139.62   121.92 133.35
2020-08-31   122.15 133.55   122.12 133.52   259.63 271.04   121.58 132.98   127.16 138.57   120.90 132.30
2020-09-01   121.13 132.50   121.10 132.48   258.62 269.99   120.56 131.93   126.14 137.52   119.88 131.25
2020-09-02   120.12 131.46   120.09 131.44   257.60 268.95   119.55 130.89   125.13 136.48   118.87 130.21
2020-09-03   119.11 130.43   119.08 130.40   256.60 267.91   118.54 129.86   124.12 135.44   117.86 129.18
2020-09-04   118.11 129.40   118.08 129.37   255.59 266.88   117.54 128.83   123.12 134.41   116.86 128.15
2020-09-05   117.11 128.37   117.08 128.34   254.60 265.86   116.54 127.80   122.12 133.38   115.86 127.12
2020-09-06   116.12 127.35   116.09 127.32   253.60 264.84   115.55 126.78   121.13 132.36   114.87 126.10
2020-09-07   115.13 126.33   115.10 126.31   252.62 263.82   114.56 125.76   120.15 131.35   113.88 125.08
2020-09-08   114.15 125.32   114.12 125.29   251.64 262.81   113.58 124.75   119.16 130.34   112.90 124.07
2020-09-09   113.17 124.31   113.14 124.29   250.66 261.80   112.60 123.74   118.19 129.33   111.92 123.06
2020-09-10   112.20 123.31   112.17 123.29   249.69 260.80   111.63 122.74   117.21 128.33   110.95 122.06
2020-09-11   111.23 122.32   111.20 122.29   248.72 259.80   110.66 121.75   116.25 127.33   109.98 121.06
2020-09-12   110.27 121.32   110.24 121.30   247.76 258.81   109.70 120.75   115.28 126.34   109.02 120.07
2020-09-13   109.31 120.34   109.28 120.31   246.80 257.82   108.74 119.77   114.33 125.35   108.06 119.09
2020-09-14   108.36 119.36   108.33 119.33   245.85 256.84   107.79 118.79   113.37 124.37   107.11 118.10
2020-09-15   107.41 118.38   107.38 118.35   244.90 255.87   106.84 117.81   112.43 123.39   106.16 117.13
2020-09-16   106.47 117.41   106.44 117.38   243.95 254.89   105.90 116.84   111.48 122.42   105.22 116.16
2020-09-17   105.53 116.44   105.50 116.41   243.02 253.93   104.96 115.87   110.54 121.45   104.28 115.19
2020-09-18   104.59 115.48   104.57 115.45   242.08 252.96   104.02 114.91   109.61 120.49   103.34 114.23
2020-09-19   103.66 114.52   103.64 114.49   241.15 252.01   103.09 113.95   108.68 119.53   102.41 113.27
2020-09-20   102.74 113.57   102.71 113.54   240.22 251.05   102.17 113.00   107.75 118.58   101.49 112.31
2020-09-21   101.82 112.62   101.79 112.59   239.30 250.10   101.25 112.05   106.83 117.63   100.57 111.37
2020-09-22   100.90 111.67   100.87 111.65   238.39 249.16   100.33 111.10   105.91 116.69    99.65 110.42
2020-09-23    99.98 110.73    99.96 110.71   237.47 248.22    99.41 110.16   105.00 115.75    98.73 109.48
2020-09-24    99.08 109.80    99.05 109.77   236.56 247.29    98.51 109.23   104.09 114.81    97.82 108.55
2020-09-25    98.17 108.87    98.14 108.84   235.66 246.35    97.60 108.30   103.18 113.88    96.92 107.62
2020-09-26    97.27 107.94    97.24 107.91   234.76 245.43    96.70 107.37   102.28 112.95    96.02 106.69
2020-09-27    96.37 107.02    96.34 106.99   233.86 244.50    95.80 106.45   101.38 112.03    95.12 105.77
2020-09-28    95.47 106.10    95.45 106.07   232.96 243.59    94.90 105.53   100.49 111.11    94.22 104.85
2020-09-29    94.58 105.18    94.56 105.16   232.07 242.67    94.01 104.61    99.60 110.20    93.33 103.93
2020-09-30    93.70 104.27    93.67 104.25   231.18 241.76    93.13 103.70    98.71 109.29    92.44 103.02
2020-10-01    92.81 103.36    92.78 103.34   230.30 240.85    92.24 102.79    97.83 108.38    91.56 102.11
2020-10-02    91.93 102.46    91.90 102.43   229.42 239.95    91.36 101.89    96.94 107.48    90.68 101.21
2020-10-03    91.05 101.56    91.02 101.53   228.54 239.05    90.48 100.99    96.06 106.58    89.80 100.31
2020-10-04    90.17 100.66    90.15 100.64   227.66 238.15    89.60 100.09    95.19 105.68    88.92  99.41
2020-10-05    89.30  99.77    89.27  99.74   226.79 237.26    88.73  99.20    94.31 104.79    88.05  98.52
2020-10-06    88.43  98.88    88.40  98.85   225.92 236.37    87.86  98.31    93.44 103.90    87.18  97.63
2020-10-07    87.56  97.99    87.53  97.97   225.05 235.48    86.99  97.42    92.58 103.01    86.31  96.74
2020-10-08    86.69  97.11    86.67  97.08   224.18 234.60    86.12  96.54    91.71 102.12    85.44  95.86
2020-10-09    85.83  96.23    85.80  96.20   223.32 233.71    85.26  95.66    90.84 101.24    84.58  94.98
2020-10-10    84.97  95.35    84.94  95.32   222.46 232.84    84.40  94.78    89.98 100.36    83.72  94.10
2020-10-11    84.11  94.47    84.08  94.45   221.60 231.96    83.54  93.90    89.12  99.49    82.86  93.22
2020-10-12    83.25  93.60    83.22  93.57   220.74 231.09    82.68  93.03    88.26  98.61    82.00  92.35
2020-10-13    82.39  92.73    82.37  92.70   219.88 230.21    81.82  92.16    87.41  97.74    81.14  91.48
2020-10-14    81.54  91.86    81.51  91.83   219.03 229.35    80.97  91.29    86.55  96.87    80.29  90.61
2020-10-15    80.68  90.99    80.66  90.96   218.17 228.48    80.11  90.42    85.70  96.01    79.43  89.74
2020-10-16    79.83  90.13    79.81  90.10   217.32 227.61    79.26  89.56    84.85  95.14    78.58  88.88
2020-10-17    78.98  89.26    78.95  89.24   216.47 226.75    78.41  88.69    84.00  94.28    77.73  88.01
2020-10-18    78.13  88.40    78.10  88.38   215.62 225.89    77.56  87.83    83.15  93.42    76.88  87.15
2020-10-19    77.28  87.54    77.25  87.52   214.77 225.03    76.71  86.97    82.30  92.56    76.03  86.29
2020-10-20    76.43  86.68    76.41  86.66   213.92 224.17    75.86  86.11    81.45  91.70    75.18  85.43
2020-10-21    75.58  85.83    75.56  85.80   213.07 223.31    75.01  85.26    80.60  90.84    74.33  84.58
2020-10-22    74.74  84.97    74.71  84.94   212.22 222.46    74.17  84.40    79.75  89.99    73.48  83.72
2020-10-23    73.89  84.12    73.86  84.09   211.38 221.60    73.32  83.55    78.90  89.13    72.64  82.87
2020-10-24    73.04  83.26    73.01  83.24   210.53 220.75    72.47  82.69    78.06  88.28    71.79  82.01
2020-10-25    72.19  82.41    72.17  82.38   209.68 219.90    71.62  81.84    77.21  87.43    70.94  81.16
2020-10-26    71.35  81.56    71.32  81.53   208.83 219.05    70.78  80.99    76.36  86.57    70.10  80.31
2020-10-27    70.50  80.71    70.47  80.68   207.99 218.19    69.93  80.14    75.51  85.72    69.25  79.46
2020-10-28    69.65  79.86    69.62  79.83   207.14 217.34    69.08  79.29    74.67  84.87    68.40  78.60
2020-10-29    68.80  79.00    68.78  78.98   206.29 216.49    68.23  78.43    73.82  84.02    67.55  77.75
2020-10-30    67.95  78.15    67.93  78.13   205.44 215.64    67.38  77.58    72.97  83.17    66.70  76.90
2020-10-31    67.10  77.30    67.08  77.28   204.59 214.79    66.53  76.73    72.12  82.32    65.85  76.05
2020-11-01    66.25  76.45    66.22  76.42   203.74 213.94    65.68  75.88    71.27  81.47    65.00  75.20
2020-11-02    65.40  75.60    65.37  75.57   202.89 213.09    64.83  75.03    70.41  80.62    64.15  74.35
2020-11-03    64.55  74.75    64.52  74.72   202.03 212.24    63.98  74.18    69.56  79.76    63.29  73.50
2020-11-04    63.69  73.90    63.66  73.87   201.18 211.38    63.12  73.33    68.71  78.91    62.44  72.65
2020-11-05    62.83  73.04    62.81  73.02   200.32 210.53    62.26  72.47    67.85  78.06    61.58  71.79
2020-11-06    62.19  71.98    62.16  71.95   199.67 209.47    61.62  71.41    67.20  76.99    60.94  70.73
2020-11-07    61.65  70.80    61.62  70.78   199.14 208.29    61.08  70.23    66.66  75.82    60.40  69.55
2020-11-08    61.11  69.62    61.08  69.60   198.60 207.11    60.54  69.05    66.12  74.64    59.86  68.37
2020-11-09    60.57  68.45    60.54  68.42   198.05 205.93    60.00  67.88    65.58  73.46    59.32  67.20
2020-11-10    60.02  67.27    59.99  67.24   197.51 204.75    59.45  66.70    65.04  72.28    58.77  66.02

2021-04-19   256.08 263.23   256.06 263.20    33.57  40.71   255.51 262.66   261.10 268.24   254.83 261.98
2021-04-20   254.94 262.70   254.91 262.68    32.43  40.19   254.37 262.13   259.96 267.72   253.69 261.45
2021-04-21   253.80 262.18   253.77 262.15    31.28  39.67   253.23 261.61   258.81 267.20   252.55 260.93
2021-04-22   252.65 261.66   252.63 261.63    30.14  39.15   252.08 261.09   257.67 266.68   251.40 260.41
2021-04-23   251.51 261.14   251.49 261.12    29.00  38.63   250.94 260.57   256.53 266.16   250.26 259.89
2021-04-24   250.39 260.60   250.37 260.58    27.88  38.09   249.82 260.03   255.41 265.62   249.14 259.35
2021-04-25   249.57 259.77   249.54 259.75    27.06  37.26   249.00 259.20   254.58 264.79   248.32 258.52
2021-04-26   248.74 258.95   248.72 258.92    26.23  36.43   248.17 258.38   253.76 263.96   247.49 257.69
2021-04-27   247.92 258.12   247.89 258.09    25.40  35.61   247.35 257.55   252.93 263.13   246.67 256.87
2021-04-28   247.09 257.29   247.06 257.27    24.58  34.78   246.52 256.72   252.11 262.31   245.84 256.04
2021-04-29   246.27 256.47   246.24 256.44    23.75  33.95   245.70 255.90   251.28 261.48   245.02 255.22
2021-04-30   245.44 255.64   245.41 255.61    22.93  33.13   244.87 255.07   250.46 260.66   244.19 254.39
2021-05-01   244.62 254.82   244.59 254.79    22.10  32.30   244.05 254.25   249.63 259.83   243.36 253.57
2021-05-02   243.79 253.99   243.76 253.97    21.28  31.48   243.22 253.42   248.80 259.01   242.54 252.74
2021-05-03   242.96 253.17   242.94 253.14    20.45  30.66   242.39 252.60   247.98 258.18   241.71 251.92
2021-05-04   242.14 252.35   242.11 252.32    19.62  29.83   241.57 251.78   247.15 257.36   240.89 251.10
2021-05-05   241.31 251.52   241.28 251.50    18.80  29.01   240.74 250.95   246.32 256.54   240.06 250.27
2021-05-06   240.48 250.70   240.45 250.67    17.97  28.19   239.91 250.13   245.49 255.71   239.23 249.45
2021-05-07   239.65 249.87   239.62 249.85    17.14  27.36   239.08 249.30   244.67 254.89   238.40 248.62
2021-05-08   238.82 249.05   238.79 249.02    16.31  26.54   238.25 248.48   243.83 254.07   237.57 247.80
2021-05-09   237.99 248.23   237.96 248.20    15.47  25.71   237.42 247.66   243.00 253.24   236.74 246.98
2021-05-10   237.15 247.40   237.13 247.37    14.64  24.89   236.58 246.83   242.17 252.42   235.90 246.15
2021-05-11   236.32 246.57   236.29 246.55    13.81  24.06   235.75 246.00   241.33 251.59   235.07 245.32
2021-05-12   235.48 245.75   235.45 245.72    12.97  23.23   234.91 245.18   240.50 250.76   234.23 244.50
2021-05-13   234.64 244.92   234.62 244.89    12.13  22.41   234.07 244.35   239.66 249.93   233.39 243.67
2021-05-14   233.80 244.09   233.78 244.06    11.29  21.58   233.23 243.52   238.82 249.10   232.55 242.84
2021-05-15   232.96 243.26   232.93 243.23    10.45  20.75   232.39 242.69   237.97 248.27   231.71 242.01
2021-05-16   232.11 242.43   232.09 242.40     9.60  19.91   231.54 241.86   237.13 247.44   230.86 241.18
2021-05-17   231.27 241.59   231.24 241.57     8.75  19.08   230.70 241.02   236.28 246.61   230.02 240.34
2021-05-18   230.42 240.76   230.39 240.73     7.91  18.24   229.85 240.19   235.43 245.77   229.17 239.51
2021-05-19   229.57 239.92   229.54 239.89     7.05  17.41   229.00 239.35   234.58 244.93   228.31 238.67
2021-05-20   228.71 239.08   228.68 239.05     6.20  16.57   228.14 238.51   233.73 244.09   227.46 237.83
2021-05-21   227.85 238.24   227.83 238.21     5.34  15.73   227.28 237.67   232.87 243.25   226.60 236.99
2021-05-22   226.99 237.39   226.97 237.37     4.48  14.88   226.42 236.82   232.01 242.41   225.74 236.14
2021-05-23   226.13 236.55   226.10 236.52     3.62  14.03   225.56 235.98   231.14 241.56   224.88 235.30
2021-05-24   225.26 235.70   225.24 235.67     2.75  13.19   224.69 235.13   230.28 240.71   224.01 234.45
2021-05-25   224.39 234.85   224.37 234.82     1.88  12.33   223.82 234.28   229.41 239.86   223.14 233.60
2021-05-26   223.52 233.99   223.49 233.97     1.01  11.48   222.95 233.42   228.53 239.01   222.27 232.74
2021-05-27   222.64 233.14   222.61 233.11     0.13  10.62   222.07 232.57   227.66 238.15   221.39 231.89
2021-05-28   221.76 232.28   221.73 232.25   359.25   9.76   221.19 231.71   226.78 237.29   220.51 231.02
2021-05-29   220.88 231.41   220.85 231.39   358.36   8.90   220.31 230.84   225.89 236.43   219.63 230.16
2021-05-30   219.99 230.55   219.96 230.52   357.48   8.03   219.42 229.98   225.00 235.56   218.74 229.30
2021-05-31   219.10 229.68   219.07 229.65   356.58   7.16   218.53 229.11   224.11 234.69   217.85 228.43
2021-06-01   218.20 228.80   218.17 228.78   355.69   6.29   217.63 228.23   223.22 233.82   216.95 227.55
2021-06-02   217.30 227.93   217.27 227.90   354.79   5.41   216.73 227.36   222.31 232.94   216.05 226.67
2021-06-03   216.39 227.04   216.37 227.02   353.88   4.53   215.82 226.47   221.41 232.06   215.14 225.79
2021-06-04   215.49 226.16   215.46 226.13   352.97   3.65   214.92 225.59   220.50 231.18   214.24 224.91
2021-06-05   214.57 225.27   214.55 225.25   352.06   2.76   214.00 224.70   219.59 230.29   213.32 224.02
2021-06-06   213.65 224.38   213.63 224.35   351.14   1.87   213.08 223.81   218.67 229.39   212.40 223.13
2021-06-07   212.73 223.48   212.71 223.46   350.22   0.97   212.16 222.91   217.75 228.50   211.48 222.23
2021-06-08   211.80 222.58   211.78 222.56   349.29   0.07   211.23 222.01   216.82 227.60   210.55 221.33
2021-06-09   210.87 221.68   210.85 221.65   348.36 359.16   210.30 221.11   215.89 226.69   209.62 220.43
2021-06-10   209.94 220.77   209.91 220.74   347.42 358.25   209.37 220.20   214.95 225.78   208.69 219.52
2021-06-11   208.99 219.85   208.97 219.83   346.48 357.34   208.42 219.28   214.01 224.87   207.74 218.60
2021-06-12   208.05 218.93   208.02 218.91   345.54 356.42   207.48 218.36   213.06 223.95   206.80 217.68
2021-06-13   207.10 218.01   207.07 217.98   344.58 355.50   206.53 217.44   212.11 223.02   205.85 216.76
2021-06-14   206.14 217.08   206.11 217.05   343.63 354.57   205.57 216.51   211.15 222.10   204.89 215.83
2021-06-15   205.18 216.15   205.15 216.12   342.66 353.63   204.61 215.58   210.19 221.16   203.93 214.90
2021-06-16   204.21 215.21   204.18 215.18   341.70 352.70   203.64 214.64   209.23 220.22   202.96 213.96
2021-06-17   203.24 214.27   203.21 214.24   340.73 351.75   202.67 213.70   208.25 219.28   201.99 213.01
2021-06-18   202.26 213.32   202.23 213.29   339.75 350.80   201.69 212.75   207.28 218.33   201.01 212.07
2021-06-19   201.28 212.36   201.25 212.34   338.77 349.85   200.71 211.79   206.29 217.38   200.03 211.11
2021-06-20   200.29 211.40   200.26 211.38   337.78 348.89   199.72 210.83   205.30 216.42   199.04 210.15
2021-06-21   199.30 210.44   199.27 210.41   336.78 347.93   198.73 209.87   204.31 215.46   198.05 209.19
2021-06-22   198.30 209.47   198.27 209.44   335.78 346.96   197.73 208.90   203.31 214.49   197.05 208.22
2021-06-23   197.29 208.50   197.27 208.47   334.78 345.98   196.72 207.93   202.31 213.51   196.04 207.25
2021-06-24   196.28 207.52   196.26 207.49   333.77 345.00   195.71 206.95   201.30 212.53   195.03 206.26
2021-06-25   195.27 206.53   195.24 206.50   332.76 344.02   194.70 205.96   200.28 211.55   194.02 205.28
2021-06-26   194.25 205.54   194.22 205.51   331.74 343.03   193.68 204.97   199.26 210.55   193.00 204.29
2021-06-27   193.22 204.54   193.20 204.52   330.71 342.03   192.65 203.97   198.24 209.56   191.97 203.29
2021-06-28   192.19 203.54   192.17 203.51   329.68 341.03   191.62 202.97   197.21 208.56   190.94 202.29
2021-06-29   191.16 202.53   191.13 202.51   328.64 340.02   190.59 201.96   196.17 207.55   189.91 201.28
2021-06-30   190.12 201.52   190.09 201.49   327.60 339.01   189.55 200.95   195.13 206.54   188.87 200.27
2021-07-01   189.07 200.50   189.04 200.48   326.56 337.99   188.50 199.93   194.09 205.52   187.82 199.25
2021-07-02   188.02 199.48   187.99 199.45   325.51 336.97   187.45 198.91   193.04 204.49   186.77 198.23
2021-07-03   186.96 198.45   186.94 198.42   324.45 335.94   186.39 197.88   191.98 203.47   185.71 197.20
2021-07-04   185.90 197.42   185.88 197.39   323.39 334.90   185.33 196.85   190.92 202.43   184.65 196.17
2021-07-05   184.84 196.38   184.81 196.35   322.33 333.87   184.27 195.81   189.85 201.39   183.59 195.13
2021-07-06   183.77 195.33   183.74 195.31   321.26 332.82   183.20 194.76   188.78 200.35   182.52 194.08
2021-07-07   182.70 194.28   182.67 194.26   320.18 331.77   182.13 193.71   187.71 199.30   181.44 193.03
2021-07-08   181.62 193.23   181.59 193.20   319.10 330.72   181.05 192.66   186.63 198.25   180.37 191.98
2021-07-09   180.53 192.17   180.51 192.14   318.02 329.66   179.96 191.60   185.55 197.19   179.28 190.92
2021-07-10   179.45 191.11   179.42 191.08   316.94 328.59   178.88 190.54   184.46 196.12   178.20 189.86
2021-07-11   178.36 190.04   178.33 190.01   315.84 327.53   177.79 189.47   183.37 195.05   177.11 188.79
2021-07-12   177.26 188.97   177.24 188.94   314.75 326.45   176.69 188.40   182.28 193.98   176.01 187.72
2021-07-13   176.17 187.89   176.14 187.86   313.65 325.38   175.60 187.32   181.18 192.90   174.91 186.64
2021-07-14   175.06 186.81   175.04 186.78   312.55 324.29   174.49 186.24   180.08 191.82   173.81 185.56
2021-07-15   173.96 185.72   173.93 185.70   311.45 323.21   173.39 185.15   178.97 190.74   172.71 184.47
2021-07-16   172.85 184.63   172.83 184.61   310.34 322.12   172.28 184.06   177.87 189.65   171.60 183.38
2021-07-17   171.74 183.54   171.72 183.51   309.23 321.03   171.17 182.97   176.76 188.55   170.49 182.29
2021-07-18   170.63 182.44   170.60 182.42   308.12 319.93   170.06 181.87   175.64 187.46   169.38 181.19
2021-07-19   169.51 181.34   169.49 181.31   307.00 318.83   168.94 180.77   174.53 186.36   168.26 180.09
2021-07-20   168.40 180.24   168.37 180.21   305.88 317.73   167.83 179.67   173.41 185.25   167.15 178.99
2021-07-21   167.28 179.13   167.25 179.10   304.77 316.62   166.71 178.56   172.29 184.15   166.03 177.88
2021-07-22   166.16 178.02   166.13 178.00   303.64 315.51   165.59 177.45   171.17 183.04   164.91 176.77
2021-07-23   165.04 176.91   165.01 176.88   302.52 314.40   164.47 176.34   170.05 181.93   163.78 175.66
2021-07-24   163.91 175.80   163.89 175.77   301.40 313.28   163.34 175.23   168.93 180.81   162.66 174.54
2021-07-25   162.79 174.68   162.76 174.65   300.27 312.17   162.22 174.11   167.80 179.69   161.54 173.43
2021-07-26   161.66 173.56   161.64 173.53   299.15 311.05   161.09 172.99   166.68 178.58   160.41 172.31
2021-07-27   160.54 172.44   160.51 172.41   298.02 309.93   159.97 171.87   165.55 177.46   159.29 171.19
2021-07-28   159.41 171.32   159.38 171.29   296.90 308.81   158.84 170.75   164.43 176.33   158.16 170.07
2021-07-29   158.28 170.20   158.26 170.17   295.77 307.68   157.71 169.63   163.30 175.21   157.03 168.94
2021-07-30   157.16 169.07   157.13 169.04   294.64 306.56   156.59 168.50   162.17 174.09   155.91 167.82
2021-07-31   156.03 167.95   156.01 167.92   293.52 305.43   155.46 167.38   161.05 172.96   154.78 166.70
2021-08-01   154.91 166.82   154.88 166.79   292.39 304.31   154.34 166.25   159.92 171.84   153.66 165.57
2021-08-02   153.78 165.69   153.76 165.67   291.27 303.18   153.21 165.12   158.80 170.71   152.53 164.44
2021-08-03   152.66 164.57   152.63 164.54   290.15 302.06   152.09 164.00   157.67 169.58   151.41 163.32
2021-08-04   151.54 163.44   151.51 163.42   289.03 300.93   150.97 162.87   156.55 168.46   150.29 162.19
2021-08-05   150.42 162.32   150.39 162.29   287.91 299.80   149.85 161.75   155.43 167.33   149.17 161.07
2021-08-06   149.30 161.19   149.27 161.16   286.79 298.68   148.73 160.62   154.31 166.21   148.05 159.94
2021-08-07   148.18 160.07   148.16 160.04   285.67 297.55   147.61 159.50   153.20 165.08   146.93 158.82
2021-08-08   147.07 158.94   147.04 158.92   284.56 296.43   146.50 158.37   152.08 163.96   145.82 157.69
2021-08-09   145.96 157.82   145.93 157.80   283.44 295.31   145.39 157.25   150.97 162.84   144.71 156.57
2021-08-10   144.85 156.70   144.82 156.67   282.34 294.19   144.28 156.13   149.86 161.72   143.60 155.45
2021-08-11   143.74 155.58   143.71 155.56   281.23 293.07   143.17 155.01   148.76 160.60   142.49 154.33
2021-08-12   142.64 154.47   142.61 154.44   280.13 291.95   142.07 153.90   147.65 159.48   141.39 153.21
2021-08-13   141.54 153.35   141.51 153.32   279.02 290.84   140.97 152.78   146.55 158.37   140.29 152.10
2021-08-14   140.44 152.24   140.41 152.21   277.93 289.73   139.87 151.67   145.46 157.25   139.19 150.99
2021-08-15   139.35 151.13   139.32 151.10   276.83 288.61   138.78 150.56   144.36 156.14   138.10 149.88
2021-08-16   138.26 150.02   138.23 149.99   275.74 287.51   137.69 149.45   143.27 155.04   137.01 148.77
2021-08-17   137.17 148.92   137.14 148.89   274.66 286.40   136.60 148.35   142.19 153.93   135.92 147.66
2021-08-18   136.09 147.81   136.06 147.79   273.58 285.30   135.52 147.24   141.10 152.83   134.84 146.56
2021-08-19   135.01 146.72   134.98 146.69   272.50 284.20   134.44 146.15   140.03 151.73   133.76 145.46
2021-08-20   133.94 145.62   133.91 145.59   271.42 283.11   133.37 145.05   138.95 150.64   132.69 144.37
2021-08-21   132.87 144.53   132.84 144.50   270.35 282.02   132.30 143.96   137.88 149.54   131.62 143.28
2021-08-22   131.80 143.44   131.77 143.41   269.29 280.93   131.23 142.87   136.82 148.46   130.55 142.19
2021-08-23   130.74 142.36   130.71 142.33   268.23 279.84   130.17 141.79   135.76 147.37   129.49 141.11
2021-08-24   129.68 141.28   129.66 141.25   267.17 278.76   129.11 140.71   134.70 146.29   128.43 140.03
2021-08-25   128.63 140.20   128.61 140.17   266.12 277.69   128.06 139.63   133.65 145.21   127.38 138.95
2021-08-26   127.59 139.13   127.56 139.10   265.07 276.62   127.02 138.56   132.60 144.14   126.34 137.88
2021-08-27   126.54 138.06   126.52 138.03   264.03 275.55   125.97 137.49   131.56 143.08   125.29 136.81
2021-08-28   125.51 137.00   125.48 136.97   262.99 274.48   124.94 136.43   130.52 142.01   124.26 135.75
2021-08-29   124.47 135.94   124.45 135.91   261.96 273.42   123.90 135.37   129.49 140.95   123.22 134.69
2021-08-30   123.45 134.88   123.42 134.86   260.93 272.37   122.88 134.31   128.46 139.90   122.20 133.63
2021-08-31   122.43 133.83   122.40 133.81   259.91 271.32   121.86 133.26   127.44 138.85   121.17 132.58
2021-09-01   121.41 132.79   121.38 132.76   258.90 270.28   120.84 132.22   126.42 137.80   120.16 131.54
2021-09-02   120.40 131.75   120.37 131.72   257.88 269.24   119.83 131.18   125.41 136.76   119.14 130.50
2021-09-03   119.39 130.71   119.36 130.69   256.88 268.20   118.82 130.14   124.40 135.73   118.14 129.46
2021-09-04   118.39 129.68   118.36 129.65   255.87 267.17   117.82 129.11   123.40 134.70   117.14 128.43
2021-09-05   117.39 128.66   117.36 128.63   254.88 266.14   116.82 128.09   122.40 133.67   116.14 127.40
2021-09-06   116.40 127.63   116.37 127.61   253.88 265.12   115.83 127.06   121.41 132.65   115.15 126.38
2021-09-07   115.41 126.62   115.38 126.59   252.90 264.11   114.84 126.05   120.43 131.63   114.16 125.37
2021-09-08   114.43 125.61   114.40 125.58   251.92 263.09   113.86 125.04   119.44 130.62   113.18 124.36
2021-09-09   113.45 124.60   113.42 124.57   250.94 262.09   112.88 124.03   118.47 129.62   112.20 123.35
2021-09-10   112.48 123.60   112.45 123.57   249.97 261.09   111.91 123.03   117.49 128.61   111.23 122.35
2021-09-11   111.51 122.60   111.48 122.58   249.00 260.09   110.94 122.03   116.53 127.62   110.26 121.35
2021-09-12   110.55 121.61   110.52 121.58   248.04 259.10   109.98 121.04   115.56 126.63   109.30 120.36
2021-09-13   109.59 120.62   109.56 120.60   247.08 258.11   109.02 120.05   114.61 125.64   108.34 119.37
2021-09-14   108.64 119.64   108.61 119.62   246.13 257.13   108.07 119.07   113.65 124.66   107.39 118.39
2021-09-15   107.69 118.66   107.66 118.64   245.18 256.15   107.12 118.09   112.70 123.68   106.44 117.41
2021-09-16   106.75 117.69   106.72 117.67   244.23 255.18   106.18 117.12   111.76 122.71   105.50 116.44
2021-09-17   105.81 116.73   105.78 116.70   243.29 254.21   105.24 116.16   110.82 121.74   104.56 115.47
2021-09-18   104.87 115.76   104.85 115.74   242.36 253.25   104.30 115.19   109.89 120.78   103.62 114.51
2021-09-19   103.94 114.80   103.91 114.78   241.43 252.29   103.37 114.23   108.96 119.82   102.69 113.55
2021-09-20   103.02 113.85   102.99 113.82   240.50 251.34   102.45 113.28   108.03 118.87   101.76 112.60
2021-09-21   102.09 112.90   102.07 112.87   239.58 250.39   101.52 112.33   107.11 117.92   100.84 111.65
2021-09-22   101.18 111.96   101.15 111.93   238.66 249.44   100.61 111.39   106.19 116.97    99.92 110.71
2021-09-23   100.26 111.02   100.23 110.99   237.75 248.50    99.69 110.45   105.28 116.03    99.01 109.77
2021-09-24    99.35 110.08    99.32 110.05   236.84 247.57    98.78 109.51   104.37 115.10    98.10 108.83
2021-09-25    98.45 109.15    98.42 109.12   235.93 246.64    97.88 108.58   103.46 114.16    97.19 107.90
2021-09-26    97.54 108.22    97.52 108.19   235.03 245.71    96.97 107.65   102.56 113.24    96.29 106.97
2021-09-27    96.64 107.30    96.62 107.27   234.13 244.79    96.07 106.73   101.66 112.31    95.39 106.05
2021-09-28    95.75 106.38    95.72 106.35   233.24 243.87    95.18 105.81   100.76 111.39    94.50 105.13
2021-09-29    94.86 105.46    94.83 105.44   232.34 242.95    94.29 104.89    99.87 110.48    93.61 104.21
2021-09-30    93.97 104.55    93.94 104.52   231.46 242.04    93.40 103.98    98.98 109.57    92.72 103.30
2021-10-01    93.08 103.64    93.06 103.62   230.57 241.13    92.51 103.07    98.10 108.66    91.83 102.39
2021-10-02    92.20 102.74    92.17 102.71   229.69 240.23    91.63 102.17    97.21 107.75    90.95 101.49
2021-10-03    91.32 101.84    91.29 101.81   228.81 239.32    90.75 101.27    96.34 106.85    90.07 100.59
2021-10-04    90.44 100.94    90.42 100.91   227.93 238.43    89.87 100.37    95.46 105.95    89.19  99.69
2021-10-05    89.57 100.05    89.54 100.02   227.06 237.53    89.00  99.48    94.58 105.06    88.32  98.79
2021-10-06    88.70  99.15    88.67  99.13   226.18 236.64    88.13  98.58    93.71 104.17    87.45  97.90
2021-10-07    87.83  98.27    87.80  98.24   225.32 235.75    87.26  97.70    92.84 103.28    86.58  97.02
2021-10-08    86.96  97.38    86.93  97.35   224.45 234.87    86.39  96.81    91.98 102.40    85.71  96.13
2021-10-09    86.10  96.50    86.07  96.47   223.58 233.99    85.53  95.93    91.11 101.51    84.85  95.25
2021-10-10    85.23  95.62    85.21  95.59   222.72 233.11    84.66  95.05    90.25 100.63    83.98  94.37
2021-10-11    84.37  94.74    84.35  94.71   221.86 232.23    83.80  94.17    89.39  99.76    83.12  93.49
2021-10-12    83.51  93.87    83.49  93.84   221.00 231.35    82.94  93.30    88.53  98.88    82.26  92.62
2021-10-13    82.66  92.99    82.63  92.97   220.14 230.48    82.09  92.42    87.67  98.01    81.41  91.74
2021-10-14    81.80  92.12    81.77  92.10   219.29 229.61    81.23  91.55    86.82  97.14    80.55  90.87
2021-10-15    80.95  91.26    80.92  91.23   218.43 228.74    80.38  90.69    85.96  96.27    79.69  90.01
2021-10-16    80.09  90.39    80.07  90.36   217.58 227.88    79.52  89.82    85.11  95.41    78.84  89.14
2021-10-17    79.24  89.53    79.21  89.50   216.73 227.01    78.67  88.96    84.26  94.54    77.99  88.28
2021-10-18    78.39  88.66    78.36  88.64   215.88 226.15    77.82  88.09    83.40  93.68    77.14  87.41
2021-10-19    77.54  87.80    77.51  87.78   215.03 225.29    76.97  87.23    82.55  92.82    76.29  86.55
2021-10-20    76.69  86.94    76.66  86.92   214.18 224.43    76.12  86.37    81.70  91.96    75.44  85.69
2021-10-21    75.84  86.09    75.81  86.06   213.33 223.57    75.27  85.52    80.85  91.10    74.59  84.84
2021-10-22    74.99  85.23    74.96  85.20   212.48 222.72    74.42  84.66    80.01  90.24    73.74  83.98
2021-10-23    74.14  84.37    74.12  84.35   211.63 221.86    73.57  83.80    79.16  89.39    72.89  83.12
2021-10-24    73.29  83.52    73.27  83.49   210.78 221.01    72.72  82.95    78.31  88.53    72.04  82.27
2021-10-25    72.45  82.66    72.42  82.64   209.93 220.15    71.88  82.09    77.46  87.68    71.20  81.41
2021-10-26    71.60  81.81    71.57  81.78   209.09 219.30    71.03  81.24    76.61  86.83    70.35  80.56
2021-10-27    70.75  80.96    70.72  80.93   208.24 218.45    70.18  80.39    75.76  85.97    69.50  79.71
2021-10-28    69.90  80.11    69.87  80.08   207.39 217.59    69.33  79.54    74.92  85.12    68.65  78.86
2021-10-29    69.05  79.25    69.02  79.23   206.54 216.74    68.48  78.68    74.07  84.27    67.80  78.00
2021-10-30    68.20  78.40    68.17  78.38   205.69 215.89    67.63  77.83    73.22  83.42    66.95  77.15
2021-10-31    67.35  77.55    67.32  77.52   204.84 215.04    66.78  76.98    72.37  82.57    66.10  76.30
2021-11-01    66.50  76.70    66.47  76.67   203.99 214.19    65.93  76.13    71.51  81.71    65.25  75.45
2021-11-02    65.65  75.85    65.62  75.82   203.13 213.33    65.08  75.28    70.66  80.86    64.39  74.59
2021-11-03    64.79  74.99    64.76  74.97   202.28 212.48    64.22  74.42    69.81  80.01    63.54  73.74
2021-11-04    63.94  74.14    63.91  74.11   201.42 211.63    63.37  73.57    68.95  79.15    62.68  72.89
2021-11-05    63.08  73.29    63.05  73.26   200.57 210.77    62.51  72.72    68.09  78.30    61.83  72.03
2021-11-06    62.33  72.32    62.31  72.29   199.82 209.80    61.76  71.75    67.35  77.33    61.08  71.07
2021-11-07    61.79  71.14    61.77  71.11   199.28 208.63    61.22  70.57    66.81  76.15    60.54  69.89
2021-11-08    61.25  69.96    61.23  69.93   198.74 207.45    60.68  69.39    66.27  74.98    60.00  68.71
2021-11-09    60.71  68.78    60.68  68.76   198.20 206.27    60.14  68.21    65.73  73.80    59.46  67.53
2021-11-10    60.16  67.60    60.14  67.57   197.65 205.09    59.59  67.03    65.18  72.62    58.91  66.35

2022-04-19   256.43 263.39   256.40 263.36    33.92  40.87   255.86 262.82   261.45 268.40   255.18 262.14
2022-04-20   255.28 262.86   255.26 262.84    32.77  40.35   254.71 262.29   260.30 267.88   254.03 261.61
2022-04-21   254.14 262.34   254.11 262.31    31.63  39.83   253.57 261.77   259.16 267.35   252.89 261.09
2022-04-22   253.00 261.82   252.97 261.79    30.48  39.31   252.43 261.25   258.01 266.83   251.75 260.57
2022-04-23   251.85 261.30   251.83 261.27    29.34  38.79   251.28 260.73   256.87 266.31   250.60 260.05
2022-04-24   250.71 260.78   250.68 260.76    28.20  38.27   250.14 260.21   255.73 265.80   249.46 259.53
2022-04-25   249.81 260.02   249.79 260.00    27.30  37.51   249.24 259.45   254.83 265.04   248.56 258.77
2022-04-26   248.99 259.19   248.96 259.17    26.48  36.68   248.42 258.62   254.00 264.21   247.74 257.94
2022-04-27   248.16 258.36   248.14 258.34    25.65  35.85   247.59 257.79   253.18 263.38   246.91 257.11
2022-04-28   247.34 257.54   247.31 257.51    24.82  35.02   246.77 256.97   252.35 262.55   246.09 256.29
2022-04-29   246.51 256.71   246.48 256.68    24.00  34.20   245.94 256.14   251.53 261.73   245.26 255.46
2022-04-30   245.68 255.88   245.66 255.86    23.17  33.37   245.11 255.31   250.70 260.90   244.43 254.63
2022-05-01   244.86 255.06   244.83 255.03    22.35  32.55   244.29 254.49   249.87 260.07   243.61 253.81
2022-05-02   244.03 254.23   244.00 254.21    21.52  31.72   243.46 253.66   249.05 259.25   242.78 252.98
2022-05-03   243.20 253.41   243.18 253.38    20.69  30.90   242.63 252.84   248.22 258.42   241.95 252.16
2022-05-04   242.38 252.59   242.35 252.56    19.86  30.07   241.81 252.02   247.39 257.60   241.13 251.33
2022-05-05   241.55 251.76   241.52 251.73    19.04  29.25   240.98 251.19   246.56 256.78   240.30 250.51
2022-05-06   240.72 250.94   240.69 250.91    18.21  28.42   240.15 250.37   245.73 255.95   239.47 249.69
2022-05-07   239.89 250.11   239.86 250.09    17.38  27.60   239.32 249.54   244.90 255.13   238.64 248.86
2022-05-08   239.06 249.29   239.03 249.26    16.54  26.77   238.49 248.72   244.07 254.30   237.81 248.04
2022-05-09   238.22 248.46   238.20 248.43    15.71  25.95   237.65 247.89   243.24 253.48   236.97 247.21
2022-05-10   237.39 247.63   237.36 247.61    14.88  25.12   236.82 247.06   242.40 252.65   236.14 246.38
2022-05-11   236.55 246.81   236.53 246.78    14.04  24.29   235.98 246.24   241.57 251.82   235.30 245.56
2022-05-12   235.72 245.98   235.69 245.95    13.20  23.47   235.15 245.41   240.73 250.99   234.47 244.73
2022-05-13   234.88 245.15   234.85 245.12    12.36  22.64   234.31 244.58   239.89 250.17   233.63 243.90
2022-05-14   234.04 244.32   234.01 244.29    11.52  21.81   233.47 243.75   239.05 249.34   232.78 243.07
2022-05-15   233.19 243.49   233.17 243.46    10.68  20.98   232.62 242.92   238.21 248.50   231.94 242.24
2022-05-16   232.35 242.66   232.32 242.63     9.83  20.14   231.78 242.09   237.36 247.67   231.10 241.40
2022-05-17   231.50 241.82   231.47 241.79     8.99  19.31   230.93 241.25   236.51 246.84   230.25 240.57
2022-05-18   230.65 240.98   230.62 240.96     8.14  18.47   230.08 240.41   235.66 246.00   229.40 239.73
2022-05-19   229.80 240.15   229.77 240.12     7.28  17.63   229.23 239.58   234.81 245.16   228.55 238.89
2022-05-20   228.94 239.31   228.91 239.28     6.43  16.79   228.37 238.74   233.96 244.32   227.69 238.05
2022-05-21   228.08 238.46   228.06 238.44     5.57  15.95   227.51 237.89   233.10 243.48   226.83 237.21
2022-05-22   227.22 237.62   227.19 237.59     4.71  15.11   226.65 237.05   232.24 242.63   225.97 236.37
2022-05-23   226.36 236.77   226.33 236.74     3.84  14.26   225.79 236.20   231.37 241.79   225.11 235.52
2022-05-24   225.49 235.92   225.46 235.89     2.98  13.41   224.92 235.35   230.50 240.94   224.24 234.67
2022-05-25   224.62 235.07   224.59 235.04     2.11  12.56   224.05 234.50   229.63 240.08   223.37 233.82
2022-05-26   223.74 234.21   223.72 234.19     1.23  11.70   223.17 233.64   228.76 239.23   222.49 232.96
2022-05-27   222.87 233.36   222.84 233.33     0.35  10.84   222.30 232.79   227.88 238.37   221.62 232.11
2022-05-28   221.98 232.50   221.96 232.47   359.47   9.98   221.41 231.93   227.00 237.51   220.73 231.24
2022-05-29   221.10 231.63   221.07 231.61   358.59   9.12   220.53 231.06   226.12 236.65   219.85 230.38
2022-05-30   220.21 230.76   220.18 230.74   357.70   8.25   219.64 230.19   225.23 235.78   218.96 229.51
2022-05-31   219.32 229.89   219.29 229.87   356.81   7.38   218.75 229.32   224.33 234.91   218.07 228.64
2022-06-01   218.42 229.02   218.39 228.99   355.91   6.51   217.85 228.45   223.44 234.03   217.17 227.77
2022-06-02   217.52 228.14   217.49 228.12   355.01   5.63   216.95 227.57   222.54 233.16   216.27 226.89
2022-06-03   216.61 227.26   216.59 227.23   354.10   4.75   216.04 226.69   221.63 232.28   215.36 226.01
2022-06-04   215.71 226.38   215.68 226.35   353.19   3.86   215.14 225.81   220.72 231.39   214.45 225.12
2022-06-05   214.79 225.49   214.76 225.46   352.28   2.97   214.22 224.92   219.81 230.50   213.54 224.24
2022-06-06   213.87 224.59   213.85 224.57   351.36   2.08   213.30 224.02   218.89 229.61   212.62 223.34
2022-06-07   212.95 223.70   212.92 223.67   350.44   1.18   212.38 223.13   217.96 228.71   211.70 222.44
2022-06-08   212.02 222.79   212.00 222.77   349.51   0.28   211.45 222.22   217.04 227.81   210.77 221.54
2022-06-09   211.09 221.89   211.06 221.86   348.58 359.38   210.52 221.32   216.10 226.90   209.84 220.64
2022-06-10   210.15 220.98   210.13 220.95   347.64 358.46   209.58 220.41   215.17 225.99   208.90 219.73
2022-06-11   209.21 220.06   209.18 220.04   346.70 357.55   208.64 219.49   214.22 225.08   207.96 218.81
2022-06-12   208.26 219.14   208.24 219.12   345.75 356.63   207.69 218.57   213.28 224.16   207.01 217.89
2022-06-13   207.31 218.22   207.28 218.19   344.80 355.71   206.74 217.65   212.32 223.23   206.06 216.97
2022-06-14   206.35 217.29   206.33 217.26   343.84 354.78   205.78 216.72   211.37 222.30   205.10 216.04
2022-06-15   205.39 216.35   205.36 216.33   342.88 353.84   204.82 215.78   210.40 221.37   204.14 215.10
2022-06-16   204.42 215.42   204.40 215.39   341.91 352.90   203.85 214.85   209.44 220.43   203.17 214.17
2022-06-17   203.45 214.47   203.42 214.45   340.94 351.96   202.88 213.90   208.46 219.49   202.20 213.22
2022-06-18   202.47 213.52   202.44 213.50   339.96 351.01   201.90 212.95   207.49 218.54   201.22 212.27
2022-06-19   201.49 212.57   201.46 212.54   338.97 350.06   200.92 212.00   206.50 217.58   200.24 211.32
2022-06-20   200.50 211.61   200.47 211.58   337.99 349.10   199.93 211.04   205.51 216.62   199.25 210.36
2022-06-21   199.50 210.64   199.48 210.62   336.99 348.13   198.93 210.07   204.52 215.66   198.25 209.39
2022-06-22   198.51 209.67   198.48 209.65   335.99 347.16   197.94 209.10   203.52 214.69   197.25 208.42
2022-06-23   197.50 208.70   197.47 208.67   334.99 346.19   196.93 208.13   202.52 213.71   196.25 207.45
2022-06-24   196.49 207.72   196.46 207.69   333.98 345.21   195.92 207.15   201.51 212.73   195.24 206.47
2022-06-25   195.48 206.73   195.45 206.71   332.96 344.22   194.91 206.16   200.49 211.75   194.23 205.48
2022-06-26   194.46 205.74   194.43 205.72   331.94 343.23   193.89 205.17   199.47 210.76   193.20 204.49
2022-06-27   193.43 204.74   193.40 204.72   330.92 342.23   192.86 204.17   198.45 209.76   192.18 203.49
2022-06-28   192.40 203.74   192.37 203.72   329.89 341.23   191.83 203.17   197.41 208.76   191.15 202.49
2022-06-29   191.36 202.74   191.34 202.71   328.85 340.22   190.79 202.17   196.38 207.75   190.11 201.48
2022-06-30   190.32 201.72   190.30 201.70   327.81 339.21   189.75 201.15   195.34 206.74   189.07 200.47
2022-07-01   189.28 200.70   189.25 200.68   326.76 338.19   188.71 200.13   194.29 205.72   188.03 199.45
2022-07-02   188.23 199.68   188.20 199.65   325.71 337.17   187.66 199.11   193.24 204.70   186.98 198.43
2022-07-03   187.17 198.65   187.14 198.63   324.66 336.14   186.60 198.08   192.19 203.67   185.92 197.40
2022-07-04   186.11 197.62   186.08 197.59   323.60 335.11   185.54 197.05   191.13 202.63   184.86 196.37
2022-07-05   185.05 196.58   185.02 196.55   322.53 334.07   184.48 196.01   190.06 201.60   183.80 195.33
2022-07-06   183.98 195.54   183.95 195.51   321.46 333.02   183.41 194.97   188.99 200.55   182.73 194.29
2022-07-07   182.90 194.49   182.88 194.46   320.39 331.98   182.33 193.92   187.92 199.50   181.65 193.24
2022-07-08   181.83 193.43   181.80 193.41   319.31 330.92   181.26 192.86   186.84 198.45   180.57 192.18
2022-07-09   180.74 192.38   180.72 192.35   318.23 329.86   180.17 191.81   185.76 197.39   179.49 191.13
2022-07-10   179.66 191.31   179.63 191.29   317.14 328.80   179.09 190.74   184.67 196.33   178.41 190.06
2022-07-11   178.57 190.25   178.54 190.22   316.05 327.73   178.00 189.68   183.58 195.26   177.32 188.99
2022-07-12   177.47 189.17   177.45 189.15   314.96 326.66   176.90 188.60   182.49 194.19   176.22 187.92
2022-07-13   176.38 188.10   176.35 188.07   313.86 325.58   175.81 187.53   181.39 193.11   175.13 186.85
2022-07-14   175.28 187.02   175.25 186.99   312.76 324.50   174.71 186.45   180.29 192.03   174.03 185.77
2022-07-15   174.17 185.93   174.15 185.91   311.66 323.42   173.60 185.36   179.19 190.95   172.92 184.68
2022-07-16   173.07 184.84   173.04 184.82   310.56 322.33   172.50 184.27   178.08 189.86   171.82 183.59
2022-07-17   171.96 183.75   171.93 183.73   309.45 321.24   171.39 183.18   176.97 188.77   170.71 182.50
2022-07-18   170.85 182.66   170.82 182.63   308.34 320.14   170.28 182.09   175.86 187.67   169.60 181.41
2022-07-19   169.73 181.56   169.71 181.53   307.22 319.05   169.16 180.99   174.75 186.57   168.48 180.31
2022-07-20   168.62 180.46   168.59 180.43   306.11 317.94   168.05 179.89   173.63 185.47   167.37 179.20
2022-07-21   167.50 179.35   167.47 179.32   304.99 316.84   166.93 178.78   172.52 184.37   166.25 178.10
2022-07-22   166.38 178.24   166.36 178.22   303.87 315.73   165.81 177.67   171.40 183.26   165.13 176.99
2022-07-23   165.26 177.13   165.23 177.11   302.75 314.62   164.69 176.56   170.28 182.15   164.01 175.88
2022-07-24   164.14 176.02   164.11 175.99   301.63 313.51   163.57 175.45   169.15 181.04   162.89 174.77
2022-07-25   163.02 174.91   162.99 174.88   300.50 312.39   162.45 174.34   168.03 179.92   161.77 173.66
2022-07-26   161.89 173.79   161.87 173.76   299.38 311.28   161.32 173.22   166.91 178.80   160.64 172.54
2022-07-27   160.77 172.67   160.74 172.64   298.26 310.16   160.20 172.10   165.78 177.69   159.52 171.42
2022-07-28   159.64 171.55   159.62 171.52   297.13 309.04   159.07 170.98   164.66 176.57   158.39 170.30
2022-07-29   158.52 170.43   158.49 170.40   296.01 307.92   157.95 169.86   163.54 175.45   157.27 169.18
2022-07-30   157.40 169.31   157.37 169.28   294.88 306.80   156.83 168.74   162.41 174.32   156.15 168.06
2022-07-31   156.27 168.18   156.25 168.16   293.76 305.67   155.70 167.61   161.29 173.20   155.02 166.93
2022-08-01   155.15 167.06   155.12 167.03   292.64 304.55   154.58 166.49   160.16 172.08   153.90 165.81
2022-08-02   154.03 165.94   154.00 165.91   291.51 303.42   153.46 165.37   159.04 170.95   152.78 164.69
2022-08-03   152.91 164.81   152.88 164.79   290.39 302.30   152.34 164.24   157.92 169.83   151.66 163.56
2022-08-04   151.79 163.69   151.76 163.66   289.27 301.18   151.22 163.12   156.80 168.70   150.54 162.44
2022-08-05   150.67 162.57   150.64 162.54   288.16 300.05   150.10 162.00   155.68 167.58   149.42 161.32
2022-08-06   149.55 161.44   149.52 161.42   287.04 298.93   148.98 160.87   154.57 166.46   148.30 160.19
2022-08-07   148.44 160.32   148.41 160.29   285.92 297.81   147.87 159.75   153.45 165.34   147.19 159.07
2022-08-08   147.32 159.20   147.30 159.17   284.81 296.69   146.75 158.63   152.34 164.21   146.07 157.95
2022-08-09   146.21 158.08   146.19 158.05   283.70 295.57   145.64 157.51   151.23 163.09   144.96 156.83
2022-08-10   145.11 156.96   145.08 156.93   282.59 294.45   144.54 156.39   150.12 161.98   143.86 155.71
2022-08-11   144.00 155.84   143.98 155.82   281.49 293.33   143.43 155.27   149.02 160.86   142.75 154.59
2022-08-12   142.90 154.73   142.87 154.70   280.39 292.22   142.33 154.16   147.91 159.74   141.65 153.48
2022-08-13   141.80 153.62   141.77 153.59   279.29 291.10   141.23 153.05   146.82 158.63   140.55 152.36
2022-08-14   140.71 152.50   140.68 152.48   278.19 289.99   140.14 151.93   145.72 157.52   139.45 151.25
2022-08-15   139.61 151.40   139.59 151.37   277.10 288.88   139.04 150.83   144.63 156.41   138.36 150.14
2022-08-16   138.52 150.29   138.50 150.26   276.01 287.78   137.95 149.72   143.54 155.30   137.27 149.04
2022-08-17   137.44 149.19   137.41 149.16   274.93 286.67   136.87 148.62   142.46 154.20   136.19 147.94
2022-08-18   136.36 148.09   136.33 148.06   273.85 285.57   135.79 147.52   141.37 153.10   135.11 146.84
2022-08-19   135.28 146.99   135.26 146.96   272.77 284.48   134.71 146.42   140.30 152.00   134.03 145.74
2022-08-20   134.21 145.90   134.18 145.87   271.70 283.38   133.64 145.33   139.22 150.91   132.96 144.65
2022-08-21   133.14 144.81   133.11 144.78   270.63 282.29   132.57 144.24   138.16 149.82   131.89 143.55
2022-08-22   132.08 143.72   132.05 143.69   269.56 281.21   131.51 143.15   137.09 148.73   130.83 142.47
2022-08-23   131.02 142.64   130.99 142.61   268.50 280.12   130.45 142.07   136.03 147.65   129.77 141.39
2022-08-24   129.96 141.56   129.93 141.53   267.45 279.04   129.39 140.99   134.98 146.57   128.71 140.31
2022-08-25   128.91 140.48   128.88 140.46   266.40 277.97   128.34 139.91   133.93 145.50   127.66 139.23
2022-08-26   127.86 139.41   127.84 139.38   265.35 276.90   127.29 138.84   132.88 144.43   126.61 138.16
2022-08-27   126.82 138.34   126.80 138.32   264.31 275.83   126.25 137.77   131.84 143.36   125.57 137.09
2022-08-28   125.79 137.28   125.76 137.25   263.27 274.77   125.22 136.71   130.80 142.30   124.54 136.03
2022-08-29   124.76 136.22   124.73 136.20   262.24 273.71   124.19 135.65   129.77 141.24   123.50 134.97
2022-08-30   123.73 135.17   123.70 135.14   261.22 272.66   123.16 134.60   128.74 140.18   122.48 133.92
2022-08-31   122.71 134.12   122.68 134.09   260.19 271.61   122.14 133.55   127.72 139.14   121.46 132.87
2022-09-01   121.69 133.08   121.66 133.05   259.18 270.56   121.12 132.51   126.71 138.09   120.44 131.83
2022-09-02   120.68 132.04   120.65 132.01   258.17 269.52   120.11 131.47   125.69 137.05   119.43 130.79
2022-09-03   119.67 131.00   119.64 130.97   257.16 268.49   119.10 130.43   124.69 136.02   118.42 129.75
2022-09-04   118.67 129.97   118.64 129.94   256.16 267.46   118.10 129.40   123.68 134.99   117.42 128.72
2022-09-05   117.67 128.94   117.65 128.92   255.16 266.43   117.10 128.37   122.69 133.96   116.42 127.69
2022-09-06   116.68 127.92   116.65 127.90   254.17 265.41   116.11 127.35   121.70 132.94   115.43 126.67
2022-09-07   115.69 126.91   115.67 126.88   253.18 264.40   115.12 126.34   120.71 131.92   114.44 125.66
2022-09-08   114.71 125.90   114.69 125.87   252.20 263.38   114.14 125.33   119.73 130.91   113.46 124.65
2022-09-09   113.73 124.89   113.71 124.86   251.22 262.38   113.16 124.32   118.75 129.91   112.48 123.64
2022-09-10   112.76 123.89   112.74 123.86   250.25 261.38   112.19 123.32   117.78 128.90   111.51 122.64
2022-09-11   111.79 122.89   111.77 122.87   249.28 260.38   111.22 122.32   116.81 127.91   110.54 121.64
2022-09-12   110.83 121.90   110.81 121.87   248.32 259.39   110.26 121.33   115.85 126.92   109.58 120.65
2022-09-13   109.87 120.91   109.85 120.89   247.36 258.40   109.30 120.34   114.89 125.93   108.62 119.66
2022-09-14   108.92 119.93   108.89 119.91   246.41 257.42   108.35 119.36   113.94 124.95   107.67 118.68
2022-09-15   107.97 118.95   107.95 118.93   245.46 256.44   107.40 118.38   112.99 123.97   106.72 117.70
2022-09-16   107.03 117.98   107.00 117.96   244.52 255.47   106.46 117.41   112.04 123.00   105.78 116.73
2022-09-17   106.09 117.01   106.06 116.99   243.58 254.50   105.52 116.44   111.10 122.03   104.84 115.76
2022-09-18   105.15 116.05   105.13 116.02   242.64 253.54   104.58 115.48   110.17 121.07   103.90 114.80
2022-09-19   104.22 115.09   104.20 115.07   241.71 252.58   103.65 114.52   109.24 120.11   102.97 113.84
2022-09-20   103.30 114.14   103.27 114.11   240.78 251.63   102.73 113.57   108.31 119.15   102.05 112.89
2022-09-21   102.37 113.19   102.35 113.16   239.86 250.68   101.80 112.62   107.39 118.20   101.12 111.94
2022-09-22   101.46 112.24   101.43 112.22   238.94 249.73   100.89 111.67   106.47 117.26   100.20 110.99
2022-09-23   100.54 111.30   100.51 111.28   238.03 248.79    99.97 110.73   105.56 116.32    99.29 110.05
2022-09-24    99.63 110.37    99.60 110.34   237.12 247.85    99.06 109.80   104.65 115.38    98.38 109.12
2022-09-25    98.72 109.43    98.70 109.41   236.21 246.92    98.15 108.86   103.74 114.45    97.47 108.18
2022-09-26    97.82 108.51    97.79 108.48   235.31 245.99    97.25 107.94   102.84 113.52    96.57 107.25
2022-09-27    96.92 107.58    96.89 107.55   234.41 245.07    96.35 107.01   101.94 112.60    95.67 106.33
2022-09-28    96.02 106.66    96.00 106.63   233.51 244.15    95.45 106.09   101.04 111.68    94.77 105.41
2022-09-29    95.13 105.74    95.11 105.72   232.62 243.23    94.56 105.17   100.15 110.76    93.88 104.49
2022-09-30    94.24 104.83    94.22 104.81   231.73 242.32    93.67 104.26    99.26 109.85    92.99 103.58
2022-10-01    93.36 103.92    93.33 103.90   230.84 241.41    92.79 103.35    98.37 108.94    92.10 102.67
2022-10-02    92.47 103.02    92.45 102.99   229.96 240.50    91.90 102.45    97.49 108.03    91.22 101.77
2022-10-03    91.59 102.12    91.57 102.09   229.08 239.60    91.02 101.55    96.61 107.13    90.34 100.86
2022-10-04    90.71 101.22    90.69 101.19   228.20 238.70    90.14 100.65    95.73 106.23    89.46  99.97
2022-10-05    89.84 100.32    89.81 100.29   227.33 237.81    89.27  99.75    94.85 105.34    88.59  99.07
2022-10-06    88.97  99.43    88.94  99.40   226.45 236.92    88.40  98.86    93.98 104.44    87.72  98.18
2022-10-07    88.10  98.54    88.07  98.51   225.58 236.03    87.53  97.97    93.11 103.55    86.85  97.29
2022-10-08    87.23  97.65    87.20  97.63   224.72 235.14    86.66  97.08    92.24 102.67    85.98  96.40
2022-10-09    86.36  96.77    86.34  96.74   223.85 234.26    85.79  96.20    91.38 101.78    85.11  95.52
2022-10-10    85.50  95.89    85.47  95.86   222.99 233.38    84.93  95.32    90.51 100.90    84.25  94.64
2022-10-11    84.64  95.01    84.61  94.98   222.12 232.50    84.07  94.44    89.65 100.03    83.39  93.76
2022-10-12    83.78  94.13    83.75  94.11   221.26 231.62    83.21  93.56    88.79  99.15    82.53  92.88
2022-10-13    82.92  93.26    82.89  93.23   220.41 230.75    82.35  92.69    87.93  98.28    81.67  92.01
2022-10-14    82.06  92.39    82.03  92.36   219.55 229.88    81.49  91.82    87.08  97.40    80.81  91.14
2022-10-15    81.21  91.52    81.18  91.49   218.69 229.01    80.64  90.95    86.22  96.54    79.95  90.27
2022-10-16    80.35  90.65    80.32  90.63   217.84 228.14    79.78  90.08    85.37  95.67    79.10  89.40
2022-10-17    79.50  89.79    79.47  89.76   216.99 227.28    78.93  89.22    84.51  94.80    78.25  88.54
2022-10-18    78.65  88.92    78.62  88.90   216.13 226.41    78.08  88.35    83.66  93.94    77.39  87.67
2022-10-19    77.79  88.06    77.77  88.04   215.28 225.55    77.22  87.49    82.81  93.08    76.54  86.81
2022-10-20    76.94  87.20    76.92  87.17   214.43 224.69    76.37  86.63    81.96  92.22    75.69  85.95
2022-10-21    76.09  86.34    76.07  86.32   213.58 223.83    75.52  85.77    81.11  91.36    74.84  85.09
2022-10-22    75.24  85.48    75.22  85.46   212.73 222.97    74.67  84.91    80.26  90.50    73.99  84.23
2022-10-23    74.39  84.63    74.37  84.60   211.88 222.11    73.82  84.06    79.41  89.64    73.14  83.38
2022-10-24    73.54  83.77    73.52  83.74   211.03 221.26    72.97  83.20    78.56  88.79    72.29  82.52
2022-10-25    72.70  82.92    72.67  82.89   210.18 220.40    72.13  82.35    77.71  87.93    71.44  81.66
2022-10-26    71.85  82.06    71.82  82.03   209.33 219.55    71.28  81.49    76.86  87.08    70.60  80.81
2022-10-27    71.00  81.21    70.97  81.18   208.48 218.69    70.43  80.64    76.01  86.22    69.75  79.96
2022-10-28    70.15  80.35    70.12  80.33   207.63 217.84    69.58  79.78    75.16  85.37    68.90  79.10
2022-10-29    69.30  79.50    69.27  79.47   206.78 216.99    68.73  78.93    74.31  84.51    68.05  78.25
2022-10-30    68.44  78.65    68.42  78.62   205.93 216.13    67.87  78.08    73.46  83.66    67.19  77.40
2022-10-31    67.59  77.79    67.57  77.77   205.08 215.28    67.02  77.22    72.61  82.81    66.34  76.54
2022-11-01    66.74  76.94    66.71  76.91   204.23 214.43    66.17  76.37    71.76  81.96    65.49  75.69
2022-11-02    65.89  76.09    65.86  76.06   203.37 213.57    65.32  75.52    70.90  81.10    64.63  74.84
2022-11-03    65.03  75.23    65.00  75.21   202.52 212.72    64.46  74.66    70.05  80.25    63.78  73.98
2022-11-04    64.17  74.38    64.15  74.35   201.66 211.86    63.60  73.81    69.19  79.39    62.92  73.13
2022-11-05    63.32  73.52    63.29  73.50   200.80 211.01    62.75  72.95    68.33  78.54    62.07  72.27
2022-11-06    62.47  72.65    62.45  72.62   199.96 210.14    61.90  72.08    67.49  77.66    61.22  71.40
2022-11-07    61.93  71.47    61.91  71.44   199.42 208.96    61.36  70.90    66.95  76.49    60.68  70.22
2022-11-08    61.39  70.29    61.37  70.26   198.88 207.78    60.82  69.72    66.41  75.31    60.14  69.04
2022-11-09    60.85  69.11    60.82  69.08   198.34 206.60    60.28  68.54    65.86  74.12    59.60  67.86
2022-11-10    60.30  67.93    60.28  67.90   197.79 205.41    59.73  67.36    65.32  72.94    59.05  66.68
2022-11-11    59.75  66.74    59.73  66.72   197.24 204.23    59.18  66.17    64.77  71.76    58.50  65.49

2023-04-20   255.63 263.03   255.60 263.00    33.12  40.51   255.06 262.46   260.65 268.04   254.38 261.78
2023-04-21   254.49 262.50   254.46 262.48    31.97  39.99   253.92 261.93   259.50 267.52   253.23 261.25
2023-04-22   253.34 261.98   253.31 261.95    30.83  39.47   252.77 261.41   258.36 267.00   252.09 260.73
2023-04-23   252.20 261.46   252.17 261.44    29.68  38.95   251.63 260.89   257.21 266.48   250.95 260.21
2023-04-24   251.05 260.94   251.03 260.92    28.54  38.43   250.48 260.37   256.07 265.96   249.80 259.69
2023-04-25   250.06 260.27   250.04 260.25    27.55  37.76   249.49 259.70   255.08 265.29   248.81 259.02
2023-04-26   249.24 259.44   249.21 259.42    26.72  36.93   248.67 258.87   254.25 264.46   247.99 258.19
2023-04-27   248.41 258.61   248.38 258.59    25.90  36.10   247.84 258.04   253.43 263.63   247.16 257.36
2023-04-28   247.58 257.78   247.56 257.76    25.07  35.27   247.01 257.21   252.60 262.80   246.33 256.53
2023-04-29   246.76 256.96   246.73 256.93    24.24  34.44   246.19 256.39   251.77 261.97   245.51 255.71
2023-04-30   245.93 256.13   245.90 256.10    23.42  33.62   245.36 255.56   250.94 261.14   244.68 254.88
2023-05-01   245.10 255.30   245.08 255.28    22.59  32.79   244.53 254.73   250.12 260.32   243.85 254.05
2023-05-02   244.27 254.48   244.25 254.45    21.76  31.96   243.70 253.91   249.29 259.49   243.02 253.23
2023-05-03   243.45 253.65   243.42 253.63    20.93  31.14   242.88 253.08   248.46 258.67   242.20 252.40
2023-05-04   242.62 252.83   242.59 252.80    20.11  30.31   242.05 252.26   247.63 257.84   241.37 251.58
2023-05-05   241.79 252.00   241.76 251.97    19.28  29.49   241.22 251.43   246.80 257.02   240.54 250.75
2023-05-06   240.96 251.18   240.93 251.15    18.45  28.66   240.39 250.61   245.97 256.19   239.71 249.92
2023-05-07   240.13 250.35   240.10 250.32    17.62  27.84   239.56 249.78   245.14 255.36   238.88 249.10
2023-05-08   239.30 249.52   239.27 249.50    16.78  27.01   238.73 248.95   244.31 254.54   238.04 248.27
2023-05-09   238.46 248.70   238.44 248.67    15.95  26.18   237.89 248.13   243.48 253.71   237.21 247.45
2023-05-10   237.63 247.87   237.60 247.84    15.11  25.36   237.06 247.30   242.64 252.88   236.38 246.62
2023-05-11   236.79 247.04   236.76 247.01    14.28  24.53   236.22 246.47   241.81 252.06   235.54 245.79
2023-05-12   235.95 246.21   235.92 246.19    13.44  23.70   235.38 245.64   240.97 251.23   234.70 244.96
2023-05-13   235.11 245.38   235.08 245.36    12.60  22.87   234.54 244.81   240.13 250.40   233.86 244.13
2023-05-14   234.27 244.55   234.24 244.52    11.76  22.04   233.70 243.98   239.28 249.57   233.02 243.30
2023-05-15   233.43 243.72   233.40 243.69    10.91  21.21   232.86 243.15   238.44 248.73   232.17 242.47
2023-05-16   232.58 242.88   232.55 242.86    10.07  20.37   232.01 242.31   237.59 247.90   231.33 241.63
2023-05-17   231.73 242.05   231.70 242.02     9.22  19.54   231.16 241.48   236.75 247.06   230.48 240.80
2023-05-18   230.88 241.21   230.85 241.18     8.37  18.70   230.31 240.64   235.89 246.23   229.63 239.96
2023-05-19   230.03 240.37   230.00 240.35     7.51  17.86   229.46 239.80   235.04 245.39   228.77 239.12
2023-05-20   229.17 239.53   229.14 239.50     6.66  17.02   228.60 238.96   234.18 244.55   227.92 238.28
2023-05-21   228.31 238.69   228.28 238.66     5.80  16.17   227.74 238.12   233.33 243.70   227.06 237.44
2023-05-22   227.45 237.84   227.42 237.82     4.94  15.33   226.88 237.27   232.46 242.86   226.20 236.59
2023-05-23   226.58 236.99   226.56 236.97     4.07  14.48   226.01 236.42   231.60 242.01   225.33 235.74
2023-05-24   225.71 236.14   225.69 236.12     3.20  13.63   225.14 235.57   230.73 241.16   224.46 234.89
2023-05-25   224.84 235.29   224.82 235.26     2.33  12.78   224.27 234.72   229.86 240.31   223.59 234.04
2023-05-26   223.97 234.43   223.94 234.41     1.46  11.92   223.40 233.86   228.98 239.45   222.72 233.18
2023-05-27   223.09 233.58   223.06 233.55     0.58  11.06   222.52 233.01   228.10 238.59   221.84 232.32
2023-05-28   222.21 232.71   222.18 232.69   359.69  10.20   221.64 232.14   227.22 237.73   220.96 231.46
2023-05-29   221.32 231.85   221.30 231.82   358.81   9.34   220.75 231.28   226.34 236.86   220.07 230.60
2023-05-30   220.43 230.98   220.41 230.95   357.92   8.47   219.86 230.41   225.45 236.00   219.18 229.73
2023-05-31   219.54 230.11   219.51 230.08   357.03   7.60   218.97 229.54   224.55 235.12   218.29 228.86
2023-06-01   218.64 229.23   218.61 229.21   356.13   6.72   218.07 228.66   223.66 234.25   217.39 227.98
2023-06-02   217.74 228.36   217.71 228.33   355.23   5.84   217.17 227.79   222.75 233.37   216.49 227.11
2023-06-03   216.83 227.47   216.81 227.45   354.32   4.96   216.26 226.90   221.85 232.49   215.58 226.22
2023-06-04   215.92 226.59   215.90 226.56   353.41   4.08   215.35 226.02   220.94 231.60   214.67 225.34
2023-06-05   215.01 225.70   214.98 225.67   352.50   3.19   214.44 225.13   220.02 230.71   213.76 224.45
2023-06-06   214.09 224.80   214.06 224.78   351.58   2.29   213.52 224.23   219.10 229.82   212.84 223.55
2023-06-07   213.16 223.91   213.14 223.88   350.65   1.39   212.59 223.34   218.18 228.92   211.91 222.65
2023-06-08   212.24 223.00   212.21 222.98   349.72   0.49   211.67 222.43   217.25 228.02   210.99 221.75
2023-06-09   211.30 222.10   211.28 222.07   348.79 359.58   210.73 221.53   216.32 227.11   210.05 220.85
2023-06-10   210.36 221.19   210.34 221.16   347.85 358.67   209.79 220.62   215.38 226.20   209.11 219.93
2023-06-11   209.42 220.27   209.40 220.24   346.91 357.76   208.85 219.70   214.44 225.28   208.17 219.02
2023-06-12   208.47 219.35   208.45 219.32   345.96 356.84   207.90 218.78   213.49 224.36   207.22 218.10
2023-06-13   207.52 218.42   207.49 218.40   345.01 355.91   206.95 217.85   212.54 223.44   206.27 217.17
2023-06-14   206.56 217.49   206.54 217.47   344.05 354.98   205.99 216.92   211.58 222.51   205.31 216.24
2023-06-15   205.60 216.56   205.57 216.53   343.09 354.05   205.03 215.99   210.61 221.58   204.35 215.31
2023-06-16   204.63 215.62   204.60 215.59   342.12 353.11   204.06 215.05   209.65 220.64   203.38 214.37
2023-06-17   203.66 214.68   203.63 214.65   341.15 352.16   203.09 214.11   208.67 219.69   202.41 213.43
2023-06-18   202.68 213.73   202.65 213.70   340.17 351.21   202.11 213.16   207.69 218.74   201.43 212.48
2023-06-19   201.70 212.77   201.67 212.75   339.18 350.26   201.13 212.20   206.71 217.79   200.44 211.52
2023-06-20   200.71 211.81   200.68 211.79   338.19 349.30   200.14 211.24   205.72 216.83   199.46 210.56
2023-06-21   199.71 210.85   199.69 210.82   337.20 348.33   199.14 210.28   204.73 215.86   198.46 209.60
2023-06-22   198.71 209.88   198.69 209.85   336.20 347.36   198.14 209.31   203.73 214.89   197.46 208.63
2023-06-23   197.71 208.90   197.68 208.87   335.20 346.39   197.14 208.33   202.72 213.92   196.46 207.65
2023-06-24   196.70 207.92   196.67 207.89   334.19 345.41   196.13 207.35   201.71 212.94   195.45 206.67
2023-06-25   195.68 206.93   195.66 206.91   333.17 344.42   195.11 206.36   200.70 211.95   194.43 205.68
2023-06-26   194.66 205.94   194.64 205.92   332.15 343.43   194.09 205.37   199.68 210.96   193.41 204.69
2023-06-27   193.64 204.95   193.61 204.92   331.12 342.43   193.07 204.38   198.65 209.96   192.39 203.70
2023-06-28   192.61 203.94   192.58 203.92   330.09 341.43   192.04 203.37   197.62 208.96   191.36 202.69
2023-06-29   191.57 202.94   191.54 202.91   329.06 340.43   191.00 202.37   196.59 207.95   190.32 201.69
2023-06-30   190.53 201.93   190.50 201.90   328.02 339.41   189.96 201.36   195.55 206.94   189.28 200.67
2023-07-01   189.49 200.91   189.46 200.88   326.97 338.40   188.92 200.34   194.50 205.92   188.23 199.66
2023-07-02   188.43 199.89   188.41 199.86   325.92 337.37   187.86 199.32   193.45 204.90   187.18 198.63
2023-07-03   187.38 198.86   187.35 198.83   324.87 336.34   186.81 198.29   192.40 203.87   186.13 197.61
2023-07-04   186.32 197.82   186.29 197.80   323.81 335.31   185.75 197.25   191.34 202.84   185.07 196.57
2023-07-05   185.26 196.79   185.23 196.76   322.74 334.27   184.69 196.22   190.27 201.80   184.01 195.54
2023-07-06   184.19 195.74   184.16 195.72   321.68 333.23   183.62 195.17   189.20 200.76   182.94 194.49
2023-07-07   183.12 194.70   183.09 194.67   320.60 332.18   182.55 194.13   188.13 199.71   181.86 193.44
2023-07-08   182.04 193.64   182.01 193.62   319.53 331.13   181.47 193.07   187.05 198.66   180.79 192.39
2023-07-09   180.96 192.59   180.93 192.56   318.45 330.07   180.39 192.02   185.97 197.60   179.71 191.34
2023-07-10   179.87 191.52   179.85 191.50   317.36 329.01   179.30 190.95   184.89 196.54   178.62 190.27
2023-07-11   178.78 190.46   178.76 190.43   316.27 327.95   178.21 189.89   183.80 195.47   177.53 189.21
2023-07-12   177.69 189.39   177.67 189.36   315.18 326.87   177.12 188.82   182.71 194.40   176.44 188.14
2023-07-13   176.60 188.31   176.57 188.29   314.09 325.80   176.03 187.74   181.61 193.33   175.35 187.06
2023-07-14   175.50 187.23   175.47 187.21   312.99 324.72   174.93 186.66   180.51 192.25   174.25 185.98
2023-07-15   174.40 186.15   174.37 186.13   311.89 323.64   173.83 185.58   179.41 191.17   173.15 184.90
2023-07-16   173.29 185.07   173.27 185.04   310.78 322.55   172.72 184.50   178.31 190.08   172.04 183.81
2023-07-17   172.19 183.98   172.16 183.95   309.67 321.46   171.62 183.41   177.20 188.99   170.94 182.72
2023-07-18   171.08 182.88   171.05 182.86   308.56 320.37   170.51 182.31   176.09 187.90   169.83 181.63
2023-07-19   169.97 181.78   169.94 181.76   307.45 319.27   169.40 181.21   174.98 186.80   168.71 180.53
2023-07-20   168.85 180.69   168.83 180.66   306.34 318.17   168.28 180.12   173.87 185.70   167.60 179.43
2023-07-21   167.74 179.58   167.71 179.56   305.22 317.07   167.17 179.01   172.75 184.60   166.49 178.33
2023-07-22   166.62 178.48   166.59 178.45   304.11 315.96   166.05 177.91   171.63 183.49   165.37 177.23
2023-07-23   165.50 177.37   165.47 177.34   302.99 314.86   164.93 176.80   170.52 182.38   164.25 176.12
2023-07-24   164.38 176.26   164.35 176.23   301.87 313.75   163.81 175.69   169.40 181.27   163.13 175.01
2023-07-25   163.26 175.15   163.23 175.12   300.75 312.63   162.69 174.58   168.28 180.16   162.01 173.90
2023-07-26   162.14 174.03   162.11 174.01   299.63 311.52   161.57 173.46   167.15 179.05   160.89 172.78
2023-07-27   161.02 172.92   160.99 172.89   298.50 310.40   160.45 172.35   166.03 177.93   159.77 171.67
2023-07-28   159.90 171.80   159.87 171.77   297.38 309.29   159.33 171.23   164.91 176.81   158.64 170.55
2023-07-29   158.77 170.68   158.75 170.65   296.26 308.17   158.20 170.11   163.79 175.70   157.52 169.43
2023-07-30   157.65 169.56   157.62 169.53   295.14 307.05   157.08 168.99   162.67 174.58   156.40 168.31
2023-07-31   156.53 168.44   156.50 168.41   294.02 305.93   155.96 167.87   161.54 173.45   155.28 167.19
2023-08-01   155.41 167.32   155.38 167.29   292.90 304.81   154.84 166.75   160.42 172.33   154.16 166.07
2023-08-02   154.29 166.20   154.26 166.17   291.78 303.68   153.72 165.63   159.30 171.21   153.04 164.95
2023-08-03   153.17 165.08   153.14 165.05   290.66 302.56   152.60 164.51   158.18 170.09   151.92 163.82
2023-08-04   152.05 163.95   152.02 163.93   289.54 301.44   151.48 163.38   157.07 168.97   150.80 162.70
2023-08-05   150.94 162.83   150.91 162.81   288.42 300.32   150.37 162.26   155.95 167.85   149.68 161.58
2023-08-06   149.82 161.71   149.79 161.68   287.31 299.20   149.25 161.14   154.84 166.73   148.57 160.46
2023-08-07   148.71 160.59   148.68 160.56   286.20 298.08   148.14 160.02   153.72 165.61   147.46 159.34
2023-08-08   147.60 159.47   147.57 159.45   285.08 296.96   147.03 158.90   152.61 164.49   146.35 158.22
2023-08-09   146.49 158.35   146.46 158.33   283.98 295.84   145.92 157.78   151.50 163.37   145.24 157.10
2023-08-10   145.38 157.24   145.36 157.21   282.87 294.72   144.81 156.67   150.40 162.25   144.13 155.99
2023-08-11   144.28 156.12   144.25 156.10   281.77 293.61   143.71 155.55   149.29 161.14   143.03 154.87
2023-08-12   143.18 155.01   143.15 154.98   280.67 292.50   142.61 154.44   148.19 160.02   141.93 153.76
2023-08-13   142.08 153.90   142.06 153.87   279.57 291.39   141.51 153.33   147.10 158.91   140.83 152.65
2023-08-14   140.99 152.79   140.96 152.76   278.48 290.28   140.42 152.22   146.00 157.80   139.74 151.54
2023-08-15   139.90 151.68   139.87 151.66   277.38 289.17   139.33 151.11   144.91 156.70   138.65 150.43
2023-08-16   138.81 150.58   138.78 150.55   276.30 288.06   138.24 150.01   143.83 155.59   137.56 149.33
2023-08-17   137.73 149.48   137.70 149.45   275.21 286.96   137.16 148.91   142.74 154.49   136.48 148.23
2023-08-18   136.65 148.38   136.62 148.35   274.13 285.86   136.08 147.81   141.66 153.39   135.40 147.13
2023-08-19   135.57 147.28   135.54 147.26   273.06 284.77   135.00 146.71   140.59 152.30   134.32 146.03
2023-08-20   134.50 146.19   134.47 146.16   271.99 283.68   133.93 145.62   139.51 151.20   133.25 144.94
2023-08-21   133.43 145.10   133.41 145.07   270.92 282.59   132.86 144.53   138.45 150.12   132.18 143.85
2023-08-22   132.37 144.02   132.34 143.99   269.86 281.50   131.80 143.45   137.38 149.03   131.12 142.76
2023-08-23   131.31 142.93   131.28 142.91   268.80 280.42   130.74 142.36   136.32 147.95   130.06 141.68
2023-08-24   130.25 141.86   130.23 141.83   267.74 279.34   129.68 141.29   135.27 146.87   129.00 140.60
2023-08-25   129.21 140.78   129.18 140.75   266.69 278.27   128.64 140.21   134.22 145.80   127.95 139.53
2023-08-26   128.16 139.71   128.13 139.68   265.65 277.20   127.59 139.14   133.17 144.73   126.91 138.46
2023-08-27   127.12 138.64   127.09 138.62   264.61 276.13   126.55 138.07   132.13 143.66   125.87 137.39
2023-08-28   126.08 137.58   126.06 137.56   263.57 275.07   125.51 137.01   131.10 142.60   124.83 136.33
2023-08-29   125.05 136.53   125.03 136.50   262.54 274.01   124.48 135.96   130.07 141.54   123.80 135.27
2023-08-30   124.03 135.47   124.00 135.45   261.51 272.96   123.46 134.90   129.04 140.49   122.77 134.22
2023-08-31   123.00 134.42   122.98 134.40   260.49 271.91   122.43 133.85   128.02 139.44   121.75 133.17
2023-09-01   121.99 133.38   121.96 133.35   259.47 270.87   121.42 132.81   127.00 138.39   120.74 132.13
2023-09-02   120.98 132.34   120.95 132.31   258.46 269.83   120.41 131.77   125.99 137.36   119.73 131.09
2023-09-03   119.97 131.31   119.94 131.28   257.46 268.79   119.40 130.74   124.98 136.32   118.72 130.05
2023-09-04   118.97 130.28   118.94 130.25   256.45 267.76   118.40 129.71   123.98 135.29   117.72 129.02
2023-09-05   117.97 129.25   117.94 129.22   255.46 266.74   117.40 128.68   122.99 134.26   116.72 128.00
2023-09-06   116.98 128.23   116.95 128.20   254.47 265.72   116.41 127.66   121.99 133.24   115.73 126.98
2023-09-07   115.99 127.21   115.96 127.19   253.48 264.70   115.42 126.64   121.01 132.23   114.74 125.96
2023-09-08   115.01 126.20   114.98 126.18   252.50 263.69   114.44 125.63   120.02 131.22   113.76 124.95
2023-09-09   114.03 125.20   114.01 125.17   251.52 262.68   113.46 124.63   119.05 130.21   112.78 123.94
2023-09-10   113.06 124.19   113.03 124.17   250.55 261.68   112.49 123.62   118.07 129.21   111.81 122.94
2023-09-11   112.09 123.20   112.06 123.17   249.58 260.68   111.52 122.63   117.11 128.21   110.84 121.95
2023-09-12   111.13 122.20   111.10 122.18   248.62 259.69   110.56 121.63   116.14 127.22   109.88 120.95
2023-09-13   110.17 121.22   110.14 121.19   247.66 258.70   109.60 120.65   115.19 126.23   108.92 119.97
2023-09-14   109.22 120.23   109.19 120.21   246.70 257.72   108.65 119.66   114.23 125.25   107.97 118.98
2023-09-15   108.27 119.26   108.24 119.23   245.75 256.74   107.70 118.69   113.28 124.27   107.02 118.01
2023-09-16   107.32 118.28   107.30 118.26   244.81 255.77   106.75 117.71   112.34 123.30   106.07 117.03
2023-09-17   106.38 117.32   106.36 117.29   243.87 254.80   105.81 116.75   111.40 122.33   105.13 116.06
2023-09-18   105.45 116.35   105.42 116.32   242.93 253.84   104.88 115.78   110.46 121.37   104.20 115.10
2023-09-19   104.51 115.39   104.49 115.37   242.00 252.88   103.94 114.82   109.53 120.41   103.26 114.14
2023-09-20   103.59 114.44   103.56 114.41   241.07 251.92   103.02 113.87   108.60 119.45   102.34 113.19
2023-09-21   102.66 113.49   102.64 113.46   240.15 250.97   102.09 112.92   107.68 118.50   101.41 112.24
2023-09-22   101.74 112.54   101.72 112.51   239.23 250.03   101.17 111.97   106.76 117.56   100.49 111.29
2023-09-23   100.83 111.60   100.80 111.57   238.32 249.09   100.26 111.03   105.84 116.61    99.58 110.35
2023-09-24    99.92 110.66    99.89 110.63   237.40 248.15    99.35 110.09   104.93 115.68    98.67 109.41
2023-09-25    99.01 109.73    98.98 109.70   236.50 247.21    98.44 109.16   104.02 114.74    97.76 108.48
2023-09-26    98.11 108.80    98.08 108.77   235.59 246.29    97.54 108.23   103.12 113.81    96.85 107.55
2023-09-27    97.20 107.87    97.18 107.85   234.69 245.36    96.63 107.30   102.22 112.89    95.95 106.62
2023-09-28    96.31 106.95    96.28 106.92   233.79 244.44    95.74 106.38   101.32 111.97    95.06 105.70
2023-09-29    95.41 106.03    95.39 106.01   232.90 243.52    94.84 105.46   100.43 111.05    94.16 104.78
2023-09-30    94.52 105.12    94.50 105.09   232.01 242.61    93.95 104.55    99.54 110.13    93.27 103.87
2023-10-01    93.64 104.21    93.61 104.18   231.12 241.70    93.07 103.64    98.65 109.22    92.38 102.96
2023-10-02    92.75 103.30    92.72 103.28   230.24 240.79    92.18 102.73    97.77 108.32    91.50 102.05
2023-10-03    91.87 102.40    91.84 102.37   229.36 239.89    91.30 101.83    96.88 107.41    90.62 101.15
2023-10-04    90.99 101.50    90.96 101.47   228.48 238.99    90.42 100.93    96.01 106.51    89.74 100.25
2023-10-05    90.11 100.60    90.09 100.58   227.60 238.09    89.54 100.03    95.13 105.62    88.86  99.35
2023-10-06    89.24  99.71    89.21  99.68   226.73 237.20    88.67  99.14    94.25 104.72    87.99  98.46
2023-10-07    88.37  98.82    88.34  98.79   225.86 236.30    87.80  98.25    93.38 103.83    87.12  97.57
2023-10-08    87.50  97.93    87.47  97.90   224.99 235.42    86.93  97.36    92.51 102.94    86.25  96.68
2023-10-09    86.63  97.04    86.61  97.02   224.12 234.53    86.06  96.47    91.65 102.06    85.38  95.79
2023-10-10    85.77  96.16    85.74  96.14   223.25 233.65    85.20  95.59    90.78 101.18    84.52  94.91
2023-10-11    84.90  95.28    84.88  95.26   222.39 232.77    84.33  94.71    89.92 100.30    83.65  94.03
2023-10-12    84.04  94.40    84.02  94.38   221.53 231.89    83.47  93.83    89.06  99.42    82.79  93.15
2023-10-13    83.18  93.53    83.16  93.50   220.67 231.02    82.61  92.96    88.20  98.54    81.93  92.28
2023-10-14    82.32  92.66    82.30  92.63   219.81 230.14    81.75  92.09    87.34  97.67    81.07  91.41
2023-10-15    81.47  91.79    81.44  91.76   218.95 229.27    80.90  91.22    86.48  96.80    80.22  90.54
2023-10-16    80.61  90.92    80.58  90.89   218.10 228.40    80.04  90.35    85.63  95.93    79.36  89.67
2023-10-17    79.76  90.05    79.73  90.02   217.24 227.54    79.19  89.48    84.77  95.07    78.51  88.80
2023-10-18    78.90  89.18    78.88  89.16   216.39 226.67    78.33  88.61    83.92  94.20    77.65  87.93
2023-10-19    78.05  88.32    78.02  88.29   215.54 225.81    77.48  87.75    83.06  93.34    76.80  87.07
2023-10-20    77.20  87.46    77.17  87.43   214.69 224.95    76.63  86.89    82.21  92.47    75.95  86.21
2023-10-21    76.35  86.60    76.32  86.57   213.83 224.09    75.78  86.03    81.36  91.61    75.10  85.35
2023-10-22    75.49  85.74    75.47  85.71   212.98 223.23    74.92  85.17    80.51  90.75    74.24  84.49
2023-10-23    74.64  84.88    74.62  84.85   212.13 222.37    74.07  84.31    79.66  89.89    73.39  83.63
2023-10-24    73.79  84.02    73.77  83.99   211.28 221.51    73.22  83.45    78.81  89.04    72.54  82.77
2023-10-25    72.94  83.16    72.92  83.14   210.43 220.65    72.37  82.59    77.96  88.18    71.69  81.91
2023-10-26    72.09  82.31    72.07  82.28   209.58 219.80    71.52  81.74    77.11  87.32    70.84  81.06
2023-10-27    71.24  81.45    71.21  81.43   208.73 218.94    70.67  80.88    76.26  86.47    69.99  80.20
2023-10-28    70.39  80.60    70.36  80.57   207.88 218.08    69.82  80.03    75.40  85.61    69.14  79.35
2023-10-29    69.54  79.74    69.51  79.72   207.03 217.23    68.97  79.17    74.55  84.76    68.29  78.49
2023-10-30    68.69  78.89    68.66  78.86   206.17 216.37    68.12  78.32    73.70  83.90    67.43  77.64
2023-10-31    67.83  78.03    67.81  78.01   205.32 215.52    67.26  77.46    72.85  83.05    66.58  76.78
2023-11-01    66.98  77.18    66.95  77.15   204.46 214.66    66.41  76.61    71.99  82.19    65.73  75.93
2023-11-02    66.12  76.32    66.10  76.30   203.61 213.81    65.55  75.75    71.14  81.34    64.87  75.07
2023-11-03    65.27  75.47    65.24  75.44   202.75 212.95    64.70  74.90    70.28  80.48    64.01  74.22
2023-11-04    64.41  74.61    64.38  74.58   201.90 212.10    63.84  74.04    69.42  79.63    63.16  73.36
2023-11-05    63.55  73.75    63.52  73.73   201.04 211.24    62.98  73.18    68.56  78.77    62.30  72.50
2023-11-06    62.69  72.90    62.66  72.87   200.17 210.38    62.12  72.33    67.70  77.91    61.44  71.65
2023-11-07    62.07  71.79    62.04  71.77   199.55 209.28    61.50  71.22    67.08  76.81    60.82  70.54
2023-11-08    61.52  70.61    61.50  70.59   199.01 208.10    60.95  70.04    66.54  75.63    60.27  69.36
2023-11-09    60.98  69.43    60.95  69.40   198.47 206.92    60.41  68.86    66.00  74.45    59.73  68.18
2023-11-10    60.43  68.25    60.41  68.22   197.92 205.73    59.86  67.68    65.45  73.26    59.18  67.00
2023-11-11    59.88  67.06    59.86  67.03   197.37 204.55    59.31  66.49    64.90  72.08    58.63  65.81
