
       Target
                ecliptic
RA      Dec     latitude
297.009  50.372  68.856

Checked interval [2020-01-01, 2023-12-31]
|           Window [days]                 |    Normal V3 PA [deg]    |
   Start           End         Duration         Start         End         RA            Dec     
 2020-04-29      2020-11-30       215.00     252.82074      45.76973     297.00944      50.37228 
 2021-04-29      2021-11-30       215.00     253.09190      46.00289     297.00944      50.37228 
 2022-04-29      2022-11-30       214.94     253.30551      46.22589     297.00944      50.37228 
 2023-04-30      2023-12-01       215.00     252.71731      45.47861     297.00944      50.37228 


                V3PA          NIRCam           NIRSpec         NIRISS           MIRI          FGS
   Date      min    max      min    max       min    max     min    max      min    max      min    max

2020-04-30   249.19 256.27   249.17 256.24    26.68  33.75   248.62 255.70   254.21 261.28   247.94 255.02
2020-05-01   248.08 255.58   248.05 255.55    25.57  33.06   247.51 255.01   253.09 260.59   246.83 254.33
2020-05-02   246.96 254.89   246.93 254.86    24.45  32.38   246.39 254.32   251.98 259.90   245.71 253.64
2020-05-03   245.85 254.20   245.82 254.17    23.33  31.69   245.28 253.63   250.86 259.22   244.59 252.95
2020-05-04   244.73 253.52   244.70 253.49    22.22  31.00   244.16 252.95   249.75 258.53   243.48 252.27
2020-05-05   243.62 252.83   243.59 252.81    21.10  30.32   243.05 252.26   248.63 257.85   242.36 251.58
2020-05-06   242.50 252.15   242.47 252.12    19.99  29.64   241.93 251.58   247.52 257.17   241.25 250.90
2020-05-07   241.39 251.47   241.36 251.44    18.87  28.96   240.82 250.90   246.40 256.49   240.14 250.22
2020-05-08   240.43 250.64   240.40 250.61    17.92  28.12   239.86 250.07   245.44 255.65   239.18 249.39
2020-05-09   239.53 249.74   239.51 249.71    17.02  27.23   238.96 249.17   244.55 254.75   238.28 248.49
2020-05-10   238.64 248.84   238.61 248.82    16.13  26.33   238.07 248.27   243.65 253.86   237.39 247.59
2020-05-11   237.74 247.95   237.72 247.92    15.23  25.43   237.17 247.38   242.76 252.96   236.49 246.70
2020-05-12   236.85 247.05   236.82 247.03    14.34  24.54   236.28 246.48   241.87 252.07   235.60 245.80
2020-05-13   235.96 246.16   235.93 246.13    13.44  23.64   235.39 245.59   240.97 251.17   234.71 244.91
2020-05-14   235.06 245.26   235.04 245.24    12.55  22.75   234.49 244.69   240.08 250.28   233.81 244.01
2020-05-15   234.17 244.37   234.14 244.34    11.66  21.86   233.60 243.80   239.19 249.39   232.92 243.12
2020-05-16   233.28 243.48   233.25 243.45    10.76  20.96   232.71 242.91   238.29 248.49   232.03 242.23
2020-05-17   232.38 242.58   232.36 242.56     9.87  20.07   231.81 242.01   237.40 247.60   231.13 241.33
2020-05-18   231.49 241.69   231.46 241.66     8.98  19.18   230.92 241.12   236.50 246.71   230.24 240.44
2020-05-19   230.59 240.80   230.57 240.77     8.08  18.29   230.02 240.23   235.61 245.81   229.34 239.55
2020-05-20   229.70 239.91   229.67 239.88     7.19  17.39   229.13 239.34   234.71 244.92   228.45 238.65
2020-05-21   228.80 239.01   228.78 238.99     6.29  16.50   228.23 238.44   233.82 244.03   227.55 237.76
2020-05-22   227.91 238.12   227.88 238.09     5.40  15.61   227.34 237.55   232.92 243.13   226.66 236.87
2020-05-23   227.01 237.23   226.99 237.20     4.50  14.71   226.44 236.66   232.03 242.24   225.76 235.98
2020-05-24   226.12 236.33   226.09 236.31     3.60  13.82   225.55 235.76   231.13 241.35   224.86 235.08
2020-05-25   225.22 235.44   225.19 235.41     2.71  12.93   224.65 234.87   230.23 240.45   223.97 234.19
2020-05-26   224.32 234.54   224.29 234.52     1.81  12.03   223.75 233.97   229.33 239.56   223.07 233.29
2020-05-27   223.42 233.65   223.39 233.62     0.91  11.14   222.85 233.08   228.44 238.66   222.17 232.40
2020-05-28   222.52 232.75   222.49 232.73     0.01  10.24   221.95 232.18   227.54 237.77   221.27 231.50
2020-05-29   221.62 231.86   221.59 231.83   359.11   9.35   221.05 231.29   226.63 236.87   220.37 230.61
2020-05-30   220.72 230.96   220.69 230.93   358.20   8.45   220.15 230.39   225.73 235.98   219.47 229.71
2020-05-31   219.81 230.06   219.79 230.04   357.30   7.55   219.24 229.49   224.83 235.08   218.56 228.81
2020-06-01   218.91 229.16   218.88 229.14   356.39   6.65   218.34 228.59   223.92 234.18   217.66 227.91
2020-06-02   218.00 228.27   217.97 228.24   355.49   5.75   217.43 227.70   223.02 233.28   216.75 227.01
2020-06-03   217.09 227.36   217.07 227.34   354.58   4.85   216.52 226.79   222.11 232.38   215.84 226.11
2020-06-04   216.18 226.46   216.16 226.44   353.67   3.95   215.61 225.89   221.20 231.48   214.93 225.21
2020-06-05   215.27 225.56   215.25 225.53   352.76   3.05   214.70 224.99   220.29 230.57   214.02 224.31
2020-06-06   214.36 224.66   214.34 224.63   351.85   2.14   213.79 224.09   219.38 229.67   213.11 223.40
2020-06-07   213.45 223.75   213.42 223.72   350.94   1.24   212.88 223.18   218.46 228.77   212.20 222.50
2020-06-08   212.53 222.84   212.51 222.82   350.02   0.33   211.96 222.27   217.55 227.86   211.28 221.59
2020-06-09   211.62 221.93   211.59 221.91   349.10 359.42   211.05 221.36   216.63 226.95   210.37 220.68
2020-06-10   210.70 221.02   210.67 221.00   348.18 358.51   210.13 220.45   215.71 226.04   209.45 219.77
2020-06-11   209.78 220.11   209.75 220.09   347.26 357.60   209.21 219.54   214.79 225.13   208.53 218.86
2020-06-12   208.85 219.20   208.83 219.17   346.34 356.69   208.28 218.63   213.87 224.22   207.60 217.95
2020-06-13   207.93 218.29   207.90 218.26   345.42 355.77   207.36 217.72   212.94 223.30   206.68 217.03
2020-06-14   207.00 217.37   206.98 217.34   344.49 354.86   206.43 216.80   212.02 222.38   205.75 216.12
2020-06-15   206.07 216.45   206.05 216.42   343.56 353.94   205.50 215.88   211.09 221.47   204.82 215.20
2020-06-16   205.14 215.53   205.12 215.50   342.63 353.02   204.57 214.96   210.16 220.55   203.89 214.28
2020-06-17   204.21 214.61   204.18 214.58   341.70 352.10   203.64 214.04   209.23 219.62   202.96 213.36
2020-06-18   203.28 213.68   203.25 213.66   340.76 351.17   202.71 213.11   208.29 218.70   202.02 212.43
2020-06-19   202.34 212.76   202.31 212.73   339.83 350.25   201.77 212.19   207.35 217.77   201.09 211.51
2020-06-20   201.40 211.83   201.37 211.80   338.89 349.32   200.83 211.26   206.41 216.84   200.15 210.58
2020-06-21   200.46 210.90   200.43 210.87   337.94 348.39   199.89 210.33   205.47 215.91   199.21 209.65
2020-06-22   199.51 209.97   199.49 209.94   337.00 347.45   198.94 209.40   204.53 214.98   198.26 208.72
2020-06-23   198.57 209.03   198.54 209.01   336.05 346.52   198.00 208.46   203.58 214.05   197.32 207.78
2020-06-24   197.62 208.09   197.59 208.07   335.10 345.58   197.05 207.52   202.63 213.11   196.37 206.84
2020-06-25   196.67 207.16   196.64 207.13   334.15 344.64   196.10 206.59   201.68 212.17   195.42 205.90
2020-06-26   195.71 206.21   195.69 206.19   333.20 343.70   195.14 205.64   200.73 211.23   194.46 204.96
2020-06-27   194.76 205.27   194.73 205.24   332.24 342.76   194.19 204.70   199.77 210.29   193.51 204.02
2020-06-28   193.80 204.32   193.77 204.30   331.28 341.81   193.23 203.75   198.81 209.34   192.55 203.07
2020-06-29   192.84 203.37   192.81 203.35   330.32 340.86   192.27 202.80   197.85 208.39   191.59 202.12
2020-06-30   191.87 202.42   191.85 202.40   329.36 339.91   191.30 201.85   196.89 207.44   190.62 201.17
2020-07-01   190.91 201.47   190.88 201.44   328.39 338.96   190.34 200.90   195.92 206.49   189.66 200.22
2020-07-02   189.94 200.51   189.91 200.49   327.43 338.00   189.37 199.94   194.95 205.53   188.69 199.26
2020-07-03   188.97 199.56   188.94 199.53   326.45 337.04   188.40 198.99   193.98 204.57   187.72 198.30
2020-07-04   187.99 198.59   187.97 198.57   325.48 336.08   187.42 198.02   193.01 203.61   186.74 197.34
2020-07-05   187.02 197.63   186.99 197.60   324.50 335.12   186.45 197.06   192.03 202.65   185.77 196.38
2020-07-06   186.04 196.66   186.01 196.64   323.53 334.15   185.47 196.09   191.05 201.68   184.79 195.41
2020-07-07   185.06 195.70   185.03 195.67   322.54 333.18   184.49 195.13   190.07 200.71   183.81 194.45
2020-07-08   184.07 194.72   184.05 194.70   321.56 332.21   183.50 194.15   189.09 199.74   182.82 193.47
2020-07-09   183.09 193.75   183.06 193.72   320.57 331.24   182.52 193.18   188.10 198.77   181.84 192.50
2020-07-10   182.10 192.77   182.07 192.75   319.59 330.26   181.53 192.20   187.11 197.79   180.85 191.52
2020-07-11   181.11 191.80   181.08 191.77   318.60 329.28   180.54 191.23   186.12 196.81   179.86 190.55
2020-07-12   180.11 190.82   180.09 190.79   317.60 328.30   179.54 190.25   185.13 195.83   178.86 189.56
2020-07-13   179.12 189.83   179.09 189.81   316.61 327.32   178.55 189.26   184.13 194.85   177.87 188.58
2020-07-14   178.12 188.85   178.09 188.82   315.61 326.33   177.55 188.28   183.14 193.86   176.87 187.59
2020-07-15   177.12 187.86   177.09 187.83   314.61 325.34   176.55 187.29   182.14 192.87   175.87 186.61
2020-07-16   176.12 186.87   176.09 186.84   313.61 324.35   175.55 186.30   181.13 191.88   174.87 185.62
2020-07-17   175.11 185.87   175.09 185.85   312.60 323.36   174.54 185.30   180.13 190.89   173.86 184.62
2020-07-18   174.11 184.88   174.08 184.85   311.60 322.37   173.54 184.31   179.12 189.89   172.86 183.63
2020-07-19   173.10 183.88   173.07 183.85   310.59 321.37   172.53 183.31   178.12 188.90   171.85 182.63
2020-07-20   172.09 182.88   172.06 182.85   309.58 320.37   171.52 182.31   177.10 187.90   170.84 181.63
2020-07-21   171.08 181.88   171.05 181.85   308.56 319.37   170.51 181.31   176.09 186.89   169.83 180.63
2020-07-22   170.06 180.87   170.04 180.85   307.55 318.36   169.49 180.30   175.08 185.89   168.81 179.62
2020-07-23   169.05 179.87   169.02 179.84   306.53 317.35   168.48 179.30   174.06 184.88   167.80 178.62
2020-07-24   168.03 178.86   168.00 178.83   305.52 316.35   167.46 178.29   173.04 183.87   166.78 177.61
2020-07-25   167.01 177.85   166.98 177.82   304.50 315.34   166.44 177.28   172.02 182.86   165.76 176.60
2020-07-26   165.99 176.84   165.96 176.81   303.48 314.32   165.42 176.27   171.00 181.85   164.74 175.59
2020-07-27   164.97 175.82   164.94 175.80   302.45 313.31   164.40 175.25   169.98 180.84   163.72 174.57
2020-07-28   163.94 174.81   163.92 174.78   301.43 312.29   163.37 174.24   168.96 179.82   162.69 173.56
2020-07-29   162.92 173.79   162.89 173.76   300.40 311.28   162.35 173.22   167.93 178.80   161.67 172.54
2020-07-30   161.89 172.77   161.86 172.74   299.38 310.26   161.32 172.20   166.91 177.79   160.64 171.52
2020-07-31   160.86 171.75   160.84 171.72   298.35 309.24   160.29 171.18   165.88 176.76   159.61 170.50
2020-08-01   159.83 170.73   159.81 170.70   297.32 308.21   159.26 170.16   164.85 175.74   158.58 169.48
2020-08-02   158.80 169.70   158.78 169.68   296.29 307.19   158.23 169.13   163.82 174.72   157.55 168.45
2020-08-03   157.77 168.68   157.75 168.65   295.26 306.17   157.20 168.11   162.79 173.69   156.52 167.43
2020-08-04   156.74 167.65   156.72 167.63   294.23 305.14   156.17 167.08   161.76 172.67   155.49 166.40
2020-08-05   155.71 166.63   155.68 166.60   293.20 304.11   155.14 166.06   160.72 171.64   154.46 165.37
2020-08-06   154.68 165.60   154.65 165.57   292.16 303.08   154.11 165.03   159.69 170.61   153.43 164.35
2020-08-07   153.64 164.57   153.62 164.54   291.13 302.05   153.07 164.00   158.66 169.58   152.39 163.32
2020-08-08   152.61 163.54   152.58 163.51   290.10 301.02   152.04 162.97   157.62 168.55   151.36 162.29
2020-08-09   151.57 162.50   151.55 162.48   289.06 299.99   151.00 161.93   156.59 167.52   150.32 161.25
2020-08-10   150.54 161.47   150.51 161.45   288.03 298.96   149.97 160.90   155.55 166.49   149.29 160.22
2020-08-11   149.50 160.44   149.48 160.41   286.99 297.93   148.93 159.87   154.52 165.45   148.25 159.19
2020-08-12   148.47 159.41   148.44 159.38   285.96 296.89   147.90 158.84   153.48 164.42   147.22 158.15
2020-08-13   147.43 158.37   147.41 158.34   284.92 295.86   146.86 157.80   152.45 163.39   146.18 157.12
2020-08-14   146.40 157.34   146.37 157.31   283.88 294.82   145.83 156.77   151.41 162.35   145.15 156.09
2020-08-15   145.36 156.30   145.33 156.27   282.85 293.79   144.79 155.73   150.38 161.32   144.11 155.05
2020-08-16   144.33 155.27   144.30 155.24   281.81 292.75   143.76 154.70   149.34 160.28   143.08 154.02
2020-08-17   143.29 154.23   143.26 154.20   280.78 291.72   142.72 153.66   148.31 159.25   142.04 152.98
2020-08-18   142.26 153.19   142.23 153.17   279.74 290.68   141.69 152.62   147.27 158.21   141.01 151.94
2020-08-19   141.22 152.16   141.20 152.13   278.71 289.65   140.65 151.59   146.24 157.17   139.97 150.91
2020-08-20   140.19 151.12   140.16 151.10   277.68 288.61   139.62 150.55   145.20 156.14   138.94 149.87
2020-08-21   139.15 150.09   139.13 150.06   276.64 287.57   138.58 149.52   144.17 155.10   137.90 148.84
2020-08-22   138.12 149.05   138.10 149.03   275.61 286.54   137.55 148.48   143.14 154.07   136.87 147.80
2020-08-23   137.09 148.02   137.06 147.99   274.58 285.50   136.52 147.45   142.11 153.03   135.84 146.77
2020-08-24   136.06 146.98   136.03 146.96   273.55 284.47   135.49 146.41   141.07 152.00   134.81 145.73
2020-08-25   135.03 145.95   135.00 145.92   272.52 283.43   134.46 145.38   140.04 150.96   133.78 144.70
2020-08-26   134.00 144.91   133.97 144.89   271.49 282.40   133.43 144.34   139.02 149.93   132.75 143.66
2020-08-27   132.97 143.88   132.95 143.85   270.46 281.37   132.40 143.31   137.99 148.90   131.72 142.63
2020-08-28   131.94 142.85   131.92 142.82   269.43 280.33   131.37 142.28   136.96 147.86   130.69 141.60
2020-08-29   130.92 141.82   130.89 141.79   268.41 279.30   130.35 141.25   135.93 146.83   129.67 140.56
2020-08-30   129.89 140.78   129.87 140.76   267.38 278.27   129.32 140.21   134.91 145.80   128.64 139.53
2020-08-31   128.87 139.75   128.84 139.73   266.36 277.24   128.30 139.18   133.89 144.77   127.62 138.50
2020-09-01   127.85 138.73   127.82 138.70   265.34 276.21   127.28 138.16   132.86 143.74   126.60 137.47
2020-09-02   126.83 137.70   126.80 137.67   264.31 275.18   126.26 137.13   131.84 142.71   125.58 136.45
2020-09-03   125.81 136.67   125.78 136.64   263.30 274.16   125.24 136.10   130.82 141.68   124.56 135.42
2020-09-04   124.79 135.64   124.76 135.62   262.28 273.13   124.22 135.07   129.81 140.66   123.54 134.39
2020-09-05   123.77 134.62   123.75 134.59   261.26 272.11   123.20 134.05   128.79 139.63   122.52 133.37
2020-09-06   122.76 133.60   122.73 133.57   260.25 271.08   122.19 133.03   127.77 138.61   121.51 132.34
2020-09-07   121.75 132.57   121.72 132.55   259.23 270.06   121.18 132.00   126.76 137.59   120.50 131.32
2020-09-08   120.74 131.55   120.71 131.53   258.22 269.04   120.17 130.98   125.75 136.57   119.48 130.30
2020-09-09   119.73 130.53   119.70 130.51   257.21 268.02   119.16 129.96   124.74 135.55   118.48 129.28
2020-09-10   118.72 129.52   118.69 129.49   256.21 267.00   118.15 128.95   123.73 134.53   117.47 128.26
2020-09-11   117.71 128.50   117.69 128.47   255.20 265.99   117.14 127.93   122.73 133.51   116.46 127.25
2020-09-12   116.71 127.48   116.68 127.46   254.20 264.97   116.14 126.91   121.72 132.50   115.46 126.23
2020-09-13   115.71 126.47   115.68 126.45   253.19 263.96   115.14 125.90   120.72 131.49   114.46 125.22
2020-09-14   114.71 125.46   114.68 125.43   252.19 262.95   114.14 124.89   119.72 130.48   113.45 124.21
2020-09-15   113.71 124.45   113.68 124.42   251.19 261.94   113.14 123.88   118.72 129.47   112.46 123.20
2020-09-16   112.71 123.44   112.68 123.42   250.20 260.93   112.14 122.87   117.73 128.46   111.46 122.19
2020-09-17   111.72 122.44   111.69 122.41   249.20 259.92   111.15 121.87   116.73 127.45   110.47 121.19
2020-09-18   110.72 121.43   110.70 121.41   248.21 258.92   110.15 120.86   115.74 126.45   109.47 120.18
2020-09-19   109.73 120.43   109.71 120.40   247.22 257.92   109.16 119.86   114.75 125.45   108.48 119.18
2020-09-20   108.74 119.43   108.72 119.40   246.23 256.92   108.17 118.86   113.76 124.44   107.49 118.18
2020-09-21   107.76 118.43   107.73 118.40   245.24 255.92   107.19 117.86   112.77 123.45   106.51 117.18
2020-09-22   106.77 117.43   106.75 117.41   244.26 254.92   106.20 116.86   111.79 122.45   105.52 116.18
2020-09-23   105.79 116.44   105.76 116.41   243.28 253.93   105.22 115.87   110.81 121.45   104.54 115.19
2020-09-24   104.81 115.45   104.78 115.42   242.30 252.93   104.24 114.88   109.82 120.46   103.56 114.19
2020-09-25   103.83 114.45   103.80 114.43   241.32 251.94   103.26 113.88   108.85 119.47   102.58 113.20
2020-09-26   102.85 113.46   102.83 113.44   240.34 250.95   102.28 112.89   107.87 118.48   101.60 112.21
2020-09-27   101.88 112.48   101.85 112.45   239.37 249.97   101.31 111.91   106.89 117.49   100.63 111.23
2020-09-28   100.91 111.49   100.88 111.47   238.39 248.98   100.34 110.92   105.92 116.51    99.66 110.24
2020-09-29    99.94 110.51    99.91 110.48   237.42 248.00    99.37 109.94   104.95 115.52    98.68 109.26
2020-09-30    98.97 109.53    98.94 109.50   236.45 247.01    98.40 108.96   103.98 114.54    97.72 108.28
2020-10-01    98.00 108.55    97.97 108.52   235.49 246.03    97.43 107.98   103.01 113.56    96.75 107.30
2020-10-02    97.03 107.57    97.01 107.54   234.52 245.06    96.46 107.00   102.05 112.58    95.78 106.32
2020-10-03    96.07 106.59    96.04 106.57   233.56 244.08    95.50 106.02   101.09 111.61    94.82 105.34
2020-10-04    95.11 105.62    95.08 105.59   232.60 243.11    94.54 105.05   100.12 110.63    93.86 104.37
2020-10-05    94.15 104.65    94.12 104.62   231.64 242.13    93.58 104.08    99.16 109.66    92.90 103.40
2020-10-06    93.19 103.68    93.16 103.65   230.68 241.16    92.62 103.11    98.21 108.69    91.94 102.43
2020-10-07    92.23 102.71    92.21 102.68   229.72 240.20    91.66 102.14    97.25 107.72    90.98 101.46
2020-10-08    91.28 101.74    91.25 101.72   228.77 239.23    90.71 101.17    96.29 106.76    90.03 100.49
2020-10-09    90.33 100.78    90.30 100.75   227.81 238.26    89.76 100.21    95.34 105.79    89.08  99.53
2020-10-10    89.37  99.81    89.35  99.79   226.86 237.30    88.80  99.24    94.39 104.83    88.12  98.56
2020-10-11    88.42  98.85    88.40  98.83   225.91 236.34    87.85  98.28    93.44 103.87    87.17  97.60
2020-10-12    87.48  97.89    87.45  97.87   224.96 235.38    86.91  97.32    92.49 102.91    86.22  96.64
2020-10-13    86.53  96.93    86.50  96.91   224.02 234.42    85.96  96.36    91.54 101.95    85.28  95.68
2020-10-14    85.58  95.98    85.56  95.95   223.07 233.46    85.01  95.41    90.60 100.99    84.33  94.73
2020-10-15    84.64  95.02    84.61  94.99   222.13 232.51    84.07  94.45    89.65 100.04    83.39  93.77
2020-10-16    83.69  94.07    83.67  94.04   221.18 231.56    83.12  93.50    88.71  99.08    82.44  92.82
2020-10-17    82.75  93.12    82.73  93.09   220.24 230.60    82.18  92.55    87.77  98.13    81.50  91.86
2020-10-18    81.81  92.16    81.79  92.14   219.30 229.65    81.24  91.59    86.83  97.18    80.56  90.91
2020-10-19    80.87  91.22    80.85  91.19   218.36 228.70    80.30  90.65    85.89  96.23    79.62  89.96
2020-10-20    79.93  90.27    79.91  90.24   217.42 227.75    79.36  89.70    84.95  95.28    78.68  89.02
2020-10-21    79.00  89.32    78.97  89.29   216.48 226.81    78.43  88.75    84.01  94.33    77.74  88.07
2020-10-22    78.06  88.37    78.03  88.35   215.55 225.86    77.49  87.80    83.07  93.39    76.81  87.12
2020-10-23    77.12  87.43    77.10  87.40   214.61 224.92    76.55  86.86    82.14  92.44    75.87  86.18
2020-10-24    76.19  86.49    76.16  86.46   213.68 223.97    75.62  85.92    81.20  91.50    74.94  85.24
2020-10-25    75.25  85.54    75.23  85.52   212.74 223.03    74.68  84.97    80.27  90.56    74.00  84.29
2020-10-26    74.32  84.60    74.29  84.58   211.81 222.09    73.75  84.03    79.33  89.62    73.07  83.35
2020-10-27    73.39  83.66    73.36  83.63   210.87 221.15    72.82  83.09    78.40  88.68    72.14  82.41
2020-10-28    72.45  82.72    72.43  82.69   209.94 220.21    71.88  82.15    77.47  87.74    71.20  81.47
2020-10-29    71.52  81.78    71.50  81.76   209.01 219.27    70.95  81.21    76.54  86.80    70.27  80.53
2020-10-30    70.59  80.84    70.56  80.82   208.08 218.33    70.02  80.27    75.61  85.86    69.34  79.59
2020-10-31    69.66  79.91    69.63  79.88   207.15 217.39    69.09  79.34    74.67  84.92    68.41  78.66
2020-11-01    68.73  78.97    68.70  78.94   206.21 216.46    68.16  78.40    73.74  83.98    67.48  77.72
2020-11-02    67.80  78.03    67.77  78.01   205.28 215.52    67.23  77.46    72.81  83.05    66.55  76.78
2020-11-03    66.87  77.10    66.84  77.07   204.35 214.58    66.30  76.53    71.88  82.11    65.61  75.85
2020-11-04    65.93  76.16    65.91  76.14   203.42 213.65    65.36  75.59    70.95  81.18    64.68  74.91
2020-11-05    65.00  75.23    64.98  75.20   202.49 212.71    64.43  74.66    70.02  80.24    63.75  73.98
2020-11-06    64.07  74.29    64.05  74.27   201.56 211.78    63.50  73.72    69.09  79.31    62.82  73.04
2020-11-07    63.14  73.36    63.12  73.33   200.63 210.84    62.57  72.79    68.16  78.37    61.89  72.11
2020-11-08    62.21  72.42    62.18  72.40   199.70 209.91    61.64  71.85    67.23  77.44    60.96  71.17
2020-11-09    61.28  71.49    61.25  71.46   198.77 208.98    60.71  70.92    66.29  76.50    60.03  70.24
2020-11-10    60.35  70.55    60.32  70.53   197.83 208.04    59.78  69.98    65.36  75.57    59.10  69.30
2020-11-11    59.41  69.62    59.39  69.59   196.90 207.11    58.84  69.05    64.43  74.63    58.16  68.37
2020-11-12    58.48  68.68    58.45  68.66   195.97 206.17    57.91  68.11    63.50  73.70    57.23  67.43
2020-11-13    57.55  67.75    57.52  67.72   195.03 205.24    56.98  67.18    62.56  72.76    56.30  66.50
2020-11-14    56.61  66.81    56.59  66.79   194.10 204.30    56.04  66.24    61.63  71.83    55.36  65.56
2020-11-15    55.68  65.88    55.65  65.85   193.17 203.37    55.11  65.31    60.69  70.89    54.43  64.63
2020-11-16    54.74  64.94    54.72  64.92   192.23 202.43    54.17  64.37    59.76  69.96    53.49  63.69
2020-11-17    53.80  64.00    53.78  63.98   191.29 201.49    53.23  63.43    58.82  69.02    52.55  62.75
2020-11-18    52.87  63.07    52.84  63.04   190.35 200.56    52.30  62.50    57.88  68.08    51.62  61.82
2020-11-19    51.93  62.13    51.90  62.10   189.42 199.62    51.36  61.56    56.94  67.15    50.68  60.88
2020-11-20    50.99  61.19    50.96  61.16   188.47 198.68    50.42  60.62    56.00  66.21    49.74  59.94
2020-11-21    50.05  60.25    50.02  60.23   187.53 197.74    49.48  59.68    55.06  65.27    48.80  59.00
2020-11-22    49.10  59.31    49.08  59.28   186.59 196.80    48.53  58.74    54.12  64.33    47.85  58.06
2020-11-23    48.24  58.29    48.21  58.26   185.73 195.78    47.67  57.72    53.26  63.30    46.99  57.04
2020-11-24    47.52  57.12    47.49  57.09   185.01 194.61    46.95  56.55    52.54  62.14    46.27  55.87
2020-11-25    46.80  55.95    46.77  55.93   184.29 193.44    46.23  55.38    51.81  60.97    45.55  54.70
2020-11-26    46.08  54.78    46.05  54.76   183.56 192.27    45.51  54.21    51.09  59.80    44.83  53.53
2020-11-27    45.35  53.61    45.32  53.59   182.84 191.10    44.78  53.04    50.37  58.63    44.10  52.36
2020-11-28    44.62  52.44    44.60  52.41   182.11 189.93    44.05  51.87    49.64  57.46    43.37  51.19
2020-11-29    43.89  51.27    43.87  51.24   181.38 188.76    43.32  50.70    48.91  56.28    42.64  50.02
2020-11-30    43.16  50.10    43.13  50.07   180.65 187.58    42.59  49.53    48.18  55.11    41.91  48.85

2021-04-30   249.53 256.48   249.50 256.45    27.01  33.96   248.96 255.91   254.54 261.49   248.28 255.23
2021-05-01   248.41 255.79   248.38 255.76    25.90  33.27   247.84 255.22   253.42 260.80   247.16 254.53
2021-05-02   247.29 255.10   247.26 255.07    24.78  32.58   246.72 254.53   252.31 260.11   246.04 253.85
2021-05-03   246.17 254.41   246.15 254.38    23.66  31.90   245.60 253.84   251.19 259.42   244.92 253.16
2021-05-04   245.06 253.72   245.03 253.70    22.54  31.21   244.49 253.15   250.07 258.74   243.81 252.47
2021-05-05   243.94 253.04   243.91 253.01    21.43  30.53   243.37 252.47   248.96 258.06   242.69 251.79
2021-05-06   242.82 252.36   242.80 252.33    20.31  29.84   242.25 251.79   247.84 257.37   241.57 251.11
2021-05-07   241.71 251.68   241.68 251.65    19.20  29.16   241.14 251.11   246.72 256.69   240.46 250.43
2021-05-08   240.69 250.90   240.66 250.87    18.18  28.39   240.12 250.33   245.71 255.91   239.44 249.65
2021-05-09   239.79 250.00   239.77 249.97    17.28  27.49   239.22 249.43   244.81 255.02   238.54 248.75
2021-05-10   238.90 249.10   238.87 249.08    16.39  26.59   238.33 248.53   243.91 254.12   237.65 247.85
2021-05-11   238.00 248.21   237.98 248.18    15.49  25.69   237.43 247.64   243.02 253.22   236.75 246.96
2021-05-12   237.11 247.31   237.08 247.28    14.60  24.80   236.54 246.74   242.12 252.33   235.86 246.06
2021-05-13   236.21 246.41   236.19 246.39    13.70  23.90   235.64 245.84   241.23 251.43   234.96 245.16
2021-05-14   235.32 245.52   235.29 245.49    12.81  23.01   234.75 244.95   240.33 250.53   234.07 244.27
2021-05-15   234.43 244.63   234.40 244.60    11.91  22.11   233.86 244.06   239.44 249.64   233.17 243.37
2021-05-16   233.53 243.73   233.50 243.70    11.02  21.22   232.96 243.16   238.55 248.75   232.28 242.48
2021-05-17   232.64 242.84   232.61 242.81    10.12  20.32   232.07 242.27   237.65 247.85   231.38 241.59
2021-05-18   231.74 241.94   231.71 241.92     9.23  19.43   231.17 241.37   236.76 246.96   230.49 240.69
2021-05-19   230.84 241.05   230.82 241.02     8.33  18.54   230.27 240.48   235.86 246.06   229.59 239.80
2021-05-20   229.95 240.15   229.92 240.13     7.44  17.64   229.38 239.58   234.96 245.17   228.70 238.90
2021-05-21   229.05 239.26   229.03 239.23     6.54  16.75   228.48 238.69   234.07 244.28   227.80 238.01
2021-05-22   228.16 238.37   228.13 238.34     5.64  15.85   227.59 237.80   233.17 243.38   226.91 237.12
2021-05-23   227.26 237.47   227.23 237.45     4.75  14.96   226.69 236.90   232.27 242.49   226.01 236.22
2021-05-24   226.36 236.58   226.33 236.55     3.85  14.06   225.79 236.01   231.38 241.59   225.11 235.33
2021-05-25   225.46 235.68   225.44 235.66     2.95  13.17   224.89 235.11   230.48 240.70   224.21 234.43
2021-05-26   224.56 234.79   224.54 234.76     2.05  12.27   223.99 234.22   229.58 239.80   223.31 233.54
2021-05-27   223.66 233.89   223.64 233.86     1.15  11.38   223.09 233.32   228.68 238.91   222.41 232.64
2021-05-28   222.76 232.99   222.73 232.97     0.25  10.48   222.19 232.42   227.78 238.01   221.51 231.74
2021-05-29   221.86 232.10   221.83 232.07   359.35   9.58   221.29 231.53   226.87 237.11   220.61 230.85
2021-05-30   220.95 231.20   220.93 231.17   358.44   8.69   220.38 230.63   225.97 236.21   219.70 229.95
2021-05-31   220.05 230.30   220.02 230.27   357.54   7.79   219.48 229.73   225.06 235.31   218.80 229.05
2021-06-01   219.14 229.40   219.12 229.37   356.63   6.89   218.57 228.83   224.16 234.41   217.89 228.15
2021-06-02   218.24 228.50   218.21 228.47   355.72   5.99   217.67 227.93   223.25 233.51   216.99 227.25
2021-06-03   217.33 227.60   217.30 227.57   354.82   5.08   216.76 227.03   222.34 232.61   216.08 226.35
2021-06-04   216.42 226.69   216.39 226.67   353.90   4.18   215.85 226.12   221.43 231.71   215.17 225.44
2021-06-05   215.51 225.79   215.48 225.76   352.99   3.28   214.94 225.22   220.52 230.80   214.26 224.54
2021-06-06   214.59 224.88   214.57 224.86   352.08   2.37   214.02 224.31   219.61 229.90   213.34 223.63
2021-06-07   213.68 223.98   213.65 223.95   351.17   1.47   213.11 223.41   218.69 228.99   212.43 222.73
2021-06-08   212.76 223.07   212.74 223.04   350.25   0.56   212.19 222.50   217.78 228.08   211.51 221.82
2021-06-09   211.84 222.16   211.82 222.13   349.33 359.65   211.27 221.59   216.86 227.18   210.59 220.91
2021-06-10   210.92 221.25   210.90 221.22   348.41 358.74   210.35 220.68   215.94 226.26   209.67 220.00
2021-06-11   210.00 220.34   209.98 220.31   347.49 357.82   209.43 219.77   215.02 225.35   208.75 219.09
2021-06-12   209.08 219.42   209.05 219.40   346.57 356.91   208.51 218.85   214.09 224.44   207.83 218.17
2021-06-13   208.15 218.51   208.13 218.48   345.64 355.99   207.58 217.94   213.17 223.52   206.90 217.26
2021-06-14   207.22 217.59   207.20 217.56   344.71 355.08   206.65 217.02   212.24 222.60   205.97 216.34
2021-06-15   206.29 216.67   206.27 216.64   343.78 354.16   205.72 216.10   211.31 221.68   205.04 215.42
2021-06-16   205.36 215.75   205.34 215.72   342.85 353.24   204.79 215.18   210.38 220.76   204.11 214.50
2021-06-17   204.43 214.82   204.40 214.80   341.92 352.31   203.86 214.25   209.44 219.84   203.18 213.57
2021-06-18   203.49 213.90   203.47 213.87   340.98 351.39   202.92 213.33   208.51 218.91   202.24 212.65
2021-06-19   202.55 212.97   202.53 212.95   340.04 350.46   201.98 212.40   207.57 217.99   201.30 211.72
2021-06-20   201.61 212.04   201.59 212.02   339.10 349.53   201.04 211.47   206.63 217.06   200.36 210.79
2021-06-21   200.67 211.11   200.65 211.09   338.16 348.60   200.10 210.54   205.69 216.13   199.42 209.86
2021-06-22   199.73 210.18   199.70 210.15   337.21 347.67   199.16 209.61   204.74 215.19   198.48 208.93
2021-06-23   198.78 209.24   198.75 209.22   336.27 346.73   198.21 208.67   203.79 214.26   197.53 207.99
2021-06-24   197.83 208.30   197.80 208.28   335.32 345.79   197.26 207.73   202.84 213.32   196.58 207.05
2021-06-25   196.88 207.36   196.85 207.34   334.36 344.85   196.31 206.79   201.89 212.38   195.63 206.11
2021-06-26   195.92 206.42   195.90 206.40   333.41 343.91   195.35 205.85   200.94 211.44   194.67 205.17
2021-06-27   194.97 205.48   194.94 205.45   332.45 342.96   194.40 204.91   199.98 210.49   193.71 204.23
2021-06-28   194.01 204.53   193.98 204.50   331.49 342.02   193.44 203.96   199.02 209.55   192.76 203.28
2021-06-29   193.04 203.58   193.02 203.55   330.53 341.07   192.47 203.01   198.06 208.60   191.79 202.33
2021-06-30   192.08 202.63   192.05 202.60   329.57 340.12   191.51 202.06   197.09 207.64   190.83 201.38
2021-07-01   191.11 201.67   191.09 201.65   328.60 339.16   190.54 201.10   196.13 206.69   189.86 200.42
2021-07-02   190.14 200.72   190.12 200.69   327.63 338.21   189.57 200.15   195.16 205.73   188.89 199.47
2021-07-03   189.17 199.76   189.15 199.73   326.66 337.25   188.60 199.19   194.19 204.77   187.92 198.51
2021-07-04   188.20 198.80   188.17 198.77   325.69 336.28   187.63 198.23   193.21 203.81   186.95 197.55
2021-07-05   187.22 197.83   187.19 197.81   324.71 335.32   186.65 197.26   192.24 202.85   185.97 196.58
2021-07-06   186.24 196.87   186.22 196.84   323.73 334.35   185.67 196.30   191.26 201.88   184.99 195.62
2021-07-07   185.26 195.90   185.23 195.87   322.75 333.39   184.69 195.33   190.28 200.91   184.01 194.65
2021-07-08   184.28 194.93   184.25 194.90   321.76 332.41   183.71 194.36   189.29 199.94   183.03 193.68
2021-07-09   183.29 193.95   183.26 193.93   320.78 331.44   182.72 193.38   188.31 198.97   182.04 192.70
2021-07-10   182.30 192.98   182.28 192.95   319.79 330.46   181.73 192.41   187.32 197.99   181.05 191.73
2021-07-11   181.31 192.00   181.28 191.97   318.80 329.49   180.74 191.43   186.33 197.01   180.06 190.75
2021-07-12   180.32 191.02   180.29 190.99   317.81 328.50   179.75 190.45   185.33 196.03   179.07 189.77
2021-07-13   179.32 190.03   179.30 190.01   316.81 327.52   178.75 189.46   184.34 195.05   178.07 188.78
2021-07-14   178.33 189.05   178.30 189.02   315.81 326.54   177.76 188.48   183.34 194.06   177.07 187.80
2021-07-15   177.33 188.06   177.30 188.03   314.81 325.55   176.76 187.49   182.34 193.07   176.08 186.81
2021-07-16   176.32 187.07   176.30 187.04   313.81 324.56   175.75 186.50   181.34 192.08   175.07 185.82
2021-07-17   175.32 186.08   175.29 186.05   312.81 323.56   174.75 185.51   180.34 191.09   174.07 184.83
2021-07-18   174.31 185.08   174.29 185.06   311.80 322.57   173.74 184.51   179.33 190.10   173.06 183.83
2021-07-19   173.31 184.08   173.28 184.06   310.79 321.57   172.74 183.51   178.32 189.10   172.06 182.83
2021-07-20   172.30 183.09   172.27 183.06   309.78 320.57   171.73 182.52   177.31 188.10   171.05 181.83
2021-07-21   171.29 182.08   171.26 182.06   308.77 319.57   170.72 181.51   176.30 187.10   170.03 180.83
2021-07-22   170.27 181.08   170.25 181.05   307.76 318.57   169.70 180.51   175.29 186.10   169.02 179.83
2021-07-23   169.26 180.08   169.23 180.05   306.74 317.56   168.69 179.51   174.27 185.09   168.01 178.83
2021-07-24   168.24 179.07   168.21 179.04   305.73 316.56   167.67 178.50   173.26 184.08   166.99 177.82
2021-07-25   167.22 178.06   167.20 178.03   304.71 315.55   166.65 177.49   172.24 183.07   165.97 176.81
2021-07-26   166.20 177.05   166.18 177.02   303.69 314.54   165.63 176.48   171.22 182.06   164.95 175.80
2021-07-27   165.18 176.04   165.16 176.01   302.67 313.52   164.61 175.47   170.20 181.05   163.93 174.79
2021-07-28   164.16 175.02   164.13 175.00   301.65 312.51   163.59 174.45   169.17 180.04   162.91 173.77
2021-07-29   163.14 174.01   163.11 173.98   300.62 311.49   162.57 173.44   168.15 179.02   161.88 172.75
2021-07-30   162.11 172.99   162.08 172.96   299.60 310.48   161.54 172.42   167.13 178.00   160.86 171.74
2021-07-31   161.08 171.97   161.06 171.94   298.57 309.46   160.51 171.40   166.10 176.98   159.83 170.72
2021-08-01   160.06 170.95   160.03 170.92   297.54 308.44   159.49 170.38   165.07 175.96   158.81 169.70
2021-08-02   159.03 169.93   159.00 169.90   296.52 307.41   158.46 169.36   164.04 174.94   157.78 168.68
2021-08-03   158.00 168.90   157.97 168.88   295.49 306.39   157.43 168.33   163.02 173.92   156.75 167.65
2021-08-04   156.97 167.88   156.94 167.85   294.46 305.37   156.40 167.31   161.99 172.89   155.72 166.63
2021-08-05   155.94 166.85   155.91 166.83   293.43 304.34   155.37 166.28   160.95 171.87   154.69 165.60
2021-08-06   154.91 165.83   154.88 165.80   292.40 303.31   154.34 165.26   159.92 170.84   153.66 164.58
2021-08-07   153.88 164.80   153.85 164.77   291.36 302.29   153.31 164.23   158.89 169.81   152.63 163.55
2021-08-08   152.84 163.77   152.82 163.74   290.33 301.26   152.27 163.20   157.86 168.78   151.59 162.52
2021-08-09   151.81 162.74   151.78 162.71   289.30 300.23   151.24 162.17   156.83 167.75   150.56 161.49
2021-08-10   150.78 161.71   150.75 161.68   288.26 299.20   150.21 161.14   155.79 166.72   149.53 160.46
2021-08-11   149.74 160.68   149.72 160.65   287.23 298.17   149.17 160.11   154.76 165.69   148.49 159.43
2021-08-12   148.71 159.65   148.68 159.62   286.20 297.13   148.14 159.08   153.73 164.66   147.46 158.40
2021-08-13   147.68 158.61   147.65 158.59   285.16 296.10   147.11 158.04   152.69 163.63   146.43 157.36
2021-08-14   146.64 157.58   146.62 157.55   284.13 295.07   146.07 157.01   151.66 162.60   145.39 156.33
2021-08-15   145.61 156.55   145.58 156.52   283.10 294.04   145.04 155.98   150.62 161.56   144.36 155.30
2021-08-16   144.58 155.51   144.55 155.49   282.06 293.00   144.01 154.94   149.59 160.53   143.32 154.26
2021-08-17   143.54 154.48   143.52 154.45   281.03 291.97   142.97 153.91   148.56 159.50   142.29 153.23
2021-08-18   142.51 153.45   142.48 153.42   280.00 290.93   141.94 152.88   147.52 158.46   141.26 152.20
2021-08-19   141.48 152.41   141.45 152.39   278.96 289.90   140.91 151.84   146.49 157.43   140.23 151.16
2021-08-20   140.44 151.38   140.42 151.35   277.93 288.87   139.87 150.81   145.46 156.39   139.19 150.13
2021-08-21   139.41 150.34   139.39 150.32   276.90 287.83   138.84 149.77   144.43 155.36   138.16 149.09
2021-08-22   138.38 149.31   138.36 149.28   275.87 286.80   137.81 148.74   143.40 154.33   137.13 148.06
2021-08-23   137.35 148.28   137.33 148.25   274.84 285.76   136.78 147.71   142.37 153.29   136.10 147.03
2021-08-24   136.32 147.24   136.30 147.22   273.81 284.73   135.75 146.67   141.34 152.26   135.07 145.99
2021-08-25   135.29 146.21   135.27 146.19   272.78 283.70   134.72 145.64   140.31 151.23   134.04 144.96
2021-08-26   134.27 145.18   134.24 145.15   271.75 282.67   133.70 144.61   139.28 150.19   133.02 143.93
2021-08-27   133.24 144.15   133.21 144.12   270.73 281.64   132.67 143.58   138.25 149.16   131.99 142.90
2021-08-28   132.21 143.12   132.19 143.09   269.70 280.60   131.64 142.55   137.23 148.13   130.96 141.87
2021-08-29   131.19 142.09   131.16 142.06   268.68 279.57   130.62 141.52   136.20 147.10   129.94 140.84
2021-08-30   130.17 141.06   130.14 141.03   267.65 278.54   129.60 140.49   135.18 146.07   128.92 139.81
2021-08-31   129.14 140.03   129.12 140.00   266.63 277.52   128.57 139.46   134.16 145.04   127.89 138.78
2021-09-01   128.12 139.00   128.10 138.97   265.61 276.49   127.55 138.43   133.14 144.02   126.87 137.75
2021-09-02   127.10 137.97   127.08 137.95   264.59 275.46   126.53 137.40   132.12 142.99   125.85 136.72
2021-09-03   126.09 136.95   126.06 136.92   263.57 274.44   125.52 136.38   131.10 141.96   124.84 135.70
2021-09-04   125.07 135.92   125.04 135.90   262.56 273.41   124.50 135.35   130.08 140.94   123.82 134.67
2021-09-05   124.05 134.90   124.03 134.87   261.54 272.39   123.48 134.33   129.07 139.92   122.80 133.65
2021-09-06   123.04 133.88   123.01 133.85   260.53 271.37   122.47 133.31   128.06 138.89   121.79 132.63
2021-09-07   122.03 132.86   122.00 132.83   259.52 270.34   121.46 132.29   127.04 137.87   120.78 131.61
2021-09-08   121.02 131.84   120.99 131.81   258.51 269.33   120.45 131.27   126.03 136.85   119.77 130.59
2021-09-09   120.01 130.82   119.98 130.79   257.50 268.31   119.44 130.25   125.03 135.83   118.76 129.57
2021-09-10   119.00 129.80   118.98 129.78   256.49 267.29   118.43 129.23   124.02 134.82   117.75 128.55
2021-09-11   118.00 128.79   117.97 128.76   255.49 266.28   117.43 128.22   123.01 133.80   116.75 127.54
2021-09-12   117.00 127.77   116.97 127.75   254.48 265.26   116.43 127.20   122.01 132.79   115.74 126.52
2021-09-13   115.99 126.76   115.97 126.74   253.48 264.25   115.42 126.19   121.01 131.78   114.74 125.51
2021-09-14   114.99 125.75   114.97 125.73   252.48 263.24   114.42 125.18   120.01 130.77   113.74 124.50
2021-09-15   114.00 124.74   113.97 124.72   251.48 262.23   113.43 124.17   119.01 129.76   112.75 123.49
2021-09-16   113.00 123.74   112.97 123.71   250.49 261.22   112.43 123.17   118.02 128.75   111.75 122.48
2021-09-17   112.01 122.73   111.98 122.70   249.49 260.22   111.44 122.16   117.02 127.75   110.76 121.48
2021-09-18   111.02 121.73   110.99 121.70   248.50 259.21   110.45 121.16   116.03 126.74   109.76 120.48
2021-09-19   110.02 120.72   110.00 120.70   247.51 258.21   109.45 120.15   115.04 125.74   108.77 119.47
2021-09-20   109.04 119.72   109.01 119.70   246.52 257.21   108.47 119.15   114.05 124.74   107.79 118.47
2021-09-21   108.05 118.73   108.02 118.70   245.54 256.21   107.48 118.16   113.07 123.74   106.80 117.48
2021-09-22   107.07 117.73   107.04 117.70   244.55 255.22   106.50 117.16   112.08 122.74   105.82 116.48
2021-09-23   106.08 116.74   106.06 116.71   243.57 254.22   105.51 116.17   111.10 121.75   104.83 115.48
2021-09-24   105.10 115.74   105.08 115.72   242.59 253.23   104.53 115.17   110.12 120.76   103.85 114.49
2021-09-25   104.12 114.75   104.10 114.72   241.61 252.24   103.55 114.18   109.14 119.77   102.87 113.50
2021-09-26   103.15 113.76   103.12 113.74   240.64 251.25   102.58 113.19   108.16 118.78   101.90 112.51
2021-09-27   102.17 112.78   102.15 112.75   239.66 250.26   101.60 112.21   107.19 117.79   100.92 111.52
2021-09-28   101.20 111.79   101.17 111.76   238.69 249.28   100.63 111.22   106.22 116.81    99.95 110.54
2021-09-29   100.23 110.81   100.20 110.78   237.72 248.29    99.66 110.24   105.25 115.82    98.98 109.56
2021-09-30    99.26 109.82    99.23 109.80   236.75 247.31    98.69 109.25   104.28 114.84    98.01 108.57
2021-10-01    98.29 108.84    98.27 108.82   235.78 246.33    97.72 108.27   103.31 113.86    97.04 107.59
2021-10-02    97.33 107.87    97.30 107.84   234.82 245.35    96.76 107.30   102.34 112.88    96.08 106.62
2021-10-03    96.36 106.89    96.34 106.86   233.85 244.38    95.79 106.32   101.38 111.91    95.11 105.64
2021-10-04    95.40 105.92    95.38 105.89   232.89 243.40    94.83 105.35   100.42 110.93    94.15 104.67
2021-10-05    94.44 104.94    94.42 104.92   231.93 242.43    93.87 104.37    99.46 109.96    93.19 103.69
2021-10-06    93.48 103.97    93.46 103.95   230.97 241.46    92.91 103.40    98.50 108.99    92.23 102.72
2021-10-07    92.53 103.00    92.50 102.98   230.01 240.49    91.96 102.43    97.54 108.02    91.28 101.75
2021-10-08    91.57 102.04    91.54 102.01   229.06 239.52    91.00 101.47    96.59 107.05    90.32 100.79
2021-10-09    90.62 101.07    90.59 101.05   228.11 238.56    90.05 100.50    95.63 106.09    89.37  99.82
2021-10-10    89.67 100.11    89.64 100.08   227.15 237.60    89.10  99.54    94.68 105.12    88.41  98.86
2021-10-11    88.71  99.15    88.69  99.12   226.20 236.63    88.14  98.58    93.73 104.16    87.46  97.90
2021-10-12    87.77  98.19    87.74  98.16   225.25 235.67    87.20  97.62    92.78 103.20    86.51  96.93
2021-10-13    86.82  97.23    86.79  97.20   224.31 234.71    86.25  96.66    91.83 102.24    85.57  95.98
2021-10-14    85.87  96.27    85.84  96.24   223.36 233.76    85.30  95.70    90.89 101.28    84.62  95.02
2021-10-15    84.93  95.31    84.90  95.29   222.41 232.80    84.36  94.74    89.94 100.33    83.68  94.06
2021-10-16    83.98  94.36    83.96  94.33   221.47 231.85    83.41  93.79    89.00  99.37    82.73  93.11
2021-10-17    83.04  93.40    83.01  93.38   220.53 230.89    82.47  92.83    88.05  98.42    81.79  92.15
2021-10-18    82.10  92.45    82.07  92.43   219.58 229.94    81.53  91.88    87.11  97.47    80.85  91.20
2021-10-19    81.16  91.50    81.13  91.48   218.64 228.99    80.59  90.93    86.17  96.52    79.91  90.25
2021-10-20    80.22  90.55    80.19  90.53   217.70 228.04    79.65  89.98    85.23  95.57    78.97  89.30
2021-10-21    79.28  89.61    79.25  89.58   216.77 227.09    78.71  89.04    84.29  94.62    78.03  88.35
2021-10-22    78.34  88.66    78.31  88.63   215.83 226.15    77.77  88.09    83.36  93.67    77.09  87.41
2021-10-23    77.40  87.71    77.38  87.69   214.89 225.20    76.83  87.14    82.42  92.73    76.15  86.46
2021-10-24    76.47  86.77    76.44  86.74   213.96 224.26    75.90  86.20    81.48  91.78    75.22  85.52
2021-10-25    75.53  85.82    75.51  85.80   213.02 223.31    74.96  85.25    80.55  90.84    74.28  84.57
2021-10-26    74.60  84.88    74.57  84.86   212.08 222.37    74.03  84.31    79.61  89.90    73.35  83.63
2021-10-27    73.66  83.94    73.64  83.91   211.15 221.43    73.09  83.37    78.68  88.96    72.41  82.69
2021-10-28    72.73  83.00    72.70  82.97   210.22 220.49    72.16  82.43    77.74  88.01    71.48  81.75
2021-10-29    71.80  82.06    71.77  82.03   209.28 219.55    71.23  81.49    76.81  87.07    70.55  80.81
2021-10-30    70.86  81.12    70.84  81.09   208.35 218.61    70.29  80.55    75.88  86.13    69.61  79.87
2021-10-31    69.93  80.18    69.90  80.15   207.42 217.67    69.36  79.61    74.95  85.20    68.68  78.93
2021-11-01    69.00  79.24    68.97  79.22   206.49 216.73    68.43  78.67    74.01  84.26    67.75  77.99
2021-11-02    68.07  78.30    68.04  78.28   205.55 215.79    67.50  77.73    73.08  83.32    66.82  77.05
2021-11-03    67.13  77.37    67.11  77.34   204.62 214.85    66.56  76.80    72.15  82.38    65.88  76.12
2021-11-04    66.20  76.43    66.18  76.40   203.69 213.92    65.63  75.86    71.22  81.45    64.95  75.18
2021-11-05    65.27  75.49    65.24  75.47   202.76 212.98    64.70  74.92    70.29  80.51    64.02  74.24
2021-11-06    64.34  74.56    64.31  74.53   201.83 212.05    63.77  73.99    69.35  79.57    63.09  73.31
2021-11-07    63.41  73.62    63.38  73.60   200.89 211.11    62.84  73.05    68.42  78.64    62.15  72.37
2021-11-08    62.47  72.69    62.45  72.66   199.96 210.17    61.90  72.12    67.49  77.70    61.22  71.43
2021-11-09    61.54  71.75    61.51  71.72   199.03 209.24    60.97  71.18    66.56  76.76    60.29  70.50
2021-11-10    60.61  70.81    60.58  70.79   198.09 208.30    60.04  70.24    65.62  75.83    59.36  69.56
2021-11-11    59.67  69.88    59.65  69.85   197.16 207.37    59.10  69.31    64.69  74.89    58.42  68.63
2021-11-12    58.74  68.94    58.71  68.92   196.23 206.43    58.17  68.37    63.75  73.96    57.49  67.69
2021-11-13    57.80  68.01    57.78  67.98   195.29 205.49    57.23  67.44    62.82  73.02    56.55  66.75
2021-11-14    56.87  67.07    56.84  67.04   194.35 204.56    56.30  66.50    61.88  72.08    55.62  65.82
2021-11-15    55.93  66.13    55.90  66.10   193.42 203.62    55.36  65.56    60.95  71.15    54.68  64.88
2021-11-16    54.99  65.19    54.97  65.17   192.48 202.68    54.42  64.62    60.01  70.21    53.74  63.94
2021-11-17    54.06  64.26    54.03  64.23   191.54 201.74    53.49  63.69    59.07  69.27    52.80  63.00
2021-11-18    53.12  63.32    53.09  63.29   190.60 200.80    52.55  62.75    58.13  68.33    51.87  62.07
2021-11-19    52.18  62.38    52.15  62.35   189.66 199.87    51.61  61.81    57.19  67.39    50.93  61.13
2021-11-20    51.23  61.44    51.21  61.41   188.72 198.93    50.66  60.87    56.25  66.45    49.98  60.19
2021-11-21    50.29  60.50    50.27  60.47   187.78 197.98    49.72  59.93    55.31  65.51    49.04  59.25
2021-11-22    49.35  59.56    49.32  59.53   186.84 197.04    48.78  58.99    54.36  64.57    48.10  58.30
2021-11-23    48.41  58.60    48.39  58.57   185.90 196.09    47.84  58.03    53.43  63.62    47.16  57.35
2021-11-24    47.69  57.43    47.67  57.41   185.18 194.92    47.12  56.86    52.71  62.45    46.44  56.18
2021-11-25    46.97  56.26    46.94  56.23   184.46 193.75    46.40  55.69    51.99  61.28    45.72  55.01
2021-11-26    46.25  55.09    46.22  55.06   183.73 192.58    45.68  54.52    51.26  60.11    45.00  53.84
2021-11-27    45.52  53.92    45.49  53.89   183.01 191.41    44.95  53.35    50.54  58.93    44.27  52.67
2021-11-28    44.79  52.75    44.77  52.72   182.28 190.23    44.22  52.18    49.81  57.76    43.54  51.49
2021-11-29    44.06  51.57    44.04  51.54   181.55 189.06    43.49  51.00    49.08  56.59    42.81  50.32
2021-11-30    43.33  50.40    43.30  50.37   180.82 187.88    42.76  49.83    48.34  55.41    42.08  49.15

2022-04-30   249.85 256.68   249.82 256.66    27.34  34.17   249.28 256.11   254.86 261.70   248.60 255.43
2022-05-01   248.73 255.99   248.70 255.97    26.22  33.48   248.16 255.42   253.74 261.01   247.48 254.74
2022-05-02   247.61 255.30   247.58 255.28    25.10  32.79   247.04 254.73   252.63 260.32   246.36 254.05
2022-05-03   246.49 254.61   246.46 254.59    23.98  32.10   245.92 254.04   251.51 259.63   245.24 253.36
2022-05-04   245.37 253.93   245.35 253.90    22.86  31.42   244.80 253.36   250.39 258.94   244.12 252.68
2022-05-05   244.25 253.24   244.23 253.22    21.74  30.73   243.68 252.67   249.27 258.26   243.00 251.99
2022-05-06   243.14 252.56   243.11 252.53    20.62  30.05   242.57 251.99   248.15 257.57   241.89 251.31
2022-05-07   242.02 251.88   241.99 251.85    19.51  29.37   241.45 251.31   247.03 256.89   240.77 250.63
2022-05-08   240.94 251.15   240.92 251.13    18.43  28.64   240.37 250.58   245.96 256.17   239.69 249.90
2022-05-09   240.05 250.25   240.02 250.23    17.53  27.74   239.48 249.68   245.06 255.27   238.80 249.00
2022-05-10   239.15 249.36   239.12 249.33    16.64  26.84   238.58 248.79   244.17 254.37   237.90 248.10
2022-05-11   238.25 248.46   238.23 248.43    15.74  25.94   237.68 247.89   243.27 253.47   237.00 247.21
2022-05-12   237.36 247.56   237.33 247.53    14.85  25.05   236.79 246.99   242.37 252.57   236.11 246.31
2022-05-13   236.46 246.66   236.44 246.64    13.95  24.15   235.89 246.09   241.48 251.68   235.21 245.41
2022-05-14   235.57 245.77   235.54 245.74    13.05  23.25   235.00 245.20   240.58 250.78   234.31 244.51
2022-05-15   234.67 244.87   234.64 244.84    12.16  22.36   234.10 244.30   239.68 249.88   233.42 243.62
2022-05-16   233.77 243.97   233.75 243.95    11.26  21.46   233.20 243.40   238.79 248.99   232.52 242.72
2022-05-17   232.88 243.08   232.85 243.05    10.36  20.57   232.31 242.51   237.89 248.09   231.63 241.83
2022-05-18   231.98 242.18   231.95 242.16     9.47  19.67   231.41 241.61   237.00 247.20   230.73 240.93
2022-05-19   231.08 241.29   231.06 241.26     8.57  18.77   230.51 240.72   236.10 246.30   229.83 240.04
2022-05-20   230.19 240.39   230.16 240.37     7.67  17.88   229.62 239.82   235.20 245.41   228.94 239.14
2022-05-21   229.29 239.50   229.26 239.47     6.78  16.98   228.72 238.93   234.30 244.51   228.04 238.25
2022-05-22   228.39 238.60   228.36 238.57     5.88  16.09   227.82 238.03   233.41 243.62   227.14 237.35
2022-05-23   227.49 237.70   227.47 237.68     4.98  15.19   226.92 237.13   232.51 242.72   226.24 236.45
2022-05-24   226.59 236.81   226.57 236.78     4.08  14.30   226.02 236.24   231.61 241.82   225.34 235.56
2022-05-25   225.69 235.91   225.67 235.89     3.18  13.40   225.12 235.34   230.71 240.93   224.44 234.66
2022-05-26   224.79 235.02   224.77 234.99     2.28  12.50   224.22 234.45   229.81 240.03   223.54 233.76
2022-05-27   223.89 234.12   223.86 234.09     1.38  11.61   223.32 233.55   228.91 239.13   222.64 232.87
2022-05-28   222.99 233.22   222.96 233.19     0.47  10.71   222.42 232.65   228.00 238.23   221.74 231.97
2022-05-29   222.08 232.32   222.06 232.29   359.57   9.81   221.51 231.75   227.10 237.34   220.83 231.07
2022-05-30   221.18 231.42   221.15 231.39   358.67   8.91   220.61 230.85   226.19 236.44   219.93 230.17
2022-05-31   220.27 230.52   220.25 230.49   357.76   8.01   219.70 229.95   225.29 235.54   219.02 229.27
2022-06-01   219.36 229.62   219.34 229.59   356.85   7.11   218.79 229.05   224.38 234.63   218.11 228.37
2022-06-02   218.46 228.72   218.43 228.69   355.94   6.20   217.89 228.15   223.47 233.73   217.21 227.47
2022-06-03   217.55 227.81   217.52 227.79   355.03   5.30   216.98 227.24   222.56 232.83   216.30 226.56
2022-06-04   216.63 226.91   216.61 226.88   354.12   4.40   216.06 226.34   221.65 231.93   215.38 225.66
2022-06-05   215.72 226.00   215.70 225.98   353.21   3.49   215.15 225.43   220.74 231.02   214.47 224.75
2022-06-06   214.81 225.10   214.78 225.07   352.29   2.59   214.24 224.53   219.82 230.11   213.56 223.85
2022-06-07   213.89 224.19   213.86 224.16   351.38   1.68   213.32 223.62   218.91 229.20   212.64 222.94
2022-06-08   212.97 223.28   212.95 223.25   350.46   0.77   212.40 222.71   217.99 228.30   211.72 222.03
2022-06-09   212.05 222.37   212.03 222.34   349.54 359.86   211.48 221.80   217.07 227.38   210.80 221.12
2022-06-10   211.13 221.46   211.11 221.43   348.62 358.94   210.56 220.89   216.15 226.47   209.88 220.21
2022-06-11   210.21 220.54   210.18 220.52   347.70 358.03   209.64 219.97   215.23 225.56   208.96 219.29
2022-06-12   209.29 219.63   209.26 219.60   346.77 357.12   208.72 219.06   214.30 224.64   208.03 218.38
2022-06-13   208.36 218.71   208.33 218.68   345.85 356.20   207.79 218.14   213.37 223.73   207.11 217.46
2022-06-14   207.43 217.79   207.40 217.77   344.92 355.28   206.86 217.22   212.44 222.81   206.18 216.54
2022-06-15   206.50 216.87   206.47 216.84   343.99 354.36   205.93 216.30   211.51 221.89   205.25 215.62
2022-06-16   205.57 215.95   205.54 215.92   343.05 353.44   205.00 215.38   210.58 220.96   204.31 214.70
2022-06-17   204.63 215.02   204.60 215.00   342.12 352.51   204.06 214.45   209.65 220.04   203.38 213.77
2022-06-18   203.69 214.10   203.67 214.07   341.18 351.59   203.12 213.53   208.71 219.11   202.44 212.85
2022-06-19   202.75 213.17   202.73 213.14   340.24 350.66   202.18 212.60   207.77 218.19   201.50 211.92
2022-06-20   201.81 212.24   201.79 212.21   339.30 349.73   201.24 211.67   206.83 217.25   200.56 210.99
2022-06-21   200.87 211.31   200.84 211.28   338.36 348.79   200.30 210.74   205.88 216.32   199.62 210.06
2022-06-22   199.92 210.37   199.90 210.35   337.41 347.86   199.35 209.80   204.94 215.39   198.67 209.12
2022-06-23   198.97 209.44   198.95 209.41   336.46 346.92   198.40 208.87   203.99 214.45   197.72 208.19
2022-06-24   198.02 208.50   198.00 208.47   335.51 345.99   197.45 207.93   203.04 213.51   196.77 207.25
2022-06-25   197.07 207.56   197.04 207.53   334.56 345.04   196.50 206.99   202.09 212.57   195.82 206.31
2022-06-26   196.12 206.61   196.09 206.59   333.60 344.10   195.55 206.04   201.13 211.63   194.86 205.36
2022-06-27   195.16 205.67   195.13 205.64   332.65 343.16   194.59 205.10   200.17 210.68   193.91 204.42
2022-06-28   194.20 204.72   194.17 204.69   331.69 342.21   193.63 204.15   199.21 209.74   192.95 203.47
2022-06-29   193.24 203.77   193.21 203.74   330.72 341.26   192.67 203.20   198.25 208.79   191.98 202.52
2022-06-30   192.27 202.82   192.24 202.79   329.76 340.31   191.70 202.25   197.29 207.83   191.02 201.57
2022-07-01   191.30 201.86   191.28 201.84   328.79 339.35   190.73 201.29   196.32 206.88   190.05 200.61
2022-07-02   190.33 200.91   190.31 200.88   327.82 338.39   189.76 200.34   195.35 205.92   189.08 199.66
2022-07-03   189.36 199.95   189.34 199.92   326.85 337.43   188.79 199.38   194.38 204.96   188.11 198.70
2022-07-04   188.39 198.98   188.36 198.96   325.87 336.47   187.82 198.41   193.40 204.00   187.14 197.73
2022-07-05   187.41 198.02   187.38 197.99   324.90 335.51   186.84 197.45   192.43 203.04   186.16 196.77
2022-07-06   186.43 197.05   186.41 197.03   323.92 334.54   185.86 196.48   191.45 202.07   185.18 195.80
2022-07-07   185.45 196.09   185.42 196.06   322.94 333.57   184.88 195.52   190.47 201.10   184.20 194.83
2022-07-08   184.47 195.11   184.44 195.09   321.95 332.60   183.90 194.54   189.48 200.13   183.22 193.86
2022-07-09   183.48 194.14   183.45 194.11   320.97 331.63   182.91 193.57   188.50 199.16   182.23 192.89
2022-07-10   182.49 193.16   182.47 193.14   319.98 330.65   181.92 192.59   187.51 198.18   181.24 191.91
2022-07-11   181.50 192.19   181.48 192.16   318.99 329.67   180.93 191.62   186.52 197.20   180.25 190.94
2022-07-12   180.51 191.21   180.48 191.18   318.00 328.69   179.94 190.64   185.53 196.22   179.26 189.96
2022-07-13   179.52 190.22   179.49 190.20   317.00 327.71   178.95 189.65   184.53 195.24   178.26 188.97
2022-07-14   178.52 189.24   178.49 189.21   316.01 326.73   177.95 188.67   183.53 194.25   177.27 187.99
2022-07-15   177.52 188.25   177.49 188.22   315.01 325.74   176.95 187.68   182.53 193.27   176.27 187.00
2022-07-16   176.52 187.26   176.49 187.24   314.01 324.75   175.95 186.69   181.53 192.28   175.27 186.01
2022-07-17   175.52 186.27   175.49 186.24   313.00 323.76   174.95 185.70   180.53 191.29   174.27 185.02
2022-07-18   174.51 185.28   174.49 185.25   312.00 322.76   173.94 184.71   179.53 190.29   173.26 184.03
2022-07-19   173.50 184.28   173.48 184.25   310.99 321.77   172.93 183.71   178.52 189.30   172.25 183.03
2022-07-20   172.50 183.28   172.47 183.26   309.98 320.77   171.93 182.71   177.51 188.30   171.25 182.03
2022-07-21   171.49 182.28   171.46 182.26   308.97 319.77   170.92 181.71   176.50 187.30   170.24 181.03
2022-07-22   170.47 181.28   170.45 181.25   307.96 318.77   169.90 180.71   175.49 186.30   169.22 180.03
2022-07-23   169.46 180.28   169.43 180.25   306.95 317.76   168.89 179.71   174.48 185.29   168.21 179.03
2022-07-24   168.45 179.27   168.42 179.25   305.93 316.76   167.88 178.70   173.46 184.29   167.20 178.02
2022-07-25   167.43 178.26   167.40 178.24   304.92 315.75   166.86 177.69   172.44 183.28   166.18 177.01
2022-07-26   166.41 177.26   166.39 177.23   303.90 314.74   165.84 176.69   171.43 182.27   165.16 176.00
2022-07-27   165.39 176.24   165.37 176.22   302.88 313.73   164.82 175.67   170.41 181.26   164.14 174.99
2022-07-28   164.37 175.23   164.35 175.21   301.86 312.72   163.80 174.66   169.39 180.25   163.12 173.98
2022-07-29   163.35 174.22   163.32 174.19   300.84 311.70   162.78 173.65   168.36 179.23   162.10 172.97
2022-07-30   162.33 173.20   162.30 173.18   299.81 310.69   161.76 172.63   167.34 178.22   161.08 171.95
2022-07-31   161.30 172.18   161.28 172.16   298.79 309.67   160.73 171.61   166.32 177.20   160.05 170.93
2022-08-01   160.28 171.17   160.25 171.14   297.76 308.65   159.71 170.60   165.29 176.18   159.03 169.91
2022-08-02   159.25 170.15   159.22 170.12   296.74 307.63   158.68 169.58   164.27 175.16   158.00 168.90
2022-08-03   158.22 169.12   158.20 169.10   295.71 306.61   157.65 168.55   163.24 174.14   156.97 167.87
2022-08-04   157.20 168.10   157.17 168.08   294.68 305.59   156.63 167.53   162.21 173.12   155.95 166.85
2022-08-05   156.17 167.08   156.14 167.05   293.65 304.57   155.60 166.51   161.18 172.09   154.92 165.83
2022-08-06   155.14 166.05   155.11 166.03   292.63 303.54   154.57 165.48   160.15 171.07   153.89 164.80
2022-08-07   154.11 165.03   154.08 165.00   291.60 302.52   153.54 164.46   159.12 170.04   152.86 163.78
2022-08-08   153.08 164.00   153.05 163.97   290.56 301.49   152.51 163.43   158.09 169.02   151.83 162.75
2022-08-09   152.05 162.97   152.02 162.95   289.53 300.46   151.48 162.40   157.06 167.99   150.80 161.72
2022-08-10   151.02 161.95   150.99 161.92   288.50 299.43   150.45 161.38   156.03 166.96   149.76 160.69
2022-08-11   149.98 160.92   149.96 160.89   287.47 298.40   149.41 160.35   155.00 165.93   148.73 159.67
2022-08-12   148.95 159.89   148.93 159.86   286.44 297.37   148.38 159.32   153.97 164.90   147.70 158.64
2022-08-13   147.92 158.86   147.89 158.83   285.41 296.34   147.35 158.29   152.94 163.87   146.67 157.61
2022-08-14   146.89 157.83   146.86 157.80   284.38 295.31   146.32 157.26   151.90 162.84   145.64 156.58
2022-08-15   145.86 156.79   145.83 156.77   283.35 294.28   145.29 156.22   150.87 161.81   144.61 155.54
2022-08-16   144.83 155.76   144.80 155.74   282.31 293.25   144.26 155.19   149.84 160.78   143.58 154.51
2022-08-17   143.79 154.73   143.77 154.71   281.28 292.22   143.22 154.16   148.81 159.75   142.54 153.48
2022-08-18   142.76 153.70   142.74 153.67   280.25 291.19   142.19 153.13   147.78 158.72   141.51 152.45
2022-08-19   141.73 152.67   141.71 152.64   279.22 290.16   141.16 152.10   146.75 157.68   140.48 151.42
2022-08-20   140.70 151.64   140.68 151.61   278.19 289.12   140.13 151.07   145.72 156.65   139.45 150.39
2022-08-21   139.67 150.60   139.65 150.58   277.16 288.09   139.10 150.03   144.69 155.62   138.42 149.35
2022-08-22   138.64 149.57   138.62 149.55   276.13 287.06   138.07 149.00   143.66 154.59   137.39 148.32
2022-08-23   137.62 148.54   137.59 148.51   275.10 286.03   137.05 147.97   142.63 153.56   136.37 147.29
2022-08-24   136.59 147.51   136.56 147.48   274.08 285.00   136.02 146.94   141.60 152.53   135.34 146.26
2022-08-25   135.56 146.48   135.54 146.45   273.05 283.97   134.99 145.91   140.58 151.49   134.31 145.23
2022-08-26   134.54 145.45   134.51 145.42   272.02 282.94   133.97 144.88   139.55 150.46   133.28 144.20
2022-08-27   133.51 144.42   133.48 144.39   271.00 281.91   132.94 143.85   138.53 149.43   132.26 143.17
2022-08-28   132.49 143.39   132.46 143.36   269.97 280.88   131.92 142.82   137.50 148.40   131.24 142.14
2022-08-29   131.46 142.36   131.44 142.33   268.95 279.85   130.89 141.79   136.48 147.38   130.21 141.11
2022-08-30   130.44 141.33   130.42 141.31   267.93 278.82   129.87 140.76   135.46 146.35   129.19 140.08
2022-08-31   129.42 140.31   129.39 140.28   266.91 277.79   128.85 139.74   134.44 145.32   128.17 139.06
2022-09-01   128.40 139.28   128.38 139.25   265.89 276.77   127.83 138.71   133.42 144.30   127.15 138.03
2022-09-02   127.38 138.25   127.36 138.23   264.87 275.74   126.81 137.68   132.40 143.27   126.13 137.00
2022-09-03   126.37 137.23   126.34 137.20   263.85 274.72   125.80 136.66   131.38 142.25   125.12 135.98
2022-09-04   125.35 136.21   125.33 136.18   262.84 273.70   124.78 135.64   130.37 141.22   124.10 134.96
2022-09-05   124.34 135.19   124.31 135.16   261.83 272.67   123.77 134.62   129.35 140.20   123.09 133.93
2022-09-06   123.33 134.16   123.30 134.14   260.81 271.65   122.76 133.59   128.34 139.18   122.08 132.91
2022-09-07   122.32 133.15   122.29 133.12   259.80 270.63   121.75 132.58   127.33 138.16   121.06 131.89
2022-09-08   121.31 132.13   121.28 132.10   258.79 269.61   120.74 131.56   126.32 137.14   120.06 130.88
2022-09-09   120.30 131.11   120.27 131.08   257.79 268.60   119.73 130.54   125.31 136.13   119.05 129.86
2022-09-10   119.29 130.09   119.27 130.07   256.78 267.58   118.72 129.52   124.31 135.11   118.04 128.84
2022-09-11   118.29 129.08   118.26 129.05   255.78 266.57   117.72 128.51   123.30 134.10   117.04 127.83
2022-09-12   117.29 128.07   117.26 128.04   254.77 265.55   116.72 127.50   122.30 133.08   116.04 126.82
2022-09-13   116.29 127.06   116.26 127.03   253.77 264.54   115.72 126.49   121.30 132.07   115.04 125.81
2022-09-14   115.29 126.05   115.26 126.02   252.78 263.53   114.72 125.48   120.30 131.06   114.04 124.80
2022-09-15   114.29 125.04   114.26 125.01   251.78 262.53   113.72 124.47   119.31 130.05   113.04 123.79
2022-09-16   113.30 124.03   113.27 124.01   250.78 261.52   112.73 123.46   118.31 129.05   112.04 122.78
2022-09-17   112.30 123.03   112.28 123.00   249.79 260.52   111.73 122.46   117.32 128.04   111.05 121.78
2022-09-18   111.31 122.02   111.28 122.00   248.80 259.51   110.74 121.45   116.33 127.04   110.06 120.77
2022-09-19   110.32 121.02   110.29 121.00   247.81 258.51   109.75 120.45   115.34 126.04   109.07 119.77
2022-09-20   109.33 120.02   109.31 120.00   246.82 257.51   108.76 119.45   114.35 125.04   108.08 118.77
2022-09-21   108.35 119.03   108.32 119.00   245.83 256.51   107.78 118.46   113.36 124.04   107.10 117.77
2022-09-22   107.36 118.03   107.34 118.00   244.85 255.52   106.79 117.46   112.38 123.04   106.11 116.78
2022-09-23   106.38 117.04   106.35 117.01   243.87 254.52   105.81 116.47   111.40 122.05   105.13 115.78
2022-09-24   105.40 116.04   105.37 116.02   242.89 253.53   104.83 115.47   110.42 121.06   104.15 114.79
2022-09-25   104.42 115.05   104.40 115.03   241.91 252.54   103.85 114.48   109.44 120.07   103.17 113.80
2022-09-26   103.45 114.06   103.42 114.04   240.93 251.55   102.88 113.49   108.46 119.08   102.19 112.81
2022-09-27   102.47 113.08   102.44 113.05   239.96 250.56   101.90 112.51   107.49 118.09   101.22 111.82
2022-09-28   101.50 112.09   101.47 112.06   238.99 249.58   100.93 111.52   106.51 117.11   100.25 110.84
2022-09-29   100.53 111.11   100.50 111.08   238.01 248.59    99.96 110.54   105.54 116.12    99.28 109.86
2022-09-30    99.56 110.12    99.53 110.10   237.04 247.61    98.99 109.55   104.57 115.14    98.31 108.87
2022-10-01    98.59 109.14    98.56 109.12   236.08 246.63    98.02 108.57   103.61 114.16    97.34 107.89
2022-10-02    97.62 108.17    97.60 108.14   235.11 245.65    97.05 107.60   102.64 113.18    96.37 106.92
2022-10-03    96.66 107.19    96.63 107.16   234.15 244.68    96.09 106.62   101.68 112.21    95.41 105.94
2022-10-04    95.70 106.22    95.67 106.19   233.19 243.70    95.13 105.65   100.71 111.23    94.45 104.96
2022-10-05    94.74 105.24    94.71 105.22   232.22 242.73    94.17 104.67    99.75 110.26    93.49 103.99
2022-10-06    93.78 104.27    93.75 104.24   231.27 241.76    93.21 103.70    98.79 109.29    92.53 103.02
2022-10-07    92.82 103.30    92.79 103.28   230.31 240.79    92.25 102.73    97.84 108.32    91.57 102.05
2022-10-08    91.86 102.33    91.84 102.31   229.35 239.82    91.29 101.76    96.88 107.35    90.61 101.08
2022-10-09    90.91 101.37    90.88 101.34   228.40 238.86    90.34 100.80    95.93 106.38    89.66 100.12
2022-10-10    89.96 100.40    89.93 100.38   227.44 237.89    89.39  99.83    94.97 105.42    88.71  99.15
2022-10-11    89.01  99.44    88.98  99.41   226.49 236.93    88.44  98.87    94.02 104.46    87.75  98.19
2022-10-12    88.06  98.48    88.03  98.45   225.54 235.97    87.49  97.91    93.07 103.49    86.80  97.23
2022-10-13    87.11  97.52    87.08  97.49   224.59 235.01    86.54  96.95    92.12 102.53    85.86  96.27
2022-10-14    86.16  96.56    86.13  96.53   223.65 234.05    85.59  95.99    91.17 101.58    84.91  95.31
2022-10-15    85.21  95.60    85.19  95.58   222.70 233.09    84.64  95.03    90.23 100.62    83.96  94.35
2022-10-16    84.27  94.65    84.24  94.62   221.76 232.13    83.70  94.08    89.28  99.66    83.02  93.40
2022-10-17    83.32  93.69    83.30  93.67   220.81 231.18    82.75  93.12    88.34  98.71    82.07  92.44
2022-10-18    82.38  92.74    82.36  92.71   219.87 230.23    81.81  92.17    87.40  97.76    81.13  91.49
2022-10-19    81.44  91.79    81.41  91.76   218.93 229.28    80.87  91.22    86.45  96.80    80.19  90.54
2022-10-20    80.50  90.84    80.47  90.81   217.99 228.33    79.93  90.27    85.51  95.85    79.25  89.59
2022-10-21    79.56  89.89    79.53  89.86   217.05 227.38    78.99  89.32    84.57  94.90    78.31  88.64
2022-10-22    78.62  88.94    78.59  88.91   216.11 226.43    78.05  88.37    83.64  93.96    77.37  87.69
2022-10-23    77.68  87.99    77.66  87.97   215.17 225.48    77.11  87.42    82.70  93.01    76.43  86.74
2022-10-24    76.74  87.05    76.72  87.02   214.23 224.54    76.17  86.48    81.76  92.06    75.49  85.80
2022-10-25    75.81  86.10    75.78  86.08   213.30 223.59    75.24  85.53    80.82  91.12    74.56  84.85
2022-10-26    74.87  85.16    74.85  85.13   212.36 222.65    74.30  84.59    79.89  90.17    73.62  83.91
2022-10-27    73.94  84.22    73.91  84.19   211.42 221.70    73.37  83.65    78.95  89.23    72.69  82.96
2022-10-28    73.00  83.27    72.97  83.25   210.49 220.76    72.43  82.70    78.02  88.29    71.75  82.02
2022-10-29    72.07  82.33    72.04  82.31   209.55 219.82    71.50  81.76    77.08  87.35    70.82  81.08
2022-10-30    71.13  81.39    71.11  81.36   208.62 218.88    70.56  80.82    76.15  86.41    69.88  80.14
2022-10-31    70.20  80.45    70.17  80.42   207.69 217.94    69.63  79.88    75.21  85.47    68.95  79.20
2022-11-01    69.26  79.51    69.24  79.48   206.75 217.00    68.69  78.94    74.28  84.53    68.01  78.26
2022-11-02    68.33  78.57    68.30  78.54   205.82 216.06    67.76  78.00    73.35  83.59    67.08  77.32
2022-11-03    67.40  77.63    67.37  77.61   204.88 215.12    66.83  77.06    72.41  82.65    66.15  76.38
2022-11-04    66.46  76.69    66.44  76.67   203.95 214.18    65.89  76.12    71.48  81.71    65.21  75.44
2022-11-05    65.53  75.76    65.50  75.73   203.02 213.24    64.96  75.19    70.55  80.77    64.28  74.51
2022-11-06    64.60  74.82    64.57  74.79   202.08 212.31    64.03  74.25    69.61  79.83    63.35  73.57
2022-11-07    63.66  73.88    63.64  73.85   201.15 211.37    63.09  73.31    68.68  78.90    62.41  72.63
2022-11-08    62.73  72.94    62.70  72.92   200.22 210.43    62.16  72.37    67.74  77.96    61.48  71.69
2022-11-09    61.79  72.01    61.77  71.98   199.28 209.49    61.22  71.44    66.81  77.02    60.54  70.75
2022-11-10    60.86  71.07    60.83  71.04   198.35 208.55    60.29  70.50    65.87  76.08    59.61  69.82
2022-11-11    59.92  70.13    59.90  70.10   197.41 207.62    59.35  69.56    64.94  75.15    58.67  68.88
2022-11-12    58.99  69.19    58.96  69.17   196.48 206.68    58.42  68.62    64.00  74.21    57.74  67.94
2022-11-13    58.05  68.25    58.03  68.23   195.54 205.74    57.48  67.68    63.07  73.27    56.80  67.00
2022-11-14    57.11  67.32    57.09  67.29   194.60 204.80    56.54  66.75    62.13  72.33    55.86  66.06
2022-11-15    56.18  66.38    56.15  66.35   193.66 203.86    55.61  65.81    61.19  71.39    54.93  65.13
2022-11-16    55.24  65.44    55.21  65.41   192.73 202.93    54.67  64.87    60.25  70.45    53.99  64.19
2022-11-17    54.30  64.50    54.27  64.47   191.79 201.99    53.73  63.93    59.31  69.51    53.05  63.25
2022-11-18    53.36  63.56    53.33  63.53   190.84 201.05    52.79  62.99    58.37  68.57    52.11  62.31
2022-11-19    52.42  62.62    52.39  62.59   189.90 200.10    51.85  62.05    57.43  67.63    51.16  61.37
2022-11-20    51.47  61.68    51.45  61.65   188.96 199.16    50.90  61.11    56.49  66.69    50.22  60.42
2022-11-21    50.53  60.73    50.50  60.71   188.02 198.22    49.96  60.16    55.54  65.75    49.28  59.48
2022-11-22    49.58  59.79    49.56  59.76   187.07 197.28    49.01  59.22    54.60  64.81    48.33  58.54
2022-11-23    48.64  58.85    48.61  58.82   186.12 196.33    48.07  58.28    53.65  63.86    47.39  57.60
2022-11-24    47.86  57.73    47.83  57.70   185.35 195.22    47.29  57.16    52.87  62.75    46.61  56.48
2022-11-25    47.14  56.56    47.11  56.53   184.62 194.05    46.57  55.99    52.15  61.57    45.88  55.31
2022-11-26    46.41  55.39    46.38  55.36   183.90 192.87    45.84  54.82    51.42  60.40    45.16  54.14
2022-11-27    45.68  54.21    45.66  54.19   183.17 191.70    45.11  53.64    50.70  59.23    44.43  52.96
2022-11-28    44.95  53.04    44.93  53.01   182.44 190.53    44.38  52.47    49.97  58.05    43.70  51.79
2022-11-29    44.22  51.86    44.20  51.84   181.71 189.35    43.65  51.29    49.24  56.88    42.97  50.61
2022-11-30    43.49  50.69    43.46  50.66   180.98 188.17    42.92  50.12    48.50  55.70    42.24  49.43

2023-05-01   249.05 256.20   249.02 256.18    26.54  33.69   248.48 255.63   254.07 261.22   247.80 254.95
2023-05-02   247.93 255.51   247.90 255.48    25.42  33.00   247.36 254.94   252.94 260.53   246.68 254.26
2023-05-03   246.81 254.82   246.78 254.80    24.30  32.31   246.24 254.25   251.82 259.84   245.56 253.57
2023-05-04   245.69 254.13   245.66 254.11    23.18  31.62   245.12 253.56   250.70 259.15   244.44 252.88
2023-05-05   244.57 253.45   244.54 253.42    22.06  30.94   244.00 252.88   249.58 258.46   243.32 252.20
2023-05-06   243.45 252.76   243.42 252.74    20.94  30.25   242.88 252.19   248.46 257.78   242.20 251.51
2023-05-07   242.33 252.08   242.30 252.05    19.82  29.57   241.76 251.51   247.34 257.10   241.08 250.83
2023-05-08   241.21 251.40   241.18 251.37    18.70  28.89   240.64 250.83   246.22 256.41   239.96 250.15
2023-05-09   240.30 250.51   240.27 250.48    17.79  28.00   239.73 249.94   245.32 255.52   239.05 249.26
2023-05-10   239.40 249.61   239.38 249.58    16.89  27.09   238.83 249.04   244.42 254.62   238.15 248.36
2023-05-11   238.50 248.71   238.48 248.68    15.99  26.20   237.93 248.14   243.52 253.72   237.25 247.46
2023-05-12   237.61 247.81   237.58 247.78    15.09  25.30   237.04 247.24   242.62 252.82   236.36 246.56
2023-05-13   236.71 246.91   236.68 246.88    14.20  24.40   236.14 246.34   241.72 251.93   235.46 245.66
2023-05-14   235.81 246.01   235.78 245.99    13.30  23.50   235.24 245.44   240.83 251.03   234.56 244.76
2023-05-15   234.91 245.11   234.89 245.09    12.40  22.60   234.34 244.54   239.93 250.13   233.66 243.86
2023-05-16   234.02 244.22   233.99 244.19    11.50  21.70   233.45 243.65   239.03 249.23   232.77 242.97
2023-05-17   233.12 243.32   233.09 243.29    10.61  20.81   232.55 242.75   238.13 248.33   231.87 242.07
2023-05-18   232.22 242.42   232.19 242.40     9.71  19.91   231.65 241.85   237.24 247.44   230.97 241.17
2023-05-19   231.32 241.53   231.30 241.50     8.81  19.01   230.75 240.96   236.34 246.54   230.07 240.27
2023-05-20   230.42 240.63   230.40 240.60     7.91  18.12   229.85 240.06   235.44 245.64   229.17 239.38
2023-05-21   229.52 239.73   229.50 239.70     7.01  17.22   228.95 239.16   234.54 244.75   228.27 238.48
2023-05-22   228.63 238.83   228.60 238.81     6.11  16.32   228.06 238.26   233.64 243.85   227.37 237.58
2023-05-23   227.72 237.94   227.70 237.91     5.21  15.42   227.15 237.37   232.74 242.95   226.47 236.69
2023-05-24   226.82 237.04   226.80 237.01     4.31  14.53   226.25 236.47   231.84 242.05   225.57 235.79
2023-05-25   225.92 236.14   225.90 236.11     3.41  13.63   225.35 235.57   230.94 241.16   224.67 234.89
2023-05-26   225.02 235.24   224.99 235.22     2.51  12.73   224.45 234.67   230.04 240.26   223.77 233.99
2023-05-27   224.12 234.34   224.09 234.32     1.60  11.83   223.55 233.77   229.13 239.36   222.87 233.09
2023-05-28   223.21 233.44   223.19 233.42     0.70  10.93   222.64 232.87   228.23 238.46   221.96 232.19
2023-05-29   222.31 232.54   222.28 232.52   359.79  10.03   221.74 231.97   227.32 237.56   221.06 231.29
2023-05-30   221.40 231.64   221.37 231.62   358.89   9.13   220.83 231.07   226.42 236.66   220.15 230.39
2023-05-31   220.49 230.74   220.47 230.71   357.98   8.23   219.92 230.17   225.51 235.76   219.24 229.49
2023-06-01   219.58 229.84   219.56 229.81   357.07   7.33   219.01 229.27   224.60 234.85   218.33 228.59
2023-06-02   218.67 228.93   218.65 228.91   356.16   6.42   218.10 228.36   223.69 233.95   217.42 227.68
2023-06-03   217.76 228.03   217.74 228.00   355.25   5.52   217.19 227.46   222.78 233.04   216.51 226.78
2023-06-04   216.85 227.12   216.82 227.10   354.34   4.61   216.28 226.55   221.87 232.14   215.60 225.87
2023-06-05   215.94 226.22   215.91 226.19   353.42   3.70   215.37 225.65   220.95 231.23   214.69 224.97
2023-06-06   215.02 225.31   214.99 225.28   352.51   2.80   214.45 224.74   220.04 230.32   213.77 224.06
2023-06-07   214.10 224.40   214.08 224.37   351.59   1.89   213.53 223.83   219.12 229.41   212.85 223.15
2023-06-08   213.18 223.49   213.16 223.46   350.67   0.98   212.61 222.92   218.20 228.50   211.93 222.24
2023-06-09   212.26 222.58   212.24 222.55   349.75   0.06   211.69 222.01   217.28 227.59   211.01 221.33
2023-06-10   211.34 221.66   211.31 221.64   348.83 359.15   210.77 221.09   216.36 226.68   210.09 220.41
2023-06-11   210.42 220.75   210.39 220.72   347.90 358.24   209.85 220.18   215.43 225.76   209.17 219.50
2023-06-12   209.49 219.83   209.46 219.80   346.98 357.32   208.92 219.26   214.51 224.85   208.24 218.58
2023-06-13   208.56 218.91   208.54 218.89   346.05 356.40   207.99 218.34   213.58 223.93   207.31 217.66
2023-06-14   207.63 217.99   207.61 217.97   345.12 355.48   207.06 217.42   212.65 223.01   206.38 216.74
2023-06-15   206.70 217.07   206.67 217.04   344.19 354.56   206.13 216.50   211.72 222.09   205.45 215.82
2023-06-16   205.77 216.15   205.74 216.12   343.25 353.64   205.20 215.58   210.78 221.16   204.52 214.90
2023-06-17   204.83 215.22   204.80 215.20   342.32 352.71   204.26 214.65   209.85 220.24   203.58 213.97
2023-06-18   203.89 214.30   203.87 214.27   341.38 351.78   203.32 213.73   208.91 219.31   202.64 213.04
2023-06-19   202.95 213.37   202.93 213.34   340.44 350.85   202.38 212.80   207.97 218.38   201.70 212.12
2023-06-20   202.01 212.43   201.98 212.41   339.50 349.92   201.44 211.86   207.02 217.45   200.76 211.18
2023-06-21   201.06 211.50   201.04 211.48   338.55 348.99   200.49 210.93   206.08 216.52   199.81 210.25
2023-06-22   200.12 210.57   200.09 210.54   337.61 348.05   199.55 210.00   205.13 215.58   198.87 209.32
2023-06-23   199.17 209.63   199.14 209.60   336.66 347.12   198.60 209.06   204.18 214.64   197.92 208.38
2023-06-24   198.22 208.69   198.19 208.66   335.71 346.18   197.65 208.12   203.23 213.70   196.97 207.44
2023-06-25   197.26 207.75   197.24 207.72   334.75 345.24   196.69 207.18   202.28 212.76   196.01 206.50
2023-06-26   196.31 206.80   196.28 206.78   333.80 344.29   195.74 206.23   201.32 211.82   195.06 205.55
2023-06-27   195.35 205.86   195.32 205.83   332.84 343.35   194.78 205.29   200.37 210.87   194.10 204.61
2023-06-28   194.39 204.91   194.36 204.88   331.88 342.40   193.82 204.34   199.41 209.93   193.14 203.66
2023-06-29   193.43 203.96   193.40 203.93   330.91 341.45   192.86 203.39   198.44 208.98   192.18 202.71
2023-06-30   192.46 203.01   192.44 202.98   329.95 340.50   191.89 202.44   197.48 208.02   191.21 201.76
2023-07-01   191.50 202.05   191.47 202.03   328.98 339.54   190.93 201.48   196.51 207.07   190.24 200.80
2023-07-02   190.53 201.10   190.50 201.07   328.01 338.58   189.96 200.53   195.54 206.11   189.28 199.85
2023-07-03   189.55 200.14   189.53 200.11   327.04 337.62   188.98 199.57   194.57 205.15   188.30 198.89
2023-07-04   188.58 199.18   188.55 199.15   326.07 336.66   188.01 198.61   193.60 204.19   187.33 197.92
2023-07-05   187.60 198.21   187.58 198.18   325.09 335.70   187.03 197.64   192.62 203.23   186.35 196.96
2023-07-06   186.63 197.25   186.60 197.22   324.11 334.73   186.06 196.68   191.64 202.26   185.37 195.99
2023-07-07   185.64 196.28   185.62 196.25   323.13 333.76   185.07 195.71   190.66 201.29   184.39 195.03
2023-07-08   184.66 195.31   184.64 195.28   322.15 332.79   184.09 194.74   189.68 200.32   183.41 194.06
2023-07-09   183.68 194.33   183.65 194.31   321.16 331.82   183.11 193.76   188.69 199.35   182.43 193.08
2023-07-10   182.69 193.36   182.66 193.33   320.18 330.85   182.12 192.79   187.70 198.37   181.44 192.11
2023-07-11   181.70 192.38   181.67 192.35   319.19 329.87   181.13 191.81   186.72 197.40   180.45 191.13
2023-07-12   180.71 191.40   180.68 191.38   318.20 328.89   180.14 190.83   185.72 196.42   179.46 190.15
2023-07-13   179.72 190.42   179.69 190.39   317.20 327.91   179.15 189.85   184.73 195.44   178.46 189.17
2023-07-14   178.72 189.44   178.69 189.41   316.21 326.92   178.15 188.87   183.73 194.45   177.47 188.19
2023-07-15   177.72 188.45   177.70 188.42   315.21 325.94   177.15 187.88   182.74 193.47   176.47 187.20
2023-07-16   176.72 187.46   176.70 187.44   314.21 324.95   176.15 186.89   181.74 192.48   175.47 186.21
2023-07-17   175.72 186.47   175.69 186.45   313.21 323.96   175.15 185.90   180.74 191.49   174.47 185.22
2023-07-18   174.72 185.48   174.69 185.45   312.21 322.97   174.15 184.91   179.73 190.50   173.47 184.23
2023-07-19   173.71 184.49   173.69 184.46   311.20 321.97   173.14 183.92   178.73 189.50   172.46 183.24
2023-07-20   172.71 183.49   172.68 183.46   310.19 320.98   172.14 182.92   177.72 188.51   171.46 182.24
2023-07-21   171.70 182.49   171.67 182.47   309.19 319.98   171.13 181.92   176.71 187.51   170.45 181.24
2023-07-22   170.69 181.49   170.66 181.47   308.18 318.98   170.12 180.92   175.70 186.51   169.44 180.24
2023-07-23   169.68 180.49   169.65 180.46   307.16 317.98   169.11 179.92   174.69 185.51   168.43 179.24
2023-07-24   168.66 179.49   168.64 179.46   306.15 316.97   168.09 178.92   173.68 184.50   167.41 178.24
2023-07-25   167.65 178.48   167.62 178.45   305.14 315.97   167.08 177.91   172.66 183.50   166.40 177.23
2023-07-26   166.63 177.47   166.61 177.45   304.12 314.96   166.06 176.90   171.65 182.49   165.38 176.22
2023-07-27   165.62 176.47   165.59 176.44   303.10 313.95   165.05 175.90   170.63 181.48   164.37 175.21
2023-07-28   164.60 175.45   164.57 175.43   302.08 312.94   164.03 174.88   169.61 180.47   163.35 174.20
2023-07-29   163.58 174.44   163.55 174.42   301.07 311.93   163.01 173.87   168.59 179.46   162.33 173.19
2023-07-30   162.56 173.43   162.53 173.40   300.04 310.92   161.99 172.86   167.57 178.44   161.31 172.18
2023-07-31   161.53 172.41   161.51 172.39   299.02 309.90   160.96 171.84   166.55 177.43   160.28 171.16
2023-08-01   160.51 171.40   160.49 171.37   298.00 308.88   159.94 170.83   165.53 176.41   159.26 170.15
2023-08-02   159.49 170.38   159.46 170.35   296.97 307.87   158.92 169.81   164.50 175.40   158.24 169.13
2023-08-03   158.46 169.36   158.44 169.33   295.95 306.85   157.89 168.79   163.48 174.38   157.21 168.11
2023-08-04   157.44 168.34   157.41 168.31   294.92 305.83   156.87 167.77   162.45 173.36   156.19 167.09
2023-08-05   156.41 167.32   156.38 167.29   293.90 304.81   155.84 166.75   161.43 172.33   155.16 166.07
2023-08-06   155.38 166.30   155.36 166.27   292.87 303.78   154.81 165.73   160.40 171.31   154.13 165.05
2023-08-07   154.36 165.27   154.33 165.25   291.84 302.76   153.79 164.70   159.37 170.29   153.10 164.02
2023-08-08   153.33 164.25   153.30 164.22   290.81 301.74   152.76 163.68   158.34 169.26   152.08 163.00
2023-08-09   152.30 163.22   152.27 163.20   289.79 300.71   151.73 162.65   157.31 168.24   151.05 161.97
2023-08-10   151.27 162.20   151.24 162.17   288.76 299.69   150.70 161.63   156.29 167.21   150.02 160.95
2023-08-11   150.24 161.17   150.21 161.14   287.73 298.66   149.67 160.60   155.26 166.19   148.99 159.92
2023-08-12   149.21 160.14   149.18 160.12   286.70 297.63   148.64 159.57   154.23 165.16   147.96 158.89
2023-08-13   148.18 159.12   148.16 159.09   285.67 296.60   147.61 158.55   153.20 164.13   146.93 157.86
2023-08-14   147.15 158.09   147.13 158.06   284.64 295.57   146.58 157.52   152.17 163.10   145.90 156.84
2023-08-15   146.12 157.06   146.10 157.03   283.61 294.55   145.55 156.49   151.14 162.07   144.87 155.81
2023-08-16   145.09 156.03   145.07 156.00   282.58 293.52   144.52 155.46   150.11 161.04   143.84 154.78
2023-08-17   144.06 155.00   144.04 154.97   281.55 292.49   143.49 154.43   149.08 160.01   142.81 153.75
2023-08-18   143.04 153.97   143.01 153.94   280.52 291.46   142.47 153.40   148.05 158.99   141.78 152.72
2023-08-19   142.01 152.94   141.98 152.91   279.49 290.43   141.44 152.37   147.02 157.96   140.76 151.69
2023-08-20   140.98 151.91   140.95 151.88   278.47 289.40   140.41 151.34   145.99 156.93   139.73 150.66
2023-08-21   139.95 150.88   139.92 150.85   277.44 288.37   139.38 150.31   144.97 155.90   138.70 149.63
2023-08-22   138.92 149.85   138.90 149.82   276.41 287.34   138.35 149.28   143.94 154.87   137.67 148.60
2023-08-23   137.90 148.82   137.87 148.79   275.38 286.31   137.33 148.25   142.91 153.84   136.65 147.57
2023-08-24   136.87 147.79   136.84 147.77   274.36 285.28   136.30 147.22   141.89 152.81   135.62 146.54
2023-08-25   135.85 146.76   135.82 146.74   273.33 284.25   135.28 146.19   140.86 151.78   134.59 145.51
2023-08-26   134.82 145.73   134.79 145.71   272.31 283.22   134.25 145.16   139.84 150.75   133.57 144.48
2023-08-27   133.80 144.71   133.77 144.68   271.29 282.19   133.23 144.14   138.81 149.72   132.55 143.46
2023-08-28   132.78 143.68   132.75 143.65   270.26 281.17   132.21 143.11   137.79 148.69   131.52 142.43
2023-08-29   131.75 142.65   131.73 142.63   269.24 280.14   131.18 142.08   136.77 147.67   130.50 141.40
2023-08-30   130.73 141.63   130.71 141.60   268.22 279.11   130.16 141.06   135.75 146.64   129.48 140.37
2023-08-31   129.71 140.60   129.69 140.57   267.20 278.09   129.14 140.03   134.73 145.62   128.46 139.35
2023-09-01   128.70 139.58   128.67 139.55   266.18 277.06   128.13 139.01   133.71 144.59   127.45 138.32
2023-09-02   127.68 138.55   127.65 138.53   265.17 276.04   127.11 137.98   132.70 143.57   126.43 137.30
2023-09-03   126.66 137.53   126.64 137.50   264.15 275.02   126.09 136.96   131.68 142.54   125.41 136.28
2023-09-04   125.65 136.51   125.62 136.48   263.14 273.99   125.08 135.94   130.67 141.52   124.40 135.26
2023-09-05   124.64 135.49   124.61 135.46   262.13 272.97   124.07 134.92   129.65 140.50   123.39 134.24
2023-09-06   123.63 134.47   123.60 134.44   261.11 271.95   123.06 133.90   128.64 139.48   122.38 133.22
2023-09-07   122.62 133.45   122.59 133.42   260.10 270.94   122.05 132.88   127.63 138.46   121.37 132.20
2023-09-08   121.61 132.43   121.58 132.40   259.10 269.92   121.04 131.86   126.62 137.45   120.36 131.18
2023-09-09   120.60 131.41   120.58 131.39   258.09 268.90   120.03 130.84   125.62 136.43   119.35 130.16
2023-09-10   119.60 130.40   119.57 130.37   257.08 267.89   119.03 129.83   124.61 135.42   118.35 129.15
2023-09-11   118.59 129.39   118.57 129.36   256.08 266.87   118.02 128.82   123.61 134.40   117.34 128.14
2023-09-12   117.59 128.37   117.57 128.35   255.08 265.86   117.02 127.80   122.61 133.39   116.34 127.12
2023-09-13   116.59 127.36   116.57 127.34   254.08 264.85   116.02 126.79   121.61 132.38   115.34 126.11
2023-09-14   115.59 126.36   115.57 126.33   253.08 263.84   115.02 125.79   120.61 131.37   114.34 125.10
2023-09-15   114.60 125.35   114.57 125.32   252.08 262.84   114.03 124.78   119.61 130.36   113.35 124.10
2023-09-16   113.60 124.34   113.58 124.32   251.09 261.83   113.03 123.77   118.62 129.36   112.35 123.09
2023-09-17   112.61 123.34   112.58 123.31   250.10 260.82   112.04 122.77   117.62 128.35   111.36 122.09
2023-09-18   111.62 122.33   111.59 122.31   249.11 259.82   111.05 121.76   116.63 127.35   110.37 121.08
2023-09-19   110.63 121.33   110.60 121.31   248.12 258.82   110.06 120.76   115.64 126.35   109.38 120.08
2023-09-20   109.64 120.33   109.61 120.31   247.13 257.82   109.07 119.76   114.66 125.35   108.39 119.08
2023-09-21   108.65 119.34   108.63 119.31   246.14 256.82   108.08 118.77   113.67 124.35   107.40 118.09
2023-09-22   107.67 118.34   107.64 118.31   245.16 255.83   107.10 117.77   112.69 123.36   106.42 117.09
2023-09-23   106.69 117.35   106.66 117.32   244.18 254.83   106.12 116.78   111.70 122.36   105.44 116.10
2023-09-24   105.71 116.35   105.68 116.33   243.20 253.84   105.14 115.78   110.72 121.37   104.46 115.10
2023-09-25   104.73 115.36   104.70 115.34   242.22 252.85   104.16 114.79   109.74 120.38   103.48 114.11
2023-09-26   103.75 114.37   103.73 114.35   241.24 251.86   103.18 113.80   108.77 119.39   102.50 113.12
2023-09-27   102.78 113.39   102.75 113.36   240.26 250.87   102.21 112.82   107.79 118.40   101.53 112.13
2023-09-28   101.80 112.40   101.78 112.37   239.29 249.89   101.23 111.83   106.82 117.41   100.55 111.15
2023-09-29   100.83 111.42   100.81 111.39   238.32 248.90   100.26 110.85   105.85 116.43    99.58 110.16
2023-09-30    99.86 110.43    99.84 110.41   237.35 247.92    99.29 109.86   104.88 115.45    98.61 109.18
2023-10-01    98.89 109.45    98.87 109.43   236.38 246.94    98.32 108.88   103.91 114.47    97.64 108.20
2023-10-02    97.93 108.47    97.90 108.45   235.41 245.96    97.36 107.90   102.94 113.49    96.68 107.22
2023-10-03    96.96 107.50    96.94 107.47   234.45 244.98    96.39 106.93   101.98 112.51    95.71 106.25
2023-10-04    96.00 106.52    95.97 106.49   233.49 244.01    95.43 105.95   101.01 111.54    94.75 105.27
2023-10-05    95.04 105.55    95.01 105.52   232.53 243.03    94.47 104.98   100.05 110.56    93.79 104.30
2023-10-06    94.08 104.57    94.05 104.55   231.57 242.06    93.51 104.00    99.09 109.59    92.83 103.32
2023-10-07    93.12 103.60    93.09 103.58   230.61 241.09    92.55 103.03    98.13 108.62    91.87 102.35
2023-10-08    92.16 102.64    92.14 102.61   229.65 240.12    91.59 102.07    97.18 107.65    90.91 101.38
2023-10-09    91.21 101.67    91.18 101.64   228.69 239.16    90.64 101.10    96.22 106.68    89.96 100.42
2023-10-10    90.25 100.70    90.23 100.68   227.74 238.19    89.68 100.13    95.27 105.72    89.00  99.45
2023-10-11    89.30  99.74    89.27  99.71   226.79 237.23    88.73  99.17    94.32 104.75    88.05  98.49
2023-10-12    88.35  98.78    88.32  98.75   225.84 236.26    87.78  98.21    93.36 103.79    87.10  97.52
2023-10-13    87.40  97.81    87.37  97.79   224.89 235.30    86.83  97.24    92.41 102.83    86.15  96.56
2023-10-14    86.45  96.85    86.42  96.83   223.94 234.34    85.88  96.28    91.47 101.87    85.20  95.60
2023-10-15    85.50  95.90    85.48  95.87   222.99 233.38    84.93  95.33    90.52 100.91    84.25  94.65
2023-10-16    84.56  94.94    84.53  94.91   222.04 232.43    83.99  94.37    89.57  99.95    83.31  93.69
2023-10-17    83.61  93.98    83.58  93.96   221.10 231.47    83.04  93.41    88.63  99.00    82.36  92.73
2023-10-18    82.67  93.03    82.64  93.00   220.15 230.52    82.10  92.46    87.68  98.04    81.42  91.78
2023-10-19    81.72  92.08    81.70  92.05   219.21 229.56    81.15  91.51    86.74  97.09    80.47  90.82
2023-10-20    80.78  91.12    80.75  91.10   218.27 228.61    80.21  90.55    85.80  96.14    79.53  89.87
2023-10-21    79.84  90.17    79.81  90.15   217.33 227.66    79.27  89.60    84.86  95.19    78.59  88.92
2023-10-22    78.90  89.22    78.87  89.20   216.39 226.71    78.33  88.65    83.91  94.24    77.65  87.97
2023-10-23    77.96  88.27    77.93  88.25   215.45 225.76    77.39  87.70    82.97  93.29    76.71  87.02
2023-10-24    77.02  87.33    76.99  87.30   214.51 224.81    76.45  86.76    82.04  92.34    75.77  86.08
2023-10-25    76.08  86.38    76.06  86.35   213.57 223.87    75.51  85.81    81.10  91.40    74.83  85.13
2023-10-26    75.14  85.43    75.12  85.41   212.63 222.92    74.57  84.86    80.16  90.45    73.89  84.18
2023-10-27    74.21  84.49    74.18  84.46   211.69 221.98    73.64  83.92    79.22  89.50    72.96  83.24
2023-10-28    73.27  83.54    73.24  83.52   210.76 221.03    72.70  82.97    78.29  88.56    72.02  82.29
2023-10-29    72.33  82.60    72.31  82.57   209.82 220.09    71.76  82.03    77.35  87.62    71.08  81.35
2023-10-30    71.40  81.66    71.37  81.63   208.89 219.15    70.83  81.09    76.41  86.67    70.15  80.41
2023-10-31    70.46  80.72    70.44  80.69   207.95 218.20    69.89  80.15    75.48  85.73    69.21  79.47
2023-11-01    69.53  79.77    69.50  79.75   207.01 217.26    68.96  79.20    74.54  84.79    68.28  78.52
2023-11-02    68.59  78.83    68.57  78.81   206.08 216.32    68.02  78.26    73.61  83.85    67.34  77.58
2023-11-03    67.66  77.89    67.63  77.87   205.14 215.38    67.09  77.32    72.67  82.91    66.41  76.64
2023-11-04    66.72  76.95    66.69  76.93   204.21 214.44    66.15  76.38    71.74  81.97    65.47  75.70
2023-11-05    65.79  76.01    65.76  75.99   203.27 213.50    65.22  75.44    70.80  81.03    64.54  74.76
2023-11-06    64.85  75.07    64.82  75.05   202.34 212.56    64.28  74.50    69.87  80.09    63.60  73.82
2023-11-07    63.91  74.13    63.89  74.11   201.40 211.62    63.34  73.56    68.93  79.15    62.66  72.88
2023-11-08    62.98  73.19    62.95  73.17   200.47 210.68    62.41  72.62    67.99  78.21    61.73  71.94
2023-11-09    62.04  72.25    62.02  72.23   199.53 209.74    61.47  71.68    67.06  77.27    60.79  71.00
2023-11-10    61.11  71.31    61.08  71.29   198.59 208.80    60.54  70.74    66.12  76.33    59.86  70.06
2023-11-11    60.17  70.38    60.14  70.35   197.66 207.86    59.60  69.81    65.18  75.39    58.92  69.12
2023-11-12    59.23  69.44    59.20  69.41   196.72 206.92    58.66  68.87    64.25  74.45    57.98  68.18
2023-11-13    58.29  68.50    58.27  68.47   195.78 205.98    57.72  67.93    63.31  73.51    57.04  67.24
2023-11-14    57.35  67.56    57.33  67.53   194.84 205.04    56.78  66.99    62.37  72.57    56.10  66.30
2023-11-15    56.41  66.62    56.39  66.59   193.90 204.10    55.84  66.05    61.43  71.63    55.16  65.36
2023-11-16    55.47  65.67    55.45  65.65   192.96 203.16    54.90  65.10    60.49  70.69    54.22  64.42
2023-11-17    54.53  64.73    54.51  64.71   192.02 202.22    53.96  64.16    59.55  69.75    53.28  63.48
2023-11-18    53.59  63.79    53.56  63.76   191.08 201.28    53.02  63.22    58.61  68.81    52.34  62.54
2023-11-19    52.65  62.85    52.62  62.82   190.13 200.34    52.08  62.28    57.66  67.86    51.40  61.60
2023-11-20    51.70  61.90    51.68  61.88   189.19 199.39    51.13  61.33    56.72  66.92    50.45  60.65
2023-11-21    50.76  60.96    50.73  60.93   188.24 198.45    50.19  60.39    55.77  65.98    49.51  59.71
2023-11-22    49.81  60.02    49.78  59.99   187.30 197.50    49.24  59.45    54.83  65.03    48.56  58.76
2023-11-23    48.86  59.07    48.84  59.04   186.35 196.56    48.29  58.50    53.88  64.09    47.61  57.82
2023-11-24    48.02  58.02    47.99  57.99   185.50 195.51    47.45  57.45    53.03  63.03    46.76  56.77
2023-11-25    47.29  56.85    47.26  56.82   184.78 194.33    46.72  56.28    52.31  61.86    46.04  55.59
2023-11-26    46.56  55.67    46.54  55.64   184.05 193.16    45.99  55.10    51.58  60.69    45.31  54.42
2023-11-27    45.84  54.49    45.81  54.47   183.32 191.98    45.27  53.92    50.85  59.51    44.59  53.24
2023-11-28    45.11  53.32    45.08  53.29   182.59 190.81    44.54  52.75    50.12  58.33    43.86  52.07
2023-11-29    44.37  52.14    44.35  52.11   181.86 189.63    43.80  51.57    49.39  57.16    43.12  50.89
2023-11-30    43.64  50.96    43.61  50.94   181.13 188.45    43.07  50.39    48.65  55.98    42.39  49.71
2023-12-01    42.90  49.78    42.88  49.76   180.39 187.27    42.33  49.21    47.92  54.80    41.65  48.53
