
       Target
                ecliptic
RA      Dec     latitude
287.471  46.081  67.528

Checked interval [2020-01-01, 2023-12-31]
|           Window [days]                 |    Normal V3 PA [deg]    |
   Start           End         Duration         Start         End         RA            Dec     
 2020-04-09      2020-11-08       213.07     263.55894      59.30733     287.47118      46.08057 
 2021-04-09      2021-11-09       214.00     263.83343      58.70146     287.47118      46.08057 
 2022-04-09      2022-11-09       214.00     264.10942      58.95419     287.47118      46.08057 
 2023-04-10      2023-11-09       213.00     263.48451      59.20048     287.47118      46.08057 


                V3PA          NIRCam           NIRSpec         NIRISS           MIRI          FGS
   Date      min    max      min    max       min    max     min    max      min    max      min    max

2020-04-10   259.88 267.06   259.85 267.03    37.36  44.55   259.31 266.49   264.89 272.07   258.63 265.81
2020-04-11   258.74 266.38   258.72 266.36    36.23  43.87   258.17 265.81   263.76 271.40   257.49 265.13
2020-04-12   257.61 265.71   257.59 265.68    35.10  43.20   257.04 265.14   262.63 270.72   256.36 264.46
2020-04-13   256.48 265.04   256.46 265.01    33.97  42.52   255.91 264.47   261.50 270.05   255.23 263.79
2020-04-14   255.35 264.37   255.33 264.34    32.84  41.85   254.78 263.80   260.37 269.38   254.10 263.12
2020-04-15   254.22 263.70   254.20 263.67    31.71  41.18   253.65 263.13   259.24 268.71   252.97 262.45
2020-04-16   253.09 263.03   253.07 263.00    30.58  40.52   252.52 262.46   258.11 268.05   251.84 261.78
2020-04-17   252.06 262.27   252.04 262.24    29.55  39.76   251.49 261.70   257.08 267.29   250.81 261.02
2020-04-18   251.17 261.37   251.14 261.35    28.65  38.86   250.60 260.80   256.18 266.39   249.92 260.12
2020-04-19   250.27 260.48   250.25 260.45    27.76  37.96   249.70 259.91   255.29 265.49   249.02 259.23
2020-04-20   249.38 259.58   249.35 259.56    26.87  37.07   248.81 259.01   254.40 264.60   248.13 258.33
2020-04-21   248.49 258.69   248.46 258.66    25.97  36.18   247.92 258.12   253.50 263.70   247.24 257.44
2020-04-22   247.59 257.80   247.57 257.77    25.08  35.28   247.02 257.23   252.61 262.81   246.34 256.54
2020-04-23   246.70 256.90   246.68 256.88    24.19  34.39   246.13 256.33   251.72 261.92   245.45 255.65
2020-04-24   245.81 256.01   245.78 255.98    23.30  33.50   245.24 255.44   250.83 261.03   244.56 254.76
2020-04-25   244.92 255.12   244.89 255.09    22.41  32.61   244.35 254.55   249.93 260.14   243.67 253.87
2020-04-26   244.03 254.23   244.00 254.20    21.52  31.72   243.46 253.66   249.04 259.24   242.78 252.98
2020-04-27   243.14 253.34   243.11 253.31    20.62  30.83   242.57 252.77   248.15 258.35   241.89 252.09
2020-04-28   242.25 252.45   242.22 252.42    19.73  29.94   241.68 251.88   247.26 257.47   240.99 251.20
2020-04-29   241.35 251.56   241.33 251.53    18.84  29.05   240.78 250.99   246.37 256.58   240.10 250.31
2020-04-30   240.46 250.67   240.43 250.64    17.95  28.16   239.89 250.10   245.48 255.69   239.21 249.42
2020-05-01   239.57 249.78   239.54 249.75    17.06  27.27   239.00 249.21   244.58 254.80   238.32 248.53
2020-05-02   238.68 248.89   238.65 248.87    16.16  26.38   238.11 248.32   243.69 253.91   237.43 247.64
2020-05-03   237.78 248.00   237.76 247.98    15.27  25.49   237.21 247.43   242.80 253.02   236.53 246.75
2020-05-04   236.89 247.11   236.86 247.09    14.38  24.60   236.32 246.54   241.90 252.13   235.64 245.86
2020-05-05   235.99 246.22   235.97 246.20    13.48  23.71   235.42 245.65   241.01 251.24   234.74 244.97
2020-05-06   235.10 245.33   235.07 245.31    12.59  22.82   234.53 244.76   240.11 250.35   233.85 244.08
2020-05-07   234.20 244.44   234.18 244.42    11.69  21.93   233.63 243.87   239.22 249.46   232.95 243.19
2020-05-08   233.31 243.55   233.28 243.52    10.79  21.04   232.74 242.98   238.32 248.57   232.05 242.30
2020-05-09   232.41 242.66   232.38 242.63     9.89  20.15   231.84 242.09   237.42 247.67   231.16 241.41
2020-05-10   231.51 241.77   231.48 241.74     9.00  19.25   230.94 241.20   236.52 246.78   230.26 240.52
2020-05-11   230.61 240.87   230.58 240.85     8.09  18.36   230.04 240.30   235.62 245.89   229.36 239.62
2020-05-12   229.71 239.98   229.68 239.95     7.19  17.47   229.14 239.41   234.72 244.99   228.46 238.73
2020-05-13   228.80 239.08   228.78 239.06     6.29  16.57   228.23 238.51   233.82 244.10   227.55 237.83
2020-05-14   227.90 238.19   227.87 238.16     5.39  15.67   227.33 237.62   232.91 243.20   226.65 236.94
2020-05-15   226.99 237.29   226.97 237.26     4.48  14.78   226.42 236.72   232.01 242.30   225.74 236.04
2020-05-16   226.09 236.39   226.06 236.36     3.57  13.88   225.52 235.82   231.10 241.41   224.83 235.14
2020-05-17   225.18 235.49   225.15 235.46     2.66  12.98   224.61 234.92   230.19 240.51   223.93 234.24
2020-05-18   224.27 234.59   224.24 234.56     1.75  12.08   223.70 234.02   229.28 239.61   223.02 233.34
2020-05-19   223.35 233.69   223.33 233.66     0.84  11.18   222.78 233.12   228.37 238.70   222.10 232.44
2020-05-20   222.44 232.78   222.41 232.76   359.93  10.27   221.87 232.21   227.45 237.80   221.19 231.53
2020-05-21   221.52 231.88   221.50 231.85   359.01   9.37   220.95 231.31   226.54 236.89   220.27 230.63
2020-05-22   220.61 230.97   220.58 230.94   358.09   8.46   220.04 230.40   225.62 235.99   219.36 229.72
2020-05-23   219.69 230.06   219.66 230.04   357.17   7.55   219.12 229.49   224.70 235.08   218.44 228.81
2020-05-24   218.76 229.15   218.74 229.13   356.25   6.64   218.19 228.58   223.78 234.17   217.51 227.90
2020-05-25   217.84 228.24   217.81 228.21   355.33   5.73   217.27 227.67   222.86 233.25   216.59 226.99
2020-05-26   216.91 227.33   216.89 227.30   354.40   4.81   216.34 226.76   221.93 232.34   215.66 226.07
2020-05-27   215.99 226.41   215.96 226.38   353.47   3.90   215.42 225.84   221.00 231.42   214.74 225.16
2020-05-28   215.06 225.49   215.03 225.46   352.54   2.98   214.49 224.92   220.07 230.51   213.80 224.24
2020-05-29   214.12 224.57   214.10 224.54   351.61   2.06   213.55 224.00   219.14 229.59   212.87 223.32
2020-05-30   213.19 223.65   213.16 223.62   350.68   1.14   212.62 223.08   218.20 228.66   211.94 222.40
2020-05-31   212.25 222.72   212.22 222.70   349.74   0.21   211.68 222.15   217.27 227.74   211.00 221.47
2020-06-01   211.31 221.80   211.28 221.77   348.80 359.28   210.74 221.23   216.33 226.81   210.06 220.55
2020-06-02   210.37 220.87   210.34 220.84   347.86 358.36   209.80 220.30   215.38 225.88   209.12 219.62
2020-06-03   209.42 219.94   209.40 219.91   346.91 357.42   208.85 219.37   214.44 224.95   208.17 218.69
2020-06-04   208.48 219.00   208.45 218.98   345.96 356.49   207.91 218.43   213.49 224.02   207.22 217.75
2020-06-05   207.53 218.07   207.50 218.04   345.01 355.55   206.96 217.50   212.54 223.08   206.27 216.82
2020-06-06   206.57 217.13   206.55 217.10   344.06 354.62   206.00 216.56   211.59 222.14   205.32 215.88
2020-06-07   205.62 216.19   205.59 216.16   343.11 353.67   205.05 215.62   210.63 221.20   204.37 214.94
2020-06-08   204.66 215.24   204.63 215.22   342.15 352.73   204.09 214.67   209.68 220.26   203.41 213.99
2020-06-09   203.70 214.30   203.67 214.27   341.19 351.78   203.13 213.73   208.71 219.31   202.45 213.05
2020-06-10   202.74 213.35   202.71 213.32   340.22 350.84   202.17 212.78   207.75 218.36   201.49 212.10
2020-06-11   201.77 212.40   201.74 212.37   339.26 349.88   201.20 211.83   206.79 217.41   200.52 211.15
2020-06-12   200.80 211.44   200.78 211.42   338.29 348.93   200.23 210.87   205.82 216.46   199.55 210.19
2020-06-13   199.83 210.49   199.80 210.46   337.32 347.97   199.26 209.92   204.85 215.50   198.58 209.23
2020-06-14   198.86 209.53   198.83 209.50   336.34 347.01   198.29 208.96   203.87 214.54   197.61 208.27
2020-06-15   197.88 208.56   197.85 208.54   335.37 346.05   197.31 207.99   202.90 213.58   196.63 207.31
2020-06-16   196.90 207.60   196.87 207.57   334.39 345.09   196.33 207.03   201.92 212.61   195.65 206.35
2020-06-17   195.92 206.63   195.89 206.60   333.41 344.12   195.35 206.06   200.93 211.65   194.67 205.38
2020-06-18   194.93 205.66   194.91 205.63   332.42 343.15   194.36 205.09   199.95 210.67   193.68 204.41
2020-06-19   193.95 204.69   193.92 204.66   331.43 342.17   193.38 204.12   198.96 209.70   192.70 203.43
2020-06-20   192.96 203.71   192.93 203.68   330.44 341.20   192.39 203.14   197.97 208.72   191.71 202.46
2020-06-21   191.96 202.73   191.94 202.70   329.45 340.22   191.39 202.16   196.98 207.75   190.71 201.48
2020-06-22   190.97 201.75   190.94 201.72   328.45 339.24   190.40 201.18   195.98 206.76   189.72 200.50
2020-06-23   189.97 200.76   189.94 200.74   327.46 338.25   189.40 200.19   194.98 205.78   188.72 199.51
2020-06-24   188.97 199.78   188.94 199.75   326.46 337.26   188.40 199.21   193.98 204.79   187.72 198.53
2020-06-25   187.97 198.79   187.94 198.76   325.45 336.27   187.40 198.22   192.98 203.80   186.71 197.54
2020-06-26   186.96 197.79   186.93 197.77   324.45 335.28   186.39 197.22   191.98 202.81   185.71 196.54
2020-06-27   185.95 196.80   185.93 196.77   323.44 334.29   185.38 196.23   190.97 201.81   184.70 195.55
2020-06-28   184.94 195.80   184.91 195.77   322.43 333.29   184.37 195.23   189.96 200.82   183.69 194.55
2020-06-29   183.93 194.80   183.90 194.77   321.42 332.29   183.36 194.23   188.94 199.82   182.68 193.55
2020-06-30   182.91 193.80   182.89 193.77   320.40 331.28   182.34 193.23   187.93 198.81   181.66 192.55
2020-07-01   181.90 192.79   181.87 192.76   319.38 330.28   181.33 192.22   186.91 197.81   180.64 191.54
2020-07-02   180.88 191.78   180.85 191.76   318.36 329.27   180.31 191.21   185.89 196.80   179.63 190.53
2020-07-03   179.85 190.77   179.83 190.75   317.34 328.26   179.28 190.20   184.87 195.79   178.60 189.52
2020-07-04   178.83 189.76   178.80 189.73   316.32 327.25   178.26 189.19   183.85 194.77   177.58 188.51
2020-07-05   177.80 188.74   177.78 188.72   315.29 326.23   177.23 188.17   182.82 193.76   176.55 187.49
2020-07-06   176.78 187.73   176.75 187.70   314.26 325.21   176.21 187.16   181.79 192.74   175.53 186.47
2020-07-07   175.75 186.71   175.72 186.68   313.24 324.19   175.18 186.14   180.76 191.72   174.50 185.45
2020-07-08   174.72 185.68   174.69 185.66   312.20 323.17   174.15 185.11   179.73 190.70   173.47 184.43
2020-07-09   173.68 184.66   173.66 184.63   311.17 322.15   173.11 184.09   178.70 189.67   172.43 183.41
2020-07-10   172.65 183.63   172.62 183.61   310.14 321.12   172.08 183.06   177.66 188.65   171.40 182.38
2020-07-11   171.61 182.60   171.59 182.58   309.10 320.09   171.04 182.03   176.63 187.62   170.36 181.35
2020-07-12   170.58 181.57   170.55 181.55   308.06 319.06   170.01 181.00   175.59 186.59   169.33 180.32
2020-07-13   169.54 180.54   169.51 180.52   307.03 318.03   168.97 179.97   174.55 185.56   168.29 179.29
2020-07-14   168.50 179.51   168.47 179.48   305.99 317.00   167.93 178.94   173.51 184.53   167.25 178.26
2020-07-15   167.46 178.48   167.43 178.45   304.95 315.96   166.89 177.91   172.47 183.49   166.21 177.22
2020-07-16   166.42 177.44   166.39 177.41   303.90 314.93   165.85 176.87   171.43 182.45   165.17 176.19
2020-07-17   165.37 176.40   165.35 176.37   302.86 313.89   164.80 175.83   170.39 181.42   164.12 175.15
2020-07-18   164.33 175.36   164.30 175.34   301.82 312.85   163.76 174.79   169.35 180.38   163.08 174.11
2020-07-19   163.29 174.32   163.26 174.30   300.77 311.81   162.72 173.75   168.30 179.34   162.04 173.07
2020-07-20   162.24 173.28   162.22 173.26   299.73 310.77   161.67 172.71   167.26 178.30   160.99 172.03
2020-07-21   161.20 172.24   161.17 172.21   298.69 309.73   160.63 171.67   166.21 177.25   159.95 170.99
2020-07-22   160.15 171.20   160.13 171.17   297.64 308.68   159.58 170.63   165.17 176.21   158.90 169.95
2020-07-23   159.11 170.15   159.08 170.13   296.60 307.64   158.54 169.58   164.12 175.17   157.86 168.90
2020-07-24   158.06 169.11   158.04 169.08   295.55 306.60   157.49 168.54   163.08 174.12   156.81 167.86
2020-07-25   157.02 168.07   156.99 168.04   294.51 305.55   156.45 167.50   162.03 173.08   155.77 166.81
2020-07-26   155.97 167.02   155.95 166.99   293.46 304.51   155.40 166.45   160.99 172.04   154.72 165.77
2020-07-27   154.93 165.98   154.90 165.95   292.42 303.46   154.36 165.41   159.94 170.99   153.68 164.72
2020-07-28   153.88 164.93   153.86 164.90   291.37 302.42   153.31 164.36   158.90 169.94   152.63 163.68
2020-07-29   152.84 163.88   152.81 163.86   290.33 301.37   152.27 163.31   157.86 168.90   151.59 162.63
2020-07-30   151.80 162.84   151.77 162.81   289.28 300.33   151.23 162.27   156.81 167.85   150.55 161.59
2020-07-31   150.76 161.79   150.73 161.77   288.24 299.28   150.19 161.22   155.77 166.81   149.50 160.54
2020-08-01   149.71 160.75   149.69 160.72   287.20 298.24   149.14 160.18   154.73 165.76   148.46 159.50
2020-08-02   148.67 159.70   148.65 159.68   286.16 297.19   148.10 159.13   153.69 164.72   147.42 158.45
2020-08-03   147.63 158.66   147.61 158.63   285.12 296.15   147.06 158.09   152.65 163.68   146.38 157.41
2020-08-04   146.59 157.62   146.57 157.59   284.08 295.10   146.02 157.05   151.61 162.63   145.34 156.37
2020-08-05   145.56 156.57   145.53 156.55   283.05 294.06   144.99 156.00   150.57 161.59   144.31 155.32
2020-08-06   144.52 155.53   144.50 155.51   282.01 293.02   143.95 154.96   149.54 160.55   143.27 154.28
2020-08-07   143.49 154.49   143.46 154.47   280.97 291.98   142.92 153.92   148.50 159.51   142.24 153.24
2020-08-08   142.45 153.45   142.43 153.43   279.94 290.94   141.88 152.88   147.47 158.47   141.20 152.20
2020-08-09   141.42 152.41   141.40 152.39   278.91 289.90   140.85 151.84   146.44 157.43   140.17 151.16
2020-08-10   140.39 151.38   140.37 151.35   277.88 288.86   139.82 150.81   145.41 156.39   139.14 150.12
2020-08-11   139.36 150.34   139.34 150.31   276.85 287.83   138.79 149.77   144.38 155.35   138.11 149.09
2020-08-12   138.34 149.30   138.31 149.28   275.83 286.79   137.77 148.73   143.35 154.32   137.09 148.05
2020-08-13   137.31 148.27   137.29 148.24   274.80 285.76   136.74 147.70   142.33 153.29   136.06 147.02
2020-08-14   136.29 147.24   136.26 147.21   273.78 284.73   135.72 146.67   141.31 152.25   135.04 145.99
2020-08-15   135.27 146.21   135.24 146.18   272.76 283.69   134.70 145.64   140.28 151.22   134.02 144.96
2020-08-16   134.25 145.18   134.22 145.15   271.74 282.67   133.68 144.61   139.27 150.19   133.00 143.93
2020-08-17   133.23 144.15   133.21 144.12   270.72 281.64   132.66 143.58   138.25 149.17   131.98 142.90
2020-08-18   132.22 143.13   132.19 143.10   269.71 280.61   131.65 142.56   137.23 148.14   130.97 141.87
2020-08-19   131.21 142.10   131.18 142.08   268.69 279.59   130.64 141.53   136.22 147.12   129.96 140.85
2020-08-20   130.20 141.08   130.17 141.05   267.68 278.57   129.63 140.51   135.21 146.10   128.95 139.83
2020-08-21   129.19 140.06   129.16 140.03   266.68 277.55   128.62 139.49   134.20 145.08   127.94 138.81
2020-08-22   128.18 139.04   128.16 139.02   265.67 276.53   127.61 138.47   133.20 144.06   126.93 137.79
2020-08-23   127.18 138.03   127.15 138.00   264.67 275.51   126.61 137.46   132.20 143.04   125.93 136.78
2020-08-24   126.18 137.01   126.15 136.99   263.67 274.50   125.61 136.44   131.20 142.03   124.93 135.76
2020-08-25   125.18 136.00   125.16 135.98   262.67 273.49   124.61 135.43   130.20 141.02   123.93 134.75
2020-08-26   124.19 134.99   124.16 134.97   261.67 272.48   123.62 134.42   129.20 140.01   122.93 133.74
2020-08-27   123.19 133.99   123.17 133.96   260.68 271.47   122.62 133.42   128.21 139.00   121.94 132.74
2020-08-28   122.20 132.98   122.17 132.95   259.69 270.47   121.63 132.41   127.22 138.00   120.95 131.73
2020-08-29   121.21 131.98   121.19 131.95   258.70 269.47   120.64 131.41   126.23 136.99   119.96 130.73
2020-08-30   120.23 130.98   120.20 130.95   257.71 268.47   119.66 130.41   125.24 135.99   118.98 129.73
2020-08-31   119.24 129.98   119.22 129.96   256.73 267.47   118.67 129.41   124.26 135.00   117.99 128.73
2020-09-01   118.26 128.99   118.23 128.96   255.75 266.47   117.69 128.42   123.28 134.00   117.01 127.74
2020-09-02   117.28 127.99   117.26 127.97   254.77 265.48   116.71 127.42   122.30 133.01   116.03 126.74
2020-09-03   116.31 127.00   116.28 126.98   253.79 264.49   115.74 126.43   121.32 132.02   115.06 125.75
2020-09-04   115.33 126.01   115.31 125.99   252.82 263.50   114.76 125.44   120.35 131.03   114.08 124.76
2020-09-05   114.36 125.03   114.33 125.00   251.85 262.52   113.79 124.46   119.38 130.04   113.11 123.78
2020-09-06   113.39 124.05   113.37 124.02   250.88 261.53   112.82 123.48   118.41 129.06   112.14 122.80
2020-09-07   112.43 123.07   112.40 123.04   249.91 260.55   111.86 122.50   117.44 128.08   111.18 121.81
2020-09-08   111.46 122.09   111.44 122.06   248.95 259.57   110.89 121.52   116.48 127.10   110.21 120.84
2020-09-09   110.50 121.11   110.47 121.08   247.99 258.60   109.93 120.54   115.52 126.13   109.25 119.86
2020-09-10   109.54 120.14   109.51 120.11   247.03 257.63   108.97 119.57   114.56 125.15   108.29 118.89
2020-09-11   108.58 119.17   108.56 119.14   246.07 256.65   108.01 118.60   113.60 124.18   107.33 117.92
2020-09-12   107.63 118.20   107.60 118.17   245.12 255.69   107.06 117.63   112.65 123.21   106.38 116.95
2020-09-13   106.68 117.23   106.65 117.20   244.17 254.72   106.11 116.66   111.69 122.25   105.43 115.98
2020-09-14   105.73 116.27   105.70 116.24   243.21 253.75   105.16 115.70   110.74 121.28   104.48 115.02
2020-09-15   104.78 115.31   104.75 115.28   242.27 252.79   104.21 114.74   109.79 120.32   103.53 114.05
2020-09-16   103.83 114.35   103.81 114.32   241.32 251.83   103.26 113.78   108.85 119.36   102.58 113.10
2020-09-17   102.89 113.39   102.86 113.36   240.38 250.88   102.32 112.82   107.91 118.40   101.64 112.14
2020-09-18   101.95 112.43   101.92 112.41   239.44 249.92   101.38 111.86   106.96 117.45   100.70 111.18
2020-09-19   101.01 111.48   100.98 111.45   238.50 248.97   100.44 110.91   106.02 116.50    99.76 110.23
2020-09-20   100.07 110.53   100.05 110.50   237.56 248.02    99.50 109.96   105.09 115.55    98.82 109.28
2020-09-21    99.14 109.58    99.11 109.56   236.62 247.07    98.57 109.01   104.15 114.60    97.89 108.33
2020-09-22    98.20 108.64    98.18 108.61   235.69 246.12    97.63 108.07   103.22 113.65    96.95 107.39
2020-09-23    97.27 107.69    97.24 107.67   234.76 245.18    96.70 107.12   102.29 112.71    96.02 106.44
2020-09-24    96.34 106.75    96.31 106.72   233.83 244.24    95.77 106.18   101.36 111.76    95.09 105.50
2020-09-25    95.41 105.81    95.39 105.78   232.90 243.30    94.84 105.24   100.43 110.82    94.16 104.56
2020-09-26    94.48 104.87    94.46 104.84   231.97 242.36    93.91 104.30    99.50 109.89    93.23 103.62
2020-09-27    93.56 103.93    93.53 103.91   231.05 241.42    92.99 103.36    98.57 108.95    92.31 102.68
2020-09-28    92.64 103.00    92.61 102.97   230.12 240.49    92.07 102.43    97.65 108.01    91.38 101.75
2020-09-29    91.71 102.07    91.69 102.04   229.20 239.55    91.14 101.50    96.73 107.08    90.46 100.81
2020-09-30    90.79 101.13    90.77 101.11   228.28 238.62    90.22 100.56    95.81 106.15    89.54  99.88
2020-10-01    89.87 100.20    89.85 100.18   227.36 237.69    89.30  99.63    94.89 105.22    88.62  98.95
2020-10-02    88.95  99.28    88.93  99.25   226.44 236.76    88.38  98.71    93.97 104.29    87.70  98.02
2020-10-03    88.04  98.35    88.01  98.32   225.52 235.84    87.47  97.78    93.05 103.36    86.79  97.10
2020-10-04    87.12  97.42    87.09  97.40   224.61 234.91    86.55  96.85    92.13 102.44    85.87  96.17
2020-10-05    86.20  96.50    86.18  96.47   223.69 233.99    85.63  95.93    91.22 101.51    84.95  95.25
2020-10-06    85.29  95.58    85.26  95.55   222.78 233.06    84.72  95.01    90.31 100.59    84.04  94.33
2020-10-07    84.38  94.65    84.35  94.63   221.86 232.14    83.81  94.08    89.39  99.67    83.13  93.40
2020-10-08    83.46  93.73    83.44  93.71   220.95 231.22    82.89  93.16    88.48  98.75    82.21  92.48
2020-10-09    82.55  92.81    82.52  92.79   220.04 230.30    81.98  92.24    87.57  97.83    81.30  91.56
2020-10-10    81.64  91.90    81.61  91.87   219.13 229.38    81.07  91.33    86.66  96.91    80.39  90.64
2020-10-11    80.73  90.98    80.70  90.95   218.22 228.47    80.16  90.41    85.74  95.99    79.48  89.73
2020-10-12    79.82  90.06    79.79  90.03   217.31 227.55    79.25  89.49    84.83  95.08    78.57  88.81
2020-10-13    78.91  89.15    78.88  89.12   216.40 226.63    78.34  88.58    83.92  94.16    77.66  87.89
2020-10-14    78.00  88.23    77.97  88.20   215.49 225.72    77.43  87.66    83.01  93.25    76.75  86.98
2020-10-15    77.09  87.32    77.06  87.29   214.58 224.80    76.52  86.75    82.10  92.33    75.84  86.06
2020-10-16    76.18  86.40    76.15  86.37   213.67 223.89    75.61  85.83    81.19  91.42    74.93  85.15
2020-10-17    75.27  85.49    75.24  85.46   212.76 222.97    74.70  84.92    80.28  90.50    74.02  84.24
2020-10-18    74.36  84.57    74.33  84.55   211.85 222.06    73.79  84.00    79.37  89.59    73.11  83.32
2020-10-19    73.45  83.66    73.42  83.63   210.94 221.15    72.88  83.09    78.46  88.68    72.20  82.41
2020-10-20    72.54  82.75    72.51  82.72   210.03 220.24    71.97  82.18    77.55  87.76    71.29  81.50
2020-10-21    71.63  81.84    71.60  81.81   209.12 219.32    71.06  81.27    76.64  86.85    70.38  80.58
2020-10-22    70.72  80.92    70.69  80.90   208.21 218.41    70.15  80.35    75.73  85.94    69.47  79.67
2020-10-23    69.81  80.01    69.78  79.98   207.29 217.50    69.24  79.44    74.82  85.02    68.56  78.76
2020-10-24    68.90  79.10    68.87  79.07   206.38 216.58    68.33  78.53    73.91  84.11    67.64  77.85
2020-10-25    67.98  78.18    67.96  78.16   205.47 215.67    67.41  77.61    73.00  83.20    66.73  76.93
2020-10-26    67.07  77.27    67.04  77.24   204.56 214.76    66.50  76.70    72.09  82.29    65.82  76.02
2020-10-27    66.16  76.36    66.13  76.33   203.64 213.84    65.59  75.79    71.17  81.37    64.90  75.11
2020-10-28    65.24  75.44    65.21  75.42   202.73 212.93    64.67  74.87    70.26  80.46    63.99  74.19
2020-10-29    64.32  74.53    64.30  74.50   201.81 212.01    63.75  73.96    69.34  79.54    63.07  73.28
2020-10-30    63.41  73.61    63.38  73.58   200.90 211.10    62.84  73.04    68.42  78.63    62.16  72.36
2020-10-31    62.49  72.69    62.46  72.67   199.98 210.18    61.92  72.12    67.50  77.71    61.24  71.44
2020-11-01    61.57  71.78    61.54  71.75   199.06 209.27    61.00  71.21    66.59  76.79    60.32  70.53
2020-11-02    60.72  70.79    60.69  70.76   198.21 208.28    60.15  70.22    65.73  75.81    59.47  69.54
2020-11-03    60.03  69.63    60.01  69.61   197.52 207.12    59.46  69.06    65.05  74.65    58.78  68.38
2020-11-04    59.35  68.48    59.32  68.45   196.83 205.97    58.78  67.91    64.36  73.49    58.09  67.23
2020-11-05    58.66  67.32    58.63  67.29   196.14 204.81    58.09  66.75    63.67  72.34    57.41  66.07
2020-11-06    57.97  66.16    57.94  66.14   195.45 203.65    57.40  65.59    62.98  71.18    56.71  64.91
2020-11-07    57.27  65.00    57.25  64.98   194.76 202.49    56.70  64.43    62.29  70.02    56.02  63.75
2020-11-08    56.58  63.84    56.55  63.82   194.06 201.33    56.01  63.27    61.59  68.86    55.33  62.59

2021-04-10   260.23 267.26   260.20 267.23    37.71  44.75   259.66 266.69   265.24 272.28   258.97 266.01
2021-04-11   259.09 266.58   259.07 266.56    36.58  44.07   258.52 266.01   264.11 271.60   257.84 265.33
2021-04-12   257.96 265.91   257.93 265.88    35.45  43.40   257.39 265.34   262.98 270.92   256.71 264.66
2021-04-13   256.83 265.24   256.80 265.21    34.32  42.72   256.26 264.67   261.84 270.25   255.58 263.99
2021-04-14   255.70 264.57   255.67 264.54    33.19  42.05   255.13 264.00   260.71 269.58   254.45 263.32
2021-04-15   254.57 263.90   254.54 263.87    32.06  41.38   254.00 263.33   259.58 268.91   253.32 262.65
2021-04-16   253.44 263.23   253.41 263.20    30.93  40.72   252.87 262.66   258.46 268.25   252.19 261.98
2021-04-17   252.33 262.54   252.31 262.52    29.82  40.03   251.76 261.97   257.35 267.56   251.08 261.29
2021-04-18   251.44 261.65   251.41 261.62    28.93  39.13   250.87 261.08   256.45 266.66   250.19 260.40
2021-04-19   250.54 260.75   250.52 260.72    28.03  38.24   249.97 260.18   255.56 265.76   249.29 259.50
2021-04-20   249.65 259.85   249.62 259.83    27.14  37.34   249.08 259.28   254.67 264.87   248.40 258.60
2021-04-21   248.76 258.96   248.73 258.93    26.25  36.45   248.19 258.39   253.77 263.98   247.51 257.71
2021-04-22   247.87 258.07   247.84 258.04    25.35  35.55   247.30 257.50   252.88 263.08   246.61 256.82
2021-04-23   246.97 257.17   246.95 257.15    24.46  34.66   246.40 256.60   251.99 262.19   245.72 255.92
2021-04-24   246.08 256.28   246.05 256.25    23.57  33.77   245.51 255.71   251.10 261.30   244.83 255.03
2021-04-25   245.19 255.39   245.16 255.36    22.68  32.88   244.62 254.82   250.20 260.41   243.94 254.14
2021-04-26   244.30 254.50   244.27 254.47    21.78  31.99   243.73 253.93   249.31 259.51   243.05 253.25
2021-04-27   243.41 253.61   243.38 253.58    20.89  31.10   242.84 253.04   248.42 258.62   242.15 252.36
2021-04-28   242.51 252.72   242.49 252.69    20.00  30.21   241.94 252.15   247.53 257.73   241.26 251.47
2021-04-29   241.62 251.83   241.59 251.80    19.11  29.31   241.05 251.26   246.64 256.84   240.37 250.58
2021-04-30   240.73 250.94   240.70 250.91    18.22  28.42   240.16 250.37   245.74 255.95   239.48 249.69
2021-05-01   239.84 250.05   239.81 250.02    17.32  27.54   239.27 249.48   244.85 255.06   238.59 248.80
2021-05-02   238.94 249.16   238.92 249.13    16.43  26.65   238.37 248.59   243.96 254.17   237.69 247.91
2021-05-03   238.05 248.27   238.02 248.24    15.54  25.75   237.48 247.70   243.06 253.28   236.80 247.02
2021-05-04   237.15 247.38   237.13 247.35    14.64  24.86   236.58 246.81   242.17 252.39   235.90 246.13
2021-05-05   236.26 246.49   236.23 246.46    13.75  23.97   235.69 245.92   241.27 251.50   235.01 245.24
2021-05-06   235.36 245.60   235.34 245.57    12.85  23.08   234.79 245.03   240.38 250.61   234.11 244.34
2021-05-07   234.47 244.70   234.44 244.68    11.95  22.19   233.90 244.13   239.48 249.72   233.22 243.45
2021-05-08   233.57 243.81   233.54 243.79    11.06  21.30   233.00 243.24   238.58 248.83   232.32 242.56
2021-05-09   232.67 242.92   232.64 242.89    10.16  20.41   232.10 242.35   237.68 247.93   231.42 241.67
2021-05-10   231.77 242.03   231.74 242.00     9.26  19.51   231.20 241.46   236.79 247.04   230.52 240.78
2021-05-11   230.87 241.13   230.84 241.11     8.36  18.62   230.30 240.56   235.88 246.15   229.62 239.88
2021-05-12   229.97 240.24   229.94 240.21     7.45  17.72   229.40 239.67   234.98 245.25   228.72 238.99
2021-05-13   229.06 239.34   229.04 239.31     6.55  16.83   228.49 238.77   234.08 244.36   227.81 238.09
2021-05-14   228.16 238.44   228.13 238.42     5.65  15.93   227.59 237.87   233.17 243.46   226.91 237.19
2021-05-15   227.25 237.55   227.22 237.52     4.74  15.03   226.68 236.98   232.27 242.56   226.00 236.30
2021-05-16   226.34 236.65   226.32 236.62     3.83  14.13   225.77 236.08   231.36 241.66   225.09 235.40
2021-05-17   225.43 235.75   225.41 235.72     2.92  13.23   224.86 235.18   230.45 240.76   224.18 234.50
2021-05-18   224.52 234.84   224.50 234.82     2.01  12.33   223.95 234.27   229.54 239.86   223.27 233.59
2021-05-19   223.61 233.94   223.58 233.91     1.10  11.43   223.04 233.37   228.62 238.96   222.36 232.69
2021-05-20   222.69 233.04   222.67 233.01     0.18  10.52   222.12 232.47   227.71 238.05   221.44 231.79
2021-05-21   221.78 232.13   221.75 232.10   359.27   9.62   221.21 231.56   226.79 237.15   220.53 230.88
2021-05-22   220.86 231.22   220.83 231.20   358.35   8.71   220.29 230.65   225.87 236.24   219.61 229.97
2021-05-23   219.94 230.31   219.91 230.29   357.43   7.80   219.37 229.74   224.95 235.33   218.69 229.06
2021-05-24   219.02 229.40   218.99 229.37   356.50   6.89   218.45 228.83   224.03 234.42   217.77 228.15
2021-05-25   218.09 228.49   218.06 228.46   355.58   5.98   217.52 227.92   223.11 233.50   216.84 227.24
2021-05-26   217.16 227.57   217.14 227.55   354.65   5.06   216.59 227.00   222.18 232.59   215.91 226.32
2021-05-27   216.23 226.66   216.21 226.63   353.72   4.14   215.66 226.09   221.25 231.67   214.98 225.40
2021-05-28   215.30 225.74   215.28 225.71   352.79   3.22   214.73 225.17   220.32 230.75   214.05 224.49
2021-05-29   214.37 224.82   214.34 224.79   351.86   2.30   213.80 224.25   219.39 229.83   213.12 223.56
2021-05-30   213.43 223.89   213.41 223.87   350.92   1.38   212.86 223.32   218.45 228.91   212.18 222.64
2021-05-31   212.50 222.97   212.47 222.94   349.98   0.45   211.93 222.40   217.51 227.98   211.24 221.72
2021-06-01   211.55 222.04   211.53 222.01   349.04 359.53   210.98 221.47   216.57 227.05   210.30 220.79
2021-06-02   210.61 221.11   210.58 221.08   348.10 358.60   210.04 220.54   215.63 226.12   209.36 219.86
2021-06-03   209.67 220.18   209.64 220.15   347.15 357.66   209.10 219.61   214.68 225.19   208.41 218.93
2021-06-04   208.72 219.24   208.69 219.22   346.20 356.73   208.15 218.67   213.73 224.26   207.47 217.99
2021-06-05   207.77 218.30   207.74 218.28   345.25 355.79   207.20 217.73   212.78 223.32   206.52 217.05
2021-06-06   206.81 217.37   206.79 217.34   344.30 354.85   206.24 216.80   211.83 222.38   205.56 216.11
2021-06-07   205.86 216.42   205.83 216.40   343.34 353.91   205.29 215.85   210.87 221.44   204.61 215.17
2021-06-08   204.90 215.48   204.87 215.45   342.38 352.97   204.33 214.91   209.91 220.49   203.65 214.23
2021-06-09   203.94 214.53   203.91 214.50   341.42 352.02   203.37 213.96   208.95 219.55   202.69 213.28
2021-06-10   202.97 213.58   202.95 213.55   340.46 351.07   202.40 213.01   207.99 218.60   201.72 212.33
2021-06-11   202.01 212.63   201.98 212.60   339.49 350.12   201.44 212.06   207.02 217.64   200.75 211.38
2021-06-12   201.04 211.67   201.01 211.65   338.52 349.16   200.47 211.10   206.05 216.69   199.78 210.42
2021-06-13   200.06 210.72   200.04 210.69   337.55 348.20   199.49 210.15   205.08 215.73   198.81 209.46
2021-06-14   199.09 209.75   199.06 209.73   336.58 347.24   198.52 209.18   204.10 214.77   197.84 208.50
2021-06-15   198.11 208.79   198.08 208.76   335.60 346.28   197.54 208.22   203.13 213.81   196.86 207.54
2021-06-16   197.13 207.83   197.10 207.80   334.62 345.31   196.56 207.26   202.15 212.84   195.88 206.57
2021-06-17   196.15 206.86   196.12 206.83   333.63 344.34   195.58 206.29   201.16 211.87   194.90 205.61
2021-06-18   195.16 205.88   195.13 205.86   332.65 343.37   194.59 205.31   200.18 210.90   193.91 204.63
2021-06-19   194.17 204.91   194.15 204.88   331.66 342.40   193.60 204.34   199.19 209.93   192.92 203.66
2021-06-20   193.18 203.93   193.15 203.91   330.67 341.42   192.61 203.36   198.20 208.95   191.93 202.68
2021-06-21   192.19 202.95   192.16 202.93   329.67 340.44   191.62 202.38   197.20 207.97   190.94 201.70
2021-06-22   191.19 201.97   191.16 201.94   328.68 339.46   190.62 201.40   196.21 206.99   189.94 200.72
2021-06-23   190.19 200.98   190.17 200.96   327.68 338.47   189.62 200.41   195.21 206.00   188.94 199.73
2021-06-24   189.19 200.00   189.16 199.97   326.68 337.48   188.62 199.43   194.21 205.01   187.94 198.75
2021-06-25   188.19 199.01   188.16 198.98   325.67 336.49   187.62 198.44   193.20 204.02   186.94 197.75
2021-06-26   187.18 198.01   187.15 197.99   324.67 335.50   186.61 197.44   192.19 203.03   185.93 196.76
2021-06-27   186.17 197.02   186.14 196.99   323.66 334.50   185.60 196.45   191.19 202.03   184.92 195.77
2021-06-28   185.16 196.02   185.13 195.99   322.65 333.50   184.59 195.45   190.17 201.03   183.91 194.77
2021-06-29   184.15 195.02   184.12 194.99   321.63 332.50   183.58 194.45   189.16 200.03   182.89 193.76
2021-06-30   183.13 194.01   183.10 193.99   320.62 331.50   182.56 193.44   188.14 199.03   181.88 192.76
2021-07-01   182.11 193.01   182.08 192.98   319.60 330.49   181.54 192.44   187.13 198.02   180.86 191.75
2021-07-02   181.09 192.00   181.06 191.97   318.58 329.48   180.52 191.43   186.11 197.01   179.84 190.75
2021-07-03   180.07 190.98   180.04 190.96   317.56 328.47   179.50 190.41   185.08 196.00   178.82 189.73
2021-07-04   179.04 189.97   179.02 189.94   316.53 327.46   178.47 189.40   184.06 194.99   177.79 188.72
2021-07-05   178.02 188.96   177.99 188.93   315.51 326.44   177.45 188.39   183.03 193.97   176.77 187.70
2021-07-06   176.99 187.94   176.96 187.91   314.48 325.42   176.42 187.37   182.01 192.95   175.74 186.69
2021-07-07   175.96 186.92   175.93 186.89   313.45 324.40   175.39 186.35   180.98 191.93   174.71 185.67
2021-07-08   174.93 185.89   174.90 185.87   312.42 323.38   174.36 185.32   179.94 190.91   173.68 184.64
2021-07-09   173.90 184.87   173.87 184.84   311.38 322.36   173.33 184.30   178.91 189.89   172.64 183.62
2021-07-10   172.86 183.84   172.83 183.82   310.35 321.33   172.29 183.27   177.88 188.86   171.61 182.59
2021-07-11   171.83 182.82   171.80 182.79   309.31 320.30   171.26 182.25   176.84 187.83   170.57 181.56
2021-07-12   170.79 181.79   170.76 181.76   308.28 319.27   170.22 181.22   175.80 186.80   169.54 180.53
2021-07-13   169.75 180.75   169.72 180.73   307.24 318.24   169.18 180.18   174.77 185.77   168.50 179.50
2021-07-14   168.71 179.72   168.68 179.69   306.20 317.21   168.14 179.15   173.73 184.74   167.46 178.47
2021-07-15   167.67 178.69   167.64 178.66   305.16 316.17   167.10 178.12   172.69 183.70   166.42 177.44
2021-07-16   166.63 177.65   166.60 177.62   304.12 315.14   166.06 177.08   171.64 182.67   165.38 176.40
2021-07-17   165.59 176.61   165.56 176.59   303.07 314.10   165.02 176.04   170.60 181.63   164.34 175.36
2021-07-18   164.54 175.58   164.52 175.55   302.03 313.06   163.97 175.01   169.56 180.59   163.29 174.32
2021-07-19   163.50 174.54   163.47 174.51   300.99 312.02   162.93 173.97   168.52 179.55   162.25 173.29
2021-07-20   162.46 173.50   162.43 173.47   299.94 310.98   161.89 172.93   167.47 178.51   161.21 172.24
2021-07-21   161.41 172.45   161.39 172.43   298.90 309.94   160.84 171.88   166.43 177.47   160.16 171.20
2021-07-22   160.37 171.41   160.34 171.39   297.86 308.90   159.80 170.84   165.38 176.43   159.12 170.16
2021-07-23   159.33 170.37   159.30 170.34   296.81 307.86   158.76 169.80   164.34 175.39   158.07 169.12
2021-07-24   158.28 169.33   158.25 169.30   295.77 306.81   157.71 168.76   163.30 174.34   157.03 168.08
2021-07-25   157.24 168.28   157.21 168.26   294.72 305.77   156.67 167.71   162.25 173.30   155.99 167.03
2021-07-26   156.19 167.24   156.17 167.21   293.68 304.73   155.62 166.67   161.21 172.26   154.94 165.99
2021-07-27   155.15 166.20   155.12 166.17   292.64 303.68   154.58 165.63   160.16 171.21   153.90 164.95
2021-07-28   154.11 165.15   154.08 165.13   291.59 302.64   153.54 164.58   159.12 170.17   152.86 163.90
2021-07-29   153.06 164.11   153.04 164.08   290.55 301.59   152.49 163.54   158.08 169.12   151.81 162.86
2021-07-30   152.02 163.06   152.00 163.04   289.51 300.55   151.45 162.49   157.04 168.08   150.77 161.81
2021-07-31   150.98 162.02   150.95 161.99   288.47 299.51   150.41 161.45   156.00 167.03   149.73 160.77
2021-08-01   149.94 160.98   149.91 160.95   287.43 298.46   149.37 160.41   154.96 165.99   148.69 159.73
2021-08-02   148.90 159.93   148.88 159.91   286.39 297.42   148.33 159.36   153.92 164.95   147.65 158.68
2021-08-03   147.86 158.89   147.84 158.86   285.35 296.38   147.29 158.32   152.88 163.91   146.61 157.64
2021-08-04   146.83 157.85   146.80 157.82   284.31 295.34   146.26 157.28   151.84 162.86   145.58 156.60
2021-08-05   145.79 156.81   145.76 156.78   283.28 294.29   145.22 156.24   150.81 161.82   144.54 155.56
2021-08-06   144.76 155.77   144.73 155.74   282.24 293.25   144.19 155.20   149.77 160.78   143.50 154.52
2021-08-07   143.72 154.73   143.70 154.70   281.21 292.22   143.15 154.16   148.74 159.74   142.47 153.48
2021-08-08   142.69 153.69   142.66 153.66   280.18 291.18   142.12 153.12   147.71 158.70   141.44 152.44
2021-08-09   141.66 152.65   141.63 152.63   279.15 290.14   141.09 152.08   146.68 157.67   140.41 151.40
2021-08-10   140.63 151.62   140.61 151.59   278.12 289.10   140.06 151.05   145.65 156.63   139.38 150.36
2021-08-11   139.61 150.58   139.58 150.55   277.09 288.07   139.04 150.01   144.62 155.60   138.35 149.33
2021-08-12   138.58 149.55   138.55 149.52   276.07 287.03   138.01 148.98   143.60 154.56   137.33 148.30
2021-08-13   137.56 148.51   137.53 148.49   275.04 286.00   136.99 147.94   142.57 153.53   136.31 147.26
2021-08-14   136.54 147.48   136.51 147.46   274.02 284.97   135.97 146.91   141.55 152.50   135.28 146.23
2021-08-15   135.52 146.45   135.49 146.43   273.00 283.94   134.95 145.88   140.53 151.47   134.27 145.20
2021-08-16   134.50 145.43   134.47 145.40   271.99 282.91   133.93 144.86   139.51 150.44   133.25 144.18
2021-08-17   133.48 144.40   133.46 144.37   270.97 281.89   132.91 143.83   138.50 149.42   132.23 143.15
2021-08-18   132.47 143.38   132.44 143.35   269.96 280.86   131.90 142.81   137.49 148.39   131.22 142.13
2021-08-19   131.46 142.36   131.43 142.33   268.95 279.84   130.89 141.79   136.47 147.37   130.21 141.10
2021-08-20   130.45 141.33   130.42 141.31   267.94 278.82   129.88 140.76   135.47 146.35   129.20 140.08
2021-08-21   129.44 140.32   129.42 140.29   266.93 277.80   128.87 139.75   134.46 145.33   128.19 139.07
2021-08-22   128.44 139.30   128.41 139.27   265.93 276.79   127.87 138.73   133.45 144.32   127.19 138.05
2021-08-23   127.44 138.29   127.41 138.26   264.93 275.77   126.87 137.72   132.45 143.30   126.19 137.03
2021-08-24   126.44 137.27   126.41 137.25   263.93 274.76   125.87 136.70   131.45 142.29   125.19 136.02
2021-08-25   125.44 136.26   125.41 136.24   262.93 273.75   124.87 135.69   130.46 141.28   124.19 135.01
2021-08-26   124.45 135.26   124.42 135.23   261.93 272.74   123.88 134.69   129.46 140.27   123.20 134.00
2021-08-27   123.45 134.25   123.43 134.22   260.94 271.74   122.88 133.68   128.47 139.27   122.20 133.00
2021-08-28   122.46 133.25   122.44 133.22   259.95 270.73   121.89 132.68   127.48 138.26   121.21 132.00
2021-08-29   121.48 132.25   121.45 132.22   258.96 269.73   120.91 131.68   126.49 137.26   120.23 130.99
2021-08-30   120.49 131.25   120.46 131.22   257.98 268.73   119.92 130.68   125.51 136.26   119.24 130.00
2021-08-31   119.51 130.25   119.48 130.22   257.00 267.74   118.94 129.68   124.52 135.27   118.26 129.00
2021-09-01   118.53 129.26   118.50 129.23   256.02 266.74   117.96 128.69   123.54 134.27   117.28 128.00
2021-09-02   117.55 128.26   117.52 128.24   255.04 265.75   116.98 127.69   122.57 133.28   116.30 127.01
2021-09-03   116.58 127.27   116.55 127.25   254.06 264.76   116.01 126.70   121.59 132.29   115.32 126.02
2021-09-04   115.60 126.29   115.58 126.26   253.09 263.77   115.03 125.72   120.62 131.30   114.35 125.04
2021-09-05   114.63 125.30   114.61 125.28   252.12 262.79   114.06 124.73   119.65 130.32   113.38 124.05
2021-09-06   113.66 124.32   113.64 124.29   251.15 261.81   113.09 123.75   118.68 129.34   112.41 123.07
2021-09-07   112.70 123.34   112.67 123.31   250.19 260.83   112.13 122.77   117.71 128.36   111.45 122.09
2021-09-08   111.73 122.36   111.71 122.34   249.22 259.85   111.16 121.79   116.75 127.38   110.48 121.11
2021-09-09   110.77 121.39   110.75 121.36   248.26 258.88   110.20 120.82   115.79 126.40   109.52 120.14
2021-09-10   109.82 120.41   109.79 120.39   247.30 257.90   109.25 119.84   114.83 125.43   108.56 119.16
2021-09-11   108.86 119.44   108.83 119.42   246.35 256.93   108.29 118.87   113.87 124.46   107.61 118.19
2021-09-12   107.91 118.48   107.88 118.45   245.39 255.96   107.34 117.91   112.92 123.49   106.65 117.23
2021-09-13   106.95 117.51   106.93 117.48   244.44 255.00   106.38 116.94   111.97 122.53   105.70 116.26
2021-09-14   106.00 116.55   105.98 116.52   243.49 254.03   105.43 115.98   111.02 121.56   104.75 115.30
2021-09-15   105.06 115.59   105.03 115.56   242.54 253.07   104.49 115.02   110.07 120.60   103.81 114.34
2021-09-16   104.11 114.63   104.09 114.60   241.60 252.11   103.54 114.06   109.13 119.64   102.86 113.38
2021-09-17   103.17 113.67   103.14 113.64   240.66 251.16   102.60 113.10   108.18 118.69   101.92 112.42
2021-09-18   102.23 112.72   102.20 112.69   239.71 250.20   101.66 112.15   107.24 117.73   100.98 111.47
2021-09-19   101.29 111.76   101.26 111.74   238.78 249.25   100.72 111.19   106.30 116.78   100.04 110.51
2021-09-20   100.35 110.81   100.32 110.79   237.84 248.30    99.78 110.24   105.37 115.83    99.10 109.56
2021-09-21    99.42 109.87    99.39 109.84   236.90 247.35    98.85 109.30   104.43 114.88    98.16 108.61
2021-09-22    98.48 108.92    98.46 108.89   235.97 246.41    97.91 108.35   103.50 113.93    97.23 107.67
2021-09-23    97.55 107.97    97.52 107.95   235.04 245.46    96.98 107.40   102.57 112.99    96.30 106.72
2021-09-24    96.62 107.03    96.59 107.01   234.11 244.52    96.05 106.46   101.64 112.05    95.37 105.78
2021-09-25    95.69 106.09    95.67 106.07   233.18 243.58    95.12 105.52   100.71 111.11    94.44 104.84
2021-09-26    94.77 105.15    94.74 105.13   232.25 242.64    94.20 104.58    99.78 110.17    93.51 103.90
2021-09-27    93.84 104.22    93.81 104.19   231.33 241.70    93.27 103.65    98.86 109.23    92.59 102.97
2021-09-28    92.92 103.28    92.89 103.26   230.40 240.77    92.35 102.71    97.93 108.30    91.67 102.03
2021-09-29    91.99 102.35    91.97 102.32   229.48 239.84    91.42 101.78    97.01 107.36    90.74 101.10
2021-09-30    91.07 101.42    91.05 101.39   228.56 238.91    90.50 100.85    96.09 106.43    89.82 100.17
2021-10-01    90.15 100.49    90.13 100.46   227.64 237.98    89.58  99.92    95.17 105.50    88.90  99.24
2021-10-02    89.23  99.56    89.21  99.53   226.72 237.05    88.66  98.99    94.25 104.57    87.98  98.31
2021-10-03    88.32  98.63    88.29  98.61   225.80 236.12    87.75  98.06    93.33 103.65    87.07  97.38
2021-10-04    87.40  97.71    87.37  97.68   224.89 235.19    86.83  97.14    92.42 102.72    86.15  96.46
2021-10-05    86.49  96.78    86.46  96.76   223.97 234.27    85.92  96.21    91.50 101.80    85.23  95.53
2021-10-06    85.57  95.86    85.54  95.83   223.06 233.35    85.00  95.29    90.59 100.87    84.32  94.61
2021-10-07    84.66  94.94    84.63  94.91   222.14 232.42    84.09  94.37    89.67  99.95    83.41  93.69
2021-10-08    83.74  94.02    83.72  93.99   221.23 231.50    83.17  93.45    88.76  99.03    82.49  92.77
2021-10-09    82.83  93.10    82.80  93.07   220.32 230.58    82.26  92.53    87.85  98.11    81.58  91.85
2021-10-10    81.92  92.18    81.89  92.15   219.41 229.66    81.35  91.61    86.93  97.19    80.67  90.93
2021-10-11    81.01  91.26    80.98  91.23   218.50 228.75    80.44  90.69    86.02  96.27    79.76  90.01
2021-10-12    80.10  90.34    80.07  90.32   217.58 227.83    79.53  89.77    85.11  95.36    78.85  89.09
2021-10-13    79.19  89.43    79.16  89.40   216.67 226.91    78.62  88.86    84.20  94.44    77.94  88.17
2021-10-14    78.28  88.51    78.25  88.48   215.76 226.00    77.71  87.94    83.29  93.53    77.03  87.26
2021-10-15    77.37  87.59    77.34  87.57   214.85 225.08    76.80  87.02    82.38  92.61    76.12  86.34
2021-10-16    76.46  86.68    76.43  86.65   213.94 224.17    75.89  86.11    81.47  91.70    75.21  85.43
2021-10-17    75.55  85.77    75.52  85.74   213.03 223.25    74.98  85.20    80.56  90.78    74.30  84.51
2021-10-18    74.64  84.85    74.61  84.82   212.12 222.34    74.07  84.28    79.65  89.87    73.39  83.60
2021-10-19    73.73  83.94    73.70  83.91   211.21 221.43    73.16  83.37    78.74  88.95    72.47  82.69
2021-10-20    72.82  83.02    72.79  83.00   210.30 220.51    72.25  82.45    77.83  88.04    71.56  81.77
2021-10-21    71.90  82.11    71.88  82.08   209.39 219.60    71.33  81.54    76.92  87.13    70.65  80.86
2021-10-22    70.99  81.20    70.97  81.17   208.48 218.68    70.42  80.63    76.01  86.21    69.74  79.95
2021-10-23    70.08  80.28    70.05  80.26   207.57 217.77    69.51  79.71    75.10  85.30    68.83  79.03
2021-10-24    69.17  79.37    69.14  79.34   206.66 216.86    68.60  78.80    74.18  84.39    67.92  78.12
2021-10-25    68.26  78.46    68.23  78.43   205.74 215.94    67.69  77.89    73.27  83.47    67.00  77.21
2021-10-26    67.34  77.54    67.32  77.52   204.83 215.03    66.77  76.97    72.36  82.56    66.09  76.29
2021-10-27    66.43  76.63    66.40  76.60   203.91 214.11    65.86  76.06    71.44  81.64    65.18  75.38
2021-10-28    65.51  75.71    65.48  75.69   203.00 213.20    64.94  75.14    70.53  80.73    64.26  74.46
2021-10-29    64.59  74.80    64.57  74.77   202.08 212.28    64.02  74.23    69.61  79.81    63.34  73.55
2021-10-30    63.68  73.88    63.65  73.85   201.16 211.37    63.11  73.31    68.69  78.90    62.43  72.63
2021-10-31    62.76  72.96    62.73  72.94   200.25 210.45    62.19  72.39    67.77  77.98    61.51  71.71
2021-11-01    61.84  72.04    61.81  72.02   199.33 209.53    61.27  71.47    66.85  77.06    60.59  70.79
2021-11-02    60.92  71.13    60.89  71.10   198.40 208.61    60.35  70.56    65.93  76.14    59.67  69.87
2021-11-03    60.23  69.97    60.20  69.95   197.71 207.46    59.66  69.40    65.24  74.99    58.98  68.72
2021-11-04    59.54  68.82    59.51  68.79   197.03 206.30    58.97  68.25    64.55  73.83    58.29  67.56
2021-11-05    58.85  67.66    58.82  67.63   196.34 205.14    58.28  67.09    63.86  72.67    57.60  66.41
2021-11-06    58.16  66.50    58.13  66.47   195.64 203.98    57.59  65.93    63.17  71.51    56.91  65.25
2021-11-07    57.46  65.34    57.44  65.31   194.95 202.82    56.89  64.77    62.48  70.35    56.21  64.09
2021-11-08    56.77  64.18    56.74  64.15   194.25 201.66    56.20  63.61    61.78  69.19    55.52  62.93
2021-11-09    56.07  63.01    56.04  62.99   193.55 200.50    55.50  62.44    61.08  68.03    54.82  61.76

2022-04-10   260.57 267.46   260.55 267.44    38.06  44.95   260.00 266.89   265.59 272.48   259.32 266.21
2022-04-11   259.44 266.79   259.41 266.76    36.93  44.27   258.87 266.22   264.46 271.80   258.19 265.54
2022-04-12   258.31 266.11   258.28 266.09    35.80  43.60   257.74 265.54   263.32 271.13   257.06 264.86
2022-04-13   257.18 265.44   257.15 265.41    34.66  42.93   256.61 264.87   262.19 270.45   255.92 264.19
2022-04-14   256.04 264.77   256.02 264.74    33.53  42.26   255.47 264.20   261.06 269.78   254.79 263.52
2022-04-15   254.91 264.10   254.89 264.07    32.40  41.59   254.34 263.53   259.93 269.11   253.66 262.85
2022-04-16   253.78 263.43   253.76 263.41    31.27  40.92   253.21 262.86   258.80 268.45   252.53 262.18
2022-04-17   252.65 262.77   252.63 262.74    30.14  40.25   252.08 262.20   257.67 267.78   251.40 261.52
2022-04-18   251.71 261.92   251.68 261.89    29.20  39.40   251.14 261.35   256.72 266.93   250.46 260.67
2022-04-19   250.81 261.02   250.79 260.99    28.30  38.51   250.24 260.45   255.83 266.04   249.56 259.77
2022-04-20   249.92 260.12   249.89 260.10    27.41  37.61   249.35 259.55   254.94 265.14   248.67 258.87
2022-04-21   249.03 259.23   249.00 259.20    26.51  36.72   248.46 258.66   254.04 264.24   247.78 257.98
2022-04-22   248.13 258.33   248.11 258.31    25.62  35.82   247.56 257.76   253.15 263.35   246.88 257.08
2022-04-23   247.24 257.44   247.21 257.41    24.73  34.93   246.67 256.87   252.26 262.46   245.99 256.19
2022-04-24   246.35 256.55   246.32 256.52    23.84  34.04   245.78 255.98   251.36 261.56   245.10 255.30
2022-04-25   245.46 255.66   245.43 255.63    22.94  33.14   244.89 255.09   250.47 260.67   244.20 254.40
2022-04-26   244.56 254.76   244.54 254.74    22.05  32.25   243.99 254.19   249.58 259.78   243.31 253.51
2022-04-27   243.67 253.87   243.64 253.85    21.16  31.36   243.10 253.30   248.69 258.89   242.42 252.62
2022-04-28   242.78 252.98   242.75 252.95    20.26  30.47   242.21 252.41   247.79 258.00   241.53 251.73
2022-04-29   241.88 252.09   241.86 252.06    19.37  29.58   241.31 251.52   246.90 257.10   240.63 250.84
2022-04-30   240.99 251.20   240.96 251.17    18.48  28.69   240.42 250.63   246.01 256.21   239.74 249.95
2022-05-01   240.10 250.31   240.07 250.28    17.58  27.80   239.53 249.74   245.11 255.32   238.85 249.06
2022-05-02   239.20 249.42   239.18 249.39    16.69  26.90   238.63 248.85   244.22 254.43   237.95 248.17
2022-05-03   238.31 248.53   238.28 248.50    15.80  26.01   237.74 247.96   243.32 253.54   237.06 247.27
2022-05-04   237.41 247.63   237.39 247.61    14.90  25.12   236.84 247.06   242.43 252.65   236.16 246.38
2022-05-05   236.52 246.74   236.49 246.72    14.00  24.23   235.95 246.17   241.53 251.76   235.27 245.49
2022-05-06   235.62 245.85   235.59 245.82    13.11  23.34   235.05 245.28   240.63 250.87   234.37 244.60
2022-05-07   234.72 244.96   234.70 244.93    12.21  22.45   234.15 244.39   239.74 249.97   233.47 243.71
2022-05-08   233.82 244.07   233.80 244.04    11.31  21.55   233.25 243.50   238.84 249.08   232.57 242.81
2022-05-09   232.92 243.17   232.90 243.15    10.41  20.66   232.35 242.60   237.94 248.19   231.67 241.92
2022-05-10   232.02 242.28   232.00 242.25     9.51  19.76   231.45 241.71   237.04 247.29   230.77 241.03
2022-05-11   231.12 241.38   231.09 241.36     8.61  18.87   230.55 240.81   236.14 246.40   229.87 240.13
2022-05-12   230.22 240.49   230.19 240.46     7.70  17.97   229.65 239.92   235.23 245.50   228.97 239.24
2022-05-13   229.31 239.59   229.29 239.56     6.80  17.08   228.74 239.02   234.33 244.60   228.06 238.34
2022-05-14   228.41 238.69   228.38 238.66     5.89  16.18   227.84 238.12   233.42 243.71   227.16 237.44
2022-05-15   227.50 237.79   227.47 237.77     4.99  15.28   226.93 237.22   232.51 242.81   226.25 236.54
2022-05-16   226.59 236.89   226.56 236.86     4.08  14.38   226.02 236.32   231.61 241.91   225.34 235.64
2022-05-17   225.68 235.99   225.65 235.96     3.17  13.48   225.11 235.42   230.69 241.01   224.43 234.74
2022-05-18   224.77 235.09   224.74 235.06     2.25  12.57   224.20 234.52   229.78 240.10   223.52 233.84
2022-05-19   223.85 234.18   223.83 234.16     1.34  11.67   223.28 233.61   228.87 239.20   222.60 232.93
2022-05-20   222.94 233.28   222.91 233.25     0.42  10.76   222.37 232.71   227.95 238.29   221.69 232.03
2022-05-21   222.02 232.37   221.99 232.34   359.51   9.86   221.45 231.80   227.03 237.38   220.77 231.12
2022-05-22   221.10 231.46   221.07 231.43   358.59   8.95   220.53 230.89   226.11 236.48   219.85 230.21
2022-05-23   220.18 230.55   220.15 230.52   357.67   8.04   219.61 229.98   225.19 235.56   218.93 229.30
2022-05-24   219.25 229.64   219.23 229.61   356.74   7.12   218.68 229.07   224.27 234.65   218.00 228.39
2022-05-25   218.33 228.72   218.30 228.70   355.82   6.21   217.76 228.15   223.34 233.74   217.08 227.47
2022-05-26   217.40 227.81   217.37 227.78   354.89   5.29   216.83 227.24   222.42 232.82   216.15 226.56
2022-05-27   216.47 226.89   216.44 226.86   353.96   4.38   215.90 226.32   221.48 231.90   215.22 225.64
2022-05-28   215.54 225.97   215.51 225.94   353.02   3.46   214.97 225.40   220.55 230.98   214.29 224.72
2022-05-29   214.60 225.05   214.58 225.02   352.09   2.53   214.03 224.48   219.62 230.06   213.35 223.79
2022-05-30   213.67 224.12   213.64 224.09   351.15   1.61   213.10 223.55   218.68 229.14   212.41 222.87
2022-05-31   212.73 223.19   212.70 223.17   350.21   0.68   212.16 222.62   217.74 228.21   211.47 221.94
2022-06-01   211.78 222.27   211.76 222.24   349.27 359.75   211.21 221.70   216.80 227.28   210.53 221.01
2022-06-02   210.84 221.33   210.81 221.31   348.33 358.82   210.27 220.76   215.85 226.35   209.59 220.08
2022-06-03   209.89 220.40   209.87 220.37   347.38 357.89   209.32 219.83   214.91 225.42   208.64 219.15
2022-06-04   208.94 219.46   208.92 219.44   346.43 356.95   208.37 218.89   213.96 224.48   207.69 218.21
2022-06-05   207.99 218.53   207.96 218.50   345.48 356.01   207.42 217.96   213.01 223.54   206.74 217.28
2022-06-06   207.04 217.59   207.01 217.56   344.52 355.07   206.47 217.02   212.05 222.60   205.78 216.34
2022-06-07   206.08 216.64   206.05 216.62   343.57 354.13   205.51 216.07   211.09 221.66   204.83 215.39
2022-06-08   205.12 215.70   205.09 215.67   342.61 353.18   204.55 215.13   210.13 220.71   203.87 214.45
2022-06-09   204.16 214.75   204.13 214.72   341.64 352.24   203.59 214.18   209.17 219.76   202.90 213.50
2022-06-10   203.19 213.80   203.16 213.77   340.68 351.28   202.62 213.23   208.21 218.81   201.94 212.55
2022-06-11   202.22 212.84   202.20 212.82   339.71 350.33   201.65 212.27   207.24 217.86   200.97 211.59
2022-06-12   201.25 211.89   201.22 211.86   338.74 349.37   200.68 211.32   206.27 216.90   200.00 210.64
2022-06-13   200.28 210.93   200.25 210.90   337.77 348.42   199.71 210.36   205.29 215.94   199.03 209.68
2022-06-14   199.30 209.97   199.28 209.94   336.79 347.45   198.73 209.40   204.32 214.98   198.05 208.72
2022-06-15   198.32 209.00   198.30 208.98   335.81 346.49   197.75 208.43   203.34 214.02   197.07 207.75
2022-06-16   197.34 208.03   197.31 208.01   334.83 345.52   196.77 207.46   202.36 213.05   196.09 206.78
2022-06-17   196.36 207.06   196.33 207.04   333.84 344.55   195.79 206.49   201.37 212.08   195.11 205.81
2022-06-18   195.37 206.09   195.34 206.07   332.86 343.58   194.80 205.52   200.39 211.11   194.12 204.84
2022-06-19   194.38 205.12   194.35 205.09   331.87 342.60   193.81 204.55   199.40 210.13   193.13 203.87
2022-06-20   193.39 204.14   193.36 204.11   330.88 341.63   192.82 203.57   198.40 209.15   192.14 202.89
2022-06-21   192.39 203.16   192.37 203.13   329.88 340.64   191.82 202.59   197.41 208.17   191.14 201.91
2022-06-22   191.40 202.17   191.37 202.15   328.88 339.66   190.83 201.60   196.41 207.19   190.15 200.92
2022-06-23   190.40 201.19   190.37 201.16   327.88 338.67   189.83 200.62   195.41 206.20   189.15 199.94
2022-06-24   189.39 200.20   189.37 200.17   326.88 337.69   188.82 199.63   194.41 205.21   188.14 198.95
2022-06-25   188.39 199.21   188.36 199.18   325.88 336.69   187.82 198.64   193.40 204.22   187.14 197.96
2022-06-26   187.38 198.21   187.36 198.19   324.87 335.70   186.81 197.64   192.40 203.23   186.13 196.96
2022-06-27   186.37 197.22   186.35 197.19   323.86 334.70   185.80 196.65   191.39 202.23   185.12 195.96
2022-06-28   185.36 196.22   185.33 196.19   322.85 333.70   184.79 195.65   190.38 201.23   184.11 194.97
2022-06-29   184.35 195.21   184.32 195.19   321.83 332.70   183.78 194.64   189.36 200.23   183.09 193.96
2022-06-30   183.33 194.21   183.30 194.18   320.82 331.70   182.76 193.64   188.34 199.22   182.08 192.96
2022-07-01   182.31 193.20   182.28 193.18   319.80 330.69   181.74 192.63   187.33 198.22   181.06 191.95
2022-07-02   181.29 192.19   181.26 192.17   318.78 329.68   180.72 191.62   186.31 197.21   180.04 190.94
2022-07-03   180.27 191.18   180.24 191.16   317.75 328.67   179.70 190.61   185.28 196.20   179.02 189.93
2022-07-04   179.24 190.17   179.22 190.14   316.73 327.66   178.67 189.60   184.26 195.18   177.99 188.92
2022-07-05   178.22 189.15   178.19 189.13   315.70 326.64   177.65 188.58   183.23 194.17   176.97 187.90
2022-07-06   177.19 188.13   177.16 188.11   314.68 325.62   176.62 187.56   182.20 193.15   175.94 186.88
2022-07-07   176.16 187.11   176.13 187.09   313.65 324.60   175.59 186.54   181.17 192.13   174.91 185.86
2022-07-08   175.13 186.09   175.10 186.06   312.61 323.58   174.56 185.52   180.14 191.11   173.88 184.84
2022-07-09   174.09 185.07   174.07 185.04   311.58 322.55   173.52 184.50   179.11 190.08   172.84 183.82
2022-07-10   173.06 184.04   173.03 184.01   310.55 321.53   172.49 183.47   178.08 189.06   171.81 182.79
2022-07-11   172.02 183.01   172.00 182.99   309.51 320.50   171.45 182.44   177.04 188.03   170.77 181.76
2022-07-12   170.99 181.98   170.96 181.96   308.48 319.47   170.42 181.41   176.00 187.00   169.74 180.73
2022-07-13   169.95 180.95   169.92 180.93   307.44 318.44   169.38 180.38   174.97 185.97   168.70 179.70
2022-07-14   168.91 179.92   168.88 179.89   306.40 317.41   168.34 179.35   173.93 184.94   167.66 178.67
2022-07-15   167.87 178.89   167.85 178.86   305.36 316.37   167.30 178.32   172.89 183.90   166.62 177.64
2022-07-16   166.83 177.85   166.80 177.83   304.32 315.34   166.26 177.28   171.85 182.87   165.58 176.60
2022-07-17   165.79 176.82   165.76 176.79   303.28 314.30   165.22 176.25   170.81 181.83   164.54 175.57
2022-07-18   164.75 175.78   164.72 175.75   302.24 313.27   164.18 175.21   169.76 180.79   163.50 174.53
2022-07-19   163.71 174.74   163.68 174.71   301.19 312.23   163.14 174.17   168.72 179.76   162.46 173.49
2022-07-20   162.66 173.70   162.64 173.68   300.15 311.19   162.09 173.13   167.68 178.72   161.41 172.45
2022-07-21   161.62 172.66   161.59 172.64   299.11 310.15   161.05 172.09   166.64 177.68   160.37 171.41
2022-07-22   160.58 171.62   160.55 171.59   298.07 309.11   160.01 171.05   165.59 176.64   159.33 170.37
2022-07-23   159.54 170.58   159.51 170.55   297.02 308.07   158.97 170.01   164.55 175.60   158.28 169.33
2022-07-24   158.49 169.54   158.47 169.51   295.98 307.03   157.92 168.97   163.51 174.55   157.24 168.29
2022-07-25   157.45 168.50   157.42 168.47   294.94 305.98   156.88 167.93   162.47 173.51   156.20 167.25
2022-07-26   156.41 167.45   156.38 167.43   293.90 304.94   155.84 166.88   161.42 172.47   155.16 166.20
2022-07-27   155.37 166.41   155.34 166.39   292.85 303.90   154.80 165.84   160.38 171.43   154.12 165.16
2022-07-28   154.32 165.37   154.30 165.34   291.81 302.86   153.75 164.80   159.34 170.38   153.07 164.12
2022-07-29   153.28 164.33   153.26 164.30   290.77 301.81   152.71 163.76   158.30 169.34   152.03 163.08
2022-07-30   152.24 163.28   152.22 163.26   289.73 300.77   151.67 162.71   157.26 168.30   150.99 162.03
2022-07-31   151.20 162.24   151.18 162.22   288.69 299.73   150.63 161.67   156.22 167.26   149.95 160.99
2022-08-01   150.17 161.20   150.14 161.17   287.65 298.69   149.60 160.63   155.18 166.22   148.91 159.95
2022-08-02   149.13 160.16   149.10 160.13   286.62 297.65   148.56 159.59   154.14 165.17   147.88 158.91
2022-08-03   148.09 159.12   148.06 159.09   285.58 296.61   147.52 158.55   153.11 164.13   146.84 157.87
2022-08-04   147.06 158.08   147.03 158.05   284.54 295.57   146.49 157.51   152.07 163.09   145.81 156.83
2022-08-05   146.02 157.04   146.00 157.01   283.51 294.53   145.45 156.47   151.04 162.05   144.77 155.79
2022-08-06   144.99 156.00   144.96 155.97   282.48 293.49   144.42 155.43   150.00 161.02   143.74 154.75
2022-08-07   143.96 154.96   143.93 154.94   281.44 292.45   143.39 154.39   148.97 159.98   142.71 153.71
2022-08-08   142.93 153.93   142.90 153.90   280.41 291.41   142.36 153.36   147.94 158.94   141.68 152.68
2022-08-09   141.90 152.89   141.87 152.86   279.39 290.38   141.33 152.32   146.91 157.91   140.65 151.64
2022-08-10   140.87 151.86   140.85 151.83   278.36 289.34   140.30 151.29   145.89 156.87   139.62 150.60
2022-08-11   139.85 150.82   139.82 150.80   277.33 288.31   139.28 150.25   144.86 155.84   138.60 149.57
2022-08-12   138.82 149.79   138.80 149.76   276.31 287.28   138.25 149.22   143.84 154.81   137.57 148.54
2022-08-13   137.80 148.76   137.78 148.73   275.29 286.25   137.23 148.19   142.82 153.78   136.55 147.51
2022-08-14   136.78 147.73   136.76 147.70   274.27 285.22   136.21 147.16   141.80 152.75   135.53 146.48
2022-08-15   135.76 146.70   135.74 146.68   273.25 284.19   135.19 146.13   140.78 151.72   134.51 145.45
2022-08-16   134.75 145.68   134.72 145.65   272.24 283.17   134.18 145.11   139.76 150.69   133.50 144.43
2022-08-17   133.73 144.65   133.71 144.63   271.22 282.14   133.16 144.08   138.75 149.67   132.48 143.40
2022-08-18   132.72 143.63   132.70 143.60   270.21 281.12   132.15 143.06   137.74 148.65   131.47 142.38
2022-08-19   131.71 142.61   131.69 142.58   269.20 280.10   131.14 142.04   136.73 147.63   130.46 141.36
2022-08-20   130.71 141.59   130.68 141.57   268.19 279.08   130.14 141.02   135.72 146.61   129.46 140.34
2022-08-21   129.70 140.58   129.67 140.55   267.19 278.06   129.13 140.01   134.72 145.59   128.45 139.32
2022-08-22   128.70 139.56   128.67 139.53   266.19 277.05   128.13 138.99   133.71 144.58   127.45 138.31
2022-08-23   127.70 138.55   127.67 138.52   265.18 276.03   127.13 137.98   132.71 143.56   126.45 137.30
2022-08-24   126.70 137.54   126.67 137.51   264.19 275.02   126.13 136.97   131.71 142.55   125.45 136.29
2022-08-25   125.70 136.53   125.68 136.50   263.19 274.02   125.13 135.96   130.72 141.54   124.45 135.28
2022-08-26   124.71 135.52   124.68 135.49   262.20 273.01   124.14 134.95   129.72 140.54   123.46 134.27
2022-08-27   123.72 134.52   123.69 134.49   261.21 272.00   123.15 133.95   128.73 139.53   122.47 133.27
2022-08-28   122.73 133.51   122.70 133.49   260.22 271.00   122.16 132.94   127.74 138.53   121.48 132.26
2022-08-29   121.74 132.51   121.72 132.49   259.23 270.00   121.17 131.94   126.76 137.53   120.49 131.26
2022-08-30   120.76 131.52   120.73 131.49   258.25 269.00   120.19 130.95   125.77 136.53   119.51 130.27
2022-08-31   119.78 130.52   119.75 130.50   257.27 268.01   119.21 129.95   124.79 135.54   118.53 129.27
2022-09-01   118.80 129.53   118.77 129.50   256.29 267.02   118.23 128.96   123.81 134.54   117.55 128.28
2022-09-02   117.82 128.54   117.80 128.51   255.31 266.03   117.25 127.97   122.84 133.55   116.57 127.29
2022-09-03   116.85 127.55   116.82 127.52   254.33 265.04   116.28 126.98   121.86 132.56   115.60 126.30
2022-09-04   115.88 126.56   115.85 126.54   253.36 264.05   115.31 125.99   120.89 131.58   114.62 125.31
2022-09-05   114.91 125.58   114.88 125.55   252.39 263.07   114.34 125.01   119.92 130.59   113.66 124.33
2022-09-06   113.94 124.60   113.91 124.57   251.43 262.09   113.37 124.03   118.95 129.61   112.69 123.35
2022-09-07   112.97 123.62   112.95 123.59   250.46 261.11   112.40 123.05   117.99 128.63   111.72 122.37
2022-09-08   112.01 122.64   111.99 122.62   249.50 260.13   111.44 122.07   117.03 127.66   110.76 121.39
2022-09-09   111.05 121.67   111.03 121.64   248.54 259.16   110.48 121.10   116.07 126.68   109.80 120.42
2022-09-10   110.09 120.70   110.07 120.67   247.58 258.18   109.52 120.13   115.11 125.71   108.84 119.45
2022-09-11   109.14 119.73   109.11 119.70   246.63 257.21   108.57 119.16   114.15 124.74   107.89 118.48
2022-09-12   108.18 118.76   108.16 118.73   245.67 256.25   107.61 118.19   113.20 123.77   106.93 117.51
2022-09-13   107.23 117.79   107.21 117.77   244.72 255.28   106.66 117.22   112.25 122.81   105.98 116.54
2022-09-14   106.28 116.83   106.26 116.80   243.77 254.32   105.71 116.26   111.30 121.85   105.03 115.58
2022-09-15   105.34 115.87   105.31 115.84   242.83 253.36   104.77 115.30   110.35 120.89   104.09 114.62
2022-09-16   104.39 114.91   104.37 114.89   241.88 252.40   103.82 114.34   109.41 119.93   103.14 113.66
2022-09-17   103.45 113.96   103.42 113.93   240.94 251.44   102.88 113.39   108.47 118.97   102.20 112.70
2022-09-18   102.51 113.00   102.48 112.97   240.00 250.49   101.94 112.43   107.52 118.02   101.26 111.75
2022-09-19   101.57 112.05   101.54 112.02   239.06 249.54   101.00 111.48   106.59 117.06   100.32 110.80
2022-09-20   100.63 111.10   100.61 111.07   238.12 248.59   100.06 110.53   105.65 116.11    99.38 109.85
2022-09-21    99.70 110.15    99.67 110.12   237.19 247.64    99.13 109.58   104.71 115.17    98.45 108.90
2022-09-22    98.77 109.21    98.74 109.18   236.25 246.69    98.20 108.64   103.78 114.22    97.51 107.95
2022-09-23    97.83 108.26    97.81 108.23   235.32 245.75    97.26 107.69   102.85 113.28    96.58 107.01
2022-09-24    96.90 107.32    96.88 107.29   234.39 244.81    96.33 106.75   101.92 112.33    95.65 106.07
2022-09-25    95.98 106.38    95.95 106.35   233.46 243.87    95.41 105.81   100.99 111.39    94.72 105.13
2022-09-26    95.05 105.44    95.02 105.41   232.54 242.93    94.48 104.87   100.06 110.46    93.80 104.19
2022-09-27    94.12 104.50    94.10 104.48   231.61 241.99    93.55 103.93    99.14 109.52    92.87 103.25
2022-09-28    93.20 103.57    93.17 103.54   230.69 241.06    92.63 103.00    98.21 108.58    91.95 102.32
2022-09-29    92.28 102.64    92.25 102.61   229.76 240.12    91.71 102.07    97.29 107.65    91.03 101.38
2022-09-30    91.36 101.70    91.33 101.68   228.84 239.19    90.79 101.13    96.37 106.72    90.11 100.45
2022-10-01    90.44 100.77    90.41 100.75   227.92 238.26    89.87 100.20    95.45 105.79    89.19  99.52
2022-10-02    89.52  99.84    89.49  99.82   227.00 237.33    88.95  99.27    94.53 104.86    88.27  98.59
2022-10-03    88.60  98.92    88.57  98.89   226.09 236.40    88.03  98.35    93.61 103.93    87.35  97.67
2022-10-04    87.68  97.99    87.66  97.96   225.17 235.48    87.11  97.42    92.70 103.01    86.43  96.74
2022-10-05    86.77  97.07    86.74  97.04   224.25 234.55    86.20  96.50    91.78 102.08    85.52  95.82
2022-10-06    85.85  96.14    85.83  96.12   223.34 233.63    85.28  95.57    90.87 101.16    84.60  94.89
2022-10-07    84.94  95.22    84.91  95.19   222.43 232.71    84.37  94.65    89.95 100.24    83.69  93.97
2022-10-08    84.02  94.30    84.00  94.27   221.51 231.79    83.45  93.73    89.04  99.31    82.77  93.05
2022-10-09    83.11  93.38    83.09  93.35   220.60 230.87    82.54  92.81    88.13  98.39    81.86  92.13
2022-10-10    82.20  92.46    82.17  92.43   219.69 229.95    81.63  91.89    87.21  97.47    80.95  91.21
2022-10-11    81.29  91.54    81.26  91.51   218.77 229.03    80.72  90.97    86.30  96.56    80.04  90.29
2022-10-12    80.38  90.62    80.35  90.60   217.86 228.11    79.81  90.05    85.39  95.64    79.13  89.37
2022-10-13    79.46  89.71    79.44  89.68   216.95 227.19    78.89  89.14    84.48  94.72    78.21  88.45
2022-10-14    78.55  88.79    78.53  88.76   216.04 226.28    77.98  88.22    83.57  93.80    77.30  87.54
2022-10-15    77.64  87.87    77.62  87.85   215.13 225.36    77.07  87.30    82.66  92.89    76.39  86.62
2022-10-16    76.73  86.96    76.71  86.93   214.22 224.44    76.16  86.39    81.75  91.97    75.48  85.71
2022-10-17    75.82  86.04    75.80  86.02   213.31 223.53    75.25  85.47    80.84  91.06    74.57  84.79
2022-10-18    74.91  85.13    74.88  85.10   212.40 222.61    74.34  84.56    79.93  90.14    73.66  83.88
2022-10-19    74.00  84.21    73.97  84.19   211.49 221.70    73.43  83.64    79.01  89.23    72.75  82.96
2022-10-20    73.09  83.30    73.06  83.27   210.58 220.79    72.52  82.73    78.10  88.31    71.84  82.05
2022-10-21    72.18  82.38    72.15  82.36   209.66 219.87    71.61  81.81    77.19  87.40    70.93  81.13
2022-10-22    71.26  81.47    71.24  81.44   208.75 218.96    70.69  80.90    76.28  86.48    70.01  80.22
2022-10-23    70.35  80.55    70.33  80.53   207.84 218.04    69.78  79.98    75.37  85.57    69.10  79.30
2022-10-24    69.44  79.64    69.41  79.61   206.93 217.13    68.87  79.07    74.45  84.66    68.19  78.39
2022-10-25    68.52  78.73    68.50  78.70   206.01 216.21    67.95  78.16    73.54  83.74    67.27  77.47
2022-10-26    67.61  77.81    67.58  77.78   205.10 215.30    67.04  77.24    72.63  82.83    66.36  76.56
2022-10-27    66.69  76.89    66.67  76.87   204.18 214.38    66.12  76.32    71.71  81.91    65.44  75.64
2022-10-28    65.78  75.98    65.75  75.95   203.27 213.47    65.21  75.41    70.79  80.99    64.53  74.73
2022-10-29    64.86  75.06    64.83  75.03   202.35 212.55    64.29  74.49    69.88  80.08    63.61  73.81
2022-10-30    63.94  74.14    63.91  74.12   201.43 211.63    63.37  73.57    68.96  79.16    62.69  72.89
2022-10-31    63.02  73.23    63.00  73.20   200.51 210.71    62.45  72.66    68.04  78.24    61.77  71.97
2022-11-01    62.10  72.31    62.07  72.28   199.59 209.79    61.53  71.74    67.12  77.32    60.85  71.06
2022-11-02    61.18  71.39    61.15  71.36   198.67 208.87    60.61  70.82    66.19  76.40    59.93  70.14
2022-11-03    60.41  70.31    60.39  70.28   197.90 207.79    59.84  69.74    65.43  75.32    59.16  69.05
2022-11-04    59.72  69.15    59.70  69.12   197.21 206.63    59.15  68.58    64.74  74.16    58.47  67.90
2022-11-05    59.03  67.99    59.01  67.96   196.52 205.47    58.46  67.42    64.05  73.00    57.78  66.74
2022-11-06    58.34  66.83    58.31  66.80   195.83 204.31    57.77  66.26    63.36  71.84    57.09  65.58
2022-11-07    57.65  65.66    57.62  65.64   195.13 203.15    57.08  65.09    62.66  70.68    56.40  64.41
2022-11-08    56.95  64.50    56.92  64.48   194.44 201.99    56.38  63.93    61.96  69.52    55.70  63.25
2022-11-09    56.25  63.34    56.22  63.31   193.74 200.83    55.68  62.77    61.26  68.35    55.00  62.09

2023-04-11   259.79 267.00   259.77 266.97    37.28  44.48   259.22 266.43   264.81 272.01   258.54 265.75
2023-04-12   258.66 266.32   258.63 266.29    36.15  43.81   258.09 265.75   263.67 271.34   257.41 265.07
2023-04-13   257.53 265.65   257.50 265.62    35.01  43.14   256.96 265.08   262.54 270.66   256.27 264.40
2023-04-14   256.39 264.98   256.37 264.95    33.88  42.46   255.82 264.41   261.41 269.99   255.14 263.73
2023-04-15   255.26 264.31   255.23 264.28    32.75  41.79   254.69 263.74   260.28 269.32   254.01 263.06
2023-04-16   254.13 263.64   254.10 263.61    31.62  41.13   253.56 263.07   259.15 268.65   252.88 262.39
2023-04-17   253.00 262.97   252.97 262.95    30.49  40.46   252.43 262.40   258.01 267.99   251.75 261.72
2023-04-18   251.98 262.19   251.96 262.17    29.47  39.68   251.41 261.62   257.00 267.21   250.73 260.94
2023-04-19   251.09 261.29   251.06 261.27    28.58  38.78   250.52 260.72   256.10 266.31   249.84 260.04
2023-04-20   250.19 260.40   250.17 260.37    27.68  37.88   249.62 259.83   255.21 265.41   248.94 259.15
2023-04-21   249.30 259.50   249.27 259.47    26.79  36.99   248.73 258.93   254.31 264.52   248.05 258.25
2023-04-22   248.40 258.61   248.38 258.58    25.89  36.09   247.83 258.04   253.42 263.62   247.15 257.36
2023-04-23   247.51 257.71   247.48 257.68    25.00  35.20   246.94 257.14   252.53 262.73   246.26 256.46
2023-04-24   246.62 256.82   246.59 256.79    24.10  34.30   246.05 256.25   251.63 261.83   245.37 255.57
2023-04-25   245.72 255.92   245.70 255.90    23.21  33.41   245.15 255.35   250.74 260.94   244.47 254.67
2023-04-26   244.83 255.03   244.80 255.00    22.32  32.52   244.26 254.46   249.85 260.05   243.58 253.78
2023-04-27   243.94 254.14   243.91 254.11    21.42  31.63   243.37 253.57   248.95 259.15   242.69 252.89
2023-04-28   243.04 253.25   243.02 253.22    20.53  30.73   242.47 252.68   248.06 258.26   241.79 252.00
2023-04-29   242.15 252.35   242.12 252.33    19.64  29.84   241.58 251.78   247.16 257.37   240.90 251.10
2023-04-30   241.25 251.46   241.23 251.44    18.74  28.95   240.68 250.89   246.27 256.48   240.00 250.21
2023-05-01   240.36 250.57   240.33 250.54    17.85  28.06   239.79 250.00   245.37 255.58   239.11 249.32
2023-05-02   239.46 249.68   239.44 249.65    16.95  27.17   238.89 249.11   244.48 254.69   238.21 248.43
2023-05-03   238.57 248.79   238.54 248.76    16.06  26.27   238.00 248.22   243.58 253.80   237.32 247.53
2023-05-04   237.67 247.89   237.65 247.87    15.16  25.38   237.10 247.32   242.69 252.91   236.42 246.64
2023-05-05   236.78 247.00   236.75 246.97    14.26  24.49   236.21 246.43   241.79 252.02   235.52 245.75
2023-05-06   235.88 246.11   235.85 246.08    13.36  23.59   235.31 245.54   240.89 251.12   234.63 244.86
2023-05-07   234.98 245.21   234.95 245.19    12.47  22.70   234.41 244.64   239.99 250.23   233.73 243.96
2023-05-08   234.08 244.32   234.05 244.29    11.57  21.81   233.51 243.75   239.09 249.33   232.83 243.07
2023-05-09   233.18 243.42   233.15 243.40    10.67  20.91   232.61 242.85   238.19 248.44   231.93 242.17
2023-05-10   232.28 242.53   232.25 242.50     9.76  20.02   231.71 241.96   237.29 247.54   231.02 241.28
2023-05-11   231.37 241.63   231.35 241.61     8.86  19.12   230.80 241.06   236.39 246.65   230.12 240.38
2023-05-12   230.47 240.74   230.44 240.71     7.96  18.22   229.90 240.17   235.48 245.75   229.22 239.48
2023-05-13   229.56 239.84   229.54 239.81     7.05  17.32   228.99 239.27   234.58 244.85   228.31 238.59
2023-05-14   228.66 238.94   228.63 238.91     6.14  16.43   228.09 238.37   233.67 243.95   227.40 237.69
2023-05-15   227.75 238.04   227.72 238.01     5.23  15.52   227.18 237.47   232.76 243.05   226.50 236.79
2023-05-16   226.84 237.14   226.81 237.11     4.32  14.62   226.27 236.57   231.85 242.15   225.59 235.89
2023-05-17   225.92 236.23   225.90 236.21     3.41  13.72   225.35 235.66   230.94 241.25   224.67 234.98
2023-05-18   225.01 235.33   224.98 235.30     2.50  12.82   224.44 234.76   230.03 240.34   223.76 234.08
2023-05-19   224.10 234.42   224.07 234.40     1.58  11.91   223.53 233.85   229.11 239.44   222.84 233.17
2023-05-20   223.18 233.52   223.15 233.49     0.67  11.00   222.61 232.95   228.19 238.53   221.93 232.27
2023-05-21   222.26 232.61   222.23 232.58   359.75  10.09   221.69 232.04   227.27 237.62   221.01 231.36
2023-05-22   221.34 231.70   221.31 231.67   358.83   9.18   220.77 231.13   226.35 236.71   220.09 230.45
2023-05-23   220.42 230.79   220.39 230.76   357.90   8.27   219.85 230.22   225.43 235.80   219.16 229.53
2023-05-24   219.49 229.87   219.46 229.84   356.98   7.36   218.92 229.30   224.51 234.89   218.24 228.62
2023-05-25   218.56 228.96   218.54 228.93   356.05   6.44   217.99 228.39   223.58 233.97   217.31 227.70
2023-05-26   217.63 228.04   217.61 228.01   355.12   5.53   217.06 227.47   222.65 233.05   216.38 226.79
2023-05-27   216.70 227.12   216.68 227.09   354.19   4.61   216.13 226.55   221.72 232.13   215.45 225.87
2023-05-28   215.77 226.20   215.74 226.17   353.26   3.68   215.20 225.63   220.78 231.21   214.52 224.95
2023-05-29   214.83 225.27   214.81 225.25   352.32   2.76   214.26 224.70   219.85 230.29   213.58 224.02
2023-05-30   213.89 224.35   213.87 224.32   351.38   1.84   213.32 223.78   218.91 229.36   212.64 223.10
2023-05-31   212.95 223.42   212.93 223.39   350.44   0.91   212.38 222.85   217.97 228.44   211.70 222.17
2023-06-01   212.01 222.49   211.98 222.46   349.50 359.98   211.44 221.92   217.03 227.51   210.76 221.24
2023-06-02   211.06 221.56   211.04 221.53   348.55 359.05   210.49 220.99   216.08 226.57   209.81 220.31
2023-06-03   210.12 220.62   210.09 220.60   347.60 358.11   209.55 220.05   215.13 225.64   208.87 219.37
2023-06-04   209.17 219.69   209.14 219.66   346.65 357.17   208.60 219.12   214.18 224.70   207.91 218.44
2023-06-05   208.21 218.75   208.19 218.72   345.70 356.23   207.64 218.18   213.23 223.76   206.96 217.50
2023-06-06   207.26 217.80   207.23 217.78   344.74 355.29   206.69 217.23   212.27 222.82   206.01 216.55
2023-06-07   206.30 216.86   206.27 216.83   343.79 354.35   205.73 216.29   211.31 221.88   205.05 215.61
2023-06-08   205.34 215.91   205.31 215.89   342.82 353.40   204.77 215.34   210.35 220.93   204.09 214.66
2023-06-09   204.37 214.96   204.35 214.94   341.86 352.45   203.80 214.39   209.39 219.98   203.12 213.71
2023-06-10   203.41 214.01   203.38 213.98   340.89 351.50   202.84 213.44   208.42 219.03   202.16 212.76
2023-06-11   202.44 213.06   202.41 213.03   339.92 350.54   201.87 212.49   207.45 218.07   201.19 211.81
2023-06-12   201.47 212.10   201.44 212.07   338.95 349.59   200.90 211.53   206.48 217.11   200.21 210.85
2023-06-13   200.49 211.14   200.46 211.11   337.98 348.63   199.92 210.57   205.51 216.15   199.24 209.89
2023-06-14   199.51 210.18   199.49 210.15   337.00 347.66   198.94 209.61   204.53 215.19   198.26 208.93
2023-06-15   198.53 209.21   198.51 209.18   336.02 346.70   197.96 208.64   203.55 214.23   197.28 207.96
2023-06-16   197.55 208.24   197.52 208.22   335.04 345.73   196.98 207.67   202.57 213.26   196.30 206.99
2023-06-17   196.57 207.27   196.54 207.24   334.05 344.76   196.00 206.70   201.58 212.29   195.32 206.02
2023-06-18   195.58 206.30   195.55 206.27   333.07 343.79   195.01 205.73   200.59 211.31   194.33 205.05
2023-06-19   194.59 205.32   194.56 205.30   332.08 342.81   194.02 204.75   199.60 210.34   193.34 204.07
2023-06-20   193.59 204.34   193.57 204.32   331.08 341.83   193.02 203.77   198.61 209.36   192.34 203.09
2023-06-21   192.60 203.36   192.57 203.33   330.09 340.85   192.03 202.79   197.61 208.38   191.35 202.11
2023-06-22   191.60 202.38   191.57 202.35   329.09 339.86   191.03 201.81   196.62 207.39   190.35 201.13
2023-06-23   190.60 201.39   190.57 201.36   328.09 338.88   190.03 200.82   195.62 206.40   189.35 200.14
2023-06-24   189.60 200.40   189.57 200.37   327.08 337.89   189.03 199.83   194.61 205.42   188.35 199.15
2023-06-25   188.59 199.41   188.57 199.38   326.08 336.90   188.02 198.84   193.61 204.42   187.34 198.16
2023-06-26   187.58 198.41   187.56 198.39   325.07 335.90   187.01 197.84   192.60 203.43   186.33 197.16
2023-06-27   186.57 197.42   186.55 197.39   324.06 334.90   186.00 196.85   191.59 202.43   185.32 196.17
2023-06-28   185.56 196.42   185.54 196.39   323.05 333.90   184.99 195.85   190.58 201.43   184.31 195.17
2023-06-29   184.55 195.41   184.52 195.39   322.03 332.90   183.98 194.84   189.56 200.43   183.30 194.16
2023-06-30   183.53 194.41   183.50 194.38   321.02 331.90   182.96 193.84   188.55 199.42   182.28 193.16
2023-07-01   182.51 193.40   182.49 193.38   320.00 330.89   181.94 192.83   187.53 198.42   181.26 192.15
2023-07-02   181.49 192.39   181.47 192.37   318.98 329.88   180.92 191.82   186.51 197.41   180.24 191.14
2023-07-03   180.47 191.38   180.44 191.36   317.96 328.87   179.90 190.81   185.48 196.40   179.22 190.13
2023-07-04   179.45 190.37   179.42 190.34   316.93 327.86   178.88 189.80   184.46 195.38   178.19 189.12
2023-07-05   178.42 189.35   178.39 189.33   315.91 326.84   177.85 188.78   183.43 194.37   177.17 188.10
2023-07-06   177.39 188.34   177.36 188.31   314.88 325.82   176.82 187.77   182.41 193.35   176.14 187.08
2023-07-07   176.36 187.32   176.34 187.29   313.85 324.80   175.79 186.75   181.38 192.33   175.11 186.06
2023-07-08   175.33 186.29   175.31 186.27   312.82 323.78   174.76 185.72   180.35 191.31   174.08 185.04
2023-07-09   174.30 185.27   174.27 185.24   311.79 322.76   173.73 184.70   179.31 190.29   173.05 184.02
2023-07-10   173.27 184.25   173.24 184.22   310.75 321.73   172.70 183.68   178.28 189.26   172.02 182.99
2023-07-11   172.23 183.22   172.21 183.19   309.72 320.71   171.66 182.65   177.25 188.23   170.98 181.97
2023-07-12   171.20 182.19   171.17 182.16   308.68 319.68   170.63 181.62   176.21 187.21   169.95 180.94
2023-07-13   170.16 181.16   170.13 181.13   307.65 318.65   169.59 180.59   175.17 186.18   168.91 179.91
2023-07-14   169.12 180.13   169.10 180.10   306.61 317.62   168.55 179.56   174.14 185.14   167.87 178.88
2023-07-15   168.08 179.10   168.06 179.07   305.57 316.58   167.51 178.53   173.10 184.11   166.83 177.85
2023-07-16   167.04 178.06   167.02 178.04   304.53 315.55   166.47 177.49   172.06 183.08   165.79 176.81
2023-07-17   166.00 177.03   165.98 177.00   303.49 314.52   165.43 176.46   171.02 182.04   164.75 175.78
2023-07-18   164.96 175.99   164.94 175.97   302.45 313.48   164.39 175.42   169.98 181.01   163.71 174.74
2023-07-19   163.92 174.96   163.90 174.93   301.41 312.44   163.35 174.39   168.94 179.97   162.67 173.71
2023-07-20   162.88 173.92   162.86 173.89   300.37 311.41   162.31 173.35   167.90 178.93   161.63 172.67
2023-07-21   161.84 172.88   161.82 172.85   299.33 310.37   161.27 172.31   166.86 177.90   160.59 171.63
2023-07-22   160.80 171.84   160.77 171.82   298.29 309.33   160.23 171.27   165.82 176.86   159.55 170.59
2023-07-23   159.76 170.80   159.73 170.78   297.25 308.29   159.19 170.23   164.77 175.82   158.51 169.55
2023-07-24   158.72 169.76   158.69 169.74   296.21 307.25   158.15 169.19   163.73 174.78   157.47 168.51
2023-07-25   157.68 168.72   157.65 168.70   295.16 306.21   157.11 168.15   162.69 173.74   156.43 167.47
2023-07-26   156.64 167.68   156.61 167.66   294.12 305.17   156.07 167.11   161.65 172.70   155.39 166.43
2023-07-27   155.60 166.64   155.57 166.61   293.08 304.13   155.03 166.07   160.61 171.66   154.35 165.39
2023-07-28   154.56 165.60   154.53 165.57   292.04 303.09   153.99 165.03   159.57 170.62   153.31 164.35
2023-07-29   153.52 164.56   153.49 164.53   291.01 302.05   152.95 163.99   158.53 169.58   152.27 163.31
2023-07-30   152.48 163.52   152.45 163.49   289.97 301.01   151.91 162.95   157.49 168.53   151.23 162.27
2023-07-31   151.44 162.48   151.42 162.45   288.93 299.97   150.87 161.91   156.46 167.49   150.19 161.23
2023-08-01   150.41 161.44   150.38 161.41   287.89 298.93   149.84 160.87   155.42 166.46   149.15 160.19
2023-08-02   149.37 160.40   149.34 160.37   286.86 297.89   148.80 159.83   154.38 165.42   148.12 159.15
2023-08-03   148.33 159.36   148.31 159.34   285.82 296.85   147.76 158.79   153.35 164.38   147.08 158.11
2023-08-04   147.30 158.32   147.27 158.30   284.79 295.81   146.73 157.75   152.32 163.34   146.05 157.07
2023-08-05   146.27 157.29   146.24 157.26   283.76 294.77   145.70 156.72   151.28 162.30   145.02 156.04
2023-08-06   145.24 156.25   145.21 156.22   282.73 293.74   144.67 155.68   150.25 161.26   143.99 155.00
2023-08-07   144.21 155.21   144.18 155.19   281.70 292.70   143.64 154.64   149.22 160.23   142.96 153.96
2023-08-08   143.18 154.18   143.15 154.15   280.67 291.67   142.61 153.61   148.19 159.19   141.93 152.93
2023-08-09   142.15 153.14   142.13 153.12   279.64 290.63   141.58 152.57   147.17 158.16   140.90 151.89
2023-08-10   141.13 152.11   141.10 152.09   278.62 289.60   140.56 151.54   146.14 157.13   139.88 150.86
2023-08-11   140.10 151.08   140.08 151.05   277.59 288.57   139.53 150.51   145.12 156.10   138.85 149.83
2023-08-12   139.08 150.05   139.06 150.02   276.57 287.54   138.51 149.48   144.10 155.07   137.83 148.80
2023-08-13   138.06 149.02   138.04 149.00   275.55 286.51   137.49 148.45   143.08 154.04   136.81 147.77
2023-08-14   137.04 147.99   137.02 147.97   274.53 285.48   136.47 147.42   142.06 153.01   135.79 146.74
2023-08-15   136.03 146.97   136.00 146.94   273.52 284.46   135.46 146.40   141.04 151.98   134.78 145.72
2023-08-16   135.01 145.94   134.99 145.92   272.50 283.43   134.44 145.37   140.03 150.96   133.76 144.69
2023-08-17   134.00 144.92   133.98 144.90   271.49 282.41   133.43 144.35   139.02 149.94   132.75 143.67
2023-08-18   132.99 143.90   132.97 143.88   270.48 281.39   132.42 143.33   138.01 148.92   131.74 142.65
2023-08-19   131.98 142.88   131.96 142.86   269.47 280.37   131.41 142.31   137.00 147.90   130.73 141.63
2023-08-20   130.98 141.87   130.95 141.84   268.47 279.35   130.41 141.30   135.99 146.88   129.73 140.61
2023-08-21   129.97 140.85   129.95 140.82   267.46 278.34   129.40 140.28   134.99 145.87   128.72 139.60
2023-08-22   128.97 139.84   128.95 139.81   266.46 277.32   128.40 139.27   133.99 144.85   127.72 138.59
2023-08-23   127.97 138.83   127.95 138.80   265.46 276.31   127.40 138.26   132.99 143.84   126.72 137.57
2023-08-24   126.98 137.82   126.95 137.79   264.46 275.30   126.41 137.25   131.99 142.83   125.73 136.56
2023-08-25   125.98 136.81   125.95 136.78   263.47 274.30   125.41 136.24   131.00 141.82   124.73 135.56
2023-08-26   124.99 135.80   124.96 135.78   262.48 273.29   124.42 135.23   130.00 140.82   123.74 134.55
2023-08-27   124.00 134.80   123.97 134.77   261.49 272.29   123.43 134.23   129.01 139.82   122.75 133.55
2023-08-28   123.01 133.80   122.98 133.77   260.50 271.29   122.44 133.23   128.03 138.81   121.76 132.55
2023-08-29   122.03 132.80   122.00 132.77   259.51 270.29   121.46 132.23   127.04 137.82   120.78 131.55
2023-08-30   121.04 131.80   121.02 131.78   258.53 269.29   120.47 131.23   126.06 136.82   119.79 130.55
2023-08-31   120.06 130.81   120.04 130.78   257.55 268.30   119.49 130.24   125.08 135.82   118.81 129.56
2023-09-01   119.08 129.82   119.06 129.79   256.57 267.30   118.51 129.25   124.10 134.83   117.83 128.57
2023-09-02   118.11 128.83   118.08 128.80   255.60 266.31   117.54 128.26   123.12 133.84   116.86 127.58
2023-09-03   117.13 127.84   117.11 127.81   254.62 265.33   116.56 127.27   122.15 132.85   115.88 126.59
2023-09-04   116.16 126.85   116.14 126.83   253.65 264.34   115.59 126.28   121.18 131.87   114.91 125.60
2023-09-05   115.19 125.87   115.17 125.84   252.68 263.36   114.62 125.30   120.21 130.89   113.94 124.62
2023-09-06   114.23 124.89   114.20 124.86   251.72 262.38   113.66 124.32   119.24 129.91   112.98 123.64
2023-09-07   113.26 123.91   113.24 123.89   250.75 261.40   112.69 123.34   118.28 128.93   112.01 122.66
2023-09-08   112.30 122.94   112.28 122.91   249.79 260.42   111.73 122.37   117.32 127.95   111.05 121.69
2023-09-09   111.34 121.96   111.32 121.94   248.83 259.45   110.77 121.39   116.36 126.98   110.09 120.71
2023-09-10   110.38 120.99   110.36 120.96   247.87 258.48   109.81 120.42   115.40 126.01   109.13 119.74
2023-09-11   109.43 120.02   109.40 119.99   246.92 257.51   108.86 119.45   114.44 125.04   108.18 118.77
2023-09-12   108.48 119.05   108.45 119.03   245.96 256.54   107.91 118.48   113.49 124.07   107.23 117.80
2023-09-13   107.53 118.09   107.50 118.06   245.01 255.58   106.96 117.52   112.54 123.10   106.27 116.84
2023-09-14   106.58 117.13   106.55 117.10   244.06 254.61   106.01 116.56   111.59 122.14   105.33 115.88
2023-09-15   105.63 116.17   105.60 116.14   243.12 253.65   105.06 115.60   110.65 121.18   104.38 114.92
2023-09-16   104.69 115.21   104.66 115.18   242.17 252.70   104.12 114.64   109.70 120.22   103.43 113.96
2023-09-17   103.74 114.25   103.72 114.23   241.23 251.74   103.17 113.68   108.76 119.27   102.49 113.00
2023-09-18   102.80 113.30   102.78 113.27   240.29 250.79   102.23 112.73   107.82 118.31   101.55 112.05
2023-09-19   101.86 112.35   101.84 112.32   239.35 249.83   101.29 111.78   106.88 117.36   100.61 111.09
2023-09-20   100.93 111.40   100.90 111.37   238.41 248.88   100.36 110.83   105.94 116.41    99.68 110.14
2023-09-21    99.99 110.45    99.96 110.42   237.48 247.94    99.42 109.88   105.01 115.46    98.74 109.20
2023-09-22    99.06 109.50    99.03 109.48   236.55 246.99    98.49 108.93   104.07 114.52    97.81 108.25
2023-09-23    98.13 108.56    98.10 108.53   235.61 246.04    97.56 107.99   103.14 113.57    96.88 107.31
2023-09-24    97.20 107.62    97.17 107.59   234.68 245.10    96.63 107.05   102.21 112.63    95.95 106.36
2023-09-25    96.27 106.67    96.24 106.65   233.76 244.16    95.70 106.10   101.28 111.69    95.02 105.42
2023-09-26    95.34 105.74    95.31 105.71   232.83 243.22    94.77 105.17   100.36 110.75    94.09 104.48
2023-09-27    94.41 104.80    94.39 104.77   231.90 242.29    93.84 104.23    99.43 109.81    93.16 103.55
2023-09-28    93.49 103.86    93.46 103.84   230.98 241.35    92.92 103.29    98.51 108.88    92.24 102.61
2023-09-29    92.57 102.93    92.54 102.90   230.06 240.42    92.00 102.36    97.58 107.94    91.32 101.68
2023-09-30    91.65 102.00    91.62 101.97   229.13 239.48    91.08 101.43    96.66 107.01    90.40 100.75
2023-10-01    90.73 101.07    90.70 101.04   228.21 238.55    90.16 100.50    95.74 106.08    89.47  99.82
2023-10-02    89.81 100.14    89.78 100.11   227.29 237.62    89.24  99.57    94.82 105.15    88.56  98.89
2023-10-03    88.89  99.21    88.86  99.18   226.38 236.70    88.32  98.64    93.90 104.22    87.64  97.96
2023-10-04    87.97  98.28    87.94  98.26   225.46 235.77    87.40  97.71    92.99 103.30    86.72  97.03
2023-10-05    87.05  97.36    87.03  97.33   224.54 234.84    86.48  96.79    92.07 102.37    85.80  96.11
2023-10-06    86.14  96.43    86.11  96.41   223.63 233.92    85.57  95.86    91.15 101.45    84.89  95.18
2023-10-07    85.22  95.51    85.20  95.48   222.71 233.00    84.65  94.94    90.24 100.52    83.97  94.26
2023-10-08    84.31  94.59    84.28  94.56   221.80 232.07    83.74  94.02    89.32  99.60    83.06  93.34
2023-10-09    83.40  93.66    83.37  93.64   220.88 231.15    82.83  93.09    88.41  98.68    82.14  92.41
2023-10-10    82.48  92.74    82.46  92.72   219.97 230.23    81.91  92.17    87.50  97.76    81.23  91.49
2023-10-11    81.57  91.82    81.54  91.80   219.06 229.31    81.00  91.25    86.59  96.84    80.32  90.57
2023-10-12    80.66  90.91    80.63  90.88   218.14 228.39    80.09  90.34    85.67  95.92    79.41  89.66
2023-10-13    79.75  89.99    79.72  89.96   217.23 227.48    79.18  89.42    84.76  95.00    78.49  88.74
2023-10-14    78.83  89.07    78.81  89.04   216.32 226.56    78.26  88.50    83.85  94.09    77.58  87.82
2023-10-15    77.92  88.15    77.90  88.13   215.41 225.64    77.35  87.58    82.94  93.17    76.67  86.90
2023-10-16    77.01  87.24    76.98  87.21   214.50 224.72    76.44  86.67    82.03  92.25    75.76  85.99
2023-10-17    76.10  86.32    76.07  86.29   213.59 223.81    75.53  85.75    81.11  91.34    74.85  85.07
2023-10-18    75.19  85.40    75.16  85.38   212.67 222.89    74.62  84.83    80.20  90.42    73.94  84.15
2023-10-19    74.27  84.49    74.25  84.46   211.76 221.98    73.70  83.92    79.29  89.50    73.02  83.24
2023-10-20    73.36  83.57    73.34  83.55   210.85 221.06    72.79  83.00    78.38  88.59    72.11  82.32
2023-10-21    72.45  82.66    72.42  82.63   209.94 220.14    71.88  82.09    77.46  87.67    71.20  81.41
2023-10-22    71.54  81.74    71.51  81.71   209.02 219.23    70.97  81.17    76.55  86.76    70.28  80.49
2023-10-23    70.62  80.83    70.60  80.80   208.11 218.31    70.05  80.26    75.64  85.84    69.37  79.57
2023-10-24    69.71  79.91    69.68  79.88   207.19 217.40    69.14  79.34    74.72  84.92    68.46  78.66
2023-10-25    68.79  78.99    68.77  78.97   206.28 216.48    68.22  78.42    73.81  84.01    67.54  77.74
2023-10-26    67.88  78.08    67.85  78.05   205.36 215.56    67.31  77.51    72.89  83.09    66.63  76.83
2023-10-27    66.96  77.16    66.93  77.13   204.45 214.65    66.39  76.59    71.97  82.17    65.71  75.91
2023-10-28    66.04  76.24    66.02  76.22   203.53 213.73    65.47  75.67    71.06  81.26    64.79  74.99
2023-10-29    65.12  75.32    65.10  75.30   202.61 212.81    64.55  74.75    70.14  80.34    63.87  74.07
2023-10-30    64.20  74.40    64.18  74.38   201.69 211.89    63.63  73.83    69.22  79.42    62.95  73.15
2023-10-31    63.28  73.49    63.26  73.46   200.77 210.97    62.71  72.92    68.30  78.50    62.03  72.23
2023-11-01    62.36  72.56    62.33  72.54   199.85 210.05    61.79  71.99    67.37  77.58    61.11  71.31
2023-11-02    61.44  71.64    61.41  71.62   198.92 209.13    60.87  71.07    66.45  76.66    60.18  70.39
2023-11-03    60.60  70.63    60.57  70.61   198.08 208.12    60.03  70.06    65.61  75.65    59.34  69.38
2023-11-04    59.91  69.47    59.88  69.45   197.39 206.96    59.34  68.90    64.92  74.49    58.65  68.22
2023-11-05    59.21  68.31    59.19  68.29   196.70 205.80    58.64  67.74    64.23  73.33    57.96  67.06
2023-11-06    58.52  67.15    58.49  67.12   196.01 204.64    57.95  66.58    63.54  72.17    57.27  65.90
2023-11-07    57.82  65.99    57.80  65.96   195.31 203.48    57.25  65.42    62.84  71.00    56.57  64.74
2023-11-08    57.13  64.82    57.10  64.80   194.61 202.31    56.56  64.25    62.14  69.84    55.88  63.57
2023-11-09    56.43  63.66    56.40  63.63   193.91 201.15    55.86  63.09    61.44  68.67    55.17  62.41
