
       Target
                ecliptic
RA      Dec     latitude
286.695  40.292  62.121

Checked interval [2020-01-01, 2023-12-31]
|           Window [days]                 |    Normal V3 PA [deg]    |
   Start           End         Duration         Start         End         RA            Dec     
 2020-04-06      2020-11-01       209.00     265.19535      65.66859     286.69515      40.29189 
 2021-04-06      2021-11-01       209.00     265.45655      65.92486     286.69515      40.29189 
 2022-04-07      2022-11-01       208.04     264.85266      66.13640     286.69515      40.29189 
 2023-04-07      2023-11-02       209.00     265.12169      65.53238     286.69515      40.29189 


                V3PA          NIRCam           NIRSpec         NIRISS           MIRI          FGS
   Date      min    max      min    max       min    max     min    max      min    max      min    max

2020-04-07   261.57 268.65   261.54 268.62    39.06  46.14   261.00 268.08   266.58 273.66   260.32 267.40
2020-04-08   260.42 268.06   260.39 268.04    37.91  45.55   259.85 267.49   265.44 273.08   259.17 266.81
2020-04-09   259.27 267.48   259.25 267.45    36.76  44.97   258.70 266.91   264.29 272.49   258.02 266.23
2020-04-10   258.13 266.90   258.10 266.87    35.61  44.38   257.56 266.33   263.14 271.91   256.88 265.65
2020-04-11   256.98 266.32   256.95 266.29    34.47  43.81   256.41 265.75   262.00 271.33   255.73 265.07
2020-04-12   255.84 265.74   255.81 265.71    33.32  43.23   255.27 265.17   260.85 270.76   254.59 264.49
2020-04-13   254.82 265.03   254.80 265.01    32.31  42.52   254.25 264.46   259.84 270.05   253.57 263.78
2020-04-14   253.97 264.17   253.94 264.15    31.45  41.66   253.40 263.60   258.98 269.19   252.72 262.92
2020-04-15   253.11 263.31   253.08 263.29    30.60  40.80   252.54 262.74   258.13 268.33   251.86 262.06
2020-04-16   252.25 262.46   252.23 262.43    29.74  39.94   251.68 261.89   257.27 267.47   251.00 261.21
2020-04-17   251.40 261.60   251.37 261.57    28.89  39.09   250.83 261.03   256.41 266.61   250.15 260.35
2020-04-18   250.54 260.74   250.52 260.72    28.03  38.23   249.97 260.17   255.56 265.76   249.29 259.49
2020-04-19   249.69 259.89   249.66 259.86    27.18  37.38   249.12 259.32   254.70 264.90   248.44 258.64
2020-04-20   248.83 259.03   248.81 259.01    26.32  36.52   248.26 258.46   253.85 264.05   247.58 257.78
2020-04-21   247.98 258.18   247.95 258.15    25.46  35.67   247.41 257.61   252.99 263.20   246.73 256.93
2020-04-22   247.12 257.33   247.10 257.30    24.61  34.81   246.55 256.76   252.14 262.34   245.87 256.08
2020-04-23   246.27 256.47   246.24 256.45    23.75  33.96   245.70 255.90   251.28 261.49   245.02 255.22
2020-04-24   245.41 255.62   245.38 255.59    22.90  33.11   244.84 255.05   250.42 260.64   244.16 254.37
2020-04-25   244.55 254.77   244.53 254.74    22.04  32.26   243.98 254.20   249.57 259.78   243.30 253.52
2020-04-26   243.70 253.92   243.67 253.89    21.18  31.40   243.13 253.35   248.71 258.93   242.44 252.66
2020-04-27   242.84 253.06   242.81 253.04    20.32  30.55   242.27 252.49   247.85 258.08   241.59 251.81
2020-04-28   241.98 252.21   241.95 252.18    19.47  29.70   241.41 251.64   246.99 257.22   240.73 250.96
2020-04-29   241.12 251.36   241.09 251.33    18.61  28.84   240.55 250.79   246.13 256.37   239.87 250.11
2020-04-30   240.26 250.50   240.23 250.48    17.74  27.99   239.69 249.93   245.27 255.52   239.01 249.25
2020-05-01   239.39 249.65   239.37 249.62    16.88  27.14   238.82 249.08   244.41 254.66   238.14 248.40
2020-05-02   238.53 248.79   238.50 248.77    16.02  26.28   237.96 248.22   243.55 253.81   237.28 247.54
2020-05-03   237.67 247.94   237.64 247.91    15.15  25.42   237.10 247.37   242.68 252.95   236.41 246.69
2020-05-04   236.80 247.08   236.77 247.05    14.29  24.57   236.23 246.51   241.81 252.09   235.55 245.83
2020-05-05   235.93 246.22   235.90 246.19    13.42  23.71   235.36 245.65   240.95 251.24   234.68 244.97
2020-05-06   235.06 245.36   235.03 245.34    12.55  22.85   234.49 244.79   240.08 250.38   233.81 244.11
2020-05-07   234.19 244.50   234.16 244.47    11.68  21.99   233.62 243.93   239.20 249.52   232.94 243.25
2020-05-08   233.31 243.64   233.29 243.61    10.80  21.13   232.74 243.07   238.33 248.65   232.06 242.39
2020-05-09   232.44 242.78   232.41 242.75     9.93  20.26   231.87 242.21   237.45 247.79   231.19 241.52
2020-05-10   231.56 241.91   231.53 241.88     9.05  19.40   230.99 241.34   236.58 246.93   230.31 240.66
2020-05-11   230.68 241.04   230.65 241.02     8.17  18.53   230.11 240.47   235.70 246.06   229.43 239.79
2020-05-12   229.80 240.17   229.77 240.15     7.28  17.66   229.23 239.60   234.81 245.19   228.55 238.92
2020-05-13   228.91 239.30   228.89 239.28     6.40  16.79   228.34 238.73   233.93 244.32   227.66 238.05
2020-05-14   228.02 238.43   228.00 238.40     5.51  15.92   227.45 237.86   233.04 243.45   226.77 237.18
2020-05-15   227.13 237.56   227.11 237.53     4.62  15.04   226.56 236.99   232.15 242.57   225.88 236.30
2020-05-16   226.24 236.68   226.21 236.65     3.73  14.17   225.67 236.11   231.25 241.69   224.99 235.43
2020-05-17   225.34 235.80   225.32 235.77     2.83  13.29   224.77 235.23   230.36 240.81   224.09 234.55
2020-05-18   224.44 234.92   224.42 234.89     1.93  12.40   223.87 234.35   229.46 239.93   223.19 233.67
2020-05-19   223.54 234.03   223.52 234.01     1.03  11.52   222.97 233.46   228.56 239.05   222.29 232.78
2020-05-20   222.64 233.14   222.61 233.12     0.12  10.63   222.07 232.57   227.65 238.16   221.39 231.89
2020-05-21   221.73 232.25   221.70 232.23   359.22   9.74   221.16 231.68   226.74 237.27   220.48 231.00
2020-05-22   220.82 231.36   220.79 231.33   358.30   8.85   220.25 230.79   225.83 236.38   219.57 230.11
2020-05-23   219.90 230.47   219.88 230.44   357.39   7.95   219.33 229.90   224.92 235.48   218.65 229.21
2020-05-24   218.98 229.57   218.96 229.54   356.47   7.05   218.41 229.00   224.00 234.58   217.73 228.32
2020-05-25   218.06 228.66   218.03 228.64   355.55   6.15   217.49 228.09   223.08 233.68   216.81 227.41
2020-05-26   217.14 227.76   217.11 227.73   354.62   5.25   216.57 227.19   222.15 232.77   215.88 226.51
2020-05-27   216.21 226.85   216.18 226.82   353.69   4.34   215.64 226.28   221.22 231.87   214.96 225.60
2020-05-28   215.27 225.94   215.25 225.91   352.76   3.43   214.70 225.37   220.29 230.95   214.02 224.69
2020-05-29   214.34 225.02   214.31 225.00   351.82   2.51   213.77 224.45   219.35 230.04   213.09 223.77
2020-05-30   213.40 224.10   213.37 224.08   350.88   1.59   212.83 223.53   218.41 229.12   212.15 222.85
2020-05-31   212.45 223.18   212.43 223.15   349.94   0.67   211.88 222.61   217.47 228.20   211.20 221.93
2020-06-01   211.50 222.25   211.48 222.23   348.99 359.74   210.93 221.68   216.52 227.27   210.25 221.00
2020-06-02   210.55 221.32   210.53 221.30   348.04 358.81   209.98 220.75   215.57 226.34   209.30 220.07
2020-06-03   209.60 220.39   209.57 220.36   347.08 357.88   209.03 219.82   214.61 225.41   208.34 219.14
2020-06-04   208.64 219.45   208.61 219.43   346.12 356.94   208.07 218.88   213.65 224.47   207.38 218.20
2020-06-05   207.67 218.51   207.64 218.48   345.16 356.00   207.10 217.94   212.69 223.53   206.42 217.26
2020-06-06   206.70 217.57   206.68 217.54   344.19 355.05   206.13 217.00   211.72 222.58   205.45 216.32
2020-06-07   205.73 216.62   205.70 216.59   343.22 354.10   205.16 216.05   210.75 221.63   204.48 215.37
2020-06-08   204.75 215.66   204.73 215.64   342.24 353.15   204.18 215.09   209.77 220.68   203.50 214.41
2020-06-09   203.77 214.70   203.75 214.68   341.26 352.19   203.20 214.13   208.79 219.72   202.52 213.45
2020-06-10   202.79 213.74   202.76 213.72   340.28 351.23   202.22 213.17   207.80 218.76   201.54 212.49
2020-06-11   201.80 212.78   201.77 212.75   339.29 350.26   201.23 212.21   206.81 217.79   200.55 211.53
2020-06-12   200.81 211.81   200.78 211.78   338.29 349.29   200.24 211.24   205.82 216.82   199.55 210.56
2020-06-13   199.81 210.83   199.78 210.80   337.30 348.32   199.24 210.26   204.82 215.85   198.56 209.58
2020-06-14   198.81 209.85   198.78 209.83   336.29 347.34   198.24 209.28   203.82 214.87   197.56 208.60
2020-06-15   197.80 208.87   197.77 208.84   335.29 346.36   197.23 208.30   202.82 213.88   196.55 207.62
2020-06-16   196.79 207.88   196.76 207.86   334.28 345.37   196.22 207.31   201.81 212.90   195.54 206.63
2020-06-17   195.78 206.89   195.75 206.86   333.26 344.38   195.21 206.32   200.79 211.91   194.53 205.64
2020-06-18   194.76 205.89   194.73 205.87   332.25 343.38   194.19 205.32   199.77 210.91   193.51 204.64
2020-06-19   193.74 204.89   193.71 204.87   331.22 342.38   193.17 204.32   198.75 209.91   192.49 203.64
2020-06-20   192.71 203.89   192.68 203.86   330.20 341.38   192.14 203.32   197.73 208.90   191.46 202.64
2020-06-21   191.68 202.88   191.66 202.85   329.17 340.37   191.11 202.31   196.70 207.90   190.43 201.63
2020-06-22   190.65 201.87   190.62 201.84   328.14 339.36   190.08 201.30   195.66 206.88   189.40 200.62
2020-06-23   189.61 200.85   189.58 200.82   327.10 338.34   189.04 200.28   194.63 205.87   188.36 199.60
2020-06-24   188.57 199.83   188.54 199.80   326.06 337.32   188.00 199.26   193.58 204.85   187.32 198.58
2020-06-25   187.52 198.80   187.50 198.78   325.01 336.29   186.95 198.23   192.54 203.82   186.27 197.55
2020-06-26   186.48 197.78   186.45 197.75   323.96 335.26   185.91 197.21   191.49 202.79   185.23 196.52
2020-06-27   185.42 196.74   185.40 196.72   322.91 334.23   184.85 196.17   190.44 201.76   184.17 195.49
2020-06-28   184.37 195.71   184.34 195.68   321.86 333.19   183.80 195.14   189.38 200.72   183.12 194.45
2020-06-29   183.31 194.67   183.28 194.64   320.80 332.15   182.74 194.10   188.33 199.68   182.06 193.41
2020-06-30   182.25 193.62   182.22 193.59   319.74 331.11   181.68 193.05   187.26 198.64   181.00 192.37
2020-07-01   181.18 192.57   181.16 192.55   318.67 330.06   180.61 192.00   186.20 197.59   179.93 191.32
2020-07-02   180.12 191.52   180.09 191.49   317.60 329.01   179.55 190.95   185.13 196.54   178.87 190.27
2020-07-03   179.05 190.47   179.02 190.44   316.53 327.95   178.48 189.90   184.06 195.48   177.80 189.22
2020-07-04   177.97 189.41   177.95 189.38   315.46 326.89   177.40 188.84   182.99 194.42   176.72 188.16
2020-07-05   176.90 188.35   176.87 188.32   314.39 325.83   176.33 187.78   181.91 193.36   175.65 187.10
2020-07-06   175.82 187.28   175.80 187.25   313.31 324.77   175.25 186.71   180.84 192.30   174.57 186.03
2020-07-07   174.74 186.21   174.72 186.19   312.23 323.70   174.17 185.64   179.76 191.23   173.49 184.96
2020-07-08   173.66 185.14   173.63 185.12   311.15 322.63   173.09 184.57   178.68 190.16   172.41 183.89
2020-07-09   172.58 184.07   172.55 184.04   310.06 321.56   172.01 183.50   177.59 189.09   171.33 182.82
2020-07-10   171.49 182.99   171.46 182.97   308.98 320.48   170.92 182.42   176.51 188.01   170.24 181.74
2020-07-11   170.40 181.92   170.38 181.89   307.89 319.40   169.83 181.35   175.42 186.93   169.15 180.67
2020-07-12   169.32 180.84   169.29 180.81   306.80 318.32   168.75 180.27   174.33 185.85   168.07 179.59
2020-07-13   168.23 179.75   168.20 179.73   305.71 317.24   167.66 179.18   173.24 184.77   166.98 178.50
2020-07-14   167.14 178.67   167.11 178.64   304.62 316.16   166.57 178.10   172.15 183.69   165.89 177.42
2020-07-15   166.04 177.58   166.02 177.56   303.53 315.07   165.47 177.01   171.06 182.60   164.79 176.33
2020-07-16   164.95 176.50   164.93 176.47   302.44 313.98   164.38 175.93   169.97 181.51   163.70 175.25
2020-07-17   163.86 175.41   163.83 175.38   301.35 312.90   163.29 174.84   168.88 180.42   162.61 174.16
2020-07-18   162.77 174.32   162.74 174.29   300.26 311.81   162.20 173.75   167.78 179.33   161.52 173.07
2020-07-19   161.68 173.23   161.65 173.20   299.16 310.72   161.11 172.66   166.69 178.24   160.42 171.98
2020-07-20   160.58 172.14   160.56 172.11   298.07 309.62   160.01 171.57   165.60 177.15   159.33 170.89
2020-07-21   159.49 171.04   159.46 171.02   296.98 308.53   158.92 170.47   164.51 176.06   158.24 169.79
2020-07-22   158.40 169.95   158.37 169.92   295.89 307.44   157.83 169.38   163.41 174.97   157.15 168.70
2020-07-23   157.31 168.86   157.28 168.83   294.80 306.35   156.74 168.29   162.32 173.87   156.06 167.61
2020-07-24   156.22 167.77   156.19 167.74   293.71 305.25   155.65 167.20   161.23 172.78   154.97 166.51
2020-07-25   155.13 166.67   155.10 166.65   292.62 304.16   154.56 166.10   160.14 171.69   153.88 165.42
2020-07-26   154.04 165.58   154.01 165.55   291.53 303.07   153.47 165.01   159.06 170.59   152.79 164.33
2020-07-27   152.96 164.49   152.93 164.46   290.44 301.97   152.39 163.92   157.97 169.50   151.70 163.24
2020-07-28   151.87 163.40   151.84 163.37   289.36 300.88   151.30 162.83   156.89 168.41   150.62 162.15
2020-07-29   150.79 162.31   150.76 162.28   288.27 299.79   150.22 161.74   155.80 167.32   149.54 161.05
2020-07-30   149.71 161.22   149.68 161.19   287.19 298.70   149.14 160.65   154.72 166.23   148.46 159.97
2020-07-31   148.63 160.13   148.60 160.10   286.11 297.62   148.06 159.56   153.64 165.14   147.38 158.88
2020-08-01   147.55 159.04   147.52 159.01   285.04 296.53   146.98 158.47   152.57 164.06   146.30 157.79
2020-08-02   146.48 157.96   146.45 157.93   283.96 295.44   145.91 157.39   151.49 162.97   145.22 156.70
2020-08-03   145.40 156.87   145.38 156.85   282.89 294.36   144.83 156.30   150.42 161.89   144.15 155.62
2020-08-04   144.33 155.79   144.31 155.76   281.82 293.28   143.76 155.22   149.35 160.80   143.08 154.54
2020-08-05   143.27 154.71   143.24 154.68   280.75 292.20   142.70 154.14   148.28 159.73   142.02 153.46
2020-08-06   142.20 153.63   142.18 153.61   279.69 291.12   141.63 153.06   147.22 158.65   140.95 152.38
2020-08-07   141.14 152.56   141.12 152.53   278.63 290.04   140.57 151.99   146.16 157.57   139.89 151.31
2020-08-08   140.09 151.48   140.06 151.46   277.57 288.97   139.52 150.91   145.10 156.50   138.83 150.23
2020-08-09   139.03 150.41   139.00 150.39   276.52 287.90   138.46 149.84   144.05 155.43   137.78 149.16
2020-08-10   137.98 149.35   137.95 149.32   275.47 286.83   137.41 148.78   143.00 154.36   136.73 148.10
2020-08-11   136.93 148.28   136.91 148.25   274.42 285.77   136.36 147.71   141.95 153.30   135.68 147.03
2020-08-12   135.89 147.22   135.86 147.19   273.38 284.71   135.32 146.65   140.90 152.23   134.64 145.97
2020-08-13   134.85 146.16   134.82 146.13   272.34 283.65   134.28 145.59   139.86 151.18   133.60 144.91
2020-08-14   133.81 145.10   133.79 145.08   271.30 282.59   133.24 144.53   138.83 150.12   132.56 143.85
2020-08-15   132.78 144.05   132.75 144.03   270.27 281.54   132.21 143.48   137.79 149.07   131.53 142.80
2020-08-16   131.75 143.00   131.72 142.98   269.24 280.49   131.18 142.43   136.76 148.02   130.50 141.75
2020-08-17   130.72 141.96   130.70 141.93   268.21 279.45   130.15 141.39   135.74 146.97   129.47 140.71
2020-08-18   129.70 140.92   129.68 140.89   267.19 278.40   129.13 140.35   134.72 145.93   128.45 139.66
2020-08-19   128.69 139.88   128.66 139.85   266.17 277.36   128.12 139.31   133.70 144.89   127.43 138.63
2020-08-20   127.67 138.84   127.65 138.82   265.16 276.33   127.10 138.27   132.69 143.86   126.42 137.59
2020-08-21   126.66 137.81   126.64 137.78   264.15 275.30   126.09 137.24   131.68 142.83   125.41 136.56
2020-08-22   125.66 136.78   125.63 136.76   263.14 274.27   125.09 136.21   130.67 141.80   124.41 135.53
2020-08-23   124.66 135.76   124.63 135.73   262.14 273.25   124.09 135.19   129.67 140.78   123.40 134.51
2020-08-24   123.66 134.74   123.63 134.71   261.15 272.23   123.09 134.17   128.67 139.76   122.41 133.49
2020-08-25   122.66 133.72   122.64 133.70   260.15 271.21   122.09 133.15   127.68 138.74   121.41 132.47
2020-08-26   121.68 132.71   121.65 132.69   259.16 270.20   121.11 132.14   126.69 137.73   120.42 131.46
2020-08-27   120.69 131.70   120.66 131.68   258.18 269.19   120.12 131.13   125.71 136.72   119.44 130.45
2020-08-28   119.71 130.70   119.68 130.67   257.20 268.19   119.14 130.13   124.72 135.72   118.46 129.45
2020-08-29   118.73 129.70   118.71 129.67   256.22 267.19   118.16 129.13   123.75 134.72   117.48 128.45
2020-08-30   117.76 128.70   117.73 128.68   255.25 266.19   117.19 128.13   122.77 133.72   116.51 127.45
2020-08-31   116.79 127.71   116.76 127.69   254.28 265.20   116.22 127.14   121.81 132.73   115.54 126.46
2020-09-01   115.82 126.72   115.80 126.70   253.31 264.21   115.25 126.15   120.84 131.74   114.57 125.47
2020-09-02   114.86 125.74   114.84 125.71   252.35 263.23   114.29 125.17   119.88 130.75   113.61 124.49
2020-09-03   113.91 124.76   113.88 124.73   251.39 262.25   113.34 124.19   118.92 129.77   112.66 123.51
2020-09-04   112.95 123.78   112.93 123.76   250.44 261.27   112.38 123.21   117.97 128.80   111.70 122.53
2020-09-05   112.00 122.81   111.98 122.78   249.49 260.30   111.43 122.24   117.02 127.83   110.75 121.56
2020-09-06   111.06 121.84   111.03 121.82   248.54 259.33   110.49 121.27   116.07 126.86   109.81 120.59
2020-09-07   110.11 120.88   110.09 120.85   247.60 258.37   109.54 120.31   115.13 125.89   108.86 119.63
2020-09-08   109.18 119.92   109.15 119.89   246.66 257.40   108.61 119.35   114.19 124.93   107.93 118.67
2020-09-09   108.24 118.96   108.21 118.93   245.73 256.45   107.67 118.39   113.26 123.98   106.99 117.71
2020-09-10   107.31 118.01   107.28 117.98   244.80 255.49   106.74 117.44   112.32 123.02   106.06 116.76
2020-09-11   106.38 117.06   106.36 117.03   243.87 254.54   105.81 116.49   111.40 122.07   105.13 115.81
2020-09-12   105.46 116.11   105.43 116.08   242.94 253.60   104.89 115.54   110.47 121.13   104.21 114.86
2020-09-13   104.54 115.17   104.51 115.14   242.02 252.66   103.97 114.60   109.55 120.18   103.28 113.92
2020-09-14   103.62 114.23   103.59 114.20   241.10 251.72   103.05 113.66   108.63 119.25   102.37 112.98
2020-09-15   102.70 113.29   102.68 113.27   240.19 250.78   102.13 112.72   107.72 118.31   101.45 112.04
2020-09-16   101.79 112.36   101.76 112.34   239.28 249.85   101.22 111.79   106.81 117.38   100.54 111.11
2020-09-17   100.88 111.43   100.85 111.41   238.37 248.92   100.31 110.86   105.90 116.45    99.63 110.18
2020-09-18    99.97 110.51    99.95 110.48   237.46 248.00    99.40 109.94   104.99 115.52    98.72 109.26
2020-09-19    99.07 109.59    99.04 109.56   236.56 247.07    98.50 109.02   104.09 114.60    97.82 108.34
2020-09-20    98.17 108.67    98.14 108.64   235.66 246.16    97.60 108.10   103.19 113.68    96.92 107.42
2020-09-21    97.27 107.75    97.25 107.73   234.76 245.24    96.70 107.18   102.29 112.77    96.02 106.50
2020-09-22    96.38 106.84    96.35 106.81   233.86 244.33    95.81 106.27   101.39 111.85    95.13 105.59
2020-09-23    95.48 105.93    95.46 105.90   232.97 243.42    94.91 105.36   100.50 110.94    94.23 104.68
2020-09-24    94.59 105.02    94.57 104.99   232.08 242.51    94.02 104.45    99.61 110.04    93.34 103.77
2020-09-25    93.70 104.12    93.68 104.09   231.19 241.60    93.13 103.55    98.72 109.13    92.45 102.87
2020-09-26    92.82 103.21    92.79 103.19   230.30 240.70    92.25 102.64    97.83 108.23    91.57 101.96
2020-09-27    91.93 102.31    91.91 102.29   229.42 239.80    91.36 101.74    96.95 107.33    90.68 101.06
2020-09-28    91.05 101.42    91.02 101.39   228.54 238.91    90.48 100.85    96.06 106.43    89.80 100.17
2020-09-29    90.17 100.52    90.14 100.50   227.66 238.01    89.60  99.95    95.18 105.54    88.92  99.27
2020-09-30    89.29  99.63    89.26  99.60   226.78 237.12    88.72  99.06    94.30 104.65    88.04  98.38
2020-10-01    88.41  98.74    88.39  98.71   225.90 236.23    87.84  98.17    93.43 103.75    87.16  97.49
2020-10-02    87.54  97.85    87.51  97.82   225.02 235.34    86.97  97.28    92.55 102.87    86.28  96.60
2020-10-03    86.66  96.96    86.63  96.94   224.15 234.45    86.09  96.39    91.68 101.98    85.41  95.71
2020-10-04    85.79  96.08    85.76  96.05   223.27 233.57    85.22  95.51    90.80 101.09    84.54  94.83
2020-10-05    84.91  95.20    84.89  95.17   222.40 232.68    84.34  94.63    89.93 100.21    83.66  93.95
2020-10-06    84.04  94.32    84.02  94.29   221.53 231.80    83.47  93.75    89.06  99.33    82.79  93.06
2020-10-07    83.17  93.44    83.14  93.41   220.66 230.92    82.60  92.87    88.19  98.45    81.92  92.18
2020-10-08    82.30  92.56    82.28  92.53   219.79 230.04    81.73  91.99    87.32  97.57    81.05  91.31
2020-10-09    81.43  91.68    81.41  91.65   218.92 229.17    80.86  91.11    86.45  96.69    80.18  90.43
2020-10-10    80.56  90.80    80.54  90.78   218.05 228.29    79.99  90.23    85.58  95.82    79.31  89.55
2020-10-11    79.70  89.93    79.67  89.90   217.18 227.42    79.13  89.36    84.71  94.94    78.44  88.68
2020-10-12    78.83  89.05    78.80  89.03   216.31 226.54    78.26  88.48    83.84  94.07    77.58  87.80
2020-10-13    77.96  88.18    77.93  88.15   215.45 225.67    77.39  87.61    82.97  93.20    76.71  86.93
2020-10-14    77.09  87.31    77.06  87.28   214.58 224.79    76.52  86.74    82.11  92.32    75.84  86.06
2020-10-15    76.22  86.44    76.20  86.41   213.71 223.92    75.65  85.87    81.24  91.45    74.97  85.18
2020-10-16    75.36  85.56    75.33  85.54   212.84 223.05    74.79  84.99    80.37  90.58    74.10  84.31
2020-10-17    74.49  84.69    74.46  84.67   211.97 222.18    73.92  84.12    79.50  89.71    73.24  83.44
2020-10-18    73.62  83.82    73.59  83.79   211.11 221.31    73.05  83.25    78.63  88.84    72.37  82.57
2020-10-19    72.75  82.95    72.72  82.92   210.24 220.44    72.18  82.38    77.76  87.97    71.50  81.70
2020-10-20    71.88  82.08    71.85  82.05   209.37 219.57    71.31  81.51    76.89  87.09    70.63  80.83
2020-10-21    71.01  81.21    70.98  81.18   208.50 218.70    70.44  80.64    76.02  86.22    69.76  79.96
2020-10-22    70.14  80.34    70.11  80.31   207.62 217.82    69.57  79.77    75.15  85.35    68.89  79.09
2020-10-23    69.26  79.47    69.24  79.44   206.75 216.95    68.69  78.90    74.28  84.48    68.01  78.21
2020-10-24    68.39  78.59    68.36  78.57   205.88 216.08    67.82  78.02    73.41  83.61    67.14  77.34
2020-10-25    67.52  77.72    67.49  77.69   205.00 215.21    66.95  77.15    72.53  82.74    66.26  76.47
2020-10-26    66.64  76.85    66.61  76.82   204.13 214.33    66.07  76.28    71.65  81.86    65.39  75.60
2020-10-27    65.93  75.80    65.90  75.78   203.42 213.29    65.36  75.23    70.95  80.82    64.68  74.55
2020-10-28    65.34  74.64    65.31  74.61   202.83 212.13    64.77  74.07    70.36  79.65    64.09  73.39
2020-10-29    64.75  73.47    64.72  73.45   202.24 210.96    64.18  72.90    69.76  78.49    63.50  72.22
2020-10-30    64.16  72.31    64.13  72.28   201.64 209.79    63.59  71.74    69.17  77.32    62.90  71.06
2020-10-31    63.56  71.14    63.53  71.11   201.05 208.63    62.99  70.57    68.57  76.15    62.31  69.89
2020-11-01    62.96  69.97    62.93  69.94   200.45 207.46    62.39  69.40    67.98  74.98    61.71  68.72

2021-04-07   261.92 268.82   261.89 268.79    39.41  46.31   261.35 268.25   266.94 273.83   260.67 267.57
2021-04-08   260.77 268.23   260.75 268.21    38.26  45.72   260.20 267.66   265.79 273.25   259.52 266.98
2021-04-09   259.62 267.65   259.60 267.62    37.11  45.14   259.05 267.08   264.64 272.66   258.37 266.40
2021-04-10   258.48 267.07   258.45 267.04    35.97  44.56   257.91 266.50   263.49 272.08   257.23 265.82
2021-04-11   257.33 266.49   257.31 266.46    34.82  43.98   256.76 265.92   262.35 271.50   256.08 265.24
2021-04-12   256.19 265.91   256.16 265.88    33.68  43.40   255.62 265.34   261.20 270.93   254.94 264.66
2021-04-13   255.08 265.29   255.06 265.27    32.57  42.78   254.51 264.72   260.10 270.31   253.83 264.04
2021-04-14   254.23 264.43   254.20 264.41    31.71  41.92   253.66 263.86   259.24 269.45   252.98 263.18
2021-04-15   253.37 263.57   253.34 263.55    30.86  41.06   252.80 263.00   258.39 268.59   252.12 262.32
2021-04-16   252.51 262.72   252.49 262.69    30.00  40.20   251.94 262.15   257.53 267.73   251.26 261.47
2021-04-17   251.66 261.86   251.63 261.83    29.15  39.35   251.09 261.29   256.67 266.87   250.41 260.61
2021-04-18   250.80 261.00   250.78 260.98    28.29  38.49   250.23 260.43   255.82 266.02   249.55 259.75
2021-04-19   249.95 260.15   249.92 260.12    27.44  37.64   249.38 259.58   254.96 265.16   248.70 258.90
2021-04-20   249.09 259.29   249.07 259.27    26.58  36.78   248.52 258.72   254.11 264.31   247.84 258.04
2021-04-21   248.24 258.44   248.21 258.41    25.72  35.93   247.67 257.87   253.25 263.45   246.99 257.19
2021-04-22   247.38 257.59   247.35 257.56    24.87  35.07   246.81 257.02   252.40 262.60   246.13 256.33
2021-04-23   246.53 256.73   246.50 256.71    24.01  34.22   245.96 256.16   251.54 261.75   245.27 255.48
2021-04-24   245.67 255.88   245.64 255.85    23.16  33.37   245.10 255.31   250.68 260.89   244.42 254.63
2021-04-25   244.81 255.03   244.79 255.00    22.30  32.51   244.24 254.46   249.83 260.04   243.56 253.78
2021-04-26   243.95 254.17   243.93 254.15    21.44  31.66   243.38 253.60   248.97 259.19   242.70 252.92
2021-04-27   243.10 253.32   243.07 253.29    20.58  30.81   242.53 252.75   248.11 258.34   241.85 252.07
2021-04-28   242.24 252.47   242.21 252.44    19.72  29.95   241.67 251.90   247.25 257.48   240.99 251.22
2021-04-29   241.38 251.61   241.35 251.59    18.86  29.10   240.81 251.04   246.39 256.63   240.13 250.36
2021-04-30   240.52 250.76   240.49 250.73    18.00  28.25   239.95 250.19   245.53 255.77   239.27 249.51
2021-05-01   239.65 249.90   239.63 249.88    17.14  27.39   239.08 249.33   244.67 254.92   238.40 248.65
2021-05-02   238.79 249.05   238.76 249.02    16.28  26.54   238.22 248.48   243.80 254.06   237.54 247.80
2021-05-03   237.92 248.19   237.90 248.17    15.41  25.68   237.35 247.62   242.94 253.21   236.67 246.94
2021-05-04   237.06 247.33   237.03 247.31    14.54  24.82   236.49 246.76   242.07 252.35   235.81 246.08
2021-05-05   236.19 246.48   236.16 246.45    13.68  23.96   235.62 245.91   241.20 251.49   234.94 245.23
2021-05-06   235.32 245.62   235.29 245.59    12.81  23.10   234.75 245.05   240.33 250.63   234.07 244.37
2021-05-07   234.45 244.76   234.42 244.73    11.93  22.24   233.88 244.19   239.46 249.77   233.20 243.50
2021-05-08   233.57 243.89   233.55 243.87    11.06  21.38   233.00 243.32   238.59 248.91   232.32 242.64
2021-05-09   232.70 243.03   232.67 243.00    10.18  20.52   232.13 242.46   237.71 248.04   231.44 241.78
2021-05-10   231.82 242.16   231.79 242.14     9.30  19.65   231.25 241.59   236.83 247.18   230.57 240.91
2021-05-11   230.94 241.30   230.91 241.27     8.42  18.78   230.37 240.73   235.95 246.31   229.69 240.05
2021-05-12   230.05 240.43   230.03 240.40     7.54  17.91   229.48 239.86   235.07 245.44   228.80 239.18
2021-05-13   229.17 239.56   229.14 239.53     6.65  17.04   228.60 238.99   234.18 244.57   227.92 238.30
2021-05-14   228.28 238.68   228.25 238.66     5.77  16.17   227.71 238.11   233.29 243.70   227.03 237.43
2021-05-15   227.39 237.81   227.36 237.78     4.88  15.29   226.82 237.24   232.40 242.82   226.14 236.56
2021-05-16   226.49 236.93   226.47 236.90     3.98  14.42   225.92 236.36   231.51 241.94   225.24 235.68
2021-05-17   225.60 236.05   225.57 236.02     3.09  13.54   225.03 235.48   230.61 241.06   224.35 234.80
2021-05-18   224.70 235.17   224.67 235.14     2.19  12.65   224.13 234.60   229.71 240.18   223.45 233.92
2021-05-19   223.80 234.28   223.77 234.26     1.28  11.77   223.23 233.71   228.81 239.30   222.55 233.03
2021-05-20   222.89 233.39   222.86 233.37     0.38  10.88   222.32 232.82   227.91 238.41   221.64 232.14
2021-05-21   221.98 232.50   221.96 232.48   359.47   9.99   221.41 231.93   227.00 237.52   220.73 231.25
2021-05-22   221.07 231.61   221.04 231.58   358.56   9.10   220.50 231.04   226.08 236.62   219.82 230.36
2021-05-23   220.15 230.71   220.13 230.69   357.64   8.20   219.58 230.14   225.17 235.73   218.90 229.46
2021-05-24   219.24 229.81   219.21 229.79   356.72   7.30   218.67 229.24   224.25 234.83   217.98 228.56
2021-05-25   218.31 228.91   218.29 228.88   355.80   6.40   217.74 228.34   223.33 233.93   217.06 227.66
2021-05-26   217.39 228.01   217.36 227.98   354.87   5.49   216.82 227.44   222.40 233.02   216.14 226.75
2021-05-27   216.46 227.10   216.43 227.07   353.94   4.58   215.89 226.53   221.47 232.11   215.21 225.85
2021-05-28   215.52 226.18   215.50 226.16   353.01   3.67   214.95 225.61   220.54 231.20   214.27 224.93
2021-05-29   214.59 225.27   214.56 225.24   352.07   2.76   214.02 224.70   219.60 230.28   213.34 224.02
2021-05-30   213.65 224.35   213.62 224.32   351.13   1.84   213.08 223.78   218.66 229.36   212.39 223.10
2021-05-31   212.70 223.42   212.67 223.40   350.19   0.91   212.13 222.85   217.72 228.44   211.45 222.17
2021-06-01   211.75 222.50   211.73 222.47   349.24 359.99   211.18 221.93   216.77 227.51   210.50 221.25
2021-06-02   210.80 221.57   210.77 221.54   348.29 359.05   210.23 221.00   215.81 226.58   209.55 220.32
2021-06-03   209.84 220.63   209.82 220.61   347.33 358.12   209.27 220.06   214.86 225.65   208.59 219.38
2021-06-04   208.88 219.69   208.85 219.67   346.37 357.18   208.31 219.12   213.90 224.71   207.63 218.44
2021-06-05   207.92 218.75   207.89 218.73   345.40 356.24   207.35 218.18   212.93 223.77   206.67 217.50
2021-06-06   206.95 217.81   206.92 217.78   344.43 355.29   206.38 217.24   211.96 222.82   205.70 216.56
2021-06-07   205.97 216.86   205.95 216.83   343.46 354.34   205.40 216.29   210.99 221.87   204.72 215.60
2021-06-08   205.00 215.90   204.97 215.87   342.48 353.39   204.43 215.33   210.01 220.92   203.75 214.65
2021-06-09   204.02 214.94   203.99 214.92   341.50 352.43   203.45 214.37   209.03 219.96   202.76 213.69
2021-06-10   203.03 213.98   203.00 213.95   340.52 351.47   202.46 213.41   208.05 219.00   201.78 212.73
2021-06-11   202.04 213.01   202.01 212.99   339.53 350.50   201.47 212.44   207.06 218.03   200.79 211.76
2021-06-12   201.05 212.04   201.02 212.02   338.53 349.53   200.48 211.47   206.06 217.06   199.80 210.79
2021-06-13   200.05 211.07   200.02 211.04   337.54 348.55   199.48 210.50   205.06 216.08   198.80 209.82
2021-06-14   199.05 210.09   199.02 210.06   336.53 347.57   198.48 209.52   204.06 215.10   197.79 208.84
2021-06-15   198.04 209.10   198.01 209.08   335.53 346.59   197.47 208.53   203.05 214.12   196.79 207.85
2021-06-16   197.03 208.12   197.00 208.09   334.52 345.60   196.46 207.55   202.04 213.13   195.78 206.86
2021-06-17   196.01 207.12   195.99 207.10   333.50 344.61   195.44 206.55   201.03 212.14   194.76 205.87
2021-06-18   194.99 206.13   194.97 206.10   332.48 343.61   194.42 205.56   200.01 211.14   193.74 204.88
2021-06-19   193.97 205.13   193.95 205.10   331.46 342.61   193.40 204.56   198.99 210.14   192.72 203.87
2021-06-20   192.95 204.12   192.92 204.09   330.43 341.61   192.38 203.55   197.96 209.14   191.69 202.87
2021-06-21   191.91 203.11   191.89 203.08   329.40 340.60   191.34 202.54   196.93 208.13   190.66 201.86
2021-06-22   190.88 202.10   190.85 202.07   328.37 339.58   190.31 201.53   195.90 207.11   189.63 200.85
2021-06-23   189.84 201.08   189.82 201.05   327.33 338.57   189.27 200.51   194.86 206.09   188.59 199.83
2021-06-24   188.80 200.06   188.77 200.03   326.29 337.55   188.23 199.49   193.82 205.07   187.55 198.81
2021-06-25   187.75 199.03   187.73 199.01   325.24 336.52   187.18 198.46   192.77 204.05   186.50 197.78
2021-06-26   186.71 198.00   186.68 197.98   324.19 335.49   186.14 197.43   191.72 203.02   185.45 196.75
2021-06-27   185.65 196.97   185.63 196.94   323.14 334.46   185.08 196.40   190.67 201.98   184.40 195.72
2021-06-28   184.60 195.93   184.57 195.90   322.08 333.42   184.03 195.36   189.61 200.95   183.35 194.68
2021-06-29   183.54 194.89   183.51 194.86   321.03 332.38   182.97 194.32   188.55 199.90   182.29 193.64
2021-06-30   182.48 193.84   182.45 193.82   319.96 331.33   181.91 193.27   187.49 198.86   181.22 192.59
2021-07-01   181.41 192.80   181.38 192.77   318.90 330.28   180.84 192.23   186.43 197.81   180.16 191.55
2021-07-02   180.34 191.74   180.32 191.72   317.83 329.23   179.77 191.17   185.36 196.76   179.09 190.49
2021-07-03   179.27 190.69   179.25 190.66   316.76 328.18   178.70 190.12   184.29 195.70   178.02 189.44
2021-07-04   178.20 189.63   178.17 189.60   315.69 327.12   177.63 189.06   183.21 194.64   176.95 188.38
2021-07-05   177.12 188.57   177.10 188.54   314.61 326.06   176.55 188.00   182.14 193.58   175.87 187.32
2021-07-06   176.04 187.50   176.02 187.48   313.53 324.99   175.47 186.93   181.06 192.52   174.79 186.25
2021-07-07   174.96 186.44   174.94 186.41   312.45 323.92   174.39 185.87   179.98 191.45   173.71 185.18
2021-07-08   173.88 185.36   173.86 185.34   311.37 322.85   173.31 184.79   178.90 190.38   172.63 184.11
2021-07-09   172.80 184.29   172.77 184.26   310.29 321.78   172.23 183.72   177.81 189.31   171.55 183.04
2021-07-10   171.71 183.22   171.69 183.19   309.20 320.70   171.14 182.65   176.73 188.23   170.46 181.97
2021-07-11   170.63 182.14   170.60 182.11   308.11 319.63   170.06 181.57   175.64 187.15   169.38 180.89
2021-07-12   169.54 181.06   169.51 181.03   307.03 318.55   168.97 180.49   174.55 186.07   168.29 179.81
2021-07-13   168.45 179.98   168.42 179.95   305.94 317.46   167.88 179.41   173.46 184.99   167.20 178.73
2021-07-14   167.36 178.89   167.33 178.87   304.85 316.38   166.79 178.32   172.37 183.91   166.11 177.64
2021-07-15   166.27 177.81   166.24 177.78   303.75 315.29   165.70 177.24   171.28 182.82   165.02 176.56
2021-07-16   165.18 176.72   165.15 176.69   302.66 314.21   164.61 176.15   170.19 181.73   163.92 175.47
2021-07-17   164.08 175.63   164.06 175.60   301.57 313.12   163.51 175.06   169.10 180.65   162.83 174.38
2021-07-18   162.99 174.54   162.97 174.52   300.48 312.03   162.42 173.97   168.01 179.56   161.74 173.29
2021-07-19   161.90 173.45   161.87 173.43   299.39 310.94   161.33 172.88   166.91 178.47   160.65 172.20
2021-07-20   160.81 172.36   160.78 172.33   298.30 309.85   160.24 171.79   165.82 177.38   159.56 171.11
2021-07-21   159.72 171.27   159.69 171.24   297.20 308.76   159.15 170.70   164.73 176.28   158.47 170.02
2021-07-22   158.63 170.18   158.60 170.15   296.11 307.66   158.06 169.61   163.64 175.19   157.37 168.93
2021-07-23   157.54 169.09   157.51 169.06   295.02 306.57   156.97 168.52   162.55 174.10   156.28 167.83
2021-07-24   156.45 167.99   156.42 167.97   293.93 305.48   155.88 167.42   161.46 173.01   155.20 166.74
2021-07-25   155.36 166.90   155.33 166.87   292.85 304.39   154.79 166.33   160.37 171.92   154.11 165.65
2021-07-26   154.27 165.81   154.24 165.78   291.76 303.30   153.70 165.24   159.29 170.82   153.02 164.56
2021-07-27   153.19 164.72   153.16 164.69   290.67 302.21   152.62 164.15   158.20 169.73   151.93 163.47
2021-07-28   152.10 163.63   152.08 163.60   289.59 301.12   151.53 163.06   157.12 168.64   150.85 162.38
2021-07-29   151.02 162.54   150.99 162.51   288.51 300.03   150.45 161.97   156.03 167.55   149.77 161.29
2021-07-30   149.94 161.45   149.91 161.42   287.43 298.94   149.37 160.88   154.95 166.47   148.69 160.20
2021-07-31   148.86 160.36   148.83 160.34   286.35 297.85   148.29 159.79   153.88 165.38   147.61 159.11
2021-08-01   147.79 159.28   147.76 159.25   285.27 296.76   147.22 158.71   152.80 164.29   146.53 158.03
2021-08-02   146.71 158.19   146.69 158.17   284.20 295.68   146.14 157.62   151.73 163.21   145.46 156.94
2021-08-03   145.64 157.11   145.61 157.08   283.13 294.60   145.07 156.54   150.66 162.13   144.39 155.86
2021-08-04   144.57 156.03   144.55 156.00   282.06 293.52   144.00 155.46   149.59 161.05   143.32 154.78
2021-08-05   143.51 154.95   143.48 154.93   281.00 292.44   142.94 154.38   148.52 159.97   142.26 153.70
2021-08-06   142.45 153.88   142.42 153.85   279.93 291.36   141.88 153.31   147.46 158.89   141.19 152.62
2021-08-07   141.39 152.80   141.36 152.77   278.87 290.29   140.82 152.23   146.40 157.82   140.13 151.55
2021-08-08   140.33 151.73   140.30 151.70   277.82 289.22   139.76 151.16   145.34 156.74   139.08 150.48
2021-08-09   139.28 150.66   139.25 150.63   276.76 288.15   138.71 150.09   144.29 155.68   138.03 149.41
2021-08-10   138.23 149.59   138.20 149.57   275.71 287.08   137.66 149.02   143.24 154.61   136.98 148.34
2021-08-11   137.18 148.53   137.15 148.50   274.67 286.02   136.61 147.96   142.20 153.55   135.93 147.28
2021-08-12   136.14 147.47   136.11 147.44   273.62 284.96   135.57 146.90   141.15 152.49   134.89 146.22
2021-08-13   135.10 146.41   135.07 146.39   272.58 283.90   134.53 145.84   140.11 151.43   133.85 145.16
2021-08-14   134.06 145.36   134.04 145.33   271.55 282.85   133.49 144.79   139.08 150.37   132.81 144.11
2021-08-15   133.03 144.31   133.00 144.28   270.52 281.79   132.46 143.74   138.05 149.32   131.78 143.06
2021-08-16   132.00 143.26   131.98 143.23   269.49 280.75   131.43 142.69   137.02 148.27   130.75 142.01
2021-08-17   130.98 142.21   130.95 142.19   268.46 279.70   130.41 141.64   135.99 147.23   129.73 140.96
2021-08-18   129.96 141.17   129.93 141.15   267.44 278.66   129.39 140.60   134.97 146.19   128.71 139.92
2021-08-19   128.94 140.14   128.91 140.11   266.43 277.62   128.37 139.57   133.96 145.15   127.69 138.88
2021-08-20   127.93 139.10   127.90 139.08   265.42 276.59   127.36 138.53   132.94 144.12   126.68 137.85
2021-08-21   126.92 138.07   126.89 138.05   264.41 275.56   126.35 137.50   131.93 143.09   125.67 136.82
2021-08-22   125.91 137.05   125.89 137.02   263.40 274.53   125.34 136.48   130.93 142.06   124.66 135.79
2021-08-23   124.91 136.02   124.89 136.00   262.40 273.51   124.34 135.45   129.93 141.04   123.66 134.77
2021-08-24   123.92 135.00   123.89 134.98   261.40 272.49   123.35 134.43   128.93 140.02   122.67 133.75
2021-08-25   122.92 133.99   122.90 133.96   260.41 271.48   122.35 133.42   127.94 139.00   121.67 132.74
2021-08-26   121.94 132.98   121.91 132.95   259.42 270.46   121.37 132.41   126.95 137.99   120.69 131.73
2021-08-27   120.95 131.97   120.93 131.94   258.44 269.46   120.38 131.40   125.97 136.99   119.70 130.72
2021-08-28   119.97 130.97   119.94 130.94   257.46 268.45   119.40 130.40   124.99 135.98   118.72 129.72
2021-08-29   118.99 129.97   118.97 129.94   256.48 267.46   118.42 129.40   124.01 134.98   117.74 128.72
2021-08-30   118.02 128.97   118.00 128.95   255.51 266.46   117.45 128.40   123.04 133.99   116.77 127.72
2021-08-31   117.05 127.98   117.03 127.95   254.54 265.47   116.48 127.41   122.07 133.00   115.80 126.73
2021-09-01   116.09 126.99   116.06 126.97   253.58 264.48   115.52 126.42   121.10 132.01   114.84 125.74
2021-09-02   115.13 126.01   115.10 125.98   252.62 263.50   114.56 125.44   120.14 131.02   113.88 124.76
2021-09-03   114.17 125.03   114.15 125.00   251.66 262.52   113.60 124.46   119.19 130.05   112.92 123.78
2021-09-04   113.22 124.05   113.19 124.03   250.71 261.54   112.65 123.48   118.23 129.07   111.97 122.80
2021-09-05   112.27 123.08   112.24 123.06   249.76 260.57   111.70 122.51   117.28 128.10   111.02 121.83
2021-09-06   111.32 122.11   111.30 122.09   248.81 259.60   110.75 121.54   116.34 127.13   110.07 120.86
2021-09-07   110.38 121.15   110.36 121.12   247.87 258.64   109.81 120.58   115.40 126.17   109.13 119.90
2021-09-08   109.44 120.19   109.42 120.16   246.93 257.68   108.87 119.62   114.46 125.20   108.19 118.94
2021-09-09   108.51 119.23   108.48 119.21   246.00 256.72   107.94 118.66   113.52 124.25   107.26 117.98
2021-09-10   107.58 118.28   107.55 118.25   245.07 255.77   107.01 117.71   112.59 123.30   106.33 117.03
2021-09-11   106.65 117.33   106.62 117.30   244.14 254.82   106.08 116.76   111.67 122.35   105.40 116.08
2021-09-12   105.73 116.39   105.70 116.36   243.21 253.87   105.16 115.82   110.74 121.40   104.48 115.13
2021-09-13   104.80 115.44   104.78 115.42   242.29 252.93   104.23 114.87   109.82 120.46   103.55 114.19
2021-09-14   103.89 114.50   103.86 114.48   241.37 251.99   103.32 113.93   108.90 119.52   102.64 113.25
2021-09-15   102.97 113.57   102.95 113.54   240.46 251.06   102.40 113.00   107.99 118.58   101.72 112.32
2021-09-16   102.06 112.64   102.03 112.61   239.55 250.13   101.49 112.07   107.08 117.65   100.81 111.39
2021-09-17   101.15 111.71   101.12 111.68   238.64 249.20   100.58 111.14   106.17 116.72    99.90 110.46
2021-09-18   100.24 110.78   100.22 110.76   237.73 248.27    99.67 110.21   105.26 115.80    98.99 109.53
2021-09-19    99.34 109.86    99.31 109.84   236.83 247.35    98.77 109.29   104.36 114.88    98.09 108.61
2021-09-20    98.44 108.94    98.41 108.92   235.93 246.43    97.87 108.37   103.46 113.96    97.19 107.69
2021-09-21    97.54 108.03    97.52 108.00   235.03 245.51    96.97 107.46   102.56 113.04    96.29 106.78
2021-09-22    96.65 107.11    96.62 107.09   234.13 244.60    96.08 106.54   101.66 112.13    95.40 105.86
2021-09-23    95.75 106.20    95.73 106.18   233.24 243.69    95.18 105.63   100.77 111.22    94.50 104.95
2021-09-24    94.86 105.30    94.84 105.27   232.35 242.78    94.29 104.73    99.88 110.31    93.61 104.05
2021-09-25    93.97 104.39    93.95 104.36   231.46 241.88    93.40 103.82    98.99 109.41    92.72 103.14
2021-09-26    93.09 103.49    93.06 103.46   230.57 240.98    92.52 102.92    98.10 108.50    91.84 102.24
2021-09-27    92.20 102.59    92.18 102.56   229.69 240.08    91.63 102.02    97.22 107.60    90.95 101.34
2021-09-28    91.32 101.69    91.29 101.67   228.81 239.18    90.75 101.12    96.33 106.71    90.07 100.44
2021-09-29    90.44 100.80    90.41 100.77   227.93 238.28    89.87 100.23    95.45 105.81    89.19  99.55
2021-09-30    89.56  99.90    89.53  99.88   227.05 237.39    88.99  99.33    94.57 104.92    88.31  98.65
2021-10-01    88.68  99.01    88.65  98.99   226.17 236.50    88.11  98.44    93.70 104.03    87.43  97.76
2021-10-02    87.80  98.12    87.78  98.10   225.29 235.61    87.23  97.55    92.82 103.14    86.55  96.87
2021-10-03    86.93  97.24    86.90  97.21   224.42 234.72    86.36  96.67    91.94 102.25    85.68  95.99
2021-10-04    86.06  96.35    86.03  96.33   223.54 233.84    85.49  95.78    91.07 101.37    84.80  95.10
2021-10-05    85.18  95.47    85.16  95.44   222.67 232.96    84.61  94.90    90.20 100.48    83.93  94.22
2021-10-06    84.31  94.59    84.28  94.56   221.80 232.07    83.74  94.02    89.33  99.60    83.06  93.34
2021-10-07    83.44  93.71    83.41  93.68   220.93 231.19    82.87  93.14    88.45  98.72    82.19  92.46
2021-10-08    82.57  92.83    82.54  92.80   220.06 230.31    82.00  92.26    87.58  97.84    81.32  91.58
2021-10-09    81.70  91.95    81.67  91.92   219.19 229.44    81.13  91.38    86.72  96.96    80.45  90.70
2021-10-10    80.83  91.07    80.80  91.05   218.32 228.56    80.26  90.50    85.85  96.09    79.58  89.82
2021-10-11    79.96  90.20    79.94  90.17   217.45 227.68    79.39  89.63    84.98  95.21    78.71  88.95
2021-10-12    79.09  89.32    79.07  89.30   216.58 226.81    78.52  88.75    84.11  94.34    77.84  88.07
2021-10-13    78.23  88.45    78.20  88.42   215.71 225.94    77.66  87.88    83.24  93.46    76.97  87.20
2021-10-14    77.36  87.57    77.33  87.55   214.84 225.06    76.79  87.00    82.37  92.59    76.11  86.32
2021-10-15    76.49  86.70    76.46  86.68   213.98 224.19    75.92  86.13    81.50  91.72    75.24  85.45
2021-10-16    75.62  85.83    75.59  85.80   213.11 223.32    75.05  85.26    80.64  90.85    74.37  84.58
2021-10-17    74.75  84.96    74.73  84.93   212.24 222.45    74.18  84.39    79.77  89.97    73.50  83.71
2021-10-18    73.88  84.09    73.86  84.06   211.37 221.57    73.31  83.52    78.90  89.10    72.63  82.84
2021-10-19    73.01  83.21    72.99  83.19   210.50 220.70    72.44  82.64    78.03  88.23    71.76  81.96
2021-10-20    72.14  82.34    72.12  82.32   209.63 219.83    71.57  81.77    77.16  87.36    70.89  81.09
2021-10-21    71.27  81.47    71.25  81.45   208.76 218.96    70.70  80.90    76.29  86.49    70.02  80.22
2021-10-22    70.40  80.60    70.37  80.57   207.89 218.09    69.83  80.03    75.41  85.62    69.15  79.35
2021-10-23    69.53  79.73    69.50  79.70   207.01 217.21    68.96  79.16    74.54  84.74    68.28  78.48
2021-10-24    68.65  78.85    68.63  78.83   206.14 216.34    68.08  78.28    73.67  83.87    67.40  77.60
2021-10-25    67.78  77.98    67.75  77.95   205.26 215.47    67.21  77.41    72.79  83.00    66.53  76.73
2021-10-26    66.90  77.11    66.87  77.08   204.39 214.59    66.33  76.54    71.92  82.12    65.65  75.86
2021-10-27    66.10  76.15    66.08  76.12   203.59 213.64    65.53  75.58    71.12  81.17    64.85  74.90
2021-10-28    65.51  74.99    65.49  74.96   203.00 212.47    64.94  74.42    70.53  80.00    64.26  73.73
2021-10-29    64.92  73.82    64.89  73.79   202.41 211.31    64.35  73.25    69.94  78.83    63.67  72.57
2021-10-30    64.33  72.65    64.30  72.63   201.81 210.14    63.76  72.08    69.34  77.67    63.08  71.40
2021-10-31    63.73  71.48    63.70  71.46   201.22 208.97    63.16  70.91    68.75  76.50    62.48  70.23
2021-11-01    63.13  70.31    63.10  70.29   200.62 207.80    62.56  69.74    68.15  75.33    61.88  69.06

2022-04-08   261.13 268.41   261.10 268.38    38.61  45.89   260.56 267.84   266.14 273.42   259.87 267.16
2022-04-09   259.98 267.82   259.95 267.80    37.46  45.31   259.41 267.25   264.99 272.84   258.73 266.57
2022-04-10   258.83 267.24   258.80 267.21    36.32  44.73   258.26 266.67   263.85 272.26   257.58 265.99
2022-04-11   257.68 266.66   257.66 266.64    35.17  44.15   257.11 266.09   262.70 271.68   256.43 265.41
2022-04-12   256.54 266.08   256.51 266.06    34.03  43.57   255.97 265.51   261.55 271.10   255.29 264.83
2022-04-13   255.39 265.51   255.37 265.48    32.88  43.00   254.82 264.94   260.41 270.52   254.14 264.26
2022-04-14   254.49 264.69   254.46 264.67    31.98  42.18   253.92 264.12   259.50 269.71   253.24 263.44
2022-04-15   253.63 263.83   253.60 263.81    31.12  41.32   253.06 263.26   258.65 268.85   252.38 262.58
2022-04-16   252.77 262.98   252.75 262.95    30.26  40.46   252.20 262.41   257.79 267.99   251.52 261.73
2022-04-17   251.92 262.12   251.89 262.09    29.41  39.61   251.35 261.55   256.93 267.13   250.67 260.87
2022-04-18   251.06 261.26   251.04 261.24    28.55  38.75   250.49 260.69   256.08 266.28   249.81 260.01
2022-04-19   250.21 260.41   250.18 260.38    27.69  37.89   249.64 259.84   255.22 265.42   248.96 259.16
2022-04-20   249.35 259.55   249.32 259.52    26.84  37.04   248.78 258.98   254.37 264.57   248.10 258.30
2022-04-21   248.49 258.70   248.47 258.67    25.98  36.18   247.92 258.13   253.51 263.71   247.24 257.45
2022-04-22   247.64 257.84   247.61 257.82    25.13  35.33   247.07 257.27   252.65 262.86   246.39 256.59
2022-04-23   246.78 256.99   246.76 256.96    24.27  34.48   246.21 256.42   251.80 262.00   245.53 255.74
2022-04-24   245.93 256.13   245.90 256.11    23.41  33.62   245.36 255.56   250.94 261.15   244.67 254.88
2022-04-25   245.07 255.28   245.04 255.25    22.56  32.77   244.50 254.71   250.08 260.30   243.82 254.03
2022-04-26   244.21 254.43   244.18 254.40    21.70  31.91   243.64 253.86   249.23 259.44   242.96 253.18
2022-04-27   243.35 253.57   243.32 253.55    20.84  31.06   242.78 253.00   248.37 258.59   242.10 252.32
2022-04-28   242.49 252.72   242.47 252.69    19.98  30.21   241.92 252.15   247.51 257.73   241.24 251.47
2022-04-29   241.63 251.87   241.60 251.84    19.12  29.35   241.06 251.30   246.65 256.88   240.38 250.61
2022-04-30   240.77 251.01   240.74 250.98    18.26  28.50   240.20 250.44   245.78 256.03   239.52 249.76
2022-05-01   239.91 250.15   239.88 250.13    17.39  27.64   239.34 249.58   244.92 255.17   238.66 248.90
2022-05-02   239.04 249.30   239.02 249.27    16.53  26.79   238.47 248.73   244.06 254.31   237.79 248.05
2022-05-03   238.18 248.44   238.15 248.41    15.66  25.93   237.61 247.87   243.19 253.46   236.93 247.19
2022-05-04   237.31 247.58   237.28 247.56    14.80  25.07   236.74 247.01   242.32 252.60   236.06 246.33
2022-05-05   236.44 246.72   236.41 246.70    13.93  24.21   235.87 246.15   241.45 251.74   235.19 245.47
2022-05-06   235.57 245.86   235.54 245.84    13.06  23.35   235.00 245.29   240.58 250.88   234.32 244.61
2022-05-07   234.70 245.00   234.67 244.98    12.18  22.49   234.13 244.43   239.71 250.02   233.44 243.75
2022-05-08   233.82 244.14   233.79 244.11    11.31  21.63   233.25 243.57   238.84 249.15   232.57 242.89
2022-05-09   232.94 243.27   232.92 243.25    10.43  20.76   232.37 242.70   237.96 248.29   231.69 242.02
2022-05-10   232.06 242.41   232.04 242.38     9.55  19.90   231.49 241.84   237.08 247.42   230.81 241.16
2022-05-11   231.18 241.54   231.16 241.51     8.67  19.03   230.61 240.97   236.20 246.56   229.93 240.29
2022-05-12   230.30 240.67   230.27 240.64     7.79  18.16   229.73 240.10   235.32 245.69   229.05 239.42
2022-05-13   229.41 239.80   229.39 239.77     6.90  17.29   228.84 239.23   234.43 244.81   228.16 238.55
2022-05-14   228.52 238.92   228.50 238.90     6.01  16.41   227.95 238.35   233.54 243.94   227.27 237.67
2022-05-15   227.63 238.05   227.61 238.02     5.12  15.54   227.06 237.48   232.65 243.06   226.38 236.80
2022-05-16   226.74 237.17   226.71 237.14     4.23  14.66   226.17 236.60   231.75 242.18   225.49 235.92
2022-05-17   225.84 236.29   225.82 236.26     3.33  13.78   225.27 235.72   230.86 241.30   224.59 235.04
2022-05-18   224.94 235.41   224.91 235.38     2.43  12.89   224.37 234.84   229.96 240.42   223.69 234.15
2022-05-19   224.04 234.52   224.01 234.49     1.53  12.01   223.47 233.95   229.05 239.53   222.79 233.27
2022-05-20   223.13 233.63   223.11 233.60     0.62  11.12   222.56 233.06   228.15 238.65   221.88 232.38
2022-05-21   222.22 232.74   222.20 232.71   359.71  10.23   221.65 232.17   227.24 237.75   220.97 231.49
2022-05-22   221.31 231.85   221.28 231.82   358.80   9.33   220.74 231.28   226.32 236.86   220.06 230.59
2022-05-23   220.39 230.95   220.37 230.92   357.88   8.44   219.82 230.38   225.41 235.96   219.14 229.70
2022-05-24   219.47 230.05   219.45 230.02   356.96   7.54   218.90 229.48   224.49 235.06   218.22 228.80
2022-05-25   218.55 229.14   218.52 229.12   356.04   6.63   217.98 228.57   223.57 234.16   217.30 227.89
2022-05-26   217.62 228.24   217.60 228.21   355.11   5.73   217.05 227.67   222.64 233.25   216.37 226.99
2022-05-27   216.69 227.33   216.67 227.30   354.18   4.82   216.12 226.76   221.71 232.34   215.44 226.08
2022-05-28   215.76 226.41   215.73 226.39   353.25   3.90   215.19 225.84   220.77 231.43   214.51 225.16
2022-05-29   214.82 225.50   214.79 225.47   352.31   2.99   214.25 224.93   219.84 230.51   213.57 224.25
2022-05-30   213.88 224.58   213.85 224.55   351.37   2.07   213.31 224.01   218.89 229.59   212.63 223.33
2022-05-31   212.93 223.65   212.91 223.63   350.42   1.14   212.36 223.08   217.95 228.67   211.68 222.40
2022-06-01   211.98 222.73   211.96 222.70   349.47   0.21   211.41 222.16   217.00 227.74   210.73 221.48
2022-06-02   211.03 221.79   211.00 221.77   348.52 359.28   210.46 221.22   216.05 226.81   209.78 220.54
2022-06-03   210.07 220.86   210.05 220.83   347.56 358.35   209.50 220.29   215.09 225.87   208.82 219.61
2022-06-04   209.11 219.92   209.08 219.89   346.60 357.41   208.54 219.35   214.13 224.94   207.86 218.67
2022-06-05   208.15 218.98   208.12 218.95   345.63 356.46   207.58 218.41   213.16 223.99   206.89 217.73
2022-06-06   207.18 218.03   207.15 218.00   344.66 355.52   206.61 217.46   212.19 223.05   205.92 216.78
2022-06-07   206.20 217.08   206.17 217.05   343.69 354.57   205.63 216.51   211.22 222.09   204.95 215.83
2022-06-08   205.22 216.12   205.20 216.10   342.71 353.61   204.65 215.55   210.24 221.14   203.97 214.87
2022-06-09   204.24 215.16   204.21 215.14   341.73 352.65   203.67 214.59   209.26 220.18   202.99 213.91
2022-06-10   203.25 214.20   203.23 214.17   340.74 351.69   202.68 213.63   208.27 219.22   202.00 212.95
2022-06-11   202.26 213.23   202.24 213.21   339.75 350.72   201.69 212.66   207.28 218.25   201.01 211.98
2022-06-12   201.27 212.26   201.24 212.23   338.76 349.75   200.70 211.69   206.28 217.28   200.02 211.01
2022-06-13   200.27 211.28   200.24 211.26   337.76 348.77   199.70 210.71   205.28 216.30   199.02 210.03
2022-06-14   199.27 210.30   199.24 210.28   336.75 347.79   198.70 209.73   204.28 215.32   198.02 209.05
2022-06-15   198.26 209.32   198.23 209.29   335.75 346.81   197.69 208.75   203.27 214.33   197.01 208.07
2022-06-16   197.25 208.33   197.22 208.30   334.73 345.82   196.68 207.76   202.26 213.35   196.00 207.08
2022-06-17   196.23 207.34   196.20 207.31   333.72 344.82   195.66 206.77   201.25 212.35   194.98 206.09
2022-06-18   195.21 206.34   195.19 206.31   332.70 343.83   194.64 205.77   200.23 211.36   193.96 205.09
2022-06-19   194.19 205.34   194.16 205.31   331.68 342.83   193.62 204.77   199.20 210.35   192.94 204.09
2022-06-20   193.16 204.33   193.13 204.31   330.65 341.82   192.59 203.76   198.18 209.35   191.91 203.08
2022-06-21   192.13 203.32   192.10 203.30   329.62 340.81   191.56 202.75   197.14 208.34   190.88 202.07
2022-06-22   191.09 202.31   191.07 202.28   328.58 339.80   190.52 201.74   196.11 207.32   189.84 201.06
2022-06-23   190.05 201.29   190.03 201.26   327.54 338.78   189.48 200.72   195.07 206.30   188.80 200.04
2022-06-24   189.01 200.27   188.99 200.24   326.50 337.75   188.44 199.70   194.03 205.28   187.76 199.02
2022-06-25   187.97 199.24   187.94 199.21   325.45 336.73   187.40 198.67   192.98 204.26   186.72 197.99
2022-06-26   186.92 198.21   186.89 198.18   324.40 335.70   186.35 197.64   191.93 203.23   185.67 196.96
2022-06-27   185.86 197.18   185.84 197.15   323.35 334.66   185.29 196.61   190.88 202.19   184.61 195.93
2022-06-28   184.81 196.14   184.78 196.11   322.29 333.63   184.24 195.57   189.82 201.15   183.56 194.89
2022-06-29   183.75 195.10   183.72 195.07   321.23 332.58   183.18 194.53   188.76 200.11   182.50 193.85
2022-06-30   182.68 194.05   182.66 194.02   320.17 331.54   182.11 193.48   187.70 199.07   181.43 192.80
2022-07-01   181.62 193.00   181.59 192.98   319.11 330.49   181.05 192.43   186.63 198.02   180.37 191.75
2022-07-02   180.55 191.95   180.52 191.92   318.04 329.44   179.98 191.38   185.57 196.97   179.30 190.70
2022-07-03   179.48 190.89   179.45 190.87   316.97 328.38   178.91 190.32   184.49 195.91   178.23 189.64
2022-07-04   178.41 189.84   178.38 189.81   315.89 327.32   177.84 189.27   183.42 194.85   177.16 188.58
2022-07-05   177.33 188.77   177.30 188.75   314.82 326.26   176.76 188.20   182.35 193.79   176.08 187.52
2022-07-06   176.25 187.71   176.23 187.68   313.74 325.20   175.68 187.14   181.27 192.72   175.00 186.46
2022-07-07   175.17 186.64   175.15 186.61   312.66 324.13   174.60 186.07   180.19 191.66   173.92 185.39
2022-07-08   174.09 185.57   174.06 185.54   311.58 323.06   173.52 185.00   179.11 190.59   172.84 184.32
2022-07-09   173.01 184.50   172.98 184.47   310.49 321.99   172.44 183.93   178.02 189.51   171.76 183.25
2022-07-10   171.92 183.42   171.90 183.40   309.41 320.91   171.35 182.85   176.94 188.44   170.67 182.17
2022-07-11   170.84 182.35   170.81 182.32   308.32 319.83   170.27 181.78   175.85 187.36   169.58 181.09
2022-07-12   169.75 181.27   169.72 181.24   307.23 318.75   169.18 180.70   174.76 186.28   168.50 180.02
2022-07-13   168.66 180.18   168.63 180.16   306.15 317.67   168.09 179.61   173.67 185.20   167.41 178.93
2022-07-14   167.57 179.10   167.54 179.08   305.06 316.59   167.00 178.53   172.58 184.12   166.32 177.85
2022-07-15   166.48 178.02   166.45 177.99   303.97 315.50   165.91 177.45   171.49 183.03   165.23 176.77
2022-07-16   165.39 176.93   165.36 176.90   302.88 314.42   164.82 176.36   170.40 181.95   164.14 175.68
2022-07-17   164.30 175.84   164.27 175.82   301.78 313.33   163.73 175.27   169.31 180.86   163.05 174.59
2022-07-18   163.21 174.76   163.18 174.73   300.69 312.24   162.64 174.19   168.22 179.77   161.96 173.50
2022-07-19   162.12 173.67   162.09 173.64   299.60 311.15   161.55 173.10   167.13 178.68   160.86 172.42
2022-07-20   161.02 172.58   161.00 172.55   298.51 310.06   160.45 172.01   166.04 177.59   159.77 171.33
2022-07-21   159.93 171.49   159.91 171.46   297.42 308.97   159.36 170.92   164.95 176.50   158.68 170.24
2022-07-22   158.84 170.40   158.82 170.37   296.33 307.88   158.27 169.83   163.86 175.41   157.59 169.15
2022-07-23   157.76 169.31   157.73 169.28   295.24 306.79   157.19 168.74   162.77 174.32   156.50 168.05
2022-07-24   156.67 168.21   156.64 168.19   294.15 305.70   156.10 167.64   161.68 173.23   155.42 166.96
2022-07-25   155.58 167.12   155.55 167.10   293.07 304.61   155.01 166.55   160.60 172.14   154.33 165.87
2022-07-26   154.50 166.03   154.47 166.01   291.98 303.52   153.93 165.46   159.51 171.05   153.24 164.78
2022-07-27   153.41 164.94   153.38 164.92   290.90 302.43   152.84 164.37   158.43 169.96   152.16 163.69
2022-07-28   152.33 163.86   152.30 163.83   289.82 301.34   151.76 163.29   157.34 168.87   151.08 162.60
2022-07-29   151.25 162.77   151.22 162.74   288.74 300.26   150.68 162.20   156.26 167.78   150.00 161.52
2022-07-30   150.17 161.68   150.14 161.65   287.66 299.17   149.60 161.11   155.18 166.70   148.92 160.43
2022-07-31   149.09 160.60   149.07 160.57   286.58 298.08   148.52 160.03   154.11 165.61   147.84 159.34
2022-08-01   148.02 159.51   147.99 159.48   285.51 297.00   147.45 158.94   153.03 164.53   146.77 158.26
2022-08-02   146.95 158.43   146.92 158.40   284.43 295.92   146.38 157.86   151.96 163.44   145.70 157.18
2022-08-03   145.88 157.35   145.85 157.32   283.36 294.84   145.31 156.78   150.89 162.36   144.63 156.10
2022-08-04   144.81 156.27   144.78 156.24   282.30 293.76   144.24 155.70   149.83 161.28   143.56 155.02
2022-08-05   143.75 155.19   143.72 155.17   281.23 292.68   143.18 154.62   148.76 160.21   142.50 153.94
2022-08-06   142.69 154.12   142.66 154.09   280.17 291.60   142.12 153.55   147.70 159.13   141.43 152.87
2022-08-07   141.63 153.04   141.60 153.02   279.12 290.53   141.06 152.47   146.64 158.06   140.38 151.79
2022-08-08   140.57 151.97   140.55 151.95   278.06 289.46   140.00 151.40   145.59 156.99   139.32 150.72
2022-08-09   139.52 150.91   139.49 150.88   277.01 288.39   138.95 150.34   144.54 155.92   138.27 149.66
2022-08-10   138.47 149.84   138.45 149.82   275.96 287.33   137.90 149.27   143.49 154.86   137.22 148.59
2022-08-11   137.43 148.78   137.40 148.75   274.91 286.27   136.86 148.21   142.44 153.80   136.18 147.53
2022-08-12   136.39 147.72   136.36 147.69   273.87 285.21   135.82 147.15   141.40 152.74   135.13 146.47
2022-08-13   135.35 146.67   135.32 146.64   272.84 284.15   134.78 146.10   140.36 151.68   134.10 145.41
2022-08-14   134.31 145.61   134.29 145.59   271.80 283.10   133.74 145.04   139.33 150.63   133.06 144.36
2022-08-15   133.28 144.56   133.26 144.54   270.77 282.05   132.71 143.99   138.30 149.58   132.03 143.31
2022-08-16   132.26 143.52   132.23 143.49   269.74 281.00   131.69 142.95   137.27 148.53   131.00 142.26
2022-08-17   131.23 142.47   131.21 142.45   268.72 279.96   130.66 141.90   136.25 147.49   129.98 141.22
2022-08-18   130.21 141.43   130.19 141.41   267.70 278.92   129.64 140.86   135.23 146.45   128.96 140.18
2022-08-19   129.20 140.40   129.17 140.37   266.68 277.88   128.63 139.83   134.21 145.41   127.95 139.15
2022-08-20   128.19 139.36   128.16 139.34   265.67 276.85   127.62 138.79   133.20 144.38   126.94 138.11
2022-08-21   127.18 138.33   127.15 138.31   264.67 275.82   126.61 137.76   132.19 143.35   125.93 137.08
2022-08-22   126.17 137.31   126.15 137.28   263.66 274.80   125.60 136.74   131.19 142.32   124.92 136.06
2022-08-23   125.18 136.29   125.15 136.26   262.66 273.78   124.61 135.72   130.19 141.30   123.92 135.04
2022-08-24   124.18 135.27   124.15 135.24   261.67 272.76   123.61 134.70   129.19 140.29   122.93 134.02
2022-08-25   123.19 134.26   123.16 134.23   260.68 271.74   122.62 133.69   128.20 139.27   121.94 133.01
2022-08-26   122.20 133.25   122.17 133.22   259.69 270.73   121.63 132.68   127.22 138.26   120.95 131.99
2022-08-27   121.22 132.24   121.19 132.21   258.70 269.73   120.65 131.67   126.23 137.25   119.97 130.99
2022-08-28   120.24 131.24   120.21 131.21   257.72 268.72   119.67 130.67   125.25 136.25   118.99 129.99
2022-08-29   119.26 130.24   119.23 130.21   256.75 267.73   118.69 129.67   124.28 135.25   118.01 128.99
2022-08-30   118.29 129.24   118.26 129.22   255.78 266.73   117.72 128.67   123.30 134.26   117.04 127.99
2022-08-31   117.32 128.25   117.29 128.23   254.81 265.74   116.75 127.68   122.34 133.27   116.07 127.00
2022-09-01   116.36 127.27   116.33 127.24   253.84 264.75   115.79 126.70   121.37 132.28   115.11 126.02
2022-09-02   115.40 126.28   115.37 126.26   252.88 263.77   114.83 125.71   120.41 131.30   114.15 125.03
2022-09-03   114.44 125.30   114.41 125.28   251.93 262.79   113.87 124.73   119.46 130.32   113.19 124.05
2022-09-04   113.49 124.33   113.46 124.30   250.98 261.82   112.92 123.76   118.50 129.34   112.24 123.08
2022-09-05   112.54 123.36   112.51 123.33   250.03 260.85   111.97 122.79   117.56 128.37   111.29 122.11
2022-09-06   111.59 122.39   111.57 122.36   249.08 259.88   111.02 121.82   116.61 127.41   110.34 121.14
2022-09-07   110.65 121.43   110.63 121.40   248.14 258.91   110.08 120.86   115.67 126.44   109.40 120.18
2022-09-08   109.72 120.47   109.69 120.44   247.20 257.95   109.15 119.90   114.73 125.48   108.46 119.22
2022-09-09   108.78 119.51   108.75 119.48   246.27 257.00   108.21 118.94   113.80 124.53   107.53 118.26
2022-09-10   107.85 118.56   107.82 118.53   245.34 256.04   107.28 117.99   112.87 123.57   106.60 117.31
2022-09-11   106.92 117.61   106.90 117.58   244.41 255.10   106.35 117.04   111.94 122.62   105.67 116.36
2022-09-12   106.00 116.66   105.97 116.64   243.49 254.15   105.43 116.09   111.01 121.68   104.75 115.41
2022-09-13   105.08 115.72   105.05 115.69   242.56 253.21   104.51 115.15   110.09 120.74   103.83 114.47
2022-09-14   104.16 114.78   104.13 114.76   241.65 252.27   103.59 114.21   109.17 119.80   102.91 113.53
2022-09-15   103.24 113.85   103.22 113.82   240.73 251.33   102.67 113.28   108.26 118.86   101.99 112.60
2022-09-16   102.33 112.92   102.31 112.89   239.82 250.40   101.76 112.35   107.35 117.93   101.08 111.66
2022-09-17   101.42 111.99   101.40 111.96   238.91 249.47   100.85 111.42   106.44 117.00   100.17 110.74
2022-09-18   100.52 111.06   100.49 111.04   238.01 248.55    99.95 110.49   105.53 116.08    99.27 109.81
2022-09-19    99.61 110.14    99.59 110.11   237.10 247.63    99.04 109.57   104.63 115.16    98.36 108.89
2022-09-20    98.71 109.22    98.69 109.19   236.20 246.71    98.14 108.65   103.73 114.24    97.46 107.97
2022-09-21    97.82 108.30    97.79 108.28   235.30 245.79    97.25 107.73   102.83 113.32    96.56 107.05
2022-09-22    96.92 107.39    96.89 107.36   234.41 244.88    96.35 106.82   101.94 112.41    95.67 106.14
2022-09-23    96.03 106.48    96.00 106.45   233.51 243.97    95.46 105.91   101.04 111.50    94.78 105.23
2022-09-24    95.14 105.57    95.11 105.55   232.62 243.06    94.57 105.00   100.15 110.59    93.88 104.32
2022-09-25    94.25 104.67    94.22 104.64   231.73 242.16    93.68 104.10    99.26 109.68    93.00 103.42
2022-09-26    93.36 103.77    93.33 103.74   230.85 241.25    92.79 103.20    98.37 108.78    92.11 102.51
2022-09-27    92.47 102.87    92.45 102.84   229.96 240.35    91.90 102.30    97.49 107.88    91.22 101.61
2022-09-28    91.59 101.97    91.57 101.94   229.08 239.45    91.02 101.40    96.61 106.98    90.34 100.72
2022-09-29    90.71 101.07    90.68 101.05   228.20 238.56    90.14 100.50    95.73 106.09    89.46  99.82
2022-09-30    89.83 100.18    89.80 100.15   227.32 237.67    89.26  99.61    94.85 105.19    88.58  98.93
2022-10-01    88.95  99.29    88.93  99.26   226.44 236.77    88.38  98.72    93.97 104.30    87.70  98.04
2022-10-02    88.08  98.40    88.05  98.37   225.56 235.89    87.51  97.83    93.09 103.41    86.82  97.15
2022-10-03    87.20  97.51    87.17  97.48   224.69 235.00    86.63  96.94    92.21 102.53    85.95  96.26
2022-10-04    86.33  96.62    86.30  96.60   223.81 234.11    85.76  96.05    91.34 101.64    85.07  95.37
2022-10-05    85.45  95.74    85.43  95.71   222.94 233.23    84.88  95.17    90.47 100.76    84.20  94.49
2022-10-06    84.58  94.86    84.55  94.83   222.07 232.35    84.01  94.29    89.60  99.87    83.33  93.61
2022-10-07    83.71  93.98    83.68  93.95   221.20 231.46    83.14  93.41    88.72  98.99    82.46  92.73
2022-10-08    82.84  93.10    82.81  93.07   220.33 230.58    82.27  92.53    87.85  98.11    81.59  91.85
2022-10-09    81.97  92.22    81.94  92.19   219.45 229.71    81.40  91.65    86.98  97.23    80.72  90.97
2022-10-10    81.10  91.34    81.07  91.32   218.59 228.83    80.53  90.77    86.11  96.36    79.85  90.09
2022-10-11    80.23  90.47    80.20  90.44   217.72 227.95    79.66  89.90    85.24  95.48    78.98  89.21
2022-10-12    79.36  89.59    79.33  89.56   216.85 227.08    78.79  89.02    84.37  94.61    78.11  88.34
2022-10-13    78.49  88.72    78.46  88.69   215.98 226.20    77.92  88.15    83.51  93.73    77.24  87.46
2022-10-14    77.62  87.84    77.60  87.81   215.11 225.33    77.05  87.27    82.64  92.86    76.37  86.59
2022-10-15    76.75  86.97    76.73  86.94   214.24 224.46    76.18  86.40    81.77  91.98    75.50  85.72
2022-10-16    75.88  86.09    75.86  86.07   213.37 223.58    75.31  85.52    80.90  91.11    74.63  84.84
2022-10-17    75.02  85.22    74.99  85.20   212.50 222.71    74.45  84.65    80.03  90.24    73.76  83.97
2022-10-18    74.15  84.35    74.12  84.32   211.63 221.84    73.58  83.78    79.16  89.36    72.89  83.10
2022-10-19    73.27  83.48    73.25  83.45   210.76 220.96    72.70  82.91    78.29  88.49    72.02  82.23
2022-10-20    72.40  82.60    72.38  82.58   209.89 220.09    71.83  82.03    77.42  87.62    71.15  81.35
2022-10-21    71.53  81.73    71.51  81.71   209.02 219.22    70.96  81.16    76.55  86.75    70.28  80.48
2022-10-22    70.66  80.86    70.63  80.83   208.15 218.35    70.09  80.29    75.67  85.87    69.41  79.61
2022-10-23    69.79  79.99    69.76  79.96   207.27 217.47    69.22  79.42    74.80  85.00    68.53  78.74
2022-10-24    68.91  79.11    68.88  79.09   206.40 216.60    68.34  78.54    73.93  84.13    67.66  77.86
2022-10-25    68.03  78.24    68.01  78.21   205.52 215.73    67.46  77.67    73.05  83.25    66.78  76.99
2022-10-26    67.16  77.36    67.13  77.34   204.64 214.85    66.59  76.79    72.17  82.38    65.91  76.11
2022-10-27    66.28  76.49    66.25  76.46   203.77 213.98    65.71  75.92    71.29  81.50    65.03  75.24
2022-10-28    65.68  75.33    65.65  75.30   203.17 212.82    65.11  74.76    70.70  80.34    64.43  74.08
2022-10-29    65.09  74.16    65.06  74.13   202.57 211.65    64.52  73.59    70.10  79.18    63.84  72.91
2022-10-30    64.49  72.99    64.47  72.97   201.98 210.48    63.92  72.42    69.51  78.01    63.24  71.74
2022-10-31    63.90  71.82    63.87  71.80   201.38 209.31    63.33  71.25    68.91  76.84    62.64  70.57
2022-11-01    63.30  70.65    63.27  70.63   200.78 208.14    62.73  70.08    68.31  75.67    62.05  69.40

2023-04-08   261.48 268.59   261.46 268.56    38.97  46.07   260.91 268.02   266.50 273.60   260.23 267.34
2023-04-09   260.33 268.00   260.31 267.98    37.82  45.49   259.76 267.43   265.35 273.02   259.08 266.75
2023-04-10   259.19 267.42   259.16 267.39    36.67  44.91   258.62 266.85   264.20 272.44   257.94 266.17
2023-04-11   258.04 266.84   258.01 266.81    35.53  44.33   257.47 266.27   263.05 271.86   256.79 265.59
2023-04-12   256.89 266.26   256.87 266.24    34.38  43.75   256.32 265.69   261.91 271.28   255.64 265.01
2023-04-13   255.75 265.69   255.72 265.66    33.23  43.17   255.18 265.12   260.76 270.70   254.50 264.44
2023-04-14   254.75 264.96   254.73 264.93    32.24  42.45   254.18 264.39   259.77 269.98   253.50 263.71
2023-04-15   253.90 264.10   253.87 264.07    31.38  41.59   253.33 263.53   258.91 269.12   252.64 262.85
2023-04-16   253.04 263.24   253.01 263.21    30.53  40.73   252.47 262.67   258.05 268.26   251.79 261.99
2023-04-17   252.18 262.38   252.15 262.36    29.67  39.87   251.61 261.81   257.20 267.40   250.93 261.13
2023-04-18   251.32 261.53   251.30 261.50    28.81  39.01   250.75 260.96   256.34 266.54   250.07 260.27
2023-04-19   250.47 260.67   250.44 260.64    27.96  38.16   249.90 260.10   255.48 265.68   249.22 259.42
2023-04-20   249.61 259.81   249.59 259.79    27.10  37.30   249.04 259.24   254.63 264.83   248.36 258.56
2023-04-21   248.76 258.96   248.73 258.93    26.24  36.44   248.19 258.39   253.77 263.97   247.50 257.71
2023-04-22   247.90 258.10   247.87 258.08    25.39  35.59   247.33 257.53   252.91 263.12   246.65 256.85
2023-04-23   247.04 257.25   247.02 257.22    24.53  34.73   246.47 256.68   252.06 262.26   245.79 256.00
2023-04-24   246.18 256.39   246.16 256.37    23.67  33.88   245.61 255.82   251.20 261.41   244.93 255.14
2023-04-25   245.33 255.54   245.30 255.51    22.81  33.03   244.76 254.97   250.34 260.55   244.08 254.29
2023-04-26   244.47 254.68   244.44 254.66    21.96  32.17   243.90 254.11   249.48 259.70   243.22 253.43
2023-04-27   243.61 253.83   243.58 253.80    21.10  31.32   243.04 253.26   248.62 258.84   242.36 252.58
2023-04-28   242.75 252.97   242.72 252.95    20.24  30.46   242.18 252.40   247.76 257.99   241.50 251.72
2023-04-29   241.89 252.12   241.86 252.09    19.37  29.61   241.32 251.55   246.90 257.13   240.64 250.87
2023-04-30   241.02 251.26   241.00 251.24    18.51  28.75   240.45 250.69   246.04 256.28   239.77 250.01
2023-05-01   240.16 250.41   240.13 250.38    17.65  27.89   239.59 249.84   245.18 255.42   238.91 249.16
2023-05-02   239.30 249.55   239.27 249.52    16.78  27.04   238.73 248.98   244.31 254.57   238.05 248.30
2023-05-03   238.43 248.69   238.40 248.67    15.92  26.18   237.86 248.12   243.44 253.71   237.18 247.44
2023-05-04   237.56 247.83   237.53 247.81    15.05  25.32   236.99 247.26   242.58 252.85   236.31 246.58
2023-05-05   236.69 246.97   236.66 246.95    14.18  24.46   236.12 246.40   241.71 251.99   235.44 245.72
2023-05-06   235.82 246.11   235.79 246.09    13.31  23.60   235.25 245.54   240.83 251.13   234.57 244.86
2023-05-07   234.95 245.25   234.92 245.22    12.43  22.74   234.38 244.68   239.96 250.26   233.70 244.00
2023-05-08   234.07 244.39   234.04 244.36    11.56  21.87   233.50 243.82   239.09 249.40   232.82 243.13
2023-05-09   233.19 243.52   233.17 243.49    10.68  21.01   232.62 242.95   238.21 248.54   231.94 242.27
2023-05-10   232.31 242.65   232.29 242.63     9.80  20.14   231.74 242.08   237.33 247.67   231.06 241.40
2023-05-11   231.43 241.78   231.40 241.76     8.92  19.27   230.86 241.21   236.45 246.80   230.18 240.53
2023-05-12   230.55 240.91   230.52 240.89     8.03  18.40   229.98 240.34   235.56 245.93   229.30 239.66
2023-05-13   229.66 240.04   229.63 240.01     7.15  17.53   229.09 239.47   234.67 245.06   228.41 238.79
2023-05-14   228.77 239.17   228.74 239.14     6.26  16.65   228.20 238.60   233.79 244.18   227.52 237.92
2023-05-15   227.88 238.29   227.85 238.26     5.37  15.78   227.31 237.72   232.89 243.30   226.63 237.04
2023-05-16   226.98 237.41   226.96 237.38     4.47  14.90   226.41 236.84   232.00 242.42   225.73 236.16
2023-05-17   226.08 236.53   226.06 236.50     3.57  14.02   225.51 235.96   231.10 241.54   224.83 235.28
2023-05-18   225.18 235.64   225.16 235.62     2.67  13.13   224.61 235.07   230.20 240.66   223.93 234.39
2023-05-19   224.28 234.76   224.25 234.73     1.77  12.24   223.71 234.19   229.29 239.77   223.03 233.51
2023-05-20   223.37 233.87   223.35 233.84     0.86  11.36   222.80 233.30   228.39 238.88   222.12 232.62
2023-05-21   222.46 232.98   222.44 232.95   359.95  10.46   221.89 232.41   227.48 237.99   221.21 231.72
2023-05-22   221.55 232.08   221.52 232.05   359.04   9.57   220.98 231.51   226.56 237.10   220.30 230.83
2023-05-23   220.63 231.18   220.60 231.16   358.12   8.67   220.06 230.61   225.65 236.20   219.38 229.93
2023-05-24   219.71 230.28   219.68 230.25   357.20   7.77   219.14 229.71   224.73 235.30   218.46 229.03
2023-05-25   218.79 229.38   218.76 229.35   356.27   6.86   218.22 228.81   223.80 234.39   217.54 228.13
2023-05-26   217.86 228.47   217.83 228.44   355.35   5.96   217.29 227.90   222.87 233.48   216.61 227.22
2023-05-27   216.93 227.56   216.90 227.53   354.41   5.05   216.36 226.99   221.94 232.57   215.68 226.31
2023-05-28   215.99 226.64   215.97 226.62   353.48   4.13   215.42 226.07   221.01 231.66   214.74 225.39
2023-05-29   215.05 225.73   215.03 225.70   352.54   3.21   214.48 225.16   220.07 230.74   213.80 224.48
2023-05-30   214.11 224.81   214.08 224.78   351.60   2.29   213.54 224.24   219.13 229.82   212.86 223.55
2023-05-31   213.16 223.88   213.14 223.85   350.65   1.37   212.59 223.31   218.18 228.90   211.91 222.63
2023-06-01   212.21 222.95   212.19 222.93   349.70   0.44   211.64 222.38   217.23 227.97   210.96 221.70
2023-06-02   211.26 222.02   211.23 221.99   348.75 359.51   210.69 221.45   216.27 227.03   210.01 220.77
2023-06-03   210.30 221.08   210.27 221.06   347.79 358.57   209.73 220.51   215.32 226.10   209.05 219.83
2023-06-04   209.34 220.14   209.31 220.12   346.83 357.63   208.77 219.57   214.35 225.16   208.09 218.89
2023-06-05   208.37 219.20   208.34 219.17   345.86 356.69   207.80 218.63   213.39 224.21   207.12 217.95
2023-06-06   207.40 218.25   207.37 218.22   344.89 355.74   206.83 217.68   212.42 223.27   206.15 217.00
2023-06-07   206.43 217.30   206.40 217.27   343.91 354.79   205.86 216.73   211.44 222.31   205.17 216.05
2023-06-08   205.45 216.34   205.42 216.32   342.93 353.83   204.88 215.77   210.46 221.36   204.20 215.09
2023-06-09   204.46 215.38   204.44 215.36   341.95 352.87   203.89 214.81   209.48 220.40   203.21 214.13
2023-06-10   203.48 214.42   203.45 214.39   340.96 351.91   202.91 213.85   208.49 219.43   202.22 213.17
2023-06-11   202.48 213.45   202.46 213.42   339.97 350.94   201.91 212.88   207.50 218.47   201.23 212.20
2023-06-12   201.49 212.48   201.46 212.45   338.98 349.96   200.92 211.91   206.50 217.49   200.24 211.23
2023-06-13   200.49 211.50   200.46 211.47   337.98 348.99   199.92 210.93   205.50 216.52   199.24 210.25
2023-06-14   199.48 210.52   199.46 210.49   336.97 348.01   198.91 209.95   204.50 215.53   198.23 209.27
2023-06-15   198.48 209.53   198.45 209.51   335.96 347.02   197.91 208.96   203.49 214.55   197.23 208.28
2023-06-16   197.46 208.54   197.44 208.52   334.95 346.03   196.89 207.97   202.48 213.56   196.21 207.29
2023-06-17   196.45 207.55   196.42 207.52   333.93 345.04   195.88 206.98   201.46 212.57   195.20 206.30
2023-06-18   195.43 206.55   195.40 206.53   332.91 344.04   194.86 205.98   200.44 211.57   194.18 205.30
2023-06-19   194.40 205.55   194.38 205.52   331.89 343.04   193.83 204.98   199.42 210.56   193.15 204.30
2023-06-20   193.37 204.54   193.35 204.52   330.86 342.03   192.80 203.97   198.39 209.56   192.12 203.29
2023-06-21   192.34 203.53   192.32 203.51   329.83 341.02   191.77 202.96   197.36 208.55   191.09 202.28
2023-06-22   191.31 202.52   191.28 202.49   328.79 340.01   190.74 201.95   196.32 207.53   190.06 201.27
2023-06-23   190.27 201.50   190.24 201.47   327.75 338.99   189.70 200.93   195.28 206.51   189.02 200.25
2023-06-24   189.22 200.48   189.20 200.45   326.71 337.96   188.65 199.91   194.24 205.49   187.97 199.23
2023-06-25   188.18 199.45   188.15 199.42   325.66 336.94   187.61 198.88   193.19 204.46   186.93 198.20
2023-06-26   187.13 198.42   187.10 198.39   324.61 335.91   186.56 197.85   192.14 203.43   185.88 197.17
2023-06-27   186.07 197.38   186.05 197.36   323.56 334.87   185.50 196.81   191.09 202.40   184.82 196.13
2023-06-28   185.02 196.35   184.99 196.32   322.50 333.83   184.45 195.78   190.03 201.36   183.77 195.10
2023-06-29   183.96 195.30   183.93 195.28   321.45 332.79   183.39 194.73   188.97 200.32   182.71 194.05
2023-06-30   182.90 194.26   182.87 194.23   320.38 331.75   182.33 193.69   187.91 199.27   181.64 193.01
2023-07-01   181.83 193.21   181.80 193.18   319.32 330.70   181.26 192.64   186.85 198.23   180.58 191.96
2023-07-02   180.76 192.16   180.74 192.13   318.25 329.65   180.19 191.59   185.78 197.17   179.51 190.91
2023-07-03   179.69 191.10   179.66 191.08   317.18 328.59   179.12 190.53   184.71 196.12   178.44 189.85
2023-07-04   178.62 190.04   178.59 190.02   316.11 327.53   178.05 189.47   183.63 195.06   177.37 188.79
2023-07-05   177.54 188.98   177.52 188.96   315.03 326.47   176.97 188.41   182.56 194.00   176.29 187.73
2023-07-06   176.47 187.92   176.44 187.89   313.95 325.41   175.90 187.35   181.48 192.93   175.21 186.67
2023-07-07   175.39 186.85   175.36 186.83   312.87 324.34   174.82 186.28   180.40 191.87   174.14 185.60
2023-07-08   174.30 185.78   174.28 185.76   311.79 323.27   173.73 185.21   179.32 190.80   173.05 184.53
2023-07-09   173.22 184.71   173.20 184.68   310.71 322.20   172.65 184.14   178.24 189.73   171.97 183.46
2023-07-10   172.14 183.64   172.11 183.61   309.63 321.12   171.57 183.07   177.15 188.65   170.89 182.39
2023-07-11   171.05 182.56   171.03 182.53   308.54 320.05   170.48 181.99   176.07 187.58   169.80 181.31
2023-07-12   169.97 181.48   169.94 181.46   307.45 318.97   169.40 180.91   174.98 186.50   168.71 180.23
2023-07-13   168.88 180.40   168.85 180.38   306.37 317.89   168.31 179.83   173.89 185.42   167.63 179.15
2023-07-14   167.79 179.32   167.76 179.29   305.28 316.81   167.22 178.75   172.81 184.34   166.54 178.07
2023-07-15   166.70 178.24   166.67 178.21   304.19 315.72   166.13 177.67   171.72 183.25   165.45 176.99
2023-07-16   165.61 177.15   165.59 177.13   303.10 314.64   165.04 176.58   170.63 182.17   164.36 175.90
2023-07-17   164.52 176.07   164.50 176.04   302.01 313.55   163.95 175.50   169.54 181.08   163.27 174.82
2023-07-18   163.43 174.98   163.41 174.95   300.92 312.47   162.86 174.41   168.45 180.00   162.18 173.73
2023-07-19   162.34 173.89   162.32 173.87   299.83 311.38   161.77 173.32   167.36 178.91   161.09 172.64
2023-07-20   161.25 172.80   161.23 172.78   298.74 310.29   160.68 172.23   166.27 177.82   160.00 171.55
2023-07-21   160.16 171.72   160.14 171.69   297.65 309.20   159.59 171.15   165.18 176.73   158.91 170.47
2023-07-22   159.08 170.63   159.05 170.60   296.56 308.11   158.51 170.06   164.09 175.64   157.83 169.38
2023-07-23   157.99 169.54   157.96 169.51   295.48 307.03   157.42 168.97   163.00 174.55   156.74 168.29
2023-07-24   156.90 168.45   156.88 168.42   294.39 305.94   156.33 167.88   161.92 173.46   155.65 167.20
2023-07-25   155.82 167.36   155.79 167.33   293.31 304.85   155.25 166.79   160.83 172.38   154.57 166.11
2023-07-26   154.73 166.27   154.71 166.25   292.22 303.76   154.16 165.70   159.75 171.29   153.48 165.02
2023-07-27   153.65 165.19   153.63 165.16   291.14 302.67   153.08 164.62   158.67 170.20   152.40 163.93
2023-07-28   152.57 164.10   152.54 164.07   290.06 301.59   152.00 163.53   157.59 169.11   151.32 162.85
2023-07-29   151.49 163.01   151.47 162.99   288.98 300.50   150.92 162.44   156.51 168.03   150.24 161.76
2023-07-30   150.42 161.93   150.39 161.90   287.90 299.41   149.85 161.36   155.43 166.94   149.16 160.68
2023-07-31   149.34 160.84   149.31 160.82   286.83 298.33   148.77 160.27   154.36 165.86   148.09 159.59
2023-08-01   148.27 159.76   148.24 159.73   285.76 297.25   147.70 159.19   153.28 164.78   147.02 158.51
2023-08-02   147.20 158.68   147.17 158.65   284.69 296.17   146.63 158.11   152.21 163.70   145.95 157.43
2023-08-03   146.13 157.60   146.10 157.58   283.62 295.09   145.56 157.03   151.15 162.62   144.88 156.35
2023-08-04   145.06 156.52   145.04 156.50   282.55 294.01   144.49 155.95   150.08 161.54   143.81 155.27
2023-08-05   144.00 155.45   143.98 155.42   281.49 292.94   143.43 154.88   149.02 160.46   142.75 154.20
2023-08-06   142.94 154.38   142.92 154.35   280.43 291.86   142.37 153.81   147.96 159.39   141.69 153.13
2023-08-07   141.89 153.31   141.86 153.28   279.37 290.79   141.32 152.74   146.90 158.32   140.64 152.05
2023-08-08   140.83 152.24   140.81 152.21   278.32 289.72   140.26 151.67   145.85 157.25   139.58 150.99
2023-08-09   139.78 151.17   139.76 151.14   277.27 288.66   139.21 150.60   144.80 156.19   138.53 149.92
2023-08-10   138.74 150.11   138.71 150.08   276.22 287.60   138.17 149.54   143.75 155.12   137.48 148.86
2023-08-11   137.69 149.05   137.67 149.02   275.18 286.53   137.12 148.48   142.71 154.06   136.44 147.80
2023-08-12   136.65 147.99   136.62 147.96   274.14 285.48   136.08 147.42   141.67 153.00   135.40 146.74
2023-08-13   135.61 146.93   135.59 146.91   273.10 284.42   135.04 146.36   140.63 151.95   134.36 145.68
2023-08-14   134.58 145.88   134.55 145.86   272.07 283.37   134.01 145.31   139.60 150.90   133.33 144.63
2023-08-15   133.55 144.83   133.53 144.81   271.04 282.32   132.98 144.26   138.57 149.85   132.30 143.58
2023-08-16   132.53 143.79   132.50 143.76   270.01 281.28   131.96 143.22   137.54 148.80   131.28 142.54
2023-08-17   131.50 142.75   131.48 142.72   268.99 280.24   130.93 142.18   136.52 147.76   130.25 141.50
2023-08-18   130.49 141.71   130.46 141.68   267.97 279.20   129.92 141.14   135.50 146.72   129.23 140.46
2023-08-19   129.47 140.67   129.44 140.65   266.96 278.16   128.90 140.10   134.49 145.69   128.22 139.42
2023-08-20   128.46 139.64   128.43 139.62   265.95 277.13   127.89 139.07   133.48 144.66   127.21 138.39
2023-08-21   127.45 138.61   127.43 138.59   264.94 276.10   126.88 138.04   132.47 143.63   126.20 137.36
2023-08-22   126.45 137.59   126.42 137.56   263.94 275.08   125.88 137.02   131.47 142.61   125.20 136.34
2023-08-23   125.45 136.57   125.43 136.54   262.94 274.06   124.88 136.00   130.47 141.58   124.20 135.32
2023-08-24   124.46 135.55   124.43 135.53   261.94 273.04   123.89 134.98   129.47 140.57   123.21 134.30
2023-08-25   123.47 134.54   123.44 134.51   260.95 272.03   122.90 133.97   128.48 139.55   122.22 133.29
2023-08-26   122.48 133.53   122.45 133.50   259.97 271.02   121.91 132.96   127.49 138.55   121.23 132.28
2023-08-27   121.50 132.52   121.47 132.50   258.98 270.01   120.93 131.95   126.51 137.54   120.25 131.27
2023-08-28   120.52 131.52   120.49 131.50   258.00 269.01   119.95 130.95   125.53 136.54   119.27 130.27
2023-08-29   119.54 130.52   119.52 130.50   257.03 268.01   118.97 129.95   124.56 135.54   118.29 129.27
2023-08-30   118.57 129.53   118.54 129.50   256.06 267.02   118.00 128.96   123.59 134.55   117.32 128.28
2023-08-31   117.60 128.54   117.58 128.51   255.09 266.03   117.03 127.97   122.62 133.56   116.35 127.29
2023-09-01   116.64 127.55   116.61 127.53   254.13 265.04   116.07 126.98   121.66 132.57   115.39 126.30
2023-09-02   115.68 126.57   115.65 126.55   253.17 264.06   115.11 126.00   120.70 131.59   114.43 125.32
2023-09-03   114.72 125.59   114.70 125.57   252.21 263.08   114.15 125.02   119.74 130.61   113.47 124.34
2023-09-04   113.77 124.62   113.75 124.59   251.26 262.11   113.20 124.05   118.79 129.63   112.52 123.37
2023-09-05   112.82 123.65   112.80 123.62   250.31 261.13   112.25 123.08   117.84 128.66   111.57 122.40
2023-09-06   111.88 122.68   111.85 122.65   249.37 260.17   111.31 122.11   116.89 127.70   110.63 121.43
2023-09-07   110.94 121.72   110.91 121.69   248.43 259.20   110.37 121.15   115.95 126.73   109.69 120.47
2023-09-08   110.00 120.76   109.97 120.73   247.49 258.24   109.43 120.19   115.02 125.77   108.75 119.51
2023-09-09   109.07 119.80   109.04 119.77   246.55 257.29   108.50 119.23   114.08 124.82   107.81 118.55
2023-09-10   108.13 118.85   108.11 118.82   245.62 256.34   107.56 118.28   113.15 123.86   106.88 117.60
2023-09-11   107.21 117.90   107.18 117.87   244.69 255.39   106.64 117.33   112.22 122.91   105.96 116.65
2023-09-12   106.28 116.95   106.26 116.93   243.77 254.44   105.71 116.38   111.30 121.97   105.03 115.70
2023-09-13   105.36 116.01   105.34 115.98   242.85 253.50   104.79 115.44   110.38 121.03   104.11 114.76
2023-09-14   104.44 115.07   104.42 115.05   241.93 252.56   103.87 114.50   109.46 120.09   103.19 113.82
2023-09-15   103.53 114.14   103.50 114.11   241.02 251.62   102.96 113.57   108.54 119.15   102.28 112.89
2023-09-16   102.62 113.21   102.59 113.18   240.10 250.69   102.05 112.64   107.63 118.22   101.37 111.95
2023-09-17   101.71 112.28   101.68 112.25   239.20 249.76   101.14 111.71   106.72 117.29   100.46 111.03
2023-09-18   100.80 111.35   100.77 111.32   238.29 248.84   100.23 110.78   105.82 116.37    99.55 110.10
2023-09-19    99.90 110.43    99.87 110.40   237.39 247.92    99.33 109.86   104.91 115.44    98.65 109.18
2023-09-20    99.00 109.51    98.97 109.48   236.48 247.00    98.43 108.94   104.01 114.52    97.75 108.26
2023-09-21    98.10 108.59    98.07 108.57   235.59 246.08    97.53 108.02   103.11 113.61    96.85 107.34
2023-09-22    97.20 107.68    97.18 107.65   234.69 245.17    96.63 107.11   102.22 112.69    95.95 106.43
2023-09-23    96.31 106.77    96.28 106.74   233.80 244.25    95.74 106.20   101.32 111.78    95.06 105.52
2023-09-24    95.42 105.86    95.39 105.83   232.90 243.35    94.85 105.29   100.43 110.87    94.17 104.61
2023-09-25    94.53 104.95    94.50 104.93   232.01 242.44    93.96 104.38    99.54 109.97    93.28 103.70
2023-09-26    93.64 104.05    93.61 104.02   231.13 241.54    93.07 103.48    98.65 109.07    92.39 102.80
2023-09-27    92.75 103.15    92.73 103.12   230.24 240.64    92.18 102.58    97.77 108.16    91.50 101.90
2023-09-28    91.87 102.25    91.84 102.22   229.36 239.74    91.30 101.68    96.89 107.27    90.62 101.00
2023-09-29    90.99 101.35    90.96 101.33   228.48 238.84    90.42 100.78    96.00 106.37    89.74 100.10
2023-09-30    90.11 100.46    90.08 100.43   227.60 237.95    89.54  99.89    95.12 105.48    88.86  99.21
2023-10-01    89.23  99.57    89.20  99.54   226.72 237.06    88.66  99.00    94.24 104.58    87.98  98.32
2023-10-02    88.35  98.68    88.33  98.65   225.84 236.17    87.78  98.11    93.37 103.69    87.10  97.43
2023-10-03    87.48  97.79    87.45  97.76   224.96 235.28    86.91  97.22    92.49 102.80    86.22  96.54
2023-10-04    86.60  96.90    86.57  96.88   224.09 234.39    86.03  96.33    91.62 101.92    85.35  95.65
2023-10-05    85.73  96.02    85.70  95.99   223.21 233.51    85.16  95.45    90.74 101.03    84.48  94.77
2023-10-06    84.85  95.13    84.83  95.11   222.34 232.62    84.28  94.56    89.87 100.15    83.60  93.88
2023-10-07    83.98  94.25    83.95  94.23   221.47 231.74    83.41  93.68    89.00  99.27    82.73  93.00
2023-10-08    83.11  93.37    83.08  93.35   220.60 230.86    82.54  92.80    88.12  98.39    81.86  92.12
2023-10-09    82.24  92.49    82.21  92.47   219.73 229.98    81.67  91.92    87.25  97.51    80.99  91.24
2023-10-10    81.37  91.61    81.34  91.59   218.86 229.10    80.80  91.04    86.38  96.63    80.12  90.36
2023-10-11    80.50  90.74    80.47  90.71   217.99 228.22    79.93  90.17    85.51  95.75    79.25  89.49
2023-10-12    79.63  89.86    79.60  89.83   217.12 227.35    79.06  89.29    84.64  94.88    78.38  88.61
2023-10-13    78.76  88.98    78.73  88.96   216.25 226.47    78.19  88.41    83.77  94.00    77.51  87.73
2023-10-14    77.89  88.11    77.86  88.08   215.38 225.60    77.32  87.54    82.90  93.12    76.64  86.86
2023-10-15    77.02  87.23    76.99  87.21   214.51 224.72    76.45  86.66    82.03  92.25    75.77  85.98
2023-10-16    76.15  86.36    76.12  86.33   213.64 223.85    75.58  85.79    81.16  91.38    74.90  85.11
2023-10-17    75.28  85.49    75.25  85.46   212.77 222.97    74.71  84.92    80.29  90.50    74.03  84.24
2023-10-18    74.41  84.61    74.38  84.59   211.90 222.10    73.84  84.04    79.42  89.63    73.16  83.36
2023-10-19    73.54  83.74    73.51  83.71   211.02 221.23    72.97  83.17    78.55  88.75    72.29  82.49
2023-10-20    72.66  82.87    72.64  82.84   210.15 220.35    72.09  82.30    77.68  87.88    71.41  81.62
2023-10-21    71.79  81.99    71.77  81.97   209.28 219.48    71.22  81.42    76.81  87.01    70.54  80.74
2023-10-22    70.92  81.12    70.89  81.09   208.41 218.61    70.35  80.55    75.93  86.13    69.67  79.87
2023-10-23    70.04  80.24    70.02  80.22   207.53 217.73    69.47  79.67    75.06  85.26    68.79  78.99
2023-10-24    69.17  79.37    69.14  79.34   206.65 216.86    68.60  78.80    74.18  84.38    67.92  78.12
2023-10-25    68.29  78.49    68.26  78.47   205.78 215.98    67.72  77.92    73.31  83.51    67.04  77.24
2023-10-26    67.41  77.62    67.39  77.59   204.90 215.10    66.84  77.05    72.43  82.63    66.16  76.37
2023-10-27    66.53  76.74    66.51  76.71   204.02 214.23    65.96  76.17    71.55  81.76    65.28  75.49
2023-10-28    65.84  75.67    65.82  75.64   203.33 213.16    65.27  75.10    70.86  80.68    64.59  74.42
2023-10-29    65.25  74.50    65.22  74.47   202.74 211.99    64.68  73.93    70.26  79.52    64.00  73.25
2023-10-30    64.65  73.33    64.63  73.30   202.14 210.82    64.08  72.76    69.67  78.35    63.40  72.08
2023-10-31    64.06  72.16    64.03  72.13   201.54 209.65    63.49  71.59    69.07  77.17    62.80  70.91
2023-11-01    63.46  70.99    63.43  70.96   200.94 208.47    62.89  70.42    68.47  76.00    62.20  69.74
2023-11-02    62.85  69.81    62.83  69.79   200.34 207.30    62.28  69.24    67.87  74.83    61.60  68.56
