
       Target
                ecliptic
RA      Dec     latitude
292.809  49.579  69.428

Checked interval [2020-01-01, 2023-12-31]
|           Window [days]                 |    Normal V3 PA [deg]    |
   Start           End         Duration         Start         End         RA            Dec     
 2020-04-20      2020-11-22       215.92     257.67919      50.05314     292.80860      49.57942 
 2021-04-21      2021-11-23       216.00     257.13547      49.36137     292.80860      49.57942 
 2022-04-21      2022-11-23       216.00     257.40911      49.59653     292.80860      49.57942 
 2023-04-21      2023-11-23       216.00     257.68593      49.82206     292.80860      49.57942 


                V3PA          NIRCam           NIRSpec         NIRISS           MIRI          FGS
   Date      min    max      min    max       min    max     min    max      min    max      min    max

2020-04-21   254.27 261.09   254.24 261.06    31.76  38.57   253.70 260.52   259.29 266.10   253.02 259.84
2020-04-22   253.15 260.38   253.13 260.36    30.64  37.87   252.58 259.81   258.17 265.40   251.90 259.13
2020-04-23   252.03 259.68   252.01 259.66    29.52  37.17   251.46 259.11   257.05 264.70   250.78 258.43
2020-04-24   250.92 258.98   250.89 258.96    28.40  36.47   250.35 258.41   255.93 264.00   249.67 257.73
2020-04-25   249.80 258.28   249.77 258.26    27.29  35.77   249.23 257.71   254.82 263.30   248.55 257.03
2020-04-26   248.68 257.59   248.66 257.56    26.17  35.07   248.11 257.02   253.70 262.60   247.43 256.34
2020-04-27   247.57 256.89   247.54 256.87    25.06  34.38   247.00 256.32   252.58 261.91   246.32 255.64
2020-04-28   246.45 256.20   246.43 256.17    23.94  33.69   245.88 255.63   251.47 261.21   245.20 254.95
2020-04-29   245.34 255.51   245.31 255.48    22.83  33.00   244.77 254.94   250.35 260.52   244.09 254.26
2020-04-30   244.42 254.62   244.39 254.60    21.90  32.11   243.85 254.05   249.43 259.64   243.17 253.37
2020-05-01   243.52 253.72   243.49 253.69    21.00  31.21   242.95 253.15   248.53 258.74   242.27 252.47
2020-05-02   242.62 252.82   242.59 252.79    20.10  30.31   242.05 252.25   247.63 257.83   241.37 251.57
2020-05-03   241.72 251.92   241.69 251.89    19.20  29.41   241.15 251.35   246.73 256.93   240.47 250.67
2020-05-04   240.82 251.02   240.79 250.99    18.30  28.51   240.25 250.45   245.83 256.03   239.57 249.77
2020-05-05   239.92 250.12   239.89 250.09    17.41  27.61   239.35 249.55   244.93 255.13   238.67 248.87
2020-05-06   239.02 249.22   238.99 249.19    16.51  26.71   238.45 248.65   244.03 254.23   237.77 247.97
2020-05-07   238.12 248.32   238.09 248.29    15.61  25.81   237.55 247.75   243.14 253.34   236.87 247.07
2020-05-08   237.22 247.42   237.19 247.40    14.71  24.91   236.65 246.85   242.24 252.44   235.97 246.17
2020-05-09   236.32 246.52   236.30 246.50    13.81  24.01   235.75 245.95   241.34 251.54   235.07 245.27
2020-05-10   235.42 245.63   235.40 245.60    12.91  23.11   234.85 245.06   240.44 250.64   234.17 244.38
2020-05-11   234.52 244.73   234.50 244.70    12.01  22.22   233.95 244.16   239.54 249.74   233.27 243.48
2020-05-12   233.63 243.83   233.60 243.80    11.11  21.32   233.06 243.26   238.64 248.85   232.37 242.58
2020-05-13   232.73 242.93   232.70 242.91    10.21  20.42   232.16 242.36   237.74 247.95   231.47 241.68
2020-05-14   231.83 242.04   231.80 242.01     9.31  19.52   231.26 241.47   236.84 247.05   230.57 240.78
2020-05-15   230.92 241.14   230.90 241.11     8.41  18.63   230.35 240.57   235.94 246.15   229.67 239.89
2020-05-16   230.02 240.24   230.00 240.21     7.51  17.73   229.45 239.67   235.04 245.26   228.77 238.99
2020-05-17   229.12 239.34   229.10 239.32     6.61  16.83   228.55 238.77   234.14 244.36   227.87 238.09
2020-05-18   228.22 238.44   228.19 238.42     5.71  15.93   227.65 237.87   233.23 243.46   226.97 237.19
2020-05-19   227.32 237.54   227.29 237.52     4.80  15.03   226.75 236.97   232.33 242.56   226.07 236.29
2020-05-20   226.41 236.65   226.39 236.62     3.90  14.13   225.84 236.08   231.43 241.66   225.16 235.39
2020-05-21   225.51 235.75   225.48 235.72     3.00  13.23   224.94 235.18   230.52 240.76   224.26 234.49
2020-05-22   224.60 234.84   224.58 234.82     2.09  12.33   224.03 234.27   229.62 239.86   223.35 233.59
2020-05-23   223.70 233.94   223.67 233.92     1.18  11.43   223.13 233.37   228.71 238.96   222.44 232.69
2020-05-24   222.79 233.04   222.76 233.01     0.27  10.53   222.22 232.47   227.80 238.06   221.54 231.79
2020-05-25   221.88 232.14   221.85 232.11   359.37   9.63   221.31 231.57   226.89 237.15   220.63 230.89
2020-05-26   220.97 231.23   220.94 231.21   358.45   8.72   220.40 230.66   225.98 236.25   219.72 229.98
2020-05-27   220.06 230.33   220.03 230.30   357.54   7.82   219.49 229.76   225.07 235.34   218.81 229.08
2020-05-28   219.14 229.42   219.12 229.40   356.63   6.91   218.57 228.85   224.16 234.44   217.89 228.17
2020-05-29   218.23 228.52   218.20 228.49   355.72   6.00   217.66 227.95   223.24 233.53   216.98 227.27
2020-05-30   217.31 227.61   217.29 227.58   354.80   5.10   216.74 227.04   222.33 232.62   216.06 226.36
2020-05-31   216.40 226.70   216.37 226.67   353.88   4.19   215.83 226.13   221.41 231.71   215.14 225.45
2020-06-01   215.48 225.79   215.45 225.76   352.96   3.28   214.91 225.22   220.49 230.80   214.23 224.54
2020-06-02   214.56 224.88   214.53 224.85   352.04   2.36   213.99 224.31   219.57 229.89   213.30 223.63
2020-06-03   213.63 223.96   213.61 223.94   351.12   1.45   213.06 223.39   218.65 228.98   212.38 222.71
2020-06-04   212.71 223.05   212.68 223.02   350.20   0.54   212.14 222.48   217.72 228.06   211.46 221.80
2020-06-05   211.78 222.13   211.76 222.10   349.27 359.62   211.21 221.56   216.80 227.15   210.53 220.88
2020-06-06   210.86 221.21   210.83 221.19   348.34 358.70   210.29 220.64   215.87 226.23   209.61 219.96
2020-06-07   209.93 220.29   209.90 220.27   347.41 357.78   209.36 219.72   214.94 225.31   208.68 219.04
2020-06-08   209.00 219.37   208.97 219.35   346.48 356.86   208.43 218.80   214.01 224.39   207.74 218.12
2020-06-09   208.06 218.45   208.04 218.42   345.55 355.94   207.49 217.88   213.08 223.46   206.81 217.20
2020-06-10   207.13 217.52   207.10 217.50   344.61 355.01   206.56 216.95   212.14 222.54   205.88 216.27
2020-06-11   206.19 216.60   206.16 216.57   343.68 354.08   205.62 216.03   211.20 221.61   204.94 215.35
2020-06-12   205.25 215.67   205.22 215.64   342.74 353.15   204.68 215.10   210.26 220.68   204.00 214.42
2020-06-13   204.31 214.74   204.28 214.71   341.79 352.22   203.74 214.17   209.32 219.75   203.06 213.49
2020-06-14   203.36 213.80   203.34 213.78   340.85 351.29   202.79 213.23   208.38 218.82   202.11 212.55
2020-06-15   202.42 212.87   202.39 212.84   339.90 350.36   201.85 212.30   207.43 217.88   201.17 211.62
2020-06-16   201.47 211.93   201.44 211.91   338.96 349.42   200.90 211.36   206.48 216.95   200.22 210.68
2020-06-17   200.52 210.99   200.49 210.97   338.01 348.48   199.95 210.42   205.53 216.01   199.27 209.74
2020-06-18   199.57 210.05   199.54 210.02   337.05 347.54   199.00 209.48   204.58 215.07   198.31 208.80
2020-06-19   198.61 209.11   198.58 209.08   336.10 346.60   198.04 208.54   203.63 214.12   197.36 207.86
2020-06-20   197.65 208.16   197.63 208.14   335.14 345.65   197.08 207.59   202.67 213.18   196.40 206.91
2020-06-21   196.69 207.21   196.67 207.19   334.18 344.70   196.12 206.64   201.71 212.23   195.44 205.96
2020-06-22   195.73 206.26   195.70 206.24   333.22 343.75   195.16 205.69   200.75 211.28   194.48 205.01
2020-06-23   194.77 205.31   194.74 205.28   332.25 342.80   194.20 204.74   199.78 210.33   193.52 204.06
2020-06-24   193.80 204.36   193.77 204.33   331.29 341.84   193.23 203.79   198.82 209.37   192.55 203.11
2020-06-25   192.83 203.40   192.80 203.37   330.32 340.89   192.26 202.83   197.85 208.41   191.58 202.15
2020-06-26   191.86 202.44   191.83 202.41   329.35 339.93   191.29 201.87   196.87 207.45   190.61 201.19
2020-06-27   190.89 201.48   190.86 201.45   328.37 338.96   190.32 200.91   195.90 206.49   189.63 200.23
2020-06-28   189.91 200.51   189.88 200.49   327.40 338.00   189.34 199.94   194.92 205.53   188.66 199.26
2020-06-29   188.93 199.55   188.90 199.52   326.42 337.03   188.36 198.98   193.95 204.56   187.68 198.30
2020-06-30   187.95 198.58   187.92 198.55   325.44 336.06   187.38 198.01   192.97 203.59   186.70 197.33
2020-07-01   186.97 197.61   186.94 197.58   324.45 335.09   186.40 197.04   191.98 202.62   185.72 196.35
2020-07-02   185.98 196.63   185.95 196.60   323.47 334.12   185.41 196.06   191.00 201.65   184.73 195.38
2020-07-03   184.99 195.66   184.97 195.63   322.48 333.14   184.42 195.09   190.01 200.67   183.74 194.40
2020-07-04   184.00 194.68   183.98 194.65   321.49 332.16   183.43 194.11   189.02 199.69   182.75 193.43
2020-07-05   183.01 193.70   182.98 193.67   320.50 331.18   182.44 193.13   188.03 198.71   181.76 192.44
2020-07-06   182.02 192.71   181.99 192.69   319.50 330.20   181.45 192.14   187.03 197.73   180.77 191.46
2020-07-07   181.02 191.73   180.99 191.70   318.51 329.21   180.45 191.16   186.03 196.74   179.77 190.48
2020-07-08   180.02 190.74   179.99 190.71   317.51 328.23   179.45 190.17   185.04 195.75   178.77 189.49
2020-07-09   179.02 189.75   178.99 189.72   316.51 327.24   178.45 189.18   184.03 194.76   177.77 188.50
2020-07-10   178.02 188.76   177.99 188.73   315.50 326.24   177.45 188.19   183.03 193.77   176.77 187.50
2020-07-11   177.01 187.76   176.99 187.73   314.50 325.25   176.44 187.19   182.03 192.78   175.76 186.51
2020-07-12   176.00 186.76   175.98 186.74   313.49 324.25   175.43 186.19   181.02 191.78   174.75 185.51
2020-07-13   175.00 185.76   174.97 185.74   312.48 323.25   174.43 185.19   180.01 190.78   173.75 184.51
2020-07-14   173.99 184.76   173.96 184.74   311.47 322.25   173.42 184.19   179.00 189.78   172.73 183.51
2020-07-15   172.97 183.76   172.95 183.73   310.46 321.25   172.40 183.19   177.99 188.78   171.72 182.51
2020-07-16   171.96 182.76   171.93 182.73   309.45 320.24   171.39 182.19   176.97 187.77   170.71 181.50
2020-07-17   170.94 181.75   170.92 181.72   308.43 319.24   170.37 181.18   175.96 186.76   169.69 180.50
2020-07-18   169.93 180.74   169.90 180.71   307.41 318.23   169.36 180.17   174.94 185.75   168.68 179.49
2020-07-19   168.91 179.73   168.88 179.70   306.39 317.22   168.34 179.16   173.92 184.74   167.66 178.48
2020-07-20   167.89 178.72   167.86 178.69   305.37 316.20   167.32 178.15   172.90 183.73   166.64 177.47
2020-07-21   166.87 177.70   166.84 177.68   304.35 315.19   166.30 177.13   171.88 182.72   165.61 176.45
2020-07-22   165.84 176.69   165.82 176.66   303.33 314.17   165.27 176.12   170.86 181.70   164.59 175.44
2020-07-23   164.82 175.67   164.79 175.64   302.31 313.16   164.25 175.10   169.83 180.68   163.57 174.42
2020-07-24   163.79 174.65   163.77 174.62   301.28 312.14   163.22 174.08   168.81 179.67   162.54 173.40
2020-07-25   162.77 173.63   162.74 173.60   300.26 311.12   162.20 173.06   167.78 178.64   161.52 172.38
2020-07-26   161.74 172.61   161.71 172.58   299.23 310.10   161.17 172.04   166.76 177.62   160.49 171.36
2020-07-27   160.71 171.59   160.69 171.56   298.20 309.07   160.14 171.02   165.73 176.60   159.46 170.33
2020-07-28   159.68 170.56   159.66 170.54   297.17 308.05   159.11 169.99   164.70 175.58   158.43 169.31
2020-07-29   158.66 169.54   158.63 169.51   296.14 307.02   158.09 168.97   163.67 174.55   157.40 168.29
2020-07-30   157.63 168.51   157.60 168.48   295.11 306.00   157.06 167.94   162.64 173.53   156.37 167.26
2020-07-31   156.60 167.48   156.57 167.46   294.08 304.97   156.03 166.91   161.61 172.50   155.34 166.23
2020-08-01   155.56 166.46   155.54 166.43   293.05 303.94   154.99 165.89   160.58 171.47   154.31 165.20
2020-08-02   154.53 165.43   154.51 165.40   292.02 302.91   153.96 164.86   159.55 170.44   153.28 164.18
2020-08-03   153.50 164.40   153.48 164.37   290.99 301.89   152.93 163.83   158.52 169.41   152.25 163.15
2020-08-04   152.47 163.37   152.44 163.34   289.96 300.86   151.90 162.80   157.49 168.38   151.22 162.12
2020-08-05   151.44 162.34   151.41 162.31   288.93 299.83   150.87 161.77   156.45 167.35   150.19 161.09
2020-08-06   150.41 161.31   150.38 161.28   287.89 298.79   149.84 160.74   155.42 166.32   149.16 160.06
2020-08-07   149.38 160.28   149.35 160.25   286.86 297.76   148.81 159.71   154.39 165.29   148.12 159.03
2020-08-08   148.34 159.24   148.32 159.22   285.83 296.73   147.77 158.67   153.36 164.26   147.09 157.99
2020-08-09   147.31 158.21   147.29 158.19   284.80 295.70   146.74 157.64   152.33 163.23   146.06 156.96
2020-08-10   146.28 157.18   146.26 157.15   283.77 294.67   145.71 156.61   151.30 162.20   145.03 155.93
2020-08-11   145.25 156.15   145.23 156.12   282.74 293.64   144.68 155.58   150.27 161.16   144.00 154.90
2020-08-12   144.22 155.12   144.20 155.09   281.71 292.61   143.65 154.55   149.24 160.13   142.97 153.87
2020-08-13   143.19 154.09   143.17 154.06   280.68 291.57   142.62 153.52   148.21 159.10   141.94 152.84
2020-08-14   142.16 153.06   142.14 153.03   279.65 290.54   141.59 152.49   147.18 158.07   140.91 151.80
2020-08-15   141.14 152.02   141.11 152.00   278.62 289.51   140.57 151.45   146.15 157.04   139.89 150.77
2020-08-16   140.11 150.99   140.08 150.97   277.60 288.48   139.54 150.42   145.12 156.01   138.86 149.74
2020-08-17   139.08 149.96   139.06 149.94   276.57 287.45   138.51 149.39   144.10 154.98   137.83 148.71
2020-08-18   138.06 148.93   138.03 148.91   275.55 286.42   137.49 148.36   143.07 153.95   136.81 147.68
2020-08-19   137.03 147.90   137.01 147.88   274.52 285.39   136.46 147.33   142.05 152.92   135.78 146.65
2020-08-20   136.01 146.88   135.98 146.85   273.50 284.36   135.44 146.31   141.03 151.89   134.76 145.63
2020-08-21   134.99 145.85   134.96 145.82   272.48 283.34   134.42 145.28   140.00 150.86   133.74 144.60
2020-08-22   133.97 144.82   133.94 144.80   271.46 282.31   133.40 144.25   138.98 149.84   132.72 143.57
2020-08-23   132.95 143.80   132.92 143.77   270.44 281.28   132.38 143.23   137.96 148.81   131.70 142.55
2020-08-24   131.93 142.77   131.90 142.74   269.42 280.26   131.36 142.20   136.95 147.79   130.68 141.52
2020-08-25   130.91 141.75   130.89 141.72   268.40 279.23   130.34 141.18   135.93 146.76   129.66 140.50
2020-08-26   129.90 140.72   129.87 140.70   267.39 278.21   129.33 140.15   134.91 145.74   128.65 139.47
2020-08-27   128.88 139.70   128.86 139.68   266.37 277.19   128.31 139.13   133.90 144.72   127.63 138.45
2020-08-28   127.87 138.68   127.84 138.66   265.36 276.17   127.30 138.11   132.89 143.70   126.62 137.43
2020-08-29   126.86 137.66   126.83 137.64   264.35 275.15   126.29 137.09   131.88 142.68   125.61 136.41
2020-08-30   125.85 136.64   125.82 136.62   263.34 274.13   125.28 136.07   130.87 141.66   124.60 135.39
2020-08-31   124.84 135.63   124.82 135.60   262.33 273.12   124.27 135.06   129.86 140.64   123.59 134.38
2020-09-01   123.84 134.61   123.81 134.59   261.33 272.10   123.27 134.04   128.85 139.63   122.59 133.36
2020-09-02   122.83 133.60   122.81 133.57   260.32 271.09   122.26 133.03   127.85 138.61   121.58 132.35
2020-09-03   121.83 132.59   121.80 132.56   259.32 270.07   121.26 132.02   126.85 137.60   120.58 131.34
2020-09-04   120.83 131.58   120.80 131.55   258.32 269.06   120.26 131.01   125.85 136.59   119.58 130.33
2020-09-05   119.83 130.57   119.80 130.54   257.32 268.05   119.26 130.00   124.85 135.58   118.58 129.32
2020-09-06   118.83 129.56   118.81 129.53   256.32 267.05   118.26 128.99   123.85 134.58   117.58 128.31
2020-09-07   117.84 128.55   117.81 128.53   255.33 266.04   117.27 127.98   122.85 133.57   116.59 127.30
2020-09-08   116.85 127.55   116.82 127.52   254.33 265.04   116.28 126.98   121.86 132.57   115.60 126.30
2020-09-09   115.85 126.55   115.83 126.52   253.34 264.04   115.28 125.98   120.87 131.56   114.60 125.30
2020-09-10   114.87 125.55   114.84 125.52   252.35 263.03   114.30 124.98   119.88 130.56   113.61 124.30
2020-09-11   113.88 124.55   113.85 124.52   251.36 262.04   113.31 123.98   118.89 129.56   112.63 123.30
2020-09-12   112.89 123.55   112.87 123.53   250.38 261.04   112.32 122.98   117.91 128.57   111.64 122.30
2020-09-13   111.91 122.56   111.88 122.53   249.40 260.04   111.34 121.99   116.92 127.57   110.66 121.31
2020-09-14   110.93 121.56   110.90 121.54   248.41 259.05   110.36 120.99   115.94 126.58   109.68 120.31
2020-09-15   109.95 120.57   109.92 120.55   247.43 258.06   109.38 120.00   114.96 125.59   108.70 119.32
2020-09-16   108.97 119.58   108.94 119.56   246.46 257.07   108.40 119.01   113.98 124.60   107.72 118.33
2020-09-17   107.99 118.59   107.97 118.57   245.48 256.08   107.42 118.02   113.01 123.61   106.74 117.34
2020-09-18   107.02 117.61   106.99 117.58   244.51 255.10   106.45 117.04   112.03 122.62   105.77 116.36
2020-09-19   106.05 116.62   106.02 116.60   243.53 254.11   105.48 116.05   111.06 121.64   104.80 115.37
2020-09-20   105.08 115.64   105.05 115.62   242.56 253.13   104.51 115.07   110.09 120.66   103.83 114.39
2020-09-21   104.11 114.66   104.08 114.64   241.59 252.15   103.54 114.09   109.12 119.68   102.86 113.41
2020-09-22   103.14 113.68   103.11 113.66   240.63 251.17   102.57 113.11   108.16 118.70   101.89 112.43
2020-09-23   102.18 112.71   102.15 112.68   239.66 250.19   101.61 112.14   107.19 117.72   100.93 111.46
2020-09-24   101.21 111.73   101.19 111.71   238.70 249.22   100.64 111.16   106.23 116.75    99.96 110.48
2020-09-25   100.25 110.76   100.23 110.73   237.74 248.25    99.68 110.19   105.27 115.77    99.00 109.51
2020-09-26    99.29 109.79    99.27 109.76   236.78 247.28    98.72 109.22   104.31 114.80    98.04 108.54
2020-09-27    98.33 108.82    98.31 108.79   235.82 246.31    97.76 108.25   103.35 113.83    97.08 107.57
2020-09-28    97.38 107.85    97.35 107.82   234.87 245.34    96.81 107.28   102.39 112.87    96.13 106.60
2020-09-29    96.42 106.89    96.40 106.86   233.91 244.37    95.85 106.32   101.44 111.90    95.17 105.63
2020-09-30    95.47 105.92    95.45 105.89   232.96 243.41    94.90 105.35   100.49 110.94    94.22 104.67
2020-10-01    94.52 104.96    94.49 104.93   232.01 242.45    93.95 104.39    99.54 109.97    93.27 103.71
2020-10-02    93.57 104.00    93.54 103.97   231.06 241.49    93.00 103.43    98.59 109.01    92.32 102.75
2020-10-03    92.62 103.04    92.60 103.01   230.11 240.53    92.05 102.47    97.64 108.05    91.37 101.79
2020-10-04    91.68 102.08    91.65 102.06   229.16 239.57    91.11 101.51    96.69 107.10    90.43 100.83
2020-10-05    90.73 101.13    90.70 101.10   228.22 238.61    90.16 100.56    95.75 106.14    89.48  99.88
2020-10-06    89.79 100.17    89.76 100.15   227.27 237.66    89.22  99.60    94.80 105.19    88.54  98.92
2020-10-07    88.84  99.22    88.82  99.19   226.33 236.71    88.27  98.65    93.86 104.23    87.59  97.97
2020-10-08    87.90  98.27    87.88  98.24   225.39 235.76    87.33  97.70    92.92 103.28    86.65  97.02
2020-10-09    86.96  97.32    86.94  97.29   224.45 234.81    86.39  96.75    91.98 102.33    85.71  96.07
2020-10-10    86.02  96.37    86.00  96.34   223.51 233.86    85.45  95.80    91.04 101.38    84.77  95.12
2020-10-11    85.09  95.42    85.06  95.40   222.57 232.91    84.52  94.85    90.10 100.44    83.84  94.17
2020-10-12    84.15  94.48    84.12  94.45   221.64 231.96    83.58  93.91    89.16  99.49    82.90  93.23
2020-10-13    83.21  93.53    83.19  93.51   220.70 231.02    82.64  92.96    88.23  98.55    81.96  92.28
2020-10-14    82.28  92.59    82.25  92.56   219.77 230.08    81.71  92.02    87.29  97.60    81.03  91.34
2020-10-15    81.34  91.65    81.32  91.62   218.83 229.13    80.77  91.08    86.36  96.66    80.09  90.40
2020-10-16    80.41  90.70    80.38  90.68   217.90 228.19    79.84  90.13    85.43  95.72    79.16  89.45
2020-10-17    79.48  89.76    79.45  89.74   216.97 227.25    78.91  89.19    84.49  94.78    78.23  88.51
2020-10-18    78.55  88.83    78.52  88.80   216.03 226.31    77.98  88.26    83.56  93.84    77.30  87.57
2020-10-19    77.61  87.89    77.59  87.86   215.10 225.37    77.04  87.32    82.63  92.90    76.36  86.64
2020-10-20    76.68  86.95    76.66  86.92   214.17 224.44    76.11  86.38    81.70  91.96    75.43  85.70
2020-10-21    75.75  86.01    75.73  85.99   213.24 223.50    75.18  85.44    80.77  91.03    74.50  84.76
2020-10-22    74.82  85.08    74.80  85.05   212.31 222.56    74.25  84.51    79.84  90.09    73.57  83.83
2020-10-23    73.89  84.14    73.87  84.11   211.38 221.63    73.32  83.57    78.91  89.16    72.64  82.89
2020-10-24    72.96  83.21    72.94  83.18   210.45 220.69    72.39  82.64    77.98  88.22    71.71  81.95
2020-10-25    72.04  82.27    72.01  82.24   209.52 219.76    71.47  81.70    77.05  87.29    70.78  81.02
2020-10-26    71.11  81.34    71.08  81.31   208.59 218.82    70.54  80.77    76.12  86.35    69.86  80.09
2020-10-27    70.18  80.40    70.15  80.38   207.67 217.89    69.61  79.83    75.19  85.42    68.93  79.15
2020-10-28    69.25  79.47    69.22  79.44   206.74 216.96    68.68  78.90    74.26  84.49    68.00  78.22
2020-10-29    68.32  78.54    68.29  78.51   205.81 216.03    67.75  77.97    73.33  83.55    67.07  77.29
2020-10-30    67.39  77.61    67.36  77.58   204.88 215.09    66.82  77.04    72.41  82.62    66.14  76.35
2020-10-31    66.46  76.67    66.43  76.65   203.95 214.16    65.89  76.10    71.48  81.69    65.21  75.42
2020-11-01    65.53  75.74    65.50  75.71   203.02 213.23    64.96  75.17    70.55  80.76    64.28  74.49
2020-11-02    64.60  74.81    64.57  74.78   202.09 212.29    64.03  74.24    69.62  79.82    63.35  73.56
2020-11-03    63.67  73.87    63.64  73.85   201.16 211.36    63.10  73.30    68.69  78.89    62.42  72.62
2020-11-04    62.74  72.94    62.71  72.92   200.23 210.43    62.17  72.37    67.75  77.96    61.49  71.69
2020-11-05    61.81  72.01    61.78  71.98   199.29 209.50    61.24  71.44    66.82  77.02    60.56  70.76
2020-11-06    60.88  71.08    60.85  71.05   198.36 208.56    60.31  70.51    65.89  76.09    59.62  69.83
2020-11-07    59.94  70.14    59.92  70.12   197.43 207.63    59.37  69.57    64.96  75.16    58.69  68.89
2020-11-08    59.01  69.21    58.98  69.18   196.50 206.70    58.44  68.64    64.02  74.22    57.76  67.96
2020-11-09    58.07  68.27    58.05  68.25   195.56 205.76    57.50  67.70    63.09  73.29    56.82  67.02
2020-11-10    57.14  67.34    57.11  67.31   194.62 204.83    56.57  66.77    62.15  72.35    55.89  66.09
2020-11-11    56.20  66.40    56.17  66.38   193.69 203.89    55.63  65.83    61.22  71.42    54.95  65.15
2020-11-12    55.26  65.47    55.24  65.44   192.75 202.95    54.69  64.90    60.28  70.48    54.01  64.22
2020-11-13    54.32  64.53    54.30  64.50   191.81 202.02    53.75  63.96    59.34  69.54    53.07  63.28
2020-11-14    53.38  63.59    53.36  63.56   190.87 201.08    52.81  63.02    58.40  68.61    52.13  62.34
2020-11-15    52.44  62.65    52.42  62.62   189.93 200.14    51.87  62.08    57.46  67.67    51.19  61.40
2020-11-16    51.71  61.50    51.68  61.48   189.20 198.99    51.14  60.93    56.72  66.52    50.46  60.25
2020-11-17    50.98  60.34    50.96  60.32   188.47 197.83    50.41  59.77    56.00  65.36    49.73  59.09
2020-11-18    50.25  59.18    50.23  59.16   187.74 196.67    49.68  58.61    55.27  64.20    49.00  57.93
2020-11-19    49.52  58.02    49.50  57.99   187.01 195.51    48.95  57.45    54.54  63.04    48.27  56.77
2020-11-20    48.79  56.86    48.77  56.83   186.28 194.35    48.22  56.29    53.81  61.87    47.54  55.61
2020-11-21    48.06  55.69    48.03  55.67   185.55 193.18    47.49  55.12    53.07  60.71    46.81  54.44
2020-11-22    47.32  54.53    47.30  54.50   184.81 192.02    46.75  53.96    52.34  59.55    46.07  53.28

2021-04-22   253.49 260.60   253.47 260.57    30.98  38.08   252.92 260.03   258.51 265.61   252.24 259.35
2021-04-23   252.37 259.89   252.35 259.87    29.86  37.38   251.80 259.32   257.39 264.91   251.12 258.64
2021-04-24   251.25 259.19   251.23 259.17    28.74  36.68   250.68 258.62   256.27 264.21   250.00 257.94
2021-04-25   250.14 258.50   250.11 258.47    27.62  35.98   249.57 257.93   255.15 263.51   248.89 257.24
2021-04-26   249.02 257.80   248.99 257.77    26.51  35.29   248.45 257.23   254.03 262.81   247.77 256.55
2021-04-27   247.90 257.10   247.88 257.08    25.39  34.59   247.33 256.53   252.92 262.12   246.65 255.85
2021-04-28   246.79 256.41   246.76 256.38    24.27  33.90   246.22 255.84   251.80 261.43   245.54 255.16
2021-04-29   245.67 255.72   245.64 255.69    23.16  33.21   245.10 255.15   250.69 260.73   244.42 254.47
2021-04-30   244.69 254.90   244.66 254.87    22.17  32.38   244.12 254.33   249.70 259.91   243.44 253.64
2021-05-01   243.79 253.99   243.76 253.96    21.27  31.48   243.22 253.42   248.80 259.01   242.53 252.74
2021-05-02   242.88 253.09   242.86 253.06    20.37  30.58   242.31 252.52   247.90 258.10   241.63 251.84
2021-05-03   241.98 252.19   241.96 252.16    19.47  29.67   241.41 251.62   247.00 257.20   240.73 250.94
2021-05-04   241.08 251.29   241.06 251.26    18.57  28.77   240.51 250.72   246.10 256.30   239.83 250.03
2021-05-05   240.18 250.38   240.16 250.36    17.67  27.87   239.61 249.81   245.20 255.40   238.93 249.13
2021-05-06   239.28 249.48   239.26 249.46    16.77  26.97   238.71 248.91   244.30 254.50   238.03 248.23
2021-05-07   238.38 248.58   238.36 248.56    15.87  26.07   237.81 248.01   243.40 253.60   237.13 247.33
2021-05-08   237.48 247.68   237.46 247.66    14.97  25.17   236.91 247.11   242.50 252.70   236.23 246.43
2021-05-09   236.59 246.79   236.56 246.76    14.07  24.27   236.02 246.22   241.60 251.80   235.33 245.54
2021-05-10   235.69 245.89   235.66 245.86    13.17  23.37   235.12 245.32   240.70 250.90   234.43 244.64
2021-05-11   234.79 244.99   234.76 244.96    12.27  22.48   234.22 244.42   239.80 250.00   233.53 243.74
2021-05-12   233.88 244.09   233.86 244.06    11.37  21.58   233.31 243.52   238.90 249.11   232.63 242.84
2021-05-13   232.98 243.19   232.96 243.16    10.47  20.68   232.41 242.62   238.00 248.21   231.73 241.94
2021-05-14   232.08 242.29   232.06 242.27     9.57  19.78   231.51 241.72   237.10 247.31   230.83 241.04
2021-05-15   231.18 241.39   231.16 241.37     8.67  18.88   230.61 240.82   236.20 246.41   229.93 240.14
2021-05-16   230.28 240.50   230.25 240.47     7.77  17.98   229.71 239.93   235.29 245.51   229.03 239.24
2021-05-17   229.38 239.60   229.35 239.57     6.86  17.08   228.81 239.03   234.39 244.61   228.13 238.35
2021-05-18   228.47 238.70   228.45 238.67     5.96  16.18   227.90 238.13   233.49 243.71   227.22 237.45
2021-05-19   227.57 237.80   227.54 237.77     5.06  15.28   227.00 237.23   232.58 242.81   226.32 236.55
2021-05-20   226.66 236.90   226.64 236.87     4.15  14.38   226.09 236.33   231.68 241.91   225.41 235.65
2021-05-21   225.76 236.00   225.73 235.97     3.25  13.48   225.19 235.43   230.77 241.01   224.51 234.74
2021-05-22   224.85 235.09   224.83 235.07     2.34  12.58   224.28 234.52   229.87 240.11   223.60 233.84
2021-05-23   223.94 234.19   223.92 234.16     1.43  11.68   223.37 233.62   228.96 239.21   222.69 232.94
2021-05-24   223.03 233.29   223.01 233.26     0.52  10.78   222.46 232.72   228.05 238.30   221.78 232.04
2021-05-25   222.12 232.38   222.10 232.36   359.61   9.87   221.55 231.81   227.14 237.40   220.87 231.13
2021-05-26   221.21 231.48   221.19 231.45   358.70   8.97   220.64 230.91   226.23 236.49   219.96 230.23
2021-05-27   220.30 230.57   220.27 230.55   357.79   8.06   219.73 230.00   225.32 235.59   219.05 229.32
2021-05-28   219.39 229.67   219.36 229.64   356.87   7.15   218.82 229.10   224.40 234.68   218.14 228.42
2021-05-29   218.47 228.76   218.44 228.73   355.96   6.25   217.90 228.19   223.49 233.77   217.22 227.51
2021-05-30   217.55 227.85   217.53 227.82   355.04   5.34   216.98 227.28   222.57 232.86   216.30 226.60
2021-05-31   216.64 226.94   216.61 226.91   354.12   4.43   216.07 226.37   221.65 231.95   215.38 225.69
2021-06-01   215.72 226.03   215.69 226.00   353.20   3.51   215.15 225.46   220.73 231.04   214.46 224.78
2021-06-02   214.79 225.11   214.77 225.09   352.28   2.60   214.22 224.54   219.81 230.13   213.54 223.86
2021-06-03   213.87 224.20   213.84 224.17   351.36   1.69   213.30 223.63   218.89 229.21   212.62 222.95
2021-06-04   212.95 223.28   212.92 223.26   350.43   0.77   212.38 222.71   217.96 228.30   211.69 222.03
2021-06-05   212.02 222.36   211.99 222.34   349.51 359.85   211.45 221.79   217.03 227.38   210.77 221.11
2021-06-06   211.09 221.45   211.06 221.42   348.58 358.93   210.52 220.88   216.11 226.46   209.84 220.19
2021-06-07   210.16 220.52   210.13 220.50   347.65 358.01   209.59 219.95   215.17 225.54   208.91 219.27
2021-06-08   209.23 219.60   209.20 219.58   346.71 357.09   208.66 219.03   214.24 224.62   207.98 218.35
2021-06-09   208.29 218.68   208.27 218.65   345.78 356.16   207.72 218.11   213.31 223.69   207.04 217.43
2021-06-10   207.36 217.75   207.33 217.72   344.84 355.24   206.79 217.18   212.37 222.77   206.10 216.50
2021-06-11   206.42 216.82   206.39 216.80   343.90 354.31   205.85 216.25   211.43 221.84   205.17 215.57
2021-06-12   205.48 215.89   205.45 215.87   342.96 353.38   204.91 215.32   210.49 220.91   204.23 214.64
2021-06-13   204.53 214.96   204.51 214.93   342.02 352.45   203.96 214.39   209.55 219.98   203.28 213.71
2021-06-14   203.59 214.03   203.56 214.00   341.08 351.51   203.02 213.46   208.60 219.04   202.34 212.78
2021-06-15   202.64 213.09   202.61 213.06   340.13 350.58   202.07 212.52   207.66 218.11   201.39 211.84
2021-06-16   201.69 212.15   201.67 212.13   339.18 349.64   201.12 211.58   206.71 217.17   200.44 210.90
2021-06-17   200.74 211.21   200.71 211.19   338.23 348.70   200.17 210.64   205.76 216.23   199.49 209.96
2021-06-18   199.79 210.27   199.76 210.24   337.27 347.76   199.22 209.70   204.80 215.29   198.54 209.02
2021-06-19   198.83 209.33   198.80 209.30   336.32 346.81   198.26 208.76   203.85 214.34   197.58 208.07
2021-06-20   197.87 208.38   197.85 208.35   335.36 345.87   197.30 207.81   202.89 213.39   196.62 207.13
2021-06-21   196.91 207.43   196.88 207.40   334.40 344.92   196.34 206.86   201.93 212.45   195.66 206.18
2021-06-22   195.95 206.48   195.92 206.45   333.44 343.97   195.38 205.91   200.96 211.49   194.70 205.23
2021-06-23   194.98 205.53   194.96 205.50   332.47 343.01   194.41 204.96   200.00 210.54   193.73 204.27
2021-06-24   194.02 204.57   193.99 204.54   331.50 342.06   193.45 204.00   199.03 209.58   192.76 203.32
2021-06-25   193.05 203.61   193.02 203.58   330.53 341.10   192.48 203.04   198.06 208.63   191.79 202.36
2021-06-26   192.07 202.65   192.05 202.62   329.56 340.14   191.50 202.08   197.09 207.67   190.82 201.40
2021-06-27   191.10 201.69   191.07 201.66   328.59 339.18   190.53 201.12   196.11 206.70   189.85 200.44
2021-06-28   190.12 200.72   190.09 200.70   327.61 338.21   189.55 200.15   195.14 205.74   188.87 199.47
2021-06-29   189.14 199.76   189.12 199.73   326.63 337.24   188.57 199.19   194.16 204.77   187.89 198.50
2021-06-30   188.16 198.79   188.13 198.76   325.65 336.27   187.59 198.22   193.18 203.80   186.91 197.53
2021-07-01   187.18 197.81   187.15 197.79   324.66 335.30   186.61 197.24   192.19 202.83   185.93 196.56
2021-07-02   186.19 196.84   186.16 196.81   323.68 334.33   185.62 196.27   191.20 201.85   184.94 195.59
2021-07-03   185.20 195.86   185.17 195.84   322.69 333.35   184.63 195.29   190.22 200.88   183.95 194.61
2021-07-04   184.21 194.88   184.18 194.86   321.70 332.37   183.64 194.31   189.23 199.90   182.96 193.63
2021-07-05   183.22 193.90   183.19 193.87   320.71 331.39   182.65 193.33   188.23 198.92   181.97 192.65
2021-07-06   182.22 192.92   182.20 192.89   319.71 330.40   181.65 192.35   187.24 197.93   180.97 191.67
2021-07-07   181.23 191.93   181.20 191.90   318.71 329.42   180.66 191.36   186.24 196.95   179.98 190.68
2021-07-08   180.23 190.94   180.20 190.92   317.71 328.43   179.66 190.37   185.24 195.96   178.98 189.69
2021-07-09   179.23 189.95   179.20 189.93   316.71 327.44   178.66 189.38   184.24 194.97   177.97 188.70
2021-07-10   178.22 188.96   178.20 188.93   315.71 326.45   177.65 188.39   183.24 193.97   176.97 187.71
2021-07-11   177.22 187.96   177.19 187.94   314.71 325.45   176.65 187.39   182.23 192.98   175.97 186.71
2021-07-12   176.21 186.97   176.18 186.94   313.70 324.46   175.64 186.40   181.23 191.98   174.96 185.72
2021-07-13   175.20 185.97   175.18 185.94   312.69 323.46   174.63 185.40   180.22 190.98   173.95 184.72
2021-07-14   174.19 184.97   174.17 184.94   311.68 322.46   173.62 184.40   179.21 189.98   172.94 183.72
2021-07-15   173.18 183.97   173.15 183.94   310.67 321.45   172.61 183.40   178.20 188.98   171.93 182.71
2021-07-16   172.17 182.96   172.14 182.93   309.65 320.45   171.60 182.39   177.18 187.98   170.92 181.71
2021-07-17   171.15 181.95   171.12 181.93   308.64 319.44   170.58 181.38   176.17 186.97   169.90 180.70
2021-07-18   170.13 180.95   170.11 180.92   307.62 318.43   169.56 180.38   175.15 185.96   168.88 179.69
2021-07-19   169.12 179.94   169.09 179.91   306.60 317.42   168.55 179.37   174.13 184.95   167.87 178.68
2021-07-20   168.10 178.92   168.07 178.90   305.58 316.41   167.53 178.35   173.11 183.94   166.85 177.67
2021-07-21   167.08 177.91   167.05 177.88   304.56 315.40   166.51 177.34   172.09 182.93   165.83 176.66
2021-07-22   166.05 176.90   166.03 176.87   303.54 314.38   165.48 176.33   171.07 181.91   164.80 175.65
2021-07-23   165.03 175.88   165.00 175.85   302.52 313.37   164.46 175.31   170.05 180.89   163.78 174.63
2021-07-24   164.01 174.86   163.98 174.84   301.49 312.35   163.44 174.29   169.02 179.88   162.76 173.61
2021-07-25   162.98 173.84   162.96 173.82   300.47 311.33   162.41 173.27   168.00 178.86   161.73 172.59
2021-07-26   161.96 172.82   161.93 172.80   299.44 310.31   161.39 172.25   166.97 177.84   160.71 171.57
2021-07-27   160.93 171.80   160.90 171.77   298.42 309.29   160.36 171.23   165.95 176.82   159.68 170.55
2021-07-28   159.90 170.78   159.88 170.75   297.39 308.27   159.33 170.21   164.92 175.79   158.65 169.53
2021-07-29   158.87 169.75   158.85 169.73   296.36 307.24   158.30 169.18   163.89 174.77   157.62 168.50
2021-07-30   157.85 168.73   157.82 168.70   295.33 306.22   157.28 168.16   162.86 173.75   156.60 167.48
2021-07-31   156.82 167.70   156.79 167.68   294.30 305.19   156.25 167.13   161.83 172.72   155.57 166.45
2021-08-01   155.79 166.68   155.76 166.65   293.28 304.17   155.22 166.11   160.80 171.69   154.54 165.43
2021-08-02   154.76 165.65   154.73 165.62   292.25 303.14   154.19 165.08   159.77 170.67   153.51 164.40
2021-08-03   153.73 164.62   153.70 164.60   291.22 302.11   153.16 164.05   158.74 169.64   152.48 163.37
2021-08-04   152.70 163.60   152.67 163.57   290.19 301.08   152.13 163.03   157.71 168.61   151.45 162.34
2021-08-05   151.67 162.57   151.64 162.54   289.16 300.05   151.10 162.00   156.68 167.58   150.42 161.32
2021-08-06   150.64 161.54   150.61 161.51   288.13 299.03   150.07 160.97   155.65 166.55   149.39 160.29
2021-08-07   149.61 160.51   149.58 160.48   287.10 298.00   149.04 159.94   154.62 165.52   148.36 159.26
2021-08-08   148.58 159.48   148.55 159.45   286.07 296.97   148.01 158.91   153.59 164.49   147.33 158.23
2021-08-09   147.55 158.45   147.52 158.42   285.04 295.94   146.98 157.88   152.57 163.46   146.30 157.20
2021-08-10   146.52 157.42   146.49 157.39   284.01 294.91   145.95 156.85   151.54 162.43   145.27 156.17
2021-08-11   145.49 156.39   145.47 156.36   282.98 293.88   144.92 155.82   150.51 161.40   144.24 155.14
2021-08-12   144.46 155.36   144.44 155.33   281.95 292.85   143.89 154.79   149.48 160.37   143.21 154.11
2021-08-13   143.44 154.33   143.41 154.30   280.92 291.82   142.87 153.76   148.45 159.34   142.19 153.08
2021-08-14   142.41 153.30   142.38 153.27   279.90 290.79   141.84 152.73   147.42 158.31   141.16 152.05
2021-08-15   141.38 152.27   141.36 152.24   278.87 289.76   140.81 151.70   146.40 157.29   140.13 151.02
2021-08-16   140.36 151.24   140.33 151.21   277.85 288.73   139.79 150.67   145.37 156.26   139.11 149.99
2021-08-17   139.33 150.21   139.31 150.19   276.82 287.70   138.76 149.64   144.35 155.23   138.08 148.96
2021-08-18   138.31 149.18   138.28 149.16   275.80 286.67   137.74 148.61   143.32 154.20   137.06 147.93
2021-08-19   137.29 148.16   137.26 148.13   274.77 285.64   136.72 147.59   142.30 153.17   136.04 146.91
2021-08-20   136.27 147.13   136.24 147.10   273.75 284.62   135.70 146.56   141.28 152.15   135.01 145.88
2021-08-21   135.25 146.10   135.22 146.08   272.73 283.59   134.68 145.53   140.26 151.12   133.99 144.85
2021-08-22   134.23 145.08   134.20 145.05   271.71 282.57   133.66 144.51   139.24 150.09   132.97 143.83
2021-08-23   133.21 144.06   133.18 144.03   270.70 281.54   132.64 143.49   138.22 149.07   131.96 142.80
2021-08-24   132.19 143.03   132.16 143.01   269.68 280.52   131.62 142.46   137.21 148.05   130.94 141.78
2021-08-25   131.18 142.01   131.15 141.98   268.66 279.50   130.61 141.44   136.19 147.02   129.92 140.76
2021-08-26   130.16 140.99   130.13 140.96   267.65 278.48   129.59 140.42   135.18 146.00   128.91 139.74
2021-08-27   129.15 139.97   129.12 139.94   266.64 277.46   128.58 139.40   134.16 144.98   127.90 138.72
2021-08-28   128.14 138.95   128.11 138.92   265.63 276.44   127.57 138.38   133.15 143.96   126.89 137.70
2021-08-29   127.13 137.93   127.10 137.90   264.62 275.42   126.56 137.36   132.14 142.95   125.88 136.68
2021-08-30   126.12 136.91   126.09 136.89   263.61 274.40   125.55 136.34   131.14 141.93   124.87 135.66
2021-08-31   125.11 135.90   125.09 135.87   262.60 273.39   124.54 135.33   130.13 140.91   123.86 134.65
2021-09-01   124.11 134.89   124.08 134.86   261.60 272.37   123.54 134.32   129.12 139.90   122.86 133.64
2021-09-02   123.11 133.87   123.08 133.85   260.59 271.36   122.54 133.30   128.12 138.89   121.86 132.62
2021-09-03   122.10 132.86   122.08 132.84   259.59 270.35   121.53 132.29   127.12 137.88   120.85 131.61
2021-09-04   121.11 131.85   121.08 131.83   258.59 269.34   120.54 131.28   126.12 136.87   119.85 130.60
2021-09-05   120.11 130.85   120.08 130.82   257.60 268.33   119.54 130.28   125.12 135.86   118.86 129.59
2021-09-06   119.11 129.84   119.09 129.81   256.60 267.33   118.54 129.27   124.13 134.85   117.86 128.59
2021-09-07   118.12 128.83   118.09 128.81   255.60 266.32   117.55 128.26   123.13 133.85   116.87 127.58
2021-09-08   117.13 127.83   117.10 127.80   254.61 265.32   116.56 127.26   122.14 132.85   115.87 126.58
2021-09-09   116.13 126.83   116.11 126.80   253.62 264.32   115.56 126.26   121.15 131.85   114.88 125.58
2021-09-10   115.15 125.83   115.12 125.80   252.63 263.32   114.58 125.26   120.16 130.85   113.90 124.58
2021-09-11   114.16 124.83   114.13 124.81   251.65 262.32   113.59 124.26   119.17 129.85   112.91 123.58
2021-09-12   113.17 123.84   113.15 123.81   250.66 261.32   112.60 123.27   118.19 128.85   111.92 122.59
2021-09-13   112.19 122.84   112.17 122.82   249.68 260.33   111.62 122.27   117.21 127.86   110.94 121.59
2021-09-14   111.21 121.85   111.18 121.82   248.70 259.34   110.64 121.28   116.23 126.86   109.96 120.60
2021-09-15   110.23 120.86   110.20 120.83   247.72 258.35   109.66 120.29   115.25 125.87   108.98 119.61
2021-09-16   109.25 119.87   109.23 119.84   246.74 257.36   108.68 119.30   114.27 124.89   108.00 118.62
2021-09-17   108.28 118.88   108.25 118.86   245.77 256.37   107.71 118.31   113.29 123.90   107.03 117.63
2021-09-18   107.31 117.90   107.28 117.87   244.79 255.38   106.74 117.33   112.32 122.91   106.05 116.65
2021-09-19   106.33 116.91   106.31 116.89   243.82 254.40   105.76 116.34   111.35 121.93   105.08 115.66
2021-09-20   105.36 115.93   105.34 115.91   242.85 253.42   104.79 115.36   110.38 120.95   104.11 114.68
2021-09-21   104.40 114.95   104.37 114.93   241.88 252.44   103.83 114.38   109.41 119.97   103.14 113.70
2021-09-22   103.43 113.97   103.40 113.95   240.92 251.46   102.86 113.40   108.44 118.99   102.18 112.72
2021-09-23   102.46 113.00   102.44 112.97   239.95 250.49   101.89 112.43   107.48 118.01   101.21 111.75
2021-09-24   101.50 112.02   101.48 112.00   238.99 249.51   100.93 111.45   106.52 117.04   100.25 110.77
2021-09-25   100.54 111.05   100.51 111.02   238.03 248.54    99.97 110.48   105.56 116.07    99.29 109.80
2021-09-26    99.58 110.08    99.56 110.05   237.07 247.57    99.01 109.51   104.60 115.10    98.33 108.83
2021-09-27    98.62 109.11    98.60 109.08   236.11 246.60    98.05 108.54   103.64 114.13    97.37 107.86
2021-09-28    97.67 108.14    97.64 108.12   235.16 245.63    97.10 107.57   102.68 113.16    96.42 106.89
2021-09-29    96.71 107.18    96.69 107.15   234.20 244.67    96.14 106.61   101.73 112.19    95.46 105.93
2021-09-30    95.76 106.21    95.74 106.19   233.25 243.70    95.19 105.64   100.78 111.23    94.51 104.96
2021-10-01    94.81 105.25    94.78 105.23   232.30 242.74    94.24 104.68    99.83 110.27    93.56 104.00
2021-10-02    93.86 104.29    93.83 104.26   231.35 241.78    93.29 103.72    98.88 109.31    92.61 103.04
2021-10-03    92.91 103.33    92.89 103.31   230.40 240.82    92.34 102.76    97.93 108.35    91.66 102.08
2021-10-04    91.97 102.37    91.94 102.35   229.45 239.86    91.40 101.80    96.98 107.39    90.71 101.12
2021-10-05    91.02 101.42    90.99 101.39   228.51 238.91    90.45 100.85    96.04 106.43    89.77 100.17
2021-10-06    90.08 100.46    90.05 100.44   227.56 237.95    89.51  99.89    95.09 105.48    88.83  99.21
2021-10-07    89.13  99.51    89.11  99.48   226.62 237.00    88.56  98.94    94.15 104.53    87.88  98.26
2021-10-08    88.19  98.56    88.16  98.53   225.68 236.05    87.62  97.99    93.21 103.57    86.94  97.31
2021-10-09    87.25  97.61    87.22  97.58   224.74 235.10    86.68  97.04    92.27 102.62    86.00  96.36
2021-10-10    86.31  96.66    86.29  96.63   223.80 234.15    85.74  96.09    91.33 101.68    85.06  95.41
2021-10-11    85.37  95.71    85.35  95.69   222.86 233.20    84.80  95.14    90.39 100.73    84.12  94.46
2021-10-12    84.44  94.77    84.41  94.74   221.92 232.25    83.87  94.20    89.45  99.78    83.19  93.52
2021-10-13    83.50  93.82    83.47  93.79   220.99 231.31    82.93  93.25    88.51  98.84    82.25  92.57
2021-10-14    82.56  92.88    82.54  92.85   220.05 230.36    81.99  92.31    87.58  97.89    81.31  91.63
2021-10-15    81.63  91.93    81.60  91.91   219.12 229.42    81.06  91.36    86.64  96.95    80.38  90.68
2021-10-16    80.70  90.99    80.67  90.96   218.18 228.48    80.13  90.42    85.71  96.01    79.44  89.74
2021-10-17    79.76  90.05    79.74  90.02   217.25 227.54    79.19  89.48    84.78  95.07    78.51  88.80
2021-10-18    78.83  89.11    78.80  89.08   216.32 226.60    78.26  88.54    83.84  94.13    77.58  87.86
2021-10-19    77.90  88.17    77.87  88.14   215.38 225.66    77.33  87.60    82.91  93.19    76.65  86.92
2021-10-20    76.97  87.23    76.94  87.21   214.45 224.72    76.40  86.66    81.98  92.25    75.71  85.98
2021-10-21    76.03  86.29    76.01  86.27   213.52 223.78    75.46  85.72    81.05  91.31    74.78  85.04
2021-10-22    75.10  85.36    75.08  85.33   212.59 222.85    74.53  84.79    80.12  90.37    73.85  84.11
2021-10-23    74.17  84.42    74.15  84.40   211.66 221.91    73.60  83.85    79.19  89.44    72.92  83.17
2021-10-24    73.24  83.49    73.22  83.46   210.73 220.97    72.67  82.92    78.26  88.50    71.99  82.23
2021-10-25    72.31  82.55    72.29  82.52   209.80 220.04    71.74  81.98    77.33  87.57    71.06  81.30
2021-10-26    71.38  81.62    71.36  81.59   208.87 219.10    70.81  81.05    76.40  86.63    70.13  80.36
2021-10-27    70.45  80.68    70.43  80.65   207.94 218.17    69.88  80.11    75.47  85.70    69.20  79.43
2021-10-28    69.52  79.75    69.50  79.72   207.01 217.23    68.95  79.18    74.54  84.76    68.27  78.50
2021-10-29    68.59  78.81    68.57  78.79   206.08 216.30    68.02  78.24    73.61  83.83    67.34  77.56
2021-10-30    67.66  77.88    67.64  77.85   205.15 215.37    67.09  77.31    72.68  82.89    66.41  76.63
2021-10-31    66.73  76.95    66.71  76.92   204.22 214.43    66.16  76.38    71.75  81.96    65.48  75.69
2021-11-01    65.80  76.01    65.78  75.99   203.29 213.50    65.23  75.44    70.82  81.03    64.55  74.76
2021-11-02    64.87  75.08    64.84  75.05   202.36 212.57    64.30  74.51    69.89  80.09    63.62  73.83
2021-11-03    63.94  74.14    63.91  74.12   201.43 211.63    63.37  73.57    68.95  79.16    62.69  72.89
2021-11-04    63.01  73.21    62.98  73.18   200.49 210.70    62.44  72.64    68.02  78.23    61.76  71.96
2021-11-05    62.07  72.28    62.05  72.25   199.56 209.76    61.50  71.71    67.09  77.29    60.82  71.03
2021-11-06    61.14  71.34    61.11  71.32   198.63 208.83    60.57  70.77    66.16  76.36    59.89  70.09
2021-11-07    60.21  70.41    60.18  70.38   197.69 207.89    59.64  69.84    65.22  75.42    58.96  69.16
2021-11-08    59.27  69.47    59.24  69.44   196.76 206.96    58.70  68.90    64.29  74.49    58.02  68.22
2021-11-09    58.34  68.54    58.31  68.51   195.82 206.02    57.77  67.97    63.35  73.55    57.08  67.28
2021-11-10    57.40  67.60    57.37  67.57   194.89 205.09    56.83  67.03    62.41  72.61    56.15  66.35
2021-11-11    56.46  66.66    56.43  66.64   193.95 204.15    55.89  66.09    61.48  71.68    55.21  65.41
2021-11-12    55.52  65.72    55.50  65.70   193.01 203.21    54.95  65.15    60.54  70.74    54.27  64.47
2021-11-13    54.58  64.79    54.55  64.76   192.07 202.27    54.01  64.22    59.60  69.80    53.33  63.53
2021-11-14    53.64  63.85    53.61  63.82   191.13 201.33    53.07  63.28    58.66  68.86    52.39  62.60
2021-11-15    52.70  62.91    52.67  62.88   190.18 200.39    52.13  62.34    57.71  67.92    51.45  61.66
2021-11-16    51.89  61.82    51.87  61.80   189.38 199.31    51.32  61.25    56.91  66.84    50.64  60.57
2021-11-17    51.17  60.66    51.14  60.64   188.65 198.15    50.60  60.09    56.18  65.68    49.92  59.41
2021-11-18    50.44  59.50    50.41  59.47   187.93 196.99    49.87  58.93    55.45  64.52    49.19  58.25
2021-11-19    49.71  58.34    49.68  58.31   187.20 195.83    49.14  57.77    54.72  63.35    48.46  57.09
2021-11-20    48.97  57.17    48.95  57.15   186.46 194.66    48.40  56.60    53.99  62.19    47.72  55.92
2021-11-21    48.24  56.01    48.21  55.98   185.73 193.50    47.67  55.44    53.26  61.02    46.99  54.76
2021-11-22    47.50  54.84    47.48  54.82   184.99 192.33    46.93  54.27    52.52  59.86    46.25  53.59
2021-11-23    46.76  53.68    46.74  53.65   184.25 191.16    46.19  53.11    51.78  58.69    45.51  52.43

2022-04-22   253.83 260.81   253.80 260.78    31.31  38.30   253.26 260.24   258.84 265.82   252.58 259.56
2022-04-23   252.71 260.11   252.68 260.08    30.19  37.59   252.14 259.54   257.72 265.12   251.46 258.86
2022-04-24   251.59 259.41   251.56 259.38    29.07  36.89   251.02 258.84   256.60 264.42   250.34 258.15
2022-04-25   250.47 258.71   250.44 258.68    27.95  36.19   249.90 258.14   255.48 263.72   249.22 257.46
2022-04-26   249.35 258.01   249.32 257.98    26.84  35.50   248.78 257.44   254.36 263.02   248.10 256.76
2022-04-27   248.23 257.31   248.20 257.29    25.72  34.80   247.66 256.74   253.25 262.33   246.98 256.06
2022-04-28   247.11 256.62   247.09 256.59    24.60  34.11   246.54 256.05   252.13 261.63   245.86 255.37
2022-04-29   245.99 255.93   245.97 255.90    23.48  33.41   245.42 255.36   251.01 260.94   244.74 254.68
2022-04-30   244.95 255.16   244.92 255.13    22.44  32.65   244.38 254.59   249.97 260.18   243.70 253.91
2022-05-01   244.05 254.26   244.02 254.23    21.54  31.74   243.48 253.69   249.06 259.27   242.80 253.00
2022-05-02   243.15 253.35   243.12 253.32    20.63  30.84   242.58 252.78   248.16 258.37   241.90 252.10
2022-05-03   242.24 252.45   242.22 252.42    19.73  29.94   241.67 251.88   247.26 257.46   240.99 251.20
2022-05-04   241.34 251.55   241.32 251.52    18.83  29.03   240.77 250.98   246.36 256.56   240.09 250.29
2022-05-05   240.44 250.64   240.42 250.62    17.93  28.13   239.87 250.07   245.46 255.66   239.19 249.39
2022-05-06   239.54 249.74   239.51 249.72    17.03  27.23   238.97 249.17   244.56 254.76   238.29 248.49
2022-05-07   238.64 248.84   238.61 248.81    16.13  26.33   238.07 248.27   243.66 253.86   237.39 247.59
2022-05-08   237.74 247.94   237.71 247.91    15.23  25.43   237.17 247.37   242.75 252.96   236.49 246.69
2022-05-09   236.84 247.04   236.81 247.01    14.33  24.53   236.27 246.47   241.85 252.05   235.59 245.79
2022-05-10   235.94 246.14   235.91 246.11    13.43  23.63   235.37 245.57   240.95 251.15   234.69 244.89
2022-05-11   235.04 245.24   235.01 245.21    12.52  22.73   234.47 244.67   240.05 250.25   233.79 243.99
2022-05-12   234.13 244.34   234.11 244.31    11.62  21.83   233.56 243.77   239.15 249.35   232.88 243.09
2022-05-13   233.23 243.44   233.21 243.41    10.72  20.93   232.66 242.87   238.25 248.45   231.98 242.19
2022-05-14   232.33 242.54   232.30 242.51     9.82  20.03   231.76 241.97   237.35 247.55   231.08 241.29
2022-05-15   231.43 241.64   231.40 241.61     8.92  19.13   230.86 241.07   236.44 246.65   230.18 240.39
2022-05-16   230.52 240.74   230.50 240.71     8.01  18.23   229.95 240.17   235.54 245.75   229.27 239.49
2022-05-17   229.62 239.84   229.59 239.81     7.11  17.33   229.05 239.27   234.64 244.85   228.37 238.59
2022-05-18   228.72 238.94   228.69 238.91     6.20  16.43   228.15 238.37   233.73 243.95   227.47 237.69
2022-05-19   227.81 238.04   227.78 238.01     5.30  15.52   227.24 237.47   232.83 243.05   226.56 236.79
2022-05-20   226.90 237.13   226.88 237.11     4.39  14.62   226.33 236.56   231.92 242.15   225.65 235.88
2022-05-21   226.00 236.23   225.97 236.21     3.48  13.72   225.43 235.66   231.01 241.25   224.75 234.98
2022-05-22   225.09 235.33   225.06 235.30     2.58  12.82   224.52 234.76   230.10 240.34   223.84 234.08
2022-05-23   224.18 234.43   224.15 234.40     1.67  11.91   223.61 233.86   229.19 239.44   222.93 233.17
2022-05-24   223.27 233.52   223.24 233.49     0.76  11.01   222.70 232.95   228.28 238.54   222.02 232.27
2022-05-25   222.36 232.62   222.33 232.59   359.85  10.10   221.79 232.05   227.37 237.63   221.11 231.36
2022-05-26   221.45 231.71   221.42 231.68   358.93   9.20   220.88 231.14   226.46 236.72   220.19 230.46
2022-05-27   220.53 230.80   220.50 230.78   358.02   8.29   219.96 230.23   225.55 235.82   219.28 229.55
2022-05-28   219.62 229.89   219.59 229.87   357.10   7.38   219.05 229.32   224.63 234.91   218.37 228.64
2022-05-29   218.70 228.98   218.67 228.96   356.19   6.47   218.13 228.41   223.71 234.00   217.45 227.73
2022-05-30   217.78 228.07   217.75 228.05   355.27   5.56   217.21 227.50   222.80 233.09   216.53 226.82
2022-05-31   216.86 227.16   216.83 227.14   354.35   4.65   216.29 226.59   221.88 232.18   215.61 225.91
2022-06-01   215.94 226.25   215.91 226.22   353.43   3.74   215.37 225.68   220.95 231.26   214.69 225.00
2022-06-02   215.02 225.33   214.99 225.31   352.50   2.82   214.45 224.76   220.03 230.35   213.77 224.08
2022-06-03   214.09 224.42   214.07 224.39   351.58   1.91   213.52 223.85   219.11 229.43   212.84 223.17
2022-06-04   213.17 223.50   213.14 223.47   350.65   0.99   212.60 222.93   218.18 228.52   211.91 222.25
2022-06-05   212.24 222.58   212.21 222.56   349.72   0.07   211.67 222.01   217.25 227.60   210.99 221.33
2022-06-06   211.31 221.66   211.28 221.63   348.79 359.15   210.74 221.09   216.32 226.68   210.06 220.41
2022-06-07   210.38 220.74   210.35 220.71   347.86 358.23   209.81 220.17   215.39 225.75   209.12 219.49
2022-06-08   209.44 219.82   209.42 219.79   346.93 357.30   208.87 219.25   214.46 224.83   208.19 218.56
2022-06-09   208.51 218.89   208.48 218.86   345.99 356.38   207.94 218.32   213.52 223.90   207.26 217.64
2022-06-10   207.57 217.96   207.54 217.94   345.06 355.45   207.00 217.39   212.58 222.98   206.32 216.71
2022-06-11   206.63 217.03   206.60 217.01   344.12 354.52   206.06 216.46   211.64 222.05   205.38 215.78
2022-06-12   205.69 216.10   205.66 216.07   343.17 353.59   205.12 215.53   210.70 221.12   204.44 214.85
2022-06-13   204.74 215.17   204.72 215.14   342.23 352.66   204.17 214.60   209.76 220.18   203.49 213.92
2022-06-14   203.80 214.23   203.77 214.21   341.28 351.72   203.23 213.66   208.81 219.25   202.55 212.98
2022-06-15   202.85 213.30   202.82 213.27   340.34 350.78   202.28 212.73   207.86 218.31   201.60 212.05
2022-06-16   201.90 212.36   201.87 212.33   339.38 349.84   201.33 211.79   206.91 217.37   200.65 211.11
2022-06-17   200.94 211.42   200.92 211.39   338.43 348.90   200.37 210.85   205.96 216.43   199.69 210.16
2022-06-18   199.99 210.47   199.96 210.45   337.48 347.96   199.42 209.90   205.01 215.49   198.74 209.22
2022-06-19   199.03 209.53   199.01 209.50   336.52 347.01   198.46 208.96   204.05 214.54   197.78 208.28
2022-06-20   198.07 208.58   198.05 208.55   335.56 346.07   197.50 208.01   203.09 213.59   196.82 207.33
2022-06-21   197.11 207.63   197.09 207.60   334.60 345.12   196.54 207.06   202.13 212.64   195.86 206.38
2022-06-22   196.15 206.68   196.12 206.65   333.63 344.16   195.58 206.11   201.16 211.69   194.90 205.43
2022-06-23   195.18 205.72   195.15 205.70   332.67 343.21   194.61 205.15   200.20 210.74   193.93 204.47
2022-06-24   194.21 204.77   194.19 204.74   331.70 342.25   193.64 204.20   199.23 209.78   192.96 203.51
2022-06-25   193.24 203.81   193.22 203.78   330.73 341.29   192.67 203.24   198.26 208.82   191.99 202.56
2022-06-26   192.27 202.85   192.24 202.82   329.76 340.33   191.70 202.28   197.28 207.86   191.02 201.59
2022-06-27   191.29 201.88   191.27 201.86   328.78 339.37   190.72 201.31   196.31 206.90   190.04 200.63
2022-06-28   190.32 200.92   190.29 200.89   327.80 338.40   189.75 200.35   195.33 205.93   189.06 199.66
2022-06-29   189.34 199.95   189.31 199.92   326.82 337.44   188.77 199.38   194.35 204.96   188.08 198.70
2022-06-30   188.35 198.98   188.33 198.95   325.84 336.46   187.78 198.41   193.37 203.99   187.10 197.73
2022-07-01   187.37 198.00   187.34 197.98   324.86 335.49   186.80 197.43   192.38 203.02   186.12 196.75
2022-07-02   186.38 197.03   186.36 197.00   323.87 334.52   185.81 196.46   191.40 202.04   185.13 195.78
2022-07-03   185.39 196.05   185.37 196.03   322.88 333.54   184.82 195.48   190.41 201.07   184.14 194.80
2022-07-04   184.40 195.07   184.38 195.05   321.89 332.56   183.83 194.50   189.42 200.09   183.15 193.82
2022-07-05   183.41 194.09   183.38 194.06   320.90 331.58   182.84 193.52   188.43 199.11   182.16 192.84
2022-07-06   182.42 193.11   182.39 193.08   319.90 330.59   181.85 192.54   187.43 198.12   181.16 191.86
2022-07-07   181.42 192.12   181.39 192.10   318.91 329.61   180.85 191.55   186.43 197.14   180.17 190.87
2022-07-08   180.42 191.13   180.39 191.11   317.91 328.62   179.85 190.56   185.43 196.15   179.17 189.88
2022-07-09   179.42 190.14   179.39 190.12   316.91 327.63   178.85 189.57   184.43 195.16   178.17 188.89
2022-07-10   178.42 189.15   178.39 189.12   315.90 326.64   177.85 188.58   183.43 194.17   177.17 187.90
2022-07-11   177.41 188.16   177.38 188.13   314.90 325.64   176.84 187.59   182.43 193.17   176.16 186.91
2022-07-12   176.41 187.16   176.38 187.13   313.89 324.65   175.84 186.59   181.42 192.18   175.15 185.91
2022-07-13   175.40 186.16   175.37 186.14   312.88 323.65   174.83 185.59   180.41 191.18   174.15 184.91
2022-07-14   174.39 185.16   174.36 185.14   311.87 322.65   173.82 184.59   179.40 190.18   173.14 183.91
2022-07-15   173.38 184.16   173.35 184.13   310.86 321.65   172.81 183.59   178.39 189.18   172.13 182.91
2022-07-16   172.36 183.16   172.34 183.13   309.85 320.64   171.79 182.59   177.38 188.17   171.11 181.91
2022-07-17   171.35 182.15   171.32 182.12   308.84 319.64   170.78 181.58   176.36 187.17   170.10 180.90
2022-07-18   170.33 181.14   170.31 181.12   307.82 318.63   169.76 180.57   175.35 186.16   169.08 179.89
2022-07-19   169.32 180.13   169.29 180.11   306.80 317.62   168.75 179.56   174.33 185.15   168.07 178.88
2022-07-20   168.30 179.12   168.27 179.10   305.79 316.61   167.73 178.55   173.31 184.14   167.05 177.87
2022-07-21   167.28 178.11   167.25 178.09   304.77 315.60   166.71 177.54   172.29 183.13   166.03 176.86
2022-07-22   166.26 177.10   166.23 177.07   303.75 314.59   165.69 176.53   171.27 182.11   165.01 175.85
2022-07-23   165.24 176.08   165.21 176.06   302.72 313.57   164.67 175.51   170.25 181.10   163.99 174.83
2022-07-24   164.21 175.07   164.19 175.04   301.70 312.55   163.64 174.50   169.23 180.08   162.96 173.82
2022-07-25   163.19 174.05   163.16 174.02   300.68 311.54   162.62 173.48   168.21 179.06   161.94 172.80
2022-07-26   162.17 173.03   162.14 173.00   299.65 310.52   161.60 172.46   167.18 178.05   160.92 171.78
2022-07-27   161.14 172.01   161.12 171.98   298.63 309.50   160.57 171.44   166.16 177.03   159.89 170.76
2022-07-28   160.12 170.99   160.09 170.96   297.60 308.48   159.55 170.42   165.13 176.01   158.87 169.74
2022-07-29   159.09 169.97   159.06 169.94   296.58 307.46   158.52 169.40   164.11 174.98   157.84 168.72
2022-07-30   158.06 168.95   158.04 168.92   295.55 306.43   157.49 168.38   163.08 173.96   156.81 167.69
2022-07-31   157.04 167.92   157.01 167.90   294.52 305.41   156.47 167.35   162.05 172.94   155.79 166.67
2022-08-01   156.01 166.90   155.98 166.87   293.50 304.39   155.44 166.33   161.02 171.91   154.76 165.65
2022-08-02   154.98 165.87   154.96 165.85   292.47 303.36   154.41 165.30   160.00 170.89   153.73 164.62
2022-08-03   153.95 164.85   153.93 164.82   291.44 302.33   153.38 164.28   158.97 169.86   152.70 163.60
2022-08-04   152.93 163.82   152.90 163.79   290.41 301.31   152.36 163.25   157.94 168.84   151.67 162.57
2022-08-05   151.90 162.79   151.87 162.77   289.38 300.28   151.33 162.22   156.91 167.81   150.65 161.54
2022-08-06   150.87 161.77   150.84 161.74   288.36 299.25   150.30 161.20   155.88 166.78   149.62 160.52
2022-08-07   149.84 160.74   149.81 160.71   287.33 298.23   149.27 160.17   154.86 165.75   148.59 159.49
2022-08-08   148.81 159.71   148.79 159.69   286.30 297.20   148.24 159.14   153.83 164.73   147.56 158.46
2022-08-09   147.79 158.68   147.76 158.66   285.27 296.17   147.22 158.11   152.80 163.70   146.54 157.43
2022-08-10   146.76 157.66   146.73 157.63   284.25 295.14   146.19 157.09   151.77 162.67   145.51 156.41
2022-08-11   145.73 156.63   145.71 156.60   283.22 294.12   145.16 156.06   150.75 161.64   144.48 155.38
2022-08-12   144.71 155.60   144.68 155.57   282.19 293.09   144.14 155.03   149.72 160.62   143.46 154.35
2022-08-13   143.68 154.57   143.65 154.55   281.17 292.06   143.11 154.00   148.70 159.59   142.43 153.32
2022-08-14   142.66 153.54   142.63 153.52   280.14 291.03   142.09 152.97   147.67 158.56   141.40 152.29
2022-08-15   141.63 152.52   141.60 152.49   279.12 290.00   141.06 151.95   146.65 157.53   140.38 151.27
2022-08-16   140.61 151.49   140.58 151.46   278.09 288.98   140.04 150.92   145.62 156.51   139.36 150.24
2022-08-17   139.58 150.46   139.56 150.44   277.07 287.95   139.01 149.89   144.60 155.48   138.33 149.21
2022-08-18   138.56 149.44   138.54 149.41   276.05 286.93   137.99 148.87   143.58 154.45   137.31 148.19
2022-08-19   137.54 148.41   137.52 148.39   275.03 285.90   136.97 147.84   142.56 153.43   136.29 147.16
2022-08-20   136.52 147.39   136.50 147.36   274.01 284.88   135.95 146.82   141.54 152.40   135.27 146.14
2022-08-21   135.50 146.36   135.48 146.34   272.99 283.85   134.93 145.79   140.52 151.38   134.25 145.11
2022-08-22   134.49 145.34   134.46 145.31   271.97 282.83   133.92 144.77   139.50 150.36   133.24 144.09
2022-08-23   133.47 144.32   133.44 144.29   270.96 281.81   132.90 143.75   138.48 149.33   132.22 143.07
2022-08-24   132.45 143.30   132.43 143.27   269.94 280.78   131.88 142.73   137.47 148.31   131.20 142.05
2022-08-25   131.44 142.28   131.41 142.25   268.93 279.76   130.87 141.71   136.46 147.29   130.19 141.02
2022-08-26   130.43 141.26   130.40 141.23   267.92 278.74   129.86 140.69   135.44 146.27   129.18 140.00
2022-08-27   129.42 140.24   129.39 140.21   266.90 277.72   128.85 139.67   134.43 145.25   128.17 138.99
2022-08-28   128.41 139.22   128.38 139.19   265.90 276.71   127.84 138.65   133.42 144.24   127.16 137.97
2022-08-29   127.40 138.20   127.37 138.18   264.89 275.69   126.83 137.63   132.41 143.22   126.15 136.95
2022-08-30   126.39 137.19   126.37 137.16   263.88 274.68   125.82 136.62   131.41 142.20   125.14 135.94
2022-08-31   125.39 136.17   125.36 136.15   262.88 273.66   124.82 135.60   130.40 141.19   124.14 134.92
2022-09-01   124.38 135.16   124.36 135.14   261.87 272.65   123.81 134.59   129.40 140.18   123.13 133.91
2022-09-02   123.38 134.15   123.36 134.13   260.87 271.64   122.81 133.58   128.40 139.17   122.13 132.90
2022-09-03   122.38 133.14   122.36 133.12   259.87 270.63   121.81 132.57   127.40 138.16   121.13 131.89
2022-09-04   121.38 132.13   121.36 132.11   258.87 269.62   120.81 131.56   126.40 137.15   120.13 130.88
2022-09-05   120.39 131.13   120.36 131.10   257.88 268.61   119.82 130.56   125.40 136.14   119.14 129.88
2022-09-06   119.39 130.12   119.37 130.10   256.88 267.61   118.82 129.55   124.41 135.14   118.14 128.87
2022-09-07   118.40 129.12   118.37 129.09   255.89 266.61   117.83 128.55   123.42 134.13   117.15 127.87
2022-09-08   117.41 128.12   117.38 128.09   254.90 265.60   116.84 127.55   122.42 133.13   116.16 126.87
2022-09-09   116.42 127.12   116.39 127.09   253.91 264.60   115.85 126.55   121.43 132.13   115.17 125.87
2022-09-10   115.43 126.12   115.40 126.09   252.92 263.61   114.86 125.55   120.45 131.13   114.18 124.87
2022-09-11   114.45 125.12   114.42 125.09   251.93 262.61   113.88 124.55   119.46 130.14   113.19 123.87
2022-09-12   113.46 124.13   113.43 124.10   250.95 261.61   112.89 123.56   118.48 129.14   112.21 122.87
2022-09-13   112.48 123.13   112.45 123.11   249.97 260.62   111.91 122.56   117.49 128.15   111.23 121.88
2022-09-14   111.50 122.14   111.47 122.11   248.99 259.63   110.93 121.57   116.51 127.16   110.25 120.89
2022-09-15   110.52 121.15   110.49 121.12   248.01 258.64   109.95 120.58   115.54 126.17   109.27 119.90
2022-09-16   109.54 120.16   109.52 120.14   247.03 257.65   108.97 119.59   114.56 125.18   108.29 118.91
2022-09-17   108.57 119.18   108.54 119.15   246.06 256.66   108.00 118.61   113.58 124.19   107.32 117.92
2022-09-18   107.60 118.19   107.57 118.16   245.08 255.68   107.03 117.62   112.61 123.21   106.34 116.94
2022-09-19   106.62 117.21   106.60 117.18   244.11 254.70   106.05 116.64   111.64 122.22   105.37 115.96
2022-09-20   105.65 116.23   105.63 116.20   243.14 253.71   105.08 115.66   110.67 121.24   104.40 114.98
2022-09-21   104.69 115.25   104.66 115.22   242.17 252.73   104.12 114.68   109.70 120.26   103.44 114.00
2022-09-22   103.72 114.27   103.69 114.24   241.21 251.76   103.15 113.70   108.74 119.28   102.47 113.02
2022-09-23   102.76 113.29   102.73 113.27   240.24 250.78   102.19 112.72   107.77 118.31   101.51 112.04
2022-09-24   101.79 112.32   101.77 112.29   239.28 249.81   101.22 111.75   106.81 117.33   100.54 111.07
2022-09-25   100.83 111.35   100.81 111.32   238.32 248.83   100.26 110.78   105.85 116.36    99.58 110.10
2022-09-26    99.87 110.38    99.85 110.35   237.36 247.86    99.30 109.81   104.89 115.39    98.62 109.12
2022-09-27    98.92 109.41    98.89 109.38   236.40 246.89    98.35 108.84   103.93 114.42    97.67 108.16
2022-09-28    97.96 108.44    97.93 108.41   235.45 245.93    97.39 107.87   102.98 113.45    96.71 107.19
2022-09-29    97.01 107.47    96.98 107.45   234.49 244.96    96.44 106.90   102.02 112.49    95.76 106.22
2022-09-30    96.05 106.51    96.03 106.48   233.54 244.00    95.48 105.94   101.07 111.52    94.80 105.26
2022-10-01    95.10 105.55    95.08 105.52   232.59 243.03    94.53 104.98   100.12 110.56    93.85 104.30
2022-10-02    94.15 104.59    94.13 104.56   231.64 242.07    93.58 104.02    99.17 109.60    92.90 103.33
2022-10-03    93.20 103.63    93.18 103.60   230.69 241.11    92.63 103.06    98.22 108.64    91.95 102.38
2022-10-04    92.26 102.67    92.23 102.64   229.74 240.16    91.69 102.10    97.27 107.68    91.01 101.42
2022-10-05    91.31 101.71    91.28 101.69   228.80 239.20    90.74 101.14    96.33 106.73    90.06 100.46
2022-10-06    90.37 100.76    90.34 100.73   227.85 238.24    89.80 100.19    95.38 105.77    89.12  99.51
2022-10-07    89.42  99.80    89.40  99.78   226.91 237.29    88.85  99.23    94.44 104.82    88.17  98.55
2022-10-08    88.48  98.85    88.45  98.82   225.97 236.34    87.91  98.28    93.50 103.87    87.23  97.60
2022-10-09    87.54  97.90    87.51  97.87   225.03 235.39    86.97  97.33    92.55 102.92    86.29  96.65
2022-10-10    86.60  96.95    86.57  96.92   224.09 234.44    86.03  96.38    91.61 101.97    85.35  95.70
2022-10-11    85.66  96.00    85.63  95.98   223.15 233.49    85.09  95.43    90.68 101.02    84.41  94.75
2022-10-12    84.72  95.05    84.70  95.03   222.21 232.54    84.15  94.48    89.74 100.07    83.47  93.80
2022-10-13    83.79  94.11    83.76  94.08   221.27 231.60    83.22  93.54    88.80  99.12    82.53  92.86
2022-10-14    82.85  93.16    82.82  93.14   220.34 230.65    82.28  92.59    87.86  98.18    81.60  91.91
2022-10-15    81.91  92.22    81.89  92.19   219.40 229.71    81.34  91.65    86.93  97.24    80.66  90.97
2022-10-16    80.98  91.28    80.95  91.25   218.47 228.76    80.41  90.71    85.99  96.29    79.73  90.03
2022-10-17    80.04  90.34    80.02  90.31   217.53 227.82    79.47  89.77    85.06  95.35    78.79  89.08
2022-10-18    79.11  89.39    79.08  89.37   216.60 226.88    78.54  88.82    84.13  94.41    77.86  88.14
2022-10-19    78.18  88.45    78.15  88.43   215.67 225.94    77.61  87.88    83.19  93.47    76.93  87.20
2022-10-20    77.25  87.51    77.22  87.49   214.73 225.00    76.68  86.94    82.26  92.53    75.99  86.26
2022-10-21    76.31  86.58    76.29  86.55   213.80 224.06    75.74  86.01    81.33  91.59    75.06  85.32
2022-10-22    75.38  85.64    75.35  85.61   212.87 223.12    74.81  85.07    80.40  90.65    74.13  84.39
2022-10-23    74.45  84.70    74.42  84.67   211.94 222.19    73.88  84.13    79.47  89.71    73.20  83.45
2022-10-24    73.52  83.76    73.49  83.74   211.01 221.25    72.95  83.19    78.53  88.78    72.27  82.51
2022-10-25    72.59  82.83    72.56  82.80   210.07 220.31    72.02  82.26    77.60  87.84    71.34  81.58
2022-10-26    71.66  81.89    71.63  81.86   209.14 219.38    71.09  81.32    76.67  86.91    70.41  80.64
2022-10-27    70.73  80.95    70.70  80.93   208.21 218.44    70.16  80.38    75.74  85.97    69.47  79.70
2022-10-28    69.79  80.02    69.77  79.99   207.28 217.51    69.22  79.45    74.81  85.03    68.54  78.77
2022-10-29    68.86  79.08    68.84  79.06   206.35 216.57    68.29  78.51    73.88  84.10    67.61  77.83
2022-10-30    67.93  78.15    67.91  78.12   205.42 215.64    67.36  77.58    72.95  83.16    66.68  76.90
2022-10-31    67.00  77.21    66.97  77.19   204.49 214.70    66.43  76.64    72.01  82.23    65.75  75.96
2022-11-01    66.07  76.28    66.04  76.25   203.56 213.77    65.50  75.71    71.08  81.29    64.82  75.03
2022-11-02    65.14  75.34    65.11  75.32   202.62 212.83    64.57  74.77    70.15  80.36    63.88  74.09
2022-11-03    64.20  74.41    64.18  74.38   201.69 211.90    63.63  73.84    69.22  79.42    62.95  73.16
2022-11-04    63.27  73.47    63.24  73.45   200.76 210.96    62.70  72.90    68.28  78.49    62.02  72.22
2022-11-05    62.33  72.54    62.31  72.51   199.82 210.02    61.76  71.97    67.35  77.55    61.08  71.29
2022-11-06    61.40  71.60    61.37  71.57   198.89 209.09    60.83  71.03    66.42  76.62    60.15  70.35
2022-11-07    60.46  70.66    60.44  70.64   197.95 208.15    59.89  70.09    65.48  75.68    59.21  69.41
2022-11-08    59.53  69.73    59.50  69.70   197.02 207.22    58.96  69.16    64.54  74.74    58.28  68.48
2022-11-09    58.59  68.79    58.56  68.76   196.08 206.28    58.02  68.22    63.61  73.81    57.34  67.54
2022-11-10    57.65  67.85    57.63  67.83   195.14 205.34    57.08  67.28    62.67  72.87    56.40  66.60
2022-11-11    56.71  66.91    56.69  66.89   194.20 204.40    56.14  66.34    61.73  71.93    55.46  65.66
2022-11-12    55.77  65.98    55.75  65.95   193.26 203.46    55.20  65.41    60.79  70.99    54.52  64.72
2022-11-13    54.83  65.04    54.80  65.01   192.32 202.52    54.26  64.47    59.85  70.05    53.58  63.78
2022-11-14    53.89  64.09    53.86  64.07   191.38 201.58    53.32  63.52    58.90  69.11    52.64  62.84
2022-11-15    52.94  63.15    52.92  63.13   190.43 200.64    52.37  62.58    57.96  68.17    51.69  61.90
2022-11-16    52.07  62.14    52.05  62.11   189.56 199.62    51.50  61.57    57.09  67.15    50.82  60.89
2022-11-17    51.34  60.97    51.32  60.95   188.83 198.46    50.77  60.40    56.36  65.99    50.09  59.72
2022-11-18    50.61  59.81    50.59  59.78   188.10 197.30    50.04  59.24    55.63  64.83    49.36  58.56
2022-11-19    49.88  58.65    49.86  58.62   187.37 196.13    49.31  58.08    54.90  63.66    48.63  57.39
2022-11-20    49.15  57.48    49.12  57.45   186.64 194.97    48.58  56.91    54.16  62.50    47.90  56.23
2022-11-21    48.41  56.31    48.39  56.29   185.90 193.80    47.84  55.74    53.43  61.33    47.16  55.06
2022-11-22    47.68  55.15    47.65  55.12   185.16 192.63    47.11  54.58    52.69  60.16    46.42  53.90
2022-11-23    46.94  53.98    46.91  53.95   184.42 191.47    46.37  53.41    51.95  58.99    45.68  52.73

2023-04-22   254.16 261.03   254.14 261.00    31.65  38.51   253.59 260.46   259.18 266.04   252.91 259.78
2023-04-23   253.04 260.32   253.01 260.30    30.53  37.81   252.47 259.75   258.06 265.34   251.79 259.07
2023-04-24   251.92 259.62   251.89 259.59    29.41  37.11   251.35 259.05   256.93 264.64   250.67 258.37
2023-04-25   250.80 258.92   250.77 258.89    28.29  36.41   250.23 258.35   255.81 263.94   249.55 257.67
2023-04-26   249.68 258.22   249.65 258.20    27.16  35.71   249.11 257.65   254.69 263.24   248.43 256.97
2023-04-27   248.56 257.53   248.53 257.50    26.04  35.01   247.99 256.96   253.57 262.54   247.31 256.28
2023-04-28   247.44 256.83   247.41 256.80    24.93  34.32   246.87 256.26   252.45 261.85   246.19 255.58
2023-04-29   246.32 256.14   246.29 256.11    23.81  33.62   245.75 255.57   251.33 261.15   245.07 254.89
2023-04-30   245.22 255.43   245.19 255.40    22.70  32.91   244.65 254.86   250.23 260.44   243.97 254.18
2023-05-01   244.31 254.52   244.29 254.49    21.80  32.01   243.74 253.95   249.33 259.54   243.06 253.27
2023-05-02   243.41 253.62   243.38 253.59    20.90  31.10   242.84 253.05   248.43 258.63   242.16 252.36
2023-05-03   242.51 252.71   242.48 252.68    19.99  30.20   241.94 252.14   247.52 257.73   241.26 251.46
2023-05-04   241.60 251.81   241.58 251.78    19.09  29.29   241.03 251.24   246.62 256.82   240.35 250.56
2023-05-05   240.70 250.90   240.68 250.88    18.19  28.39   240.13 250.33   245.72 255.92   239.45 249.65
2023-05-06   239.80 250.00   239.77 249.97    17.29  27.49   239.23 249.43   244.81 255.02   238.55 248.75
2023-05-07   238.90 249.10   238.87 249.07    16.38  26.58   238.33 248.53   243.91 254.11   237.65 247.85
2023-05-08   238.00 248.20   237.97 248.17    15.48  25.68   237.43 247.63   243.01 253.21   236.74 246.94
2023-05-09   237.09 247.29   237.07 247.27    14.58  24.78   236.52 246.72   242.11 252.31   235.84 246.04
2023-05-10   236.19 246.39   236.16 246.37    13.68  23.88   235.62 245.82   241.21 251.41   234.94 245.14
2023-05-11   235.29 245.49   235.26 245.46    12.78  22.98   234.72 244.92   240.30 250.51   234.04 244.24
2023-05-12   234.39 244.59   234.36 244.56    11.87  22.08   233.82 244.02   239.40 249.60   233.13 243.34
2023-05-13   233.48 243.69   233.46 243.66    10.97  21.18   232.91 243.12   238.50 248.70   232.23 242.44
2023-05-14   232.58 242.79   232.55 242.76    10.07  20.27   232.01 242.22   237.59 247.80   231.33 241.54
2023-05-15   231.67 241.89   231.65 241.86     9.16  19.37   231.10 241.32   236.69 246.90   230.42 240.63
2023-05-16   230.77 240.98   230.74 240.96     8.26  18.47   230.20 240.41   235.78 246.00   229.52 239.73
2023-05-17   229.86 240.08   229.84 240.05     7.35  17.57   229.29 239.51   234.88 245.10   228.61 238.83
2023-05-18   228.96 239.18   228.93 239.15     6.45  16.67   228.39 238.61   233.97 244.19   227.71 237.93
2023-05-19   228.05 238.28   228.02 238.25     5.54  15.76   227.48 237.71   233.07 243.29   226.80 237.03
2023-05-20   227.14 237.37   227.12 237.35     4.63  14.86   226.57 236.80   232.16 242.39   225.89 236.12
2023-05-21   226.23 236.47   226.21 236.44     3.72  13.96   225.66 235.90   231.25 241.48   224.98 235.22
2023-05-22   225.33 235.56   225.30 235.54     2.81  13.05   224.76 234.99   230.34 240.58   224.07 234.31
2023-05-23   224.41 234.66   224.39 234.63     1.90  12.15   223.84 234.09   229.43 239.67   223.16 233.41
2023-05-24   223.50 233.75   223.48 233.73     0.99  11.24   222.93 233.18   228.52 238.77   222.25 232.50
2023-05-25   222.59 232.85   222.56 232.82     0.08  10.33   222.02 232.28   227.61 237.86   221.34 231.60
2023-05-26   221.68 231.94   221.65 231.91   359.16   9.43   221.11 231.37   226.69 236.95   220.42 230.69
2023-05-27   220.76 231.03   220.73 231.00   358.25   8.52   220.19 230.46   225.78 236.05   219.51 229.78
2023-05-28   219.84 230.12   219.82 230.09   357.33   7.61   219.27 229.55   224.86 235.14   218.59 228.87
2023-05-29   218.93 229.21   218.90 229.18   356.41   6.70   218.36 228.64   223.94 234.22   217.67 227.96
2023-05-30   218.01 228.30   217.98 228.27   355.49   5.78   217.44 227.73   223.02 233.31   216.76 227.05
2023-05-31   217.08 227.38   217.06 227.36   354.57   4.87   216.51 226.81   222.10 232.40   215.83 226.13
2023-06-01   216.16 226.47   216.14 226.44   353.65   3.96   215.59 225.90   221.18 231.48   214.91 225.22
2023-06-02   215.24 225.55   215.21 225.53   352.73   3.04   214.67 224.98   220.25 230.57   213.99 224.30
2023-06-03   214.31 224.64   214.29 224.61   351.80   2.12   213.74 224.07   219.33 229.65   213.06 223.39
2023-06-04   213.38 223.72   213.36 223.69   350.87   1.21   212.81 223.15   218.40 228.73   212.13 222.47
2023-06-05   212.45 222.80   212.43 222.77   349.94   0.28   211.88 222.23   217.47 227.81   211.20 221.55
2023-06-06   211.52 221.88   211.50 221.85   349.01 359.36   210.95 221.31   216.54 226.89   210.27 220.62
2023-06-07   210.59 220.95   210.56 220.93   348.08 358.44   210.02 220.38   215.61 225.97   209.34 219.70
2023-06-08   209.65 220.03   209.63 220.00   347.14 357.51   209.08 219.46   214.67 225.04   208.40 218.78
2023-06-09   208.72 219.10   208.69 219.07   346.21 356.59   208.15 218.53   213.73 224.11   207.47 217.85
2023-06-10   207.78 218.17   207.75 218.14   345.27 355.66   207.21 217.60   212.79 223.19   206.53 216.92
2023-06-11   206.84 217.24   206.81 217.21   344.33 354.73   206.27 216.67   211.85 222.26   205.59 215.99
2023-06-12   205.89 216.31   205.87 216.28   343.38 353.80   205.32 215.74   210.91 221.32   204.64 215.06
2023-06-13   204.95 215.37   204.92 215.35   342.44 352.86   204.38 214.80   209.96 220.39   203.70 214.12
2023-06-14   204.00 214.44   203.98 214.41   341.49 351.92   203.43 213.87   209.02 219.45   202.75 213.19
2023-06-15   203.05 213.50   203.03 213.47   340.54 350.99   202.48 212.93   208.07 218.51   201.80 212.25
2023-06-16   202.10 212.56   202.07 212.53   339.59 350.05   201.53 211.99   207.12 217.57   200.85 211.31
2023-06-17   201.15 211.62   201.12 211.59   338.64 349.10   200.58 211.05   206.16 216.63   199.90 210.37
2023-06-18   200.19 210.67   200.17 210.65   337.68 348.16   199.62 210.10   205.21 215.69   198.94 209.42
2023-06-19   199.23 209.73   199.21 209.70   336.72 347.21   198.66 209.16   204.25 214.74   197.98 208.47
2023-06-20   198.27 208.78   198.25 208.75   335.76 346.26   197.70 208.21   203.29 213.79   197.02 207.53
2023-06-21   197.31 207.83   197.28 207.80   334.80 345.31   196.74 207.26   202.33 212.84   196.06 206.58
2023-06-22   196.35 206.87   196.32 206.85   333.83 344.36   195.78 206.30   201.36 211.89   195.10 205.62
2023-06-23   195.38 205.92   195.35 205.89   332.87 343.41   194.81 205.35   200.39 210.93   194.13 204.67
2023-06-24   194.41 204.96   194.38 204.93   331.90 342.45   193.84 204.39   199.43 209.98   193.16 203.71
2023-06-25   193.44 204.00   193.41 203.97   330.93 341.49   192.87 203.43   198.45 209.02   192.19 202.75
2023-06-26   192.46 203.04   192.44 203.01   329.95 340.53   191.89 202.47   197.48 208.05   191.21 201.79
2023-06-27   191.49 202.08   191.46 202.05   328.98 339.56   190.92 201.51   196.50 207.09   190.24 200.82
2023-06-28   190.51 201.11   190.48 201.08   328.00 338.60   189.94 200.54   195.53 206.12   189.26 199.86
2023-06-29   189.53 200.14   189.50 200.11   327.02 337.63   188.96 199.57   194.55 205.16   188.28 198.89
2023-06-30   188.55 199.17   188.52 199.14   326.04 336.66   187.98 198.60   193.56 204.19   187.30 197.92
2023-07-01   187.56 198.20   187.54 198.17   325.05 335.69   186.99 197.63   192.58 203.21   186.31 196.95
2023-07-02   186.58 197.22   186.55 197.20   324.07 334.71   186.01 196.65   191.59 202.24   185.33 195.97
2023-07-03   185.59 196.25   185.56 196.22   323.08 333.73   185.02 195.68   190.60 201.26   184.34 195.00
2023-07-04   184.60 195.27   184.57 195.24   322.09 332.75   184.03 194.70   189.61 200.28   183.35 194.02
2023-07-05   183.61 194.29   183.58 194.26   321.09 331.77   183.04 193.72   188.62 199.30   182.36 193.03
2023-07-06   182.61 193.30   182.59 193.28   320.10 330.79   182.04 192.73   187.63 198.32   181.36 192.05
2023-07-07   181.62 192.32   181.59 192.29   319.10 329.80   181.05 191.75   186.63 197.33   180.36 191.07
2023-07-08   180.62 191.33   180.59 191.30   318.10 328.82   180.05 190.76   185.63 196.34   179.37 190.08
2023-07-09   179.62 190.34   179.59 190.31   317.10 327.83   179.05 189.77   184.63 195.35   178.37 189.09
2023-07-10   178.62 189.35   178.59 189.32   316.10 326.84   178.05 188.78   183.63 194.36   177.36 188.10
2023-07-11   177.61 188.35   177.59 188.33   315.10 325.84   177.04 187.78   182.63 193.37   176.36 187.10
2023-07-12   176.61 187.36   176.58 187.33   314.09 324.85   176.04 186.79   181.62 192.37   175.36 186.11
2023-07-13   175.60 186.36   175.57 186.34   313.09 323.85   175.03 185.79   180.61 191.38   174.35 185.11
2023-07-14   174.59 185.36   174.56 185.34   312.08 322.85   174.02 184.79   179.61 190.38   173.34 184.11
2023-07-15   173.58 184.36   173.55 184.34   311.07 321.85   173.01 183.79   178.60 189.38   172.33 183.11
2023-07-16   172.57 183.36   172.54 183.33   310.06 320.85   172.00 182.79   177.59 188.38   171.32 182.11
2023-07-17   171.56 182.36   171.53 182.33   309.04 319.84   170.99 181.79   176.57 187.37   170.31 181.11
2023-07-18   170.54 181.35   170.52 181.32   308.03 318.84   169.97 180.78   175.56 186.37   169.29 180.10
2023-07-19   169.53 180.34   169.50 180.32   307.02 317.83   168.96 179.77   174.54 185.36   168.28 179.09
2023-07-20   168.51 179.33   168.48 179.31   306.00 316.82   167.94 178.76   173.53 184.35   167.26 178.08
2023-07-21   167.49 178.32   167.47 178.30   304.98 315.81   166.92 177.75   172.51 183.34   166.24 177.07
2023-07-22   166.47 177.31   166.45 177.29   303.96 314.80   165.90 176.74   171.49 182.33   165.22 176.06
2023-07-23   165.46 176.30   165.43 176.27   302.94 313.79   164.89 175.73   170.47 181.31   164.20 175.05
2023-07-24   164.43 175.28   164.41 175.26   301.92 312.77   163.86 174.71   169.45 180.30   163.18 174.03
2023-07-25   163.41 174.27   163.39 174.24   300.90 311.76   162.84 173.70   168.43 179.28   162.16 173.02
2023-07-26   162.39 173.25   162.36 173.23   299.88 310.74   161.82 172.68   167.41 178.27   161.14 172.00
2023-07-27   161.37 172.23   161.34 172.21   298.86 309.72   160.80 171.66   166.38 177.25   160.12 170.98
2023-07-28   160.34 171.22   160.32 171.19   297.83 308.70   159.77 170.65   165.36 176.23   159.09 169.97
2023-07-29   159.32 170.20   159.29 170.17   296.81 307.68   158.75 169.63   164.34 175.21   158.07 168.95
2023-07-30   158.30 169.18   158.27 169.15   295.78 306.66   157.73 168.61   163.31 174.19   157.04 167.92
2023-07-31   157.27 168.15   157.24 168.13   294.76 305.64   156.70 167.58   162.29 173.17   156.02 166.90
2023-08-01   156.25 167.13   156.22 167.11   293.73 304.62   155.68 166.56   161.26 172.15   154.99 165.88
2023-08-02   155.22 166.11   155.19 166.08   292.71 303.60   154.65 165.54   160.23 171.12   153.97 164.86
2023-08-03   154.19 165.09   154.17 165.06   291.68 302.57   153.62 164.52   159.21 170.10   152.94 163.83
2023-08-04   153.17 164.06   153.14 164.03   290.66 301.55   152.60 163.49   158.18 169.08   151.92 162.81
2023-08-05   152.14 163.04   152.12 163.01   289.63 300.52   151.57 162.47   157.16 168.05   150.89 161.79
2023-08-06   151.12 162.01   151.09 161.99   288.60 299.50   150.55 161.44   156.13 167.03   149.86 160.76
2023-08-07   150.09 160.99   150.06 160.96   287.58 298.47   149.52 160.42   155.10 166.00   148.84 159.74
2023-08-08   149.06 159.96   149.04 159.93   286.55 297.45   148.49 159.39   154.08 164.98   147.81 158.71
2023-08-09   148.04 158.94   148.01 158.91   285.53 296.42   147.47 158.37   153.05 163.95   146.79 157.68
2023-08-10   147.01 157.91   146.99 157.88   284.50 295.40   146.44 157.34   152.03 162.92   145.76 156.66
2023-08-11   145.99 156.88   145.96 156.86   283.48 294.37   145.42 156.31   151.00 161.90   144.74 155.63
2023-08-12   144.96 155.86   144.94 155.83   282.45 293.34   144.39 155.29   149.98 160.87   143.71 154.61
2023-08-13   143.94 154.83   143.91 154.81   281.43 292.32   143.37 154.26   148.96 159.85   142.69 153.58
2023-08-14   142.92 153.81   142.89 153.78   280.41 291.29   142.35 153.24   147.93 158.82   141.67 152.56
2023-08-15   141.90 152.78   141.87 152.75   279.38 290.27   141.33 152.21   146.91 157.80   140.64 151.53
2023-08-16   140.87 151.76   140.85 151.73   278.36 289.24   140.30 151.19   145.89 156.77   139.62 150.51
2023-08-17   139.85 150.73   139.83 150.70   277.34 288.22   139.28 150.16   144.87 155.75   138.60 149.48
2023-08-18   138.83 149.71   138.81 149.68   276.32 287.19   138.26 149.14   143.85 154.72   137.58 148.46
2023-08-19   137.81 148.68   137.79 148.66   275.30 286.17   137.24 148.11   142.83 153.70   136.56 147.43
2023-08-20   136.80 147.66   136.77 147.63   274.28 285.15   136.23 147.09   141.81 152.68   135.54 146.41
2023-08-21   135.78 146.64   135.75 146.61   273.27 284.13   135.21 146.07   140.79 151.65   134.53 145.39
2023-08-22   134.76 145.62   134.74 145.59   272.25 283.10   134.19 145.05   139.78 150.63   133.51 144.37
2023-08-23   133.75 144.60   133.72 144.57   271.24 282.08   133.18 144.03   138.76 149.61   132.50 143.35
2023-08-24   132.73 143.58   132.71 143.55   270.22 281.06   132.16 143.01   137.75 148.59   131.48 142.33
2023-08-25   131.72 142.56   131.70 142.53   269.21 280.04   131.15 141.99   136.74 147.57   130.47 141.31
2023-08-26   130.71 141.54   130.68 141.51   268.20 279.03   130.14 140.97   135.73 146.55   129.46 140.29
2023-08-27   129.70 140.52   129.68 140.50   267.19 278.01   129.13 139.95   134.72 145.54   128.45 139.27
2023-08-28   128.69 139.51   128.67 139.48   266.18 276.99   128.12 138.94   133.71 144.52   127.44 138.26
2023-08-29   127.69 138.49   127.66 138.47   265.17 275.98   127.12 137.92   132.70 143.51   126.44 137.24
2023-08-30   126.68 137.48   126.65 137.45   264.17 274.97   126.11 136.91   131.70 142.49   125.43 136.23
2023-08-31   125.68 136.47   125.65 136.44   263.16 273.95   125.11 135.90   130.69 141.48   124.43 135.22
2023-09-01   124.68 135.45   124.65 135.43   262.16 272.94   124.11 134.88   129.69 140.47   123.42 134.20
2023-09-02   123.67 134.45   123.65 134.42   261.16 271.93   123.10 133.88   128.69 139.46   122.42 133.19
2023-09-03   122.68 133.44   122.65 133.41   260.16 270.92   122.11 132.87   127.69 138.45   121.43 132.19
2023-09-04   121.68 132.43   121.65 132.40   259.17 269.92   121.11 131.86   126.69 137.44   120.43 131.18
2023-09-05   120.68 131.42   120.66 131.40   258.17 268.91   120.11 130.85   125.70 136.44   119.43 130.17
2023-09-06   119.69 130.42   119.66 130.39   257.18 267.91   119.12 129.85   124.70 135.44   118.44 129.17
2023-09-07   118.70 129.42   118.67 129.39   256.18 266.90   118.13 128.85   123.71 134.43   117.45 128.17
2023-09-08   117.71 128.42   117.68 128.39   255.19 265.90   117.14 127.85   122.72 133.43   116.46 127.17
2023-09-09   116.72 127.42   116.69 127.39   254.20 264.90   116.15 126.85   121.73 132.43   115.47 126.17
2023-09-10   115.73 126.42   115.70 126.39   253.22 263.91   115.16 125.85   120.75 131.43   114.48 125.17
2023-09-11   114.75 125.42   114.72 125.40   252.23 262.91   114.18 124.85   119.76 130.44   113.49 124.17
2023-09-12   113.76 124.43   113.74 124.40   251.25 261.92   113.19 123.86   118.78 129.44   112.51 123.18
2023-09-13   112.78 123.44   112.75 123.41   250.27 260.92   112.21 122.87   117.79 128.45   111.53 122.18
2023-09-14   111.80 122.44   111.77 122.42   249.29 259.93   111.23 121.87   116.82 127.46   110.55 121.19
2023-09-15   110.82 121.45   110.80 121.43   248.31 258.94   110.25 120.88   115.84 126.47   109.57 120.20
2023-09-16   109.85 120.47   109.82 120.44   247.33 257.95   109.28 119.90   114.86 125.48   108.59 119.22
2023-09-17   108.87 119.48   108.84 119.45   246.36 256.97   108.30 118.91   113.89 124.50   107.62 118.23
2023-09-18   107.90 118.50   107.87 118.47   245.39 255.98   107.33 117.93   112.91 123.51   106.65 117.24
2023-09-19   106.93 117.51   106.90 117.49   244.41 255.00   106.36 116.94   111.94 122.53   105.68 116.26
2023-09-20   105.96 116.53   105.93 116.51   243.44 254.02   105.39 115.96   110.97 121.55   104.71 115.28
2023-09-21   104.99 115.55   104.96 115.53   242.48 253.04   104.42 114.98   110.00 120.57   103.74 114.30
2023-09-22   104.02 114.57   104.00 114.55   241.51 252.06   103.45 114.00   109.04 119.59   102.77 113.32
2023-09-23   103.06 113.60   103.03 113.57   240.55 251.09   102.49 113.03   108.07 118.61   101.81 112.35
2023-09-24   102.10 112.62   102.07 112.60   239.58 250.11   101.53 112.05   107.11 117.64   100.85 111.37
2023-09-25   101.14 111.65   101.11 111.62   238.62 249.14   100.57 111.08   106.15 116.67    99.88 110.40
2023-09-26   100.18 110.68   100.15 110.65   237.66 248.17    99.61 110.11   105.19 115.70    98.92 109.43
2023-09-27    99.22 109.71    99.19 109.68   236.71 247.20    98.65 109.14   104.23 114.73    97.97 108.46
2023-09-28    98.26 108.74    98.24 108.72   235.75 246.23    97.69 108.17   103.28 113.76    97.01 107.49
2023-09-29    97.31 107.78    97.28 107.75   234.79 245.26    96.74 107.21   102.32 112.79    96.06 106.53
2023-09-30    96.35 106.81    96.33 106.79   233.84 244.30    95.78 106.24   101.37 111.83    95.10 105.56
2023-10-01    95.40 105.85    95.37 105.82   232.89 243.34    94.83 105.28   100.42 110.86    94.15 104.60
2023-10-02    94.45 104.89    94.42 104.86   231.94 242.37    93.88 104.32    99.47 109.90    93.20 103.64
2023-10-03    93.50 103.93    93.48 103.90   230.99 241.41    92.93 103.36    98.52 108.94    92.25 102.68
2023-10-04    92.55 102.97    92.53 102.94   230.04 240.46    91.98 102.40    97.57 107.98    91.30 101.72
2023-10-05    91.61 102.01    91.58 101.98   229.09 239.50    91.04 101.44    96.62 107.03    90.36 100.76
2023-10-06    90.66 101.06    90.64 101.03   228.15 238.54    90.09 100.49    95.68 106.07    89.41  99.80
2023-10-07    89.72 100.10    89.69 100.07   227.20 237.59    89.15  99.53    94.73 105.12    88.47  98.85
2023-10-08    88.77  99.15    88.75  99.12   226.26 236.64    88.20  98.58    93.79 104.16    87.52  97.90
2023-10-09    87.83  98.20    87.81  98.17   225.32 235.68    87.26  97.63    92.85 103.21    86.58  96.95
2023-10-10    86.89  97.25    86.86  97.22   224.38 234.73    86.32  96.68    91.91 102.26    85.64  95.99
2023-10-11    85.95  96.30    85.92  96.27   223.44 233.78    85.38  95.73    90.97 101.31    84.70  95.05
2023-10-12    85.01  95.35    84.99  95.32   222.50 232.83    84.44  94.78    90.03 100.36    83.76  94.10
2023-10-13    84.07  94.40    84.05  94.37   221.56 231.89    83.50  93.83    89.09  99.42    82.82  93.15
2023-10-14    83.14  93.45    83.11  93.43   220.62 230.94    82.57  92.88    88.15  98.47    81.89  92.20
2023-10-15    82.20  92.51    82.17  92.48   219.69 230.00    81.63  91.94    87.21  97.52    80.95  91.26
2023-10-16    81.26  91.56    81.24  91.54   218.75 229.05    80.69  90.99    86.28  96.58    80.01  90.31
2023-10-17    80.33  90.62    80.30  90.59   217.82 228.11    79.76  90.05    85.34  95.64    79.08  89.37
2023-10-18    79.39  89.68    79.37  89.65   216.88 227.17    78.82  89.11    84.41  94.69    78.14  88.43
2023-10-19    78.46  88.74    78.43  88.71   215.95 226.22    77.89  88.17    83.47  93.75    77.21  87.49
2023-10-20    77.53  87.80    77.50  87.77   215.01 225.28    76.96  87.23    82.54  92.81    76.27  86.55
2023-10-21    76.59  86.86    76.57  86.83   214.08 224.34    76.02  86.29    81.61  91.87    75.34  85.61
2023-10-22    75.66  85.92    75.63  85.89   213.15 223.40    75.09  85.35    80.67  90.93    74.41  84.67
2023-10-23    74.73  84.98    74.70  84.95   212.21 222.46    74.16  84.41    79.74  89.99    73.47  83.73
2023-10-24    73.79  84.04    73.77  84.01   211.28 221.53    73.22  83.47    78.81  89.05    72.54  82.79
2023-10-25    72.86  83.10    72.83  83.07   210.35 220.59    72.29  82.53    77.88  88.12    71.61  81.85
2023-10-26    71.93  82.16    71.90  82.14   209.42 219.65    71.36  81.59    76.94  87.18    70.68  80.91
2023-10-27    71.00  81.23    70.97  81.20   208.48 218.71    70.43  80.66    76.01  86.24    69.74  79.97
2023-10-28    70.06  80.29    70.04  80.26   207.55 217.78    69.49  79.72    75.08  85.30    68.81  79.04
2023-10-29    69.13  79.35    69.10  79.32   206.62 216.84    68.56  78.78    74.14  84.37    67.88  78.10
2023-10-30    68.20  78.41    68.17  78.39   205.68 215.90    67.63  77.84    73.21  83.43    66.95  77.16
2023-10-31    67.26  77.48    67.24  77.45   204.75 214.97    66.69  76.91    72.28  82.49    66.01  76.23
2023-11-01    66.33  76.54    66.30  76.51   203.82 214.03    65.76  75.97    71.35  81.56    65.08  75.29
2023-11-02    65.40  75.60    65.37  75.58   202.88 213.09    64.83  75.03    70.41  80.62    64.15  74.35
2023-11-03    64.46  74.67    64.43  74.64   201.95 212.16    63.89  74.10    69.48  79.68    63.21  73.42
2023-11-04    63.53  73.73    63.50  73.70   201.01 211.22    62.96  73.16    68.54  78.75    62.28  72.48
2023-11-05    62.59  72.79    62.56  72.77   200.08 210.28    62.02  72.22    67.61  77.81    61.34  71.54
2023-11-06    61.65  71.86    61.63  71.83   199.14 209.34    61.08  71.29    66.67  76.87    60.40  70.60
2023-11-07    60.72  70.92    60.69  70.89   198.20 208.41    60.15  70.35    65.73  75.93    59.47  69.67
2023-11-08    59.78  69.98    59.75  69.95   197.27 207.47    59.21  69.41    64.79  74.99    58.53  68.73
2023-11-09    58.84  69.04    58.81  69.01   196.33 206.53    58.27  68.47    63.86  74.06    57.59  67.79
2023-11-10    57.90  68.10    57.87  68.07   195.39 205.59    57.33  67.53    62.92  73.12    56.65  66.85
2023-11-11    56.96  67.16    56.93  67.13   194.45 204.65    56.39  66.59    61.97  72.18    55.71  65.91
2023-11-12    56.02  66.22    55.99  66.19   193.50 203.71    55.45  65.65    61.03  71.23    54.77  64.97
2023-11-13    55.07  65.28    55.05  65.25   192.56 202.77    54.50  64.71    60.09  70.29    53.82  64.03
2023-11-14    54.13  64.34    54.10  64.31   191.62 201.82    53.56  63.77    59.15  69.35    52.88  63.08
2023-11-15    53.18  63.39    53.16  63.37   190.67 200.88    52.61  62.82    58.20  68.41    51.93  62.14
2023-11-16    52.24  62.44    52.22  62.41   189.73 199.93    51.67  61.87    57.26  67.46    50.99  61.19
2023-11-17    51.51  61.28    51.49  61.25   189.00 198.76    50.94  60.71    56.53  66.29    50.26  60.03
2023-11-18    50.78  60.11    50.76  60.08   188.27 197.60    50.21  59.54    55.80  65.13    49.53  58.86
2023-11-19    50.05  58.94    50.02  58.92   187.54 196.43    49.48  58.37    55.07  63.96    48.80  57.69
2023-11-20    49.32  57.78    49.29  57.75   186.80 195.26    48.75  57.21    54.33  62.79    48.07  56.53
2023-11-21    48.58  56.61    48.55  56.58   186.07 194.10    48.01  56.04    53.59  61.62    47.33  55.36
2023-11-22    47.84  55.44    47.81  55.41   185.33 192.93    47.27  54.87    52.86  60.45    46.59  54.19
2023-11-23    47.10  54.27    47.07  54.24   184.59 191.76    46.53  53.70    52.11  59.28    45.85  53.02
