
       Target
                ecliptic
RA      Dec     latitude
294.202  40.663  60.816

Checked interval [2020-01-01, 2023-12-31]
|           Window [days]                 |    Normal V3 PA [deg]    |
   Start           End         Duration         Start         End         RA            Dec     
 2020-04-19      2020-11-12       207.00     258.86218      61.01933     294.20205      40.66333 
 2021-04-19      2021-11-12       207.05     259.12039      61.21106     294.20205      40.66333 
 2022-04-19      2022-11-13       208.00     259.37702      60.60688     294.20205      40.66333 
 2023-04-19      2023-11-13       207.97     259.61581      60.83121     294.20205      40.66333 


                V3PA          NIRCam           NIRSpec         NIRISS           MIRI          FGS
   Date      min    max      min    max       min    max     min    max      min    max      min    max

2020-04-20   255.08 262.47   255.06 262.44    32.57  39.96   254.51 261.90   260.10 267.49   253.83 261.22
2020-04-21   253.94 261.91   253.92 261.89    31.43  39.40   253.37 261.34   258.96 266.93   252.69 260.66
2020-04-22   252.80 261.36   252.78 261.33    30.29  38.85   252.23 260.79   257.82 266.38   251.55 260.11
2020-04-23   251.66 260.81   251.64 260.78    29.15  38.30   251.09 260.24   256.68 265.82   250.41 259.56
2020-04-24   250.52 260.26   250.50 260.23    28.01  37.75   249.95 259.69   255.54 265.27   249.27 259.01
2020-04-25   249.44 259.65   249.42 259.62    26.93  37.14   248.87 259.08   254.46 264.67   248.19 258.40
2020-04-26   248.60 258.81   248.57 258.78    26.09  36.29   248.03 258.24   253.62 263.82   247.35 257.56
2020-04-27   247.76 257.96   247.73 257.94    25.25  35.45   247.19 257.39   252.78 262.98   246.51 256.71
2020-04-28   246.92 257.12   246.89 257.10    24.41  34.61   246.35 256.55   251.94 262.14   245.67 255.87
2020-04-29   246.08 256.28   246.05 256.25    23.57  33.77   245.51 255.71   251.10 261.30   244.83 255.03
2020-04-30   245.24 255.44   245.21 255.41    22.73  32.93   244.67 254.87   250.26 260.46   243.99 254.19
2020-05-01   244.40 254.60   244.37 254.58    21.89  32.09   243.83 254.03   249.42 259.62   243.15 253.35
2020-05-02   243.56 253.76   243.54 253.74    21.05  31.25   242.99 253.19   248.58 258.78   242.31 252.51
2020-05-03   242.72 252.92   242.69 252.90    20.21  30.41   242.15 252.35   247.74 257.94   241.47 251.67
2020-05-04   241.88 252.09   241.85 252.06    19.37  29.57   241.31 251.52   246.90 257.10   240.63 250.84
2020-05-05   241.04 251.25   241.01 251.22    18.53  28.74   240.47 250.68   246.06 256.26   239.79 250.00
2020-05-06   240.20 250.41   240.17 250.38    17.69  27.90   239.63 249.84   245.21 255.43   238.95 249.16
2020-05-07   239.36 249.57   239.33 249.55    16.84  27.06   238.79 249.00   244.37 254.59   238.11 248.32
2020-05-08   238.51 248.73   238.49 248.71    16.00  26.22   237.94 248.16   243.53 253.75   237.26 247.48
2020-05-09   237.67 247.90   237.64 247.87    15.16  25.38   237.10 247.33   242.68 252.91   236.42 246.64
2020-05-10   236.82 247.06   236.80 247.03    14.31  24.54   236.25 246.49   241.84 252.07   235.57 245.81
2020-05-11   235.98 246.22   235.95 246.19    13.46  23.70   235.41 245.65   240.99 251.23   234.73 244.97
2020-05-12   235.13 245.38   235.10 245.35    12.62  22.86   234.56 244.81   240.14 250.39   233.88 244.13
2020-05-13   234.28 244.54   234.25 244.51    11.77  22.02   233.71 243.97   239.29 249.55   233.03 243.29
2020-05-14   233.43 243.69   233.40 243.67    10.92  21.18   232.86 243.12   238.44 248.71   232.18 242.44
2020-05-15   232.58 242.85   232.55 242.82    10.06  20.34   232.01 242.28   237.59 247.87   231.32 241.60
2020-05-16   231.72 242.01   231.69 241.98     9.21  19.49   231.15 241.44   236.74 247.02   230.47 240.76
2020-05-17   230.86 241.16   230.84 241.14     8.35  18.65   230.29 240.59   235.88 246.18   229.61 239.91
2020-05-18   230.01 240.31   229.98 240.29     7.49  17.80   229.44 239.74   235.02 245.33   228.76 239.06
2020-05-19   229.15 239.47   229.12 239.44     6.63  16.95   228.58 238.90   234.16 244.48   227.89 238.22
2020-05-20   228.28 238.62   228.26 238.59     5.77  16.10   227.71 238.05   233.30 243.63   227.03 237.37
2020-05-21   227.42 237.76   227.39 237.74     4.90  15.25   226.85 237.19   232.43 242.78   226.17 236.51
2020-05-22   226.55 236.91   226.52 236.88     4.04  14.40   225.98 236.34   231.56 241.93   225.30 235.66
2020-05-23   225.68 236.06   225.65 236.03     3.17  13.54   225.11 235.49   230.69 241.07   224.43 234.80
2020-05-24   224.81 235.20   224.78 235.17     2.29  12.68   224.24 234.63   229.82 240.21   223.55 233.95
2020-05-25   223.93 234.34   223.90 234.31     1.42  11.82   223.36 233.77   228.94 239.35   222.68 233.09
2020-05-26   223.05 233.47   223.02 233.45     0.54  10.96   222.48 232.90   228.07 238.49   221.80 232.22
2020-05-27   222.17 232.61   222.14 232.58   359.66  10.10   221.60 232.04   227.18 237.63   220.92 231.36
2020-05-28   221.28 231.74   221.26 231.72   358.77   9.23   220.71 231.17   226.30 236.76   220.03 230.49
2020-05-29   220.40 230.87   220.37 230.85   357.88   8.36   219.83 230.30   225.41 235.89   219.14 229.62
2020-05-30   219.50 230.00   219.48 229.97   356.99   7.49   218.93 229.43   224.52 235.01   218.25 228.75
2020-05-31   218.61 229.12   218.58 229.10   356.10   6.61   218.04 228.55   223.62 234.14   217.36 227.87
2020-06-01   217.71 228.24   217.68 228.22   355.20   5.73   217.14 227.67   222.73 233.26   216.46 226.99
2020-06-02   216.81 227.36   216.78 227.34   354.30   4.85   216.24 226.79   221.82 232.38   215.56 226.11
2020-06-03   215.90 226.48   215.88 226.45   353.39   3.96   215.33 225.91   220.92 231.49   214.65 225.23
2020-06-04   214.99 225.59   214.97 225.56   352.48   3.08   214.42 225.02   220.01 230.60   213.74 224.34
2020-06-05   214.08 224.70   214.05 224.67   351.57   2.18   213.51 224.13   219.09 229.71   212.83 223.45
2020-06-06   213.16 223.80   213.14 223.77   350.65   1.29   212.59 223.23   218.18 228.82   211.91 222.55
2020-06-07   212.24 222.90   212.21 222.88   349.73   0.39   211.67 222.33   217.26 227.92   210.99 221.65
2020-06-08   211.32 222.00   211.29 221.97   348.80 359.49   210.75 221.43   216.33 227.01   210.06 220.75
2020-06-09   210.39 221.09   210.36 221.07   347.87 358.58   209.82 220.52   215.40 226.11   209.14 219.84
2020-06-10   209.45 220.18   209.43 220.16   346.94 357.67   208.88 219.61   214.47 225.20   208.20 218.93
2020-06-11   208.51 219.27   208.49 219.24   346.00 356.75   207.94 218.70   213.53 224.28   207.26 218.02
2020-06-12   207.57 218.35   207.55 218.32   345.06 355.84   207.00 217.78   212.59 223.36   206.32 217.10
2020-06-13   206.62 217.43   206.60 217.40   344.11 354.91   206.05 216.86   211.64 222.44   205.37 216.18
2020-06-14   205.67 216.50   205.65 216.47   343.16 353.99   205.10 215.93   210.69 221.51   204.42 215.25
2020-06-15   204.72 215.57   204.69 215.54   342.20 353.06   204.15 215.00   209.73 220.58   203.47 214.32
2020-06-16   203.76 214.63   203.73 214.61   341.24 352.12   203.19 214.06   208.77 219.65   202.51 213.38
2020-06-17   202.79 213.69   202.77 213.67   340.28 351.18   202.22 213.12   207.81 218.71   201.54 212.44
2020-06-18   201.82 212.75   201.80 212.72   339.31 350.24   201.25 212.18   206.84 217.76   200.57 211.50
2020-06-19   200.85 211.80   200.82 211.77   338.34 349.29   200.28 211.23   205.86 216.81   199.60 210.55
2020-06-20   199.87 210.85   199.84 210.82   337.36 348.33   199.30 210.28   204.88 215.86   198.62 209.59
2020-06-21   198.89 209.89   198.86 209.86   336.37 347.37   198.32 209.32   203.90 214.90   197.64 208.64
2020-06-22   197.90 208.92   197.87 208.90   335.39 346.41   197.33 208.35   202.91 213.94   196.65 207.67
2020-06-23   196.90 207.96   196.88 207.93   334.39 345.44   196.33 207.39   201.92 212.97   195.65 206.71
2020-06-24   195.91 206.98   195.88 206.96   333.39 344.47   195.34 206.41   200.92 212.00   194.66 205.73
2020-06-25   194.90 206.01   194.88 205.98   332.39 343.50   194.33 205.44   199.92 211.02   193.65 204.76
2020-06-26   193.90 205.03   193.87 205.00   331.39 342.51   193.33 204.46   198.91 210.04   192.65 203.78
2020-06-27   192.89 204.04   192.86 204.01   330.37 341.53   192.32 203.47   197.90 209.05   191.64 202.79
2020-06-28   191.87 203.05   191.84 203.02   329.36 340.54   191.30 202.48   196.88 208.06   190.62 201.80
2020-06-29   190.85 202.05   190.82 202.03   328.34 339.54   190.28 201.48   195.86 207.07   189.60 200.80
2020-06-30   189.82 201.05   189.80 201.02   327.31 338.54   189.25 200.48   194.84 206.07   188.57 199.80
2020-07-01   188.79 200.05   188.77 200.02   326.28 337.53   188.22 199.48   193.81 205.06   187.54 198.79
2020-07-02   187.76 199.04   187.73 199.01   325.25 336.52   187.19 198.47   192.77 204.05   186.51 197.78
2020-07-03   186.72 198.02   186.69 197.99   324.21 335.51   186.15 197.45   191.74 203.04   185.47 196.77
2020-07-04   185.68 197.00   185.65 196.97   323.16 334.49   185.11 196.43   190.69 202.02   184.43 195.75
2020-07-05   184.63 195.98   184.60 195.95   322.12 333.46   184.06 195.41   189.65 200.99   183.38 194.73
2020-07-06   183.58 194.95   183.55 194.92   321.07 332.43   183.01 194.38   188.59 199.96   182.33 193.70
2020-07-07   182.52 193.91   182.50 193.89   320.01 331.40   181.95 193.34   187.54 198.93   181.27 192.66
2020-07-08   181.46 192.88   181.44 192.85   318.95 330.36   180.89 192.31   186.48 197.89   180.21 191.62
2020-07-09   180.40 191.83   180.37 191.81   317.89 329.32   179.83 191.26   185.42 196.85   179.15 190.58
2020-07-10   179.33 190.79   179.31 190.76   316.82 328.27   178.76 190.22   184.35 195.80   178.08 189.54
2020-07-11   178.26 189.74   178.24 189.71   315.75 327.22   177.69 189.17   183.28 194.75   177.01 188.48
2020-07-12   177.19 188.68   177.16 188.65   314.68 326.17   176.62 188.11   182.20 193.70   175.94 187.43
2020-07-13   176.11 187.62   176.08 187.60   313.60 325.11   175.54 187.05   181.13 192.64   174.86 186.37
2020-07-14   175.03 186.56   175.00 186.53   312.52 324.05   174.46 185.99   180.05 191.57   173.78 185.31
2020-07-15   173.95 185.49   173.92 185.47   311.43 322.98   173.38 184.92   178.96 190.51   172.70 184.24
2020-07-16   172.86 184.42   172.83 184.40   310.35 321.91   172.29 183.85   177.88 189.44   171.61 183.17
2020-07-17   171.77 183.35   171.74 183.32   309.26 320.84   171.20 182.78   176.79 188.36   170.52 182.10
2020-07-18   170.68 182.27   170.65 182.24   308.17 319.76   170.11 181.70   175.70 187.29   169.43 181.02
2020-07-19   169.59 181.19   169.56 181.16   307.07 318.68   169.02 180.62   174.60 186.21   168.34 179.94
2020-07-20   168.49 180.11   168.46 180.08   305.98 317.60   167.92 179.54   173.51 185.12   167.24 178.86
2020-07-21   167.39 179.02   167.37 179.00   304.88 316.51   166.82 178.45   172.41 184.04   166.14 177.77
2020-07-22   166.29 177.93   166.27 177.91   303.78 315.42   165.72 177.36   171.31 182.95   165.04 176.68
2020-07-23   165.19 176.84   165.16 176.81   302.68 314.33   164.62 176.27   170.21 181.86   163.94 175.59
2020-07-24   164.09 175.75   164.06 175.72   301.58 313.24   163.52 175.18   169.10 180.76   162.84 174.50
2020-07-25   162.98 174.65   162.96 174.63   300.47 312.14   162.41 174.08   168.00 179.67   161.73 173.40
2020-07-26   161.88 173.55   161.85 173.53   299.37 311.04   161.31 172.98   166.89 178.57   160.63 172.30
2020-07-27   160.77 172.45   160.75 172.43   298.26 309.94   160.20 171.88   165.79 177.47   159.52 171.20
2020-07-28   159.67 171.35   159.64 171.33   297.15 308.84   159.10 170.78   164.68 176.37   158.42 170.10
2020-07-29   158.56 170.25   158.53 170.22   296.05 307.74   157.99 169.68   163.58 175.27   157.31 169.00
2020-07-30   157.45 169.15   157.43 169.12   294.94 306.63   156.88 168.58   162.47 174.16   156.20 167.90
2020-07-31   156.35 168.04   156.32 168.01   293.83 305.53   155.78 167.47   161.36 173.06   155.10 166.79
2020-08-01   155.24 166.94   155.21 166.91   292.73 304.42   154.67 166.37   160.26 171.95   153.99 165.68
2020-08-02   154.13 165.83   154.11 165.80   291.62 303.32   153.56 165.26   159.15 170.84   152.88 164.58
2020-08-03   153.03 164.72   153.00 164.70   290.52 302.21   152.46 164.15   158.04 169.74   151.78 163.47
2020-08-04   151.92 163.62   151.90 163.59   289.41 301.10   151.35 163.05   156.94 168.63   150.67 162.36
2020-08-05   150.82 162.51   150.79 162.48   288.31 300.00   150.25 161.94   155.84 167.52   149.57 161.26
2020-08-06   149.72 161.40   149.69 161.38   287.21 298.89   149.15 160.83   154.73 166.42   148.47 160.15
2020-08-07   148.62 160.30   148.59 160.27   286.10 297.78   148.05 159.73   153.63 165.31   147.37 159.04
2020-08-08   147.52 159.19   147.49 159.16   285.01 296.68   146.95 158.62   152.53 164.20   146.27 157.94
2020-08-09   146.42 158.08   146.39 158.06   283.91 295.57   145.85 157.51   151.44 163.10   145.17 156.83
2020-08-10   145.32 156.98   145.30 156.95   282.81 294.47   144.75 156.41   150.34 162.00   144.07 155.73
2020-08-11   144.23 155.88   144.20 155.85   281.72 293.37   143.66 155.31   149.25 160.89   142.98 154.63
2020-08-12   143.14 154.78   143.11 154.75   280.63 292.26   142.57 154.21   148.16 159.79   141.89 153.53
2020-08-13   142.05 153.68   142.03 153.65   279.54 291.16   141.48 153.11   147.07 158.69   140.80 152.43
2020-08-14   140.97 152.58   140.94 152.55   278.45 290.07   140.40 152.01   145.98 157.59   139.71 151.33
2020-08-15   139.88 151.48   139.86 151.46   277.37 288.97   139.31 150.91   144.90 156.50   138.63 150.23
2020-08-16   138.80 150.39   138.78 150.36   276.29 287.88   138.23 149.82   143.82 155.40   137.55 149.14
2020-08-17   137.73 149.30   137.70 149.27   275.21 286.78   137.16 148.73   142.74 154.31   136.47 148.04
2020-08-18   136.65 148.21   136.62 148.18   274.14 285.69   136.08 147.64   141.67 153.22   135.40 146.96
2020-08-19   135.58 147.12   135.55 147.09   273.07 284.61   135.01 146.55   140.60 152.13   134.33 145.87
2020-08-20   134.51 146.03   134.49 146.01   272.00 283.52   133.94 145.46   139.53 151.05   133.26 144.78
2020-08-21   133.45 144.95   133.42 144.93   270.94 282.44   132.88 144.38   138.46 149.97   132.20 143.70
2020-08-22   132.39 143.87   132.36 143.85   269.88 281.36   131.82 143.30   137.40 148.89   131.14 142.62
2020-08-23   131.33 142.80   131.31 142.77   268.82 280.29   130.76 142.23   136.35 147.81   130.08 141.55
2020-08-24   130.28 141.73   130.25 141.70   267.77 279.21   129.71 141.16   135.30 146.74   129.03 140.48
2020-08-25   129.23 140.66   129.21 140.63   266.72 278.15   128.66 140.09   134.25 145.67   127.98 139.41
2020-08-26   128.19 139.59   128.16 139.57   265.68 277.08   127.62 139.02   133.20 144.61   126.94 138.34
2020-08-27   127.15 138.53   127.12 138.50   264.64 276.02   126.58 137.96   132.16 143.55   125.90 137.28
2020-08-28   126.11 137.47   126.09 137.45   263.60 274.96   125.54 136.90   131.13 142.49   124.86 136.22
2020-08-29   125.08 136.42   125.05 136.39   262.57 273.90   124.51 135.85   130.09 141.43   123.83 135.17
2020-08-30   124.05 135.37   124.03 135.34   261.54 272.85   123.48 134.80   129.07 140.38   122.80 134.12
2020-08-31   123.03 134.32   123.00 134.29   260.52 271.81   122.46 133.75   128.04 139.33   121.78 133.07
2020-09-01   122.01 133.28   121.98 133.25   259.50 270.76   121.44 132.71   127.02 138.29   120.76 132.03
2020-09-02   120.99 132.24   120.97 132.21   258.48 269.73   120.42 131.67   126.01 137.25   119.74 130.99
2020-09-03   119.98 131.20   119.96 131.18   257.47 268.69   119.41 130.63   125.00 136.22   118.73 129.95
2020-09-04   118.98 130.17   118.95 130.15   256.47 267.66   118.41 129.60   123.99 135.19   117.73 128.92
2020-09-05   117.98 129.15   117.95 129.12   255.46 266.63   117.41 128.58   122.99 134.16   116.73 127.90
2020-09-06   116.98 128.12   116.95 128.10   254.47 265.61   116.41 127.55   121.99 133.14   115.73 126.87
2020-09-07   115.99 127.11   115.96 127.08   253.47 264.59   115.42 126.54   121.00 132.12   114.74 125.86
2020-09-08   115.00 126.09   114.97 126.07   252.49 263.58   114.43 125.52   120.01 131.11   113.75 124.84
2020-09-09   114.01 125.08   113.99 125.06   251.50 262.57   113.44 124.51   119.03 130.10   112.76 123.83
2020-09-10   113.03 124.08   113.01 124.05   250.52 261.57   112.46 123.51   118.05 129.09   111.78 122.83
2020-09-11   112.06 123.08   112.03 123.05   249.55 260.56   111.49 122.51   117.07 128.09   110.81 121.83
2020-09-12   111.09 122.08   111.06 122.05   248.58 259.57   110.52 121.51   116.10 127.10   109.84 120.83
2020-09-13   110.12 121.09   110.10 121.06   247.61 258.58   109.55 120.52   115.14 126.10   108.87 119.84
2020-09-14   109.16 120.10   109.13 120.07   246.65 257.59   108.59 119.53   114.17 125.12   107.91 118.85
2020-09-15   108.20 119.12   108.17 119.09   245.69 256.60   107.63 118.55   113.22 124.13   106.95 117.87
2020-09-16   107.25 118.14   107.22 118.11   244.73 255.63   106.68 117.57   112.26 123.15   106.00 116.89
2020-09-17   106.30 117.16   106.27 117.14   243.78 254.65   105.73 116.59   111.31 122.18   105.05 115.91
2020-09-18   105.35 116.19   105.32 116.17   242.84 253.68   104.78 115.62   110.37 121.21   104.10 114.94
2020-09-19   104.41 115.23   104.38 115.20   241.90 252.71   103.84 114.66   109.42 120.24   103.16 113.97
2020-09-20   103.47 114.26   103.44 114.24   240.96 251.75   102.90 113.69   108.49 119.28   102.22 113.01
2020-09-21   102.54 113.30   102.51 113.28   240.02 250.79   101.97 112.73   107.55 118.32   101.29 112.05
2020-09-22   101.61 112.35   101.58 112.32   239.09 249.84   101.04 111.78   106.62 117.36   100.36 111.10
2020-09-23   100.68 111.40   100.65 111.37   238.17 248.89   100.11 110.83   105.69 116.41    99.43 110.15
2020-09-24    99.76 110.45    99.73 110.43   237.24 247.94    99.19 109.88   104.77 115.47    98.50 109.20
2020-09-25    98.84 109.51    98.81 109.48   236.32 247.00    98.27 108.94   103.85 114.52    97.59 108.26
2020-09-26    97.92 108.57    97.89 108.54   235.41 246.06    97.35 108.00   102.93 113.59    96.67 107.32
2020-09-27    97.01 107.64    96.98 107.61   234.49 245.12    96.44 107.07   102.02 112.65    95.76 106.38
2020-09-28    96.10 106.70    96.07 106.68   233.58 244.19    95.53 106.13   101.11 111.72    94.85 105.45
2020-09-29    95.19 105.78    95.16 105.75   232.68 243.26    94.62 105.21   100.21 110.79    93.94 104.52
2020-09-30    94.29 104.85    94.26 104.82   231.77 242.34    93.72 104.28    99.30 109.87    93.04 103.60
2020-10-01    93.39 103.93    93.36 103.90   230.87 241.42    92.82 103.36    98.40 108.94    92.13 102.68
2020-10-02    92.49 103.01    92.46 102.99   229.98 240.50    91.92 102.44    97.50 108.03    91.24 101.76
2020-10-03    91.59 102.10    91.57 102.07   229.08 239.58    91.02 101.53    96.61 107.11    90.34 100.85
2020-10-04    90.70 101.19    90.67 101.16   228.19 238.67    90.13 100.62    95.72 106.20    89.45  99.93
2020-10-05    89.81 100.28    89.78 100.25   227.30 237.76    89.24  99.71    94.83 105.29    88.56  99.03
2020-10-06    88.92  99.37    88.90  99.35   226.41 236.86    88.35  98.80    93.94 104.39    87.67  98.12
2020-10-07    88.04  98.47    88.01  98.44   225.52 235.96    87.47  97.90    93.05 103.48    86.79  97.22
2020-10-08    87.15  97.57    87.13  97.54   224.64 235.06    86.58  97.00    92.17 102.58    85.90  96.32
2020-10-09    86.27  96.67    86.25  96.65   223.76 234.16    85.70  96.10    91.29 101.69    85.02  95.42
2020-10-10    85.39  95.78    85.37  95.75   222.88 233.26    84.82  95.21    90.41 100.79    84.14  94.53
2020-10-11    84.52  94.88    84.49  94.86   222.00 232.37    83.95  94.31    89.53  99.90    83.27  93.63
2020-10-12    83.64  93.99    83.62  93.97   221.13 231.48    83.07  93.42    88.66  99.01    82.39  92.74
2020-10-13    82.77  93.11    82.74  93.08   220.26 230.59    82.20  92.54    87.78  98.12    81.52  91.86
2020-10-14    81.90  92.22    81.87  92.20   219.38 229.71    81.33  91.65    86.91  97.24    80.65  90.97
2020-10-15    81.03  91.34    81.00  91.31   218.51 228.83    80.46  90.77    86.04  96.35    79.77  90.09
2020-10-16    80.16  90.46    80.13  90.43   217.64 227.94    79.59  89.89    85.17  95.47    78.90  89.21
2020-10-17    79.29  89.58    79.26  89.55   216.77 227.06    78.72  89.01    84.30  94.59    78.04  88.33
2020-10-18    78.42  88.70    78.39  88.67   215.91 226.19    77.85  88.13    83.44  93.71    77.17  87.45
2020-10-19    77.55  87.82    77.53  87.80   215.04 225.31    76.98  87.25    82.57  92.84    76.30  86.57
2020-10-20    76.69  86.95    76.66  86.92   214.17 224.43    76.12  86.38    81.70  91.96    75.44  85.70
2020-10-21    75.82  86.07    75.80  86.05   213.31 223.56    75.25  85.50    80.84  91.09    74.57  84.82
2020-10-22    74.96  85.20    74.93  85.17   212.44 222.69    74.39  84.63    79.97  90.22    73.71  83.95
2020-10-23    74.09  84.33    74.07  84.30   211.58 221.82    73.52  83.76    79.11  89.34    72.84  83.08
2020-10-24    73.23  83.46    73.20  83.43   210.72 220.94    72.66  82.89    78.24  88.47    71.98  82.21
2020-10-25    72.37  82.59    72.34  82.56   209.85 220.08    71.80  82.02    77.38  87.60    71.11  81.34
2020-10-26    71.50  81.72    71.48  81.69   208.99 219.21    70.93  81.15    76.52  86.73    70.25  80.47
2020-10-27    70.64  80.85    70.61  80.82   208.13 218.34    70.07  80.28    75.65  85.87    69.39  79.60
2020-10-28    69.77  79.98    69.75  79.96   207.26 217.47    69.20  79.41    74.79  85.00    68.52  78.73
2020-10-29    68.91  79.11    68.88  79.09   206.40 216.60    68.34  78.54    73.92  84.13    67.66  77.86
2020-10-30    68.04  78.25    68.02  78.22   205.53 215.73    67.47  77.68    73.06  83.26    66.79  77.00
2020-10-31    67.18  77.38    67.15  77.35   204.67 214.87    66.61  76.81    72.19  82.39    65.93  76.13
2020-11-01    66.31  76.51    66.29  76.49   203.80 214.00    65.74  75.94    71.33  81.53    65.06  75.26
2020-11-02    65.44  75.64    65.42  75.62   202.93 213.13    64.87  75.07    70.46  80.66    64.19  74.39
2020-11-03    64.58  74.78    64.55  74.75   202.06 212.26    64.01  74.21    69.59  79.79    63.33  73.53
2020-11-04    63.71  73.91    63.68  73.88   201.19 211.40    63.14  73.34    68.72  78.92    62.46  72.66
2020-11-05    62.84  73.04    62.81  73.01   200.32 210.53    62.27  72.47    67.85  78.05    61.58  71.79
2020-11-06    61.96  72.17    61.94  72.14   199.45 209.66    61.39  71.60    66.98  77.18    60.71  70.92
2020-11-07    61.09  71.30    61.06  71.27   198.58 208.79    60.52  70.73    66.10  76.31    59.84  70.05
2020-11-08    60.51  70.13    60.49  70.10   198.00 207.62    59.94  69.56    65.53  75.14    59.26  68.88
2020-11-09    59.94  68.95    59.91  68.93   197.43 206.44    59.37  68.38    64.96  73.97    58.69  67.70
2020-11-10    59.36  67.78    59.34  67.75   196.85 205.26    58.79  67.21    64.38  72.79    58.11  66.52
2020-11-11    58.79  66.60    58.76  66.57   196.28 204.08    58.22  66.03    63.80  71.61    57.54  65.35
2020-11-12    58.21  65.42    58.18  65.39   195.70 202.90    57.64  64.85    63.22  70.43    56.96  64.17

2021-04-20   255.43 262.64   255.41 262.61    32.92  40.13   254.86 262.07   260.45 267.65   254.18 261.39
2021-04-21   254.29 262.08   254.26 262.06    31.78  39.57   253.72 261.51   259.30 267.10   253.04 260.83
2021-04-22   253.15 261.53   253.12 261.50    30.64  39.02   252.58 260.96   258.16 266.54   251.90 260.28
2021-04-23   252.01 260.98   251.98 260.95    29.50  38.46   251.44 260.41   257.02 265.99   250.76 259.72
2021-04-24   250.87 260.43   250.84 260.40    28.36  37.91   250.30 259.86   255.88 265.44   249.62 259.17
2021-04-25   249.73 259.88   249.70 259.85    27.22  37.36   249.16 259.31   254.74 264.89   248.48 258.63
2021-04-26   248.86 259.06   248.83 259.04    26.34  36.55   248.29 258.49   253.87 264.08   247.61 257.81
2021-04-27   248.01 258.22   247.99 258.19    25.50  35.71   247.44 257.65   253.03 263.23   246.76 256.97
2021-04-28   247.17 257.38   247.15 257.35    24.66  34.86   246.60 256.81   252.19 262.39   245.92 256.13
2021-04-29   246.33 256.53   246.31 256.51    23.82  34.02   245.76 255.96   251.35 261.55   245.08 255.28
2021-04-30   245.49 255.69   245.47 255.67    22.98  33.18   244.92 255.12   250.51 260.71   244.24 254.44
2021-05-01   244.65 254.85   244.63 254.83    22.14  32.34   244.08 254.28   249.67 259.87   243.40 253.60
2021-05-02   243.81 254.01   243.79 253.99    21.30  31.50   243.24 253.44   248.83 259.03   242.56 252.76
2021-05-03   242.97 253.17   242.95 253.15    20.46  30.66   242.40 252.60   247.99 258.19   241.72 251.92
2021-05-04   242.13 252.34   242.10 252.31    19.62  29.82   241.56 251.77   247.15 257.35   240.88 251.09
2021-05-05   241.29 251.50   241.26 251.47    18.78  28.98   240.72 250.93   246.31 256.51   240.04 250.25
2021-05-06   240.45 250.66   240.42 250.63    17.94  28.15   239.88 250.09   245.46 255.67   239.20 249.41
2021-05-07   239.60 249.82   239.58 249.79    17.09  27.31   239.03 249.25   244.62 254.84   238.35 248.57
2021-05-08   238.76 248.98   238.73 248.95    16.25  26.47   238.19 248.41   243.78 254.00   237.51 247.73
2021-05-09   237.92 248.14   237.89 248.12    15.40  25.63   237.35 247.57   242.93 253.16   236.67 246.89
2021-05-10   237.07 247.30   237.04 247.28    14.56  24.79   236.50 246.73   242.09 252.32   235.82 246.05
2021-05-11   236.22 246.46   236.20 246.44    13.71  23.95   235.65 245.89   241.24 251.48   234.97 245.21
2021-05-12   235.38 245.62   235.35 245.60    12.86  23.11   234.81 245.05   240.39 250.64   234.12 244.37
2021-05-13   234.53 244.78   234.50 244.75    12.01  22.27   233.96 244.21   239.54 249.80   233.27 243.53
2021-05-14   233.67 243.94   233.65 243.91    11.16  21.42   233.10 243.37   238.69 248.95   232.42 242.69
2021-05-15   232.82 243.09   232.79 243.07    10.31  20.58   232.25 242.52   237.84 248.11   231.57 241.84
2021-05-16   231.97 242.25   231.94 242.22     9.45  19.74   231.40 241.68   236.98 247.26   230.71 241.00
2021-05-17   231.11 241.40   231.08 241.38     8.60  18.89   230.54 240.83   236.12 246.42   229.86 240.15
2021-05-18   230.25 240.56   230.22 240.53     7.74  18.04   229.68 239.99   235.26 245.57   229.00 239.30
2021-05-19   229.39 239.71   229.36 239.68     6.88  17.19   228.82 239.14   234.40 244.72   228.14 238.46
2021-05-20   228.53 238.86   228.50 238.83     6.01  16.34   227.96 238.29   233.54 243.87   227.27 237.61
2021-05-21   227.66 238.00   227.63 237.98     5.15  15.49   227.09 237.43   232.67 243.02   226.41 236.75
2021-05-22   226.79 237.15   226.76 237.12     4.28  14.64   226.22 236.58   231.81 242.16   225.54 235.90
2021-05-23   225.92 236.29   225.89 236.27     3.41  13.78   225.35 235.72   230.94 241.31   224.67 235.04
2021-05-24   225.05 235.43   225.02 235.41     2.53  12.92   224.48 234.86   230.06 240.45   223.80 234.18
2021-05-25   224.17 234.57   224.14 234.55     1.66  12.06   223.60 234.00   229.19 239.59   222.92 233.32
2021-05-26   223.29 233.71   223.26 233.68     0.78  11.20   222.72 233.14   228.31 238.73   222.04 232.46
2021-05-27   222.41 232.85   222.38 232.82   359.90  10.33   221.84 232.28   227.42 237.86   221.16 231.59
2021-05-28   221.52 231.98   221.50 231.95   359.01   9.46   220.95 231.41   226.54 236.99   220.27 230.73
2021-05-29   220.63 231.11   220.61 231.08   358.12   8.59   220.06 230.54   225.65 236.12   219.38 229.86
2021-05-30   219.74 230.23   219.72 230.21   357.23   7.72   219.17 229.66   224.76 235.25   218.49 228.98
2021-05-31   218.85 229.36   218.82 229.33   356.33   6.84   218.28 228.79   223.86 234.37   217.60 228.11
2021-06-01   217.95 228.48   217.92 228.45   355.43   5.96   217.38 227.91   222.96 233.49   216.70 227.23
2021-06-02   217.04 227.59   217.02 227.57   354.53   5.08   216.47 227.02   222.06 232.61   215.79 226.34
2021-06-03   216.14 226.71   216.11 226.68   353.63   4.20   215.57 226.14   221.15 231.72   214.89 225.46
2021-06-04   215.23 225.82   215.20 225.79   352.72   3.31   214.66 225.25   220.24 230.83   213.98 224.57
2021-06-05   214.31 224.93   214.29 224.90   351.80   2.41   213.74 224.36   219.33 229.94   213.06 223.68
2021-06-06   213.40 224.03   213.37 224.00   350.88   1.52   212.83 223.46   218.41 229.05   212.15 222.78
2021-06-07   212.47 223.13   212.45 223.10   349.96   0.62   211.90 222.56   217.49 228.15   211.22 221.88
2021-06-08   211.55 222.23   211.52 222.20   349.04 359.71   210.98 221.66   216.56 227.24   210.30 220.98
2021-06-09   210.62 221.32   210.59 221.29   348.11 358.81   210.05 220.75   215.63 226.33   209.37 220.07
2021-06-10   209.68 220.41   209.66 220.38   347.17 357.90   209.11 219.84   214.70 225.42   208.43 219.16
2021-06-11   208.74 219.49   208.72 219.47   346.23 356.98   208.17 218.92   213.76 224.51   207.49 218.24
2021-06-12   207.80 218.57   207.78 218.55   345.29 356.06   207.23 218.00   212.82 223.59   206.55 217.32
2021-06-13   206.85 217.65   206.83 217.62   344.34 355.14   206.28 217.08   211.87 222.67   205.60 216.40
2021-06-14   205.90 216.72   205.88 216.70   343.39 354.21   205.33 216.15   210.92 221.74   204.65 215.47
2021-06-15   204.95 215.79   204.92 215.77   342.43 353.28   204.38 215.22   209.96 220.81   203.70 214.54
2021-06-16   203.98 214.86   203.96 214.83   341.47 352.34   203.41 214.29   209.00 219.87   202.73 213.60
2021-06-17   203.02 213.92   202.99 213.89   340.51 351.40   202.45 213.35   208.03 218.93   201.77 212.66
2021-06-18   202.05 212.97   202.02 212.94   339.54 350.46   201.48 212.40   207.06 217.99   200.80 211.72
2021-06-19   201.07 212.02   201.05 211.99   338.56 349.51   200.50 211.45   206.09 217.04   199.82 210.77
2021-06-20   200.09 211.07   200.07 211.04   337.58 348.55   199.52 210.50   205.11 216.08   198.84 209.82
2021-06-21   199.11 210.11   199.08 210.08   336.60 347.60   198.54 209.54   204.13 215.12   197.86 208.86
2021-06-22   198.12 209.14   198.10 209.12   335.61 346.63   197.55 208.57   203.14 214.16   196.87 207.89
2021-06-23   197.13 208.18   197.10 208.15   334.62 345.66   196.56 207.61   202.14 213.19   195.88 206.93
2021-06-24   196.13 207.20   196.10 207.18   333.62 344.69   195.56 206.63   201.15 212.22   194.88 205.95
2021-06-25   195.13 206.23   195.10 206.20   332.61 343.71   194.56 205.66   200.14 211.24   193.88 204.98
2021-06-26   194.12 205.24   194.09 205.22   331.61 342.73   193.55 204.67   199.14 210.26   192.87 203.99
2021-06-27   193.11 204.26   193.08 204.23   330.60 341.74   192.54 203.69   198.12 209.27   191.86 203.01
2021-06-28   192.09 203.27   192.06 203.24   329.58 340.75   191.52 202.70   197.11 208.28   190.84 202.01
2021-06-29   191.07 202.27   191.04 202.24   328.56 339.76   190.50 201.70   196.08 207.28   189.82 201.02
2021-06-30   190.04 201.27   190.02 201.24   327.53 338.76   189.47 200.70   195.06 206.28   188.79 200.02
2021-07-01   189.01 200.26   188.99 200.24   326.50 337.75   188.44 199.69   194.03 205.28   187.76 199.01
2021-07-02   187.98 199.25   187.95 199.22   325.47 336.74   187.41 198.68   192.99 204.27   186.73 198.00
2021-07-03   186.94 198.24   186.91 198.21   324.43 335.72   186.37 197.67   191.96 203.25   185.69 196.99
2021-07-04   185.90 197.22   185.87 197.19   323.38 334.70   185.33 196.65   190.91 202.23   184.65 195.97
2021-07-05   184.85 196.19   184.82 196.17   322.34 333.68   184.28 195.62   189.86 201.21   183.60 194.94
2021-07-06   183.80 195.16   183.77 195.14   321.28 332.65   183.23 194.59   188.81 200.18   182.55 193.91
2021-07-07   182.74 194.13   182.72 194.10   320.23 331.62   182.17 193.56   187.76 199.14   181.49 192.88
2021-07-08   181.68 193.09   181.66 193.06   319.17 330.58   181.11 192.52   186.70 198.11   180.43 191.84
2021-07-09   180.62 192.05   180.59 192.02   318.11 329.54   180.05 191.48   185.63 197.06   179.37 190.80
2021-07-10   179.55 191.00   179.53 190.98   317.04 328.49   178.98 190.43   184.57 196.02   178.30 189.75
2021-07-11   178.48 189.95   178.46 189.93   315.97 327.44   177.91 189.38   183.50 194.97   177.23 188.70
2021-07-12   177.41 188.90   177.38 188.87   314.90 326.39   176.84 188.33   182.42 193.91   176.16 187.65
2021-07-13   176.33 187.84   176.31 187.81   313.82 325.33   175.76 187.27   181.35 192.85   175.08 186.59
2021-07-14   175.25 186.78   175.23 186.75   312.74 324.26   174.68 186.21   180.27 191.79   174.00 185.53
2021-07-15   174.17 185.71   174.14 185.68   311.66 323.20   173.60 185.14   179.18 190.73   172.92 184.46
2021-07-16   173.08 184.64   173.06 184.61   310.57 322.13   172.51 184.07   178.10 189.66   171.83 183.39
2021-07-17   171.99 183.57   171.97 183.54   309.48 321.06   171.42 183.00   177.01 188.58   170.74 182.32
2021-07-18   170.90 182.49   170.88 182.47   308.39 319.98   170.33 181.92   175.92 187.51   169.65 181.24
2021-07-19   169.81 181.41   169.78 181.39   307.30 318.90   169.24 180.84   174.83 186.43   168.56 180.16
2021-07-20   168.72 180.33   168.69 180.30   306.20 317.82   168.15 179.76   173.73 185.35   167.46 179.08
2021-07-21   167.62 179.25   167.59 179.22   305.11 316.73   167.05 178.68   172.63 184.26   166.37 177.99
2021-07-22   166.52 178.16   166.49 178.13   304.01 315.65   165.95 177.59   171.53 183.17   165.27 176.91
2021-07-23   165.42 177.07   165.39 177.04   302.91 314.56   164.85 176.50   170.43 182.08   164.17 175.82
2021-07-24   164.32 175.98   164.29 175.95   301.81 313.46   163.75 175.41   169.33 180.99   163.07 174.72
2021-07-25   163.22 174.88   163.19 174.85   300.70 312.37   162.65 174.31   168.23 179.90   161.96 173.63
2021-07-26   162.11 173.78   162.08 173.76   299.60 311.27   161.54 173.21   167.13 178.80   160.86 172.53
2021-07-27   161.01 172.69   160.98 172.66   298.49 310.17   160.44 172.12   166.02 177.70   159.76 171.44
2021-07-28   159.90 171.59   159.88 171.56   297.39 309.07   159.33 171.02   164.92 176.60   158.65 170.34
2021-07-29   158.80 170.48   158.77 170.46   296.28 307.97   158.23 169.91   163.81 175.50   157.55 169.23
2021-07-30   157.69 169.38   157.66 169.36   295.18 306.87   157.12 168.81   162.71 174.40   156.44 168.13
2021-07-31   156.59 168.28   156.56 168.25   294.07 305.77   156.02 167.71   161.60 173.29   155.34 167.03
2021-08-01   155.48 167.18   155.45 167.15   292.97 304.66   154.91 166.61   160.50 172.19   154.23 165.92
2021-08-02   154.38 166.07   154.35 166.04   291.86 303.56   153.81 165.50   159.39 171.09   153.13 164.82
2021-08-03   153.27 164.97   153.25 164.94   290.76 302.45   152.70 164.40   158.29 169.98   152.02 163.71
2021-08-04   152.17 163.86   152.14 163.83   289.66 301.35   151.60 163.29   157.18 168.88   150.92 162.61
2021-08-05   151.07 162.75   151.04 162.73   288.55 300.24   150.50 162.18   156.08 167.77   149.82 161.50
2021-08-06   149.97 161.65   149.94 161.62   287.45 299.14   149.40 161.08   154.98 166.67   148.72 160.40
2021-08-07   148.87 160.55   148.84 160.52   286.35 298.03   148.30 159.98   153.88 165.56   147.62 159.29
2021-08-08   147.77 159.44   147.74 159.41   285.26 296.93   147.20 158.87   152.78 164.46   146.52 158.19
2021-08-09   146.67 158.34   146.65 158.31   284.16 295.83   146.10 157.77   151.69 163.35   145.42 157.09
2021-08-10   145.58 157.24   145.55 157.21   283.07 294.72   145.01 156.67   150.59 162.25   144.33 155.98
2021-08-11   144.49 156.13   144.46 156.11   281.97 293.62   143.92 155.56   149.50 161.15   143.24 154.88
2021-08-12   143.40 155.03   143.37 155.01   280.89 292.52   142.83 154.46   148.41 160.05   142.15 153.78
2021-08-13   142.31 153.94   142.28 153.91   279.80 291.42   141.74 153.37   147.33 158.95   141.06 152.69
2021-08-14   141.23 152.84   141.20 152.81   278.71 290.33   140.66 152.27   146.24 157.85   139.98 151.59
2021-08-15   140.14 151.74   140.12 151.72   277.63 289.23   139.57 151.17   145.16 156.76   138.89 150.49
2021-08-16   139.07 150.65   139.04 150.63   276.55 288.14   138.50 150.08   144.08 155.67   137.81 149.40
2021-08-17   137.99 149.56   137.96 149.54   275.48 287.05   137.42 148.99   143.00 154.58   136.74 148.31
2021-08-18   136.92 148.47   136.89 148.45   274.40 285.96   136.35 147.90   141.93 153.49   135.67 147.22
2021-08-19   135.85 147.39   135.82 147.36   273.33 284.88   135.28 146.82   140.86 152.40   134.60 146.14
2021-08-20   134.78 146.30   134.75 146.28   272.27 283.79   134.21 145.73   139.80 151.32   133.53 145.05
2021-08-21   133.72 145.22   133.69 145.20   271.21 282.71   133.15 144.65   138.73 150.24   132.47 143.97
2021-08-22   132.66 144.15   132.63 144.12   270.15 281.63   132.09 143.58   137.67 149.16   131.41 142.90
2021-08-23   131.60 143.07   131.58 143.05   269.09 280.56   131.03 142.50   136.62 148.09   130.35 141.82
2021-08-24   130.55 142.00   130.53 141.98   268.04 279.49   129.98 141.43   135.57 147.02   129.30 140.75
2021-08-25   129.51 140.93   129.48 140.91   266.99 278.42   128.94 140.36   134.52 145.95   128.25 139.68
2021-08-26   128.46 139.87   128.44 139.84   265.95 277.36   127.89 139.30   133.48 144.88   127.21 138.62
2021-08-27   127.42 138.81   127.40 138.78   264.91 276.30   126.85 138.24   132.44 143.82   126.17 137.56
2021-08-28   126.39 137.75   126.36 137.72   263.87 275.24   125.82 137.18   131.40 142.77   125.14 136.50
2021-08-29   125.36 136.70   125.33 136.67   262.84 274.18   124.79 136.13   130.37 141.71   124.10 135.45
2021-08-30   124.33 135.65   124.30 135.62   261.82 273.13   123.76 135.08   129.34 140.66   123.08 134.40
2021-08-31   123.31 134.60   123.28 134.57   260.79 272.09   122.74 134.03   128.32 139.62   122.06 133.35
2021-09-01   122.29 133.56   122.26 133.53   259.77 271.05   121.72 132.99   127.30 138.57   121.04 132.31
2021-09-02   121.27 132.52   121.25 132.49   258.76 270.01   120.70 131.95   126.29 137.54   120.02 131.27
2021-09-03   120.26 131.49   120.24 131.46   257.75 268.97   119.69 130.92   125.28 136.50   119.01 130.24
2021-09-04   119.26 130.46   119.23 130.43   256.75 267.94   118.69 129.89   124.27 135.47   118.01 129.21
2021-09-05   118.26 129.43   118.23 129.40   255.74 266.92   117.69 128.86   123.27 134.45   117.01 128.18
2021-09-06   117.26 128.41   117.23 128.38   254.75 265.90   116.69 127.84   122.27 133.42   116.01 127.16
2021-09-07   116.27 127.39   116.24 127.37   253.75 264.88   115.70 126.82   121.28 132.41   115.02 126.14
2021-09-08   115.28 126.38   115.25 126.35   252.77 263.87   114.71 125.81   120.29 131.39   114.03 125.13
2021-09-09   114.30 125.37   114.27 125.34   251.78 262.86   113.73 124.80   119.31 130.38   113.04 124.12
2021-09-10   113.32 124.36   113.29 124.34   250.80 261.85   112.75 123.79   118.33 129.38   112.07 123.11
2021-09-11   112.34 123.36   112.31 123.34   249.83 260.85   111.77 122.79   117.36 128.38   111.09 122.11
2021-09-12   111.37 122.37   111.34 122.34   248.86 259.86   110.80 121.80   116.39 127.38   110.12 121.12
2021-09-13   110.40 121.38   110.38 121.35   247.89 258.86   109.83 120.81   115.42 126.39   109.15 120.13
2021-09-14   109.44 120.39   109.41 120.36   246.93 257.88   108.87 119.82   114.46 125.40   108.19 119.14
2021-09-15   108.48 119.40   108.46 119.38   245.97 256.89   107.91 118.83   113.50 124.42   107.23 118.15
2021-09-16   107.53 118.43   107.50 118.40   245.02 255.91   106.96 117.86   112.54 123.44   106.28 117.17
2021-09-17   106.58 117.45   106.55 117.42   244.07 254.94   106.01 116.88   111.59 122.47   105.33 116.20
2021-09-18   105.63 116.48   105.61 116.45   243.12 253.97   105.06 115.91   110.65 121.49   104.38 115.23
2021-09-19   104.69 115.51   104.66 115.49   242.18 253.00   104.12 114.94   109.71 120.53   103.44 114.26
2021-09-20   103.75 114.55   103.73 114.52   241.24 252.04   103.18 113.98   108.77 119.56   102.50 113.30
2021-09-21   102.82 113.59   102.79 113.56   240.30 251.08   102.25 113.02   107.83 118.61   101.57 112.34
2021-09-22   101.89 112.64   101.86 112.61   239.37 250.12   101.32 112.07   106.90 117.65   100.64 111.39
2021-09-23   100.96 111.68   100.93 111.66   238.45 249.17   100.39 111.11   105.97 116.70    99.71 110.43
2021-09-24   100.04 110.74   100.01 110.71   237.52 248.23    99.47 110.17   105.05 115.75    98.78 109.49
2021-09-25    99.12 109.79    99.09 109.77   236.60 247.28    98.55 109.22   104.13 114.81    97.86 108.54
2021-09-26    98.20 108.86    98.17 108.83   235.69 246.34    97.63 108.29   103.21 113.87    96.95 107.60
2021-09-27    97.28 107.92    97.26 107.89   234.77 245.41    96.71 107.35   102.30 112.93    96.03 106.67
2021-09-28    96.37 106.99    96.35 106.96   233.86 244.47    95.80 106.42   101.39 112.00    95.12 105.74
2021-09-29    95.47 106.06    95.44 106.03   232.95 243.55    94.90 105.49   100.48 111.07    94.22 104.81
2021-09-30    94.56 105.13    94.54 105.11   232.05 242.62    93.99 104.56    99.58 110.15    93.31 103.88
2021-10-01    93.66 104.21    93.64 104.19   231.15 241.70    93.09 103.64    98.68 109.23    92.41 102.96
2021-10-02    92.76 103.29    92.74 103.27   230.25 240.78    92.19 102.72    97.78 108.31    91.51 102.04
2021-10-03    91.87 102.38    91.84 102.35   229.36 239.87    91.30 101.81    96.88 107.39    90.62 101.13
2021-10-04    90.97 101.47    90.95 101.44   228.46 238.95    90.40 100.90    95.99 106.48    89.72 100.21
2021-10-05    90.08 100.56    90.06 100.53   227.57 238.04    89.51  99.99    95.10 105.57    88.83  99.31
2021-10-06    89.20  99.65    89.17  99.62   226.68 237.14    88.63  99.08    94.21 104.67    87.95  98.40
2021-10-07    88.31  98.75    88.28  98.72   225.80 236.23    87.74  98.18    93.33 103.76    87.06  97.50
2021-10-08    87.43  97.85    87.40  97.82   224.91 235.33    86.86  97.28    92.44 102.86    86.18  96.59
2021-10-09    86.54  96.95    86.52  96.92   224.03 234.44    85.97  96.38    91.56 101.96    85.29  95.70
2021-10-10    85.67  96.05    85.64  96.03   223.15 233.54    85.10  95.48    90.68 101.07    84.41  94.80
2021-10-11    84.79  95.16    84.76  95.13   222.27 232.65    84.22  94.59    89.80 100.17    83.54  93.91
2021-10-12    83.91  94.27    83.88  94.24   221.40 231.76    83.34  93.70    88.93  99.28    82.66  93.02
2021-10-13    83.04  93.38    83.01  93.35   220.52 230.87    82.47  92.81    88.05  98.39    81.79  92.13
2021-10-14    82.16  92.49    82.14  92.47   219.65 229.98    81.59  91.92    87.18  97.51    80.91  91.24
2021-10-15    81.29  91.61    81.27  91.58   218.78 229.10    80.72  91.04    86.31  96.62    80.04  90.36
2021-10-16    80.42  90.73    80.39  90.70   217.91 228.21    79.85  90.16    85.44  95.74    79.17  89.47
2021-10-17    79.55  89.84    79.53  89.82   217.04 227.33    78.98  89.27    84.57  94.86    78.30  88.59
2021-10-18    78.68  88.97    78.66  88.94   216.17 226.45    78.11  88.40    83.70  93.98    77.43  87.71
2021-10-19    77.82  88.09    77.79  88.06   215.30 225.58    77.25  87.52    82.83  93.10    76.57  86.84
2021-10-20    76.95  87.21    76.92  87.18   214.44 224.70    76.38  86.64    81.96  92.23    75.70  85.96
2021-10-21    76.08  86.34    76.06  86.31   213.57 223.82    75.51  85.77    81.10  91.35    74.83  85.09
2021-10-22    75.22  85.46    75.19  85.44   212.71 222.95    74.65  84.89    80.23  90.48    73.97  84.21
2021-10-23    74.35  84.59    74.33  84.56   211.84 222.08    73.78  84.02    79.37  89.61    73.10  83.34
2021-10-24    73.49  83.72    73.46  83.69   210.98 221.21    72.92  83.15    78.50  88.73    72.24  82.47
2021-10-25    72.62  82.85    72.60  82.82   210.11 220.33    72.05  82.28    77.64  87.86    71.37  81.60
2021-10-26    71.76  81.98    71.73  81.95   209.25 219.46    71.19  81.41    76.77  86.99    70.51  80.73
2021-10-27    70.89  81.11    70.87  81.08   208.38 218.59    70.32  80.54    75.91  86.12    69.64  79.86
2021-10-28    70.03  80.24    70.00  80.21   207.52 217.73    69.46  79.67    75.04  85.25    68.78  78.99
2021-10-29    69.16  79.37    69.14  79.34   206.65 216.86    68.59  78.80    74.18  84.38    67.91  78.12
2021-10-30    68.30  78.50    68.27  78.47   205.78 215.99    67.73  77.93    73.31  83.52    67.05  77.25
2021-10-31    67.43  77.63    67.40  77.61   204.92 215.12    66.86  77.06    72.45  82.65    66.18  76.38
2021-11-01    66.56  76.76    66.54  76.74   204.05 214.25    65.99  76.19    71.58  81.78    65.31  75.51
2021-11-02    65.69  75.89    65.67  75.87   203.18 213.38    65.12  75.32    70.71  80.91    64.44  74.64
2021-11-03    64.83  75.03    64.80  75.00   202.31 212.51    64.26  74.46    69.84  80.04    63.57  73.78
2021-11-04    63.96  74.16    63.93  74.13   201.44 211.64    63.39  73.59    68.97  79.17    62.70  72.91
2021-11-05    63.08  73.29    63.06  73.26   200.57 210.77    62.51  72.72    68.10  78.30    61.83  72.04
2021-11-06    62.21  72.42    62.18  72.39   199.70 209.90    61.64  71.85    67.23  77.43    60.96  71.17
2021-11-07    61.34  71.54    61.31  71.52   198.82 209.03    60.77  70.97    66.35  76.56    60.09  70.29
2021-11-08    60.67  70.47    60.64  70.44   198.15 207.95    60.10  69.90    65.68  75.48    59.42  69.21
2021-11-09    60.09  69.29    60.07  69.26   197.58 206.78    59.52  68.72    65.11  74.30    58.84  68.04
2021-11-10    59.52  68.11    59.49  68.08   197.00 205.60    58.95  67.54    64.53  73.12    58.27  66.86
2021-11-11    58.94  66.93    58.91  66.90   196.43 204.42    58.37  66.36    63.95  71.94    57.69  65.68
2021-11-12    58.36  65.75    58.33  65.72   195.85 203.24    57.79  65.18    63.37  70.76    57.11  64.50

2022-04-20   255.78 262.81   255.75 262.78    33.26  40.30   255.21 262.24   260.79 267.82   254.52 261.56
2022-04-21   254.63 262.25   254.61 262.22    32.12  39.74   254.06 261.68   259.65 267.27   253.38 261.00
2022-04-22   253.49 261.70   253.46 261.67    30.98  39.18   252.92 261.13   258.50 266.71   252.24 260.45
2022-04-23   252.35 261.14   252.32 261.12    29.84  38.63   251.78 260.57   257.36 266.16   251.10 259.89
2022-04-24   251.21 260.59   251.18 260.57    28.69  38.08   250.64 260.02   256.22 265.61   249.96 259.34
2022-04-25   250.07 260.04   250.04 260.02    27.55  37.53   249.50 259.47   255.08 265.06   248.81 258.79
2022-04-26   249.11 259.31   249.08 259.29    26.59  36.80   248.54 258.74   254.12 264.33   247.86 258.06
2022-04-27   248.26 258.47   248.24 258.44    25.75  35.96   247.69 257.90   253.28 263.48   247.01 257.22
2022-04-28   247.42 257.63   247.40 257.60    24.91  35.11   246.85 257.06   252.44 262.64   246.17 256.37
2022-04-29   246.58 256.78   246.56 256.76    24.07  34.27   246.01 256.21   251.60 261.80   245.33 255.53
2022-04-30   245.74 255.94   245.71 255.91    23.23  33.43   245.17 255.37   250.76 260.96   244.49 254.69
2022-05-01   244.90 255.10   244.87 255.07    22.39  32.59   244.33 254.53   249.92 260.12   243.65 253.85
2022-05-02   244.06 254.26   244.03 254.23    21.55  31.75   243.49 253.69   249.07 259.27   242.81 253.01
2022-05-03   243.22 253.42   243.19 253.39    20.70  30.91   242.65 252.85   248.23 258.43   241.97 252.17
2022-05-04   242.38 252.58   242.35 252.55    19.86  30.07   241.81 252.01   247.39 257.59   241.12 251.33
2022-05-05   241.53 251.74   241.51 251.71    19.02  29.23   240.96 251.17   246.55 256.76   240.28 250.49
2022-05-06   240.69 250.90   240.66 250.87    18.18  28.39   240.12 250.33   245.71 255.92   239.44 249.65
2022-05-07   239.85 250.06   239.82 250.03    17.33  27.55   239.28 249.49   244.86 255.08   238.60 248.81
2022-05-08   239.00 249.22   238.98 249.19    16.49  26.71   238.43 248.65   244.02 254.24   237.75 247.97
2022-05-09   238.16 248.38   238.13 248.35    15.64  25.87   237.59 247.81   243.17 253.40   236.91 247.13
2022-05-10   237.31 247.54   237.28 247.51    14.80  25.03   236.74 246.97   242.33 252.56   236.06 246.29
2022-05-11   236.46 246.70   236.44 246.67    13.95  24.19   235.89 246.13   241.48 251.71   235.21 245.45
2022-05-12   235.61 245.86   235.59 245.83    13.10  23.34   235.04 245.29   240.63 250.87   234.36 244.61
2022-05-13   234.76 245.01   234.74 244.99    12.25  22.50   234.19 244.44   239.78 250.03   233.51 243.76
2022-05-14   233.91 244.17   233.88 244.14    11.40  21.66   233.34 243.60   238.93 249.19   232.66 242.92
2022-05-15   233.06 243.33   233.03 243.30    10.54  20.81   232.49 242.76   238.07 248.34   231.81 242.08
2022-05-16   232.20 242.48   232.17 242.45     9.69  19.97   231.63 241.91   237.22 247.50   230.95 241.23
2022-05-17   231.34 241.63   231.32 241.61     8.83  19.12   230.77 241.06   236.36 246.65   230.09 240.38
2022-05-18   230.48 240.79   230.46 240.76     7.97  18.27   229.91 240.22   235.50 245.80   229.23 239.53
2022-05-19   229.62 239.94   229.59 239.91     7.11  17.42   229.05 239.37   234.64 244.95   228.37 238.68
2022-05-20   228.76 239.08   228.73 239.06     6.24  16.57   228.19 238.51   233.77 244.10   227.51 237.83
2022-05-21   227.89 238.23   227.86 238.20     5.38  15.72   227.32 237.66   232.90 243.25   226.64 236.98
2022-05-22   227.02 237.38   226.99 237.35     4.51  14.86   226.45 236.81   232.04 242.39   225.77 236.12
2022-05-23   226.15 236.52   226.12 236.49     3.64  14.01   225.58 235.95   231.16 241.53   224.90 235.27
2022-05-24   225.27 235.66   225.25 235.63     2.76  13.15   224.70 235.09   230.29 240.67   224.02 234.41
2022-05-25   224.40 234.80   224.37 234.77     1.88  12.28   223.83 234.23   229.41 239.81   223.15 233.55
2022-05-26   223.52 233.93   223.49 233.91     1.00  11.42   222.95 233.36   228.53 238.95   222.27 232.68
2022-05-27   222.63 233.07   222.61 233.04     0.12  10.55   222.06 232.50   227.65 238.08   221.38 231.82
2022-05-28   221.75 232.20   221.72 232.17   359.23   9.69   221.18 231.63   226.76 237.21   220.50 230.95
2022-05-29   220.86 231.33   220.83 231.30   358.35   8.81   220.29 230.76   225.87 236.34   219.61 230.08
2022-05-30   219.96 230.45   219.94 230.43   357.45   7.94   219.39 229.88   224.98 235.47   218.71 229.20
2022-05-31   219.07 229.57   219.04 229.55   356.56   7.06   218.50 229.00   224.08 234.59   217.82 228.32
2022-06-01   218.17 228.69   218.14 228.67   355.66   6.18   217.60 228.12   223.18 233.71   216.92 227.44
2022-06-02   217.27 227.81   217.24 227.78   354.75   5.30   216.70 227.24   222.28 232.83   216.01 226.56
2022-06-03   216.36 226.92   216.33 226.90   353.85   4.41   215.79 226.35   221.37 231.94   215.11 225.67
2022-06-04   215.45 226.03   215.42 226.01   352.93   3.52   214.88 225.46   220.46 231.05   214.20 224.78
2022-06-05   214.53 225.14   214.51 225.11   352.02   2.63   213.96 224.57   219.55 230.16   213.28 223.89
2022-06-06   213.61 224.24   213.59 224.22   351.10   1.73   213.04 223.67   218.63 229.26   212.36 222.99
2022-06-07   212.69 223.34   212.66 223.32   350.18   0.83   212.12 222.77   217.71 228.36   211.44 222.09
2022-06-08   211.76 222.44   211.74 222.41   349.25 359.93   211.19 221.87   216.78 227.45   210.51 221.19
2022-06-09   210.83 221.53   210.81 221.50   348.32 359.02   210.26 220.96   215.85 226.55   209.58 220.28
2022-06-10   209.90 220.62   209.87 220.59   347.39 358.11   209.33 220.05   214.91 225.63   208.65 219.37
2022-06-11   208.96 219.70   208.93 219.68   346.45 357.19   208.39 219.13   213.97 224.72   207.71 218.45
2022-06-12   208.01 218.78   207.99 218.76   345.50 356.27   207.44 218.21   213.03 223.80   206.76 217.53
2022-06-13   207.07 217.86   207.04 217.83   344.55 355.35   206.50 217.29   212.08 222.87   205.82 216.61
2022-06-14   206.11 216.93   206.09 216.90   343.60 354.42   205.54 216.36   211.13 221.95   204.86 215.68
2022-06-15   205.16 216.00   205.13 215.97   342.64 353.49   204.59 215.43   210.17 221.01   203.91 214.75
2022-06-16   204.19 215.06   204.17 215.04   341.68 352.55   203.62 214.49   209.21 220.08   202.94 213.81
2022-06-17   203.23 214.12   203.20 214.09   340.72 351.61   202.66 213.55   208.24 219.14   201.98 212.87
2022-06-18   202.26 213.17   202.23 213.15   339.75 350.66   201.69 212.60   207.27 218.19   201.01 211.92
2022-06-19   201.28 212.22   201.26 212.20   338.77 349.71   200.71 211.65   206.30 217.24   200.03 210.97
2022-06-20   200.30 211.27   200.28 211.24   337.79 348.76   199.73 210.70   205.32 216.29   199.05 210.02
2022-06-21   199.32 210.31   199.29 210.28   336.80 347.80   198.75 209.74   204.33 215.33   198.07 209.06
2022-06-22   198.33 209.35   198.30 209.32   335.82 346.83   197.76 208.78   203.34 214.36   197.08 208.10
2022-06-23   197.33 208.38   197.31 208.35   334.82 345.87   196.76 207.81   202.35 213.39   196.08 207.13
2022-06-24   196.34 207.41   196.31 207.38   333.82 344.89   195.77 206.84   201.35 212.42   195.08 206.15
2022-06-25   195.33 206.43   195.31 206.40   332.82 343.91   194.76 205.86   200.35 211.44   194.08 205.18
2022-06-26   194.32 205.44   194.30 205.42   331.81 342.93   193.75 204.87   199.34 210.46   193.07 204.19
2022-06-27   193.31 204.46   193.29 204.43   330.80 341.94   192.74 203.89   198.33 209.47   192.06 203.21
2022-06-28   192.29 203.47   192.27 203.44   329.78 340.95   191.72 202.90   197.31 208.48   191.04 202.21
2022-06-29   191.27 202.47   191.25 202.44   328.76 339.96   190.70 201.90   196.29 207.48   190.02 201.22
2022-06-30   190.25 201.47   190.22 201.44   327.73 338.95   189.68 200.90   195.26 206.48   189.00 200.22
2022-07-01   189.22 200.46   189.19 200.43   326.70 337.95   188.65 199.89   194.23 205.48   187.97 199.21
2022-07-02   188.18 199.45   188.16 199.42   325.67 336.94   187.61 198.88   193.20 204.47   186.93 198.20
2022-07-03   187.14 198.44   187.12 198.41   324.63 335.92   186.57 197.87   192.16 203.45   185.89 197.18
2022-07-04   186.10 197.42   186.07 197.39   323.59 334.90   185.53 196.85   191.11 202.43   184.85 196.16
2022-07-05   185.05 196.39   185.03 196.36   322.54 333.88   184.48 195.82   190.07 201.41   183.80 195.14
2022-07-06   184.00 195.36   183.97 195.34   321.49 332.85   183.43 194.79   189.02 200.38   182.75 194.11
2022-07-07   182.95 194.33   182.92 194.30   320.43 331.82   182.38 193.76   187.96 199.34   181.70 193.08
2022-07-08   181.89 193.29   181.86 193.27   319.37 330.78   181.32 192.72   186.90 198.31   180.64 192.04
2022-07-09   180.82 192.25   180.80 192.22   318.31 329.74   180.25 191.68   185.84 197.27   179.57 191.00
2022-07-10   179.76 191.20   179.73 191.18   317.25 328.69   179.19 190.63   184.77 196.22   178.51 189.95
2022-07-11   178.69 190.15   178.66 190.13   316.18 327.64   178.12 189.58   183.70 195.17   177.44 188.90
2022-07-12   177.62 189.10   177.59 189.07   315.10 326.59   177.05 188.53   182.63 194.12   176.36 187.85
2022-07-13   176.54 188.04   176.51 188.02   314.03 325.53   175.97 187.47   181.55 193.06   175.29 186.79
2022-07-14   175.46 186.98   175.43 186.96   312.95 324.47   174.89 186.41   180.48 192.00   174.21 185.73
2022-07-15   174.38 185.92   174.35 185.89   311.87 323.40   173.81 185.35   179.39 190.93   173.13 184.67
2022-07-16   173.29 184.85   173.27 184.82   310.78 322.34   172.72 184.28   178.31 189.86   172.04 183.60
2022-07-17   172.21 183.78   172.18 183.75   309.69 321.27   171.64 183.21   177.22 188.79   170.96 182.53
2022-07-18   171.12 182.70   171.09 182.68   308.60 320.19   170.55 182.13   176.13 187.72   169.87 181.45
2022-07-19   170.03 181.63   170.00 181.60   307.51 319.11   169.46 181.06   175.04 186.64   168.78 180.37
2022-07-20   168.93 180.54   168.91 180.52   306.42 318.03   168.36 179.97   173.95 185.56   167.68 179.29
2022-07-21   167.84 179.46   167.81 179.43   305.32 316.95   167.27 178.89   172.85 184.48   166.59 178.21
2022-07-22   166.74 178.37   166.71 178.35   304.23 315.86   166.17 177.80   171.75 183.39   165.49 177.12
2022-07-23   165.64 177.29   165.61 177.26   303.13 314.77   165.07 176.72   170.66 182.30   164.39 176.04
2022-07-24   164.54 176.20   164.51 176.17   302.03 313.68   163.97 175.63   169.56 181.21   163.29 174.94
2022-07-25   163.44 175.10   163.41 175.08   300.93 312.59   162.87 174.53   168.46 180.12   162.19 173.85
2022-07-26   162.34 174.01   162.31 173.98   299.83 311.50   161.77 173.44   167.35 179.02   161.09 172.76
2022-07-27   161.24 172.91   161.21 172.89   298.72 310.40   160.67 172.34   166.25 177.93   159.98 171.66
2022-07-28   160.13 171.81   160.11 171.79   297.62 309.30   159.56 171.24   165.15 176.83   158.88 170.56
2022-07-29   159.03 170.72   159.00 170.69   296.52 308.20   158.46 170.15   164.04 175.73   157.78 169.46
2022-07-30   157.93 169.61   157.90 169.59   295.41 307.10   157.36 169.04   162.94 174.63   156.67 168.36
2022-07-31   156.82 168.51   156.80 168.49   294.31 306.00   156.25 167.94   161.84 173.53   155.57 167.26
2022-08-01   155.72 167.41   155.69 167.39   293.21 304.90   155.15 166.84   160.73 172.43   154.47 166.16
2022-08-02   154.62 166.31   154.59 166.28   292.10 303.80   154.05 165.74   159.63 171.32   153.37 165.06
2022-08-03   153.51 165.21   153.49 165.18   291.00 302.69   152.94 164.64   158.53 170.22   152.26 163.96
2022-08-04   152.41 164.10   152.39 164.08   289.90 301.59   151.84 163.53   157.43 169.12   151.16 162.85
2022-08-05   151.31 163.00   151.29 162.97   288.80 300.49   150.74 162.43   156.33 168.01   150.06 161.75
2022-08-06   150.21 161.90   150.19 161.87   287.70 299.38   149.64 161.33   155.23 166.91   148.96 160.65
2022-08-07   149.12 160.79   149.09 160.77   286.60 298.28   148.55 160.22   154.13 165.81   147.87 159.54
2022-08-08   148.02 159.69   147.99 159.67   285.51 297.18   147.45 159.12   153.04 164.71   146.77 158.44
2022-08-09   146.93 158.59   146.90 158.56   284.41 296.08   146.36 158.02   151.94 163.61   145.68 157.34
2022-08-10   145.83 157.49   145.81 157.46   283.32 294.98   145.26 156.92   150.85 162.51   144.58 156.24
2022-08-11   144.74 156.39   144.72 156.36   282.23 293.88   144.17 155.82   149.76 161.41   143.49 155.14
2022-08-12   143.66 155.29   143.63 155.27   281.14 292.78   143.09 154.72   148.67 160.31   142.41 154.04
2022-08-13   142.57 154.20   142.54 154.17   280.06 291.68   142.00 153.63   147.59 159.21   141.32 152.95
2022-08-14   141.49 153.10   141.46 153.08   278.97 290.59   140.92 152.53   146.50 158.12   140.24 151.85
2022-08-15   140.41 152.01   140.38 151.98   277.89 289.50   139.84 151.44   145.42 157.02   139.16 150.76
2022-08-16   139.33 150.92   139.30 150.89   276.82 288.41   138.76 150.35   144.34 155.93   138.08 149.67
2022-08-17   138.26 149.83   138.23 149.80   275.74 287.32   137.69 149.26   143.27 154.84   137.00 148.58
2022-08-18   137.18 148.74   137.16 148.72   274.67 286.23   136.61 148.17   142.20 153.76   135.93 147.49
2022-08-19   136.12 147.66   136.09 147.63   273.60 285.15   135.55 147.09   141.13 152.67   134.87 146.41
2022-08-20   135.05 146.58   135.02 146.55   272.54 284.06   134.48 146.01   140.07 151.59   133.80 145.33
2022-08-21   133.99 145.50   133.96 145.47   271.48 282.99   133.42 144.93   139.01 150.51   132.74 144.25
2022-08-22   132.93 144.42   132.91 144.40   270.42 281.91   132.36 143.85   137.95 149.44   131.68 143.17
2022-08-23   131.88 143.35   131.85 143.32   269.37 280.84   131.31 142.78   136.89 148.36   130.63 142.10
2022-08-24   130.83 142.28   130.80 142.25   268.32 279.77   130.26 141.71   135.84 147.29   129.58 141.03
2022-08-25   129.78 141.21   129.75 141.19   267.27 278.70   129.21 140.64   134.80 146.23   128.53 139.96
2022-08-26   128.74 140.15   128.71 140.12   266.23 277.64   128.17 139.58   133.75 145.16   127.49 138.90
2022-08-27   127.70 139.09   127.67 139.06   265.19 276.58   127.13 138.52   132.72 144.11   126.45 137.84
2022-08-28   126.67 138.03   126.64 138.01   264.15 275.52   126.10 137.46   131.68 143.05   125.41 136.78
2022-08-29   125.64 136.98   125.61 136.95   263.12 274.47   125.07 136.41   130.65 142.00   124.38 135.73
2022-08-30   124.61 135.93   124.58 135.91   262.10 273.42   124.04 135.36   129.62 140.95   123.36 134.68
2022-08-31   123.59 134.89   123.56 134.86   261.07 272.37   123.02 134.32   128.60 139.90   122.34 133.64
2022-09-01   122.57 133.85   122.54 133.82   260.06 271.33   122.00 133.28   127.58 138.86   121.32 132.59
2022-09-02   121.56 132.81   121.53 132.78   259.04 270.30   120.99 132.24   126.57 137.82   120.30 131.56
2022-09-03   120.55 131.77   120.52 131.75   258.03 269.26   119.98 131.20   125.56 136.79   119.30 130.52
2022-09-04   119.54 130.75   119.51 130.72   257.03 268.23   118.97 130.18   124.56 135.76   118.29 129.49
2022-09-05   118.54 129.72   118.51 129.69   256.03 267.21   117.97 129.15   123.56 134.74   117.29 128.47
2022-09-06   117.54 128.70   117.52 128.67   255.03 266.19   116.97 128.13   122.56 133.71   116.29 127.45
2022-09-07   116.55 127.68   116.53 127.66   254.04 265.17   115.98 127.11   121.57 132.70   115.30 126.43
2022-09-08   115.56 126.67   115.54 126.64   253.05 264.16   114.99 126.10   120.58 131.68   114.31 125.42
2022-09-09   114.58 125.66   114.55 125.63   252.07 263.15   114.01 125.09   119.60 130.68   113.33 124.41
2022-09-10   113.60 124.66   113.57 124.63   251.09 262.14   113.03 124.09   118.62 129.67   112.35 123.40
2022-09-11   112.63 123.66   112.60 123.63   250.11 261.14   112.06 123.09   117.64 128.67   111.38 122.40
2022-09-12   111.66 122.66   111.63 122.63   249.14 260.15   111.09 122.09   116.67 127.67   110.40 121.41
2022-09-13   110.69 121.67   110.66 121.64   248.18 259.15   110.12 121.10   115.70 126.68   109.44 120.42
2022-09-14   109.73 120.68   109.70 120.65   247.21 258.17   109.16 120.11   114.74 125.69   108.48 119.43
2022-09-15   108.77 119.70   108.74 119.67   246.26 257.18   108.20 119.13   113.78 124.71   107.52 118.45
2022-09-16   107.81 118.72   107.79 118.69   245.30 256.20   107.24 118.15   112.83 123.73   106.56 117.47
2022-09-17   106.86 117.74   106.84 117.71   244.35 255.23   106.29 117.17   111.88 122.76   105.61 116.49
2022-09-18   105.92 116.77   105.89 116.74   243.40 254.26   105.35 116.20   110.93 121.79   104.67 115.52
2022-09-19   104.97 115.80   104.95 115.78   242.46 253.29   104.40 115.23   109.99 120.82   103.72 114.55
2022-09-20   104.04 114.84   104.01 114.81   241.52 252.33   103.47 114.27   109.05 119.85   102.78 113.59
2022-09-21   103.10 113.88   103.07 113.85   240.59 251.37   102.53 113.31   108.12 118.90   101.85 112.63
2022-09-22   102.17 112.93   102.14 112.90   239.66 250.41   101.60 112.36   107.18 117.94   100.92 111.67
2022-09-23   101.24 111.97   101.22 111.95   238.73 249.46   100.67 111.40   106.26 116.99    99.99 110.72
2022-09-24   100.32 111.03   100.29 111.00   237.81 248.51    99.75 110.46   105.33 116.04    99.07 109.78
2022-09-25    99.40 110.08    99.37 110.06   236.88 247.57    98.83 109.51   104.41 115.10    98.15 108.83
2022-09-26    98.48 109.14    98.45 109.12   235.97 246.63    97.91 108.57   103.49 114.16    97.23 107.89
2022-09-27    97.57 108.21    97.54 108.18   235.05 245.69    97.00 107.64   102.58 113.22    96.31 106.96
2022-09-28    96.65 107.27    96.63 107.25   234.14 244.76    96.08 106.70   101.67 112.29    95.40 106.02
2022-09-29    95.75 106.34    95.72 106.32   233.23 243.83    95.18 105.77   100.76 111.36    94.50 105.09
2022-09-30    94.84 105.42    94.82 105.39   232.33 242.91    94.27 104.85    99.86 110.43    93.59 104.17
2022-10-01    93.94 104.50    93.91 104.47   231.43 241.98    93.37 103.93    98.96 109.51    92.69 103.24
2022-10-02    93.04 103.58    93.01 103.55   230.53 241.06    92.47 103.01    98.06 108.59    91.79 102.33
2022-10-03    92.14 102.66    92.12 102.63   229.63 240.15    91.57 102.09    97.16 107.67    90.89 101.41
2022-10-04    91.25 101.75    91.22 101.72   228.74 239.23    90.68 101.18    96.27 106.76    90.00 100.50
2022-10-05    90.36 100.84    90.33 100.81   227.85 238.32    89.79 100.27    95.37 105.85    89.11  99.59
2022-10-06    89.47  99.93    89.44  99.90   226.96 237.42    88.90  99.36    94.49 104.94    88.22  98.68
2022-10-07    88.58  99.02    88.56  99.00   226.07 236.51    88.01  98.45    93.60 104.04    87.33  97.77
2022-10-08    87.70  98.12    87.67  98.10   225.19 235.61    87.13  97.55    92.71 103.14    86.45  96.87
2022-10-09    86.82  97.22    86.79  97.20   224.30 234.71    86.25  96.65    91.83 102.24    85.57  95.97
2022-10-10    85.94  96.33    85.91  96.30   223.42 233.81    85.37  95.76    90.95 101.34    84.68  95.08
2022-10-11    85.06  95.43    85.03  95.41   222.54 232.92    84.49  94.86    90.07 100.45    83.81  94.18
2022-10-12    84.18  94.54    84.15  94.51   221.67 232.03    83.61  93.97    89.19  99.56    82.93  93.29
2022-10-13    83.30  93.65    83.28  93.62   220.79 231.14    82.73  93.08    88.32  98.67    82.05  92.40
2022-10-14    82.43  92.76    82.40  92.74   219.92 230.25    81.86  92.19    87.45  97.78    81.18  91.51
2022-10-15    81.56  91.88    81.53  91.85   219.04 229.36    80.99  91.31    86.57  96.89    80.31  90.63
2022-10-16    80.69  90.99    80.66  90.97   218.17 228.48    80.12  90.42    85.70  96.01    79.43  89.74
2022-10-17    79.82  90.11    79.79  90.08   217.30 227.60    79.25  89.54    84.83  95.13    78.56  88.86
2022-10-18    78.95  89.23    78.92  89.20   216.43 226.72    78.38  88.66    83.96  94.25    77.70  87.98
2022-10-19    78.08  88.35    78.05  88.33   215.56 225.84    77.51  87.78    83.09  93.37    76.83  87.10
2022-10-20    77.21  87.47    77.18  87.45   214.70 224.96    76.64  86.90    82.22  92.49    75.96  86.22
2022-10-21    76.34  86.60    76.32  86.57   213.83 224.09    75.77  86.03    81.36  91.61    75.09  85.35
2022-10-22    75.48  85.72    75.45  85.70   212.96 223.21    74.91  85.15    80.49  90.74    74.22  84.47
2022-10-23    74.61  84.85    74.58  84.82   212.10 222.34    74.04  84.28    79.62  89.86    73.36  83.60
2022-10-24    73.74  83.98    73.72  83.95   211.23 221.46    73.17  83.41    78.76  88.99    72.49  82.72
2022-10-25    72.88  83.10    72.85  83.08   210.36 220.59    72.31  82.53    77.89  88.12    71.63  81.85
2022-10-26    72.01  82.23    71.99  82.21   209.50 219.72    71.44  81.66    77.03  87.25    70.76  80.98
2022-10-27    71.15  81.36    71.12  81.33   208.63 218.85    70.58  80.79    76.16  86.38    69.89  80.11
2022-10-28    70.28  80.49    70.25  80.46   207.77 217.98    69.71  79.92    75.29  85.51    69.03  79.24
2022-10-29    69.41  79.62    69.39  79.59   206.90 217.11    68.84  79.05    74.43  84.64    68.16  78.37
2022-10-30    68.55  78.75    68.52  78.72   206.03 216.24    67.98  78.18    73.56  83.77    67.29  77.50
2022-10-31    67.68  77.88    67.65  77.85   205.17 215.37    67.11  77.31    72.69  82.90    66.43  76.63
2022-11-01    66.81  77.01    66.78  76.98   204.30 214.50    66.24  76.44    71.82  82.03    65.56  75.76
2022-11-02    65.94  76.14    65.91  76.11   203.43 213.63    65.37  75.57    70.96  81.16    64.69  74.89
2022-11-03    65.07  75.27    65.04  75.24   202.56 212.76    64.50  74.70    70.09  80.29    63.82  74.02
2022-11-04    64.20  74.40    64.17  74.37   201.69 211.89    63.63  73.83    69.21  79.41    62.95  73.15
2022-11-05    63.33  73.53    63.30  73.50   200.81 211.02    62.76  72.96    68.34  78.54    62.07  72.28
2022-11-06    62.45  72.66    62.43  72.63   199.94 210.14    61.88  72.09    67.47  77.67    61.20  71.41
2022-11-07    61.58  71.78    61.55  71.76   199.06 209.27    61.01  71.21    66.59  76.80    60.33  70.53
2022-11-08    60.81  70.79    60.79  70.77   198.30 208.28    60.24  70.22    65.83  75.81    59.56  69.54
2022-11-09    60.24  69.62    60.21  69.59   197.73 207.10    59.67  69.05    65.25  74.63    58.99  68.36
2022-11-10    59.66  68.44    59.64  68.41   197.15 205.92    59.09  67.87    64.68  73.45    58.41  67.18
2022-11-11    59.08  67.25    59.06  67.23   196.57 204.74    58.51  66.68    64.10  72.27    57.83  66.00
2022-11-12    58.50  66.07    58.48  66.05   195.99 203.56    57.93  65.50    63.52  71.09    57.25  64.82
2022-11-13    57.92  64.89    57.89  64.86   195.41 202.38    57.35  64.32    62.94  69.90    56.67  63.64

2023-04-20   256.12 262.98   256.10 262.96    33.61  40.47   255.55 262.41   261.14 268.00   254.87 261.73
2023-04-21   254.98 262.42   254.95 262.40    32.46  39.91   254.41 261.85   259.99 267.44   253.73 261.17
2023-04-22   253.83 261.87   253.81 261.84    31.32  39.36   253.26 261.30   258.85 266.88   252.58 260.62
2023-04-23   252.69 261.32   252.66 261.29    30.18  38.80   252.12 260.75   257.70 266.33   251.44 260.07
2023-04-24   251.55 260.76   251.52 260.74    29.03  38.25   250.98 260.19   256.56 265.78   250.30 259.51
2023-04-25   250.40 260.21   250.38 260.19    27.89  37.70   249.83 259.64   255.42 265.23   249.15 258.96
2023-04-26   249.36 259.57   249.33 259.54    26.85  37.06   248.79 259.00   254.38 264.58   248.11 258.32
2023-04-27   248.52 258.72   248.49 258.70    26.00  36.21   247.95 258.15   253.53 263.74   247.27 257.47
2023-04-28   247.67 257.88   247.65 257.85    25.16  35.37   247.10 257.31   252.69 262.89   246.42 256.63
2023-04-29   246.83 257.03   246.81 257.01    24.32  34.52   246.26 256.46   251.85 262.05   245.58 255.78
2023-04-30   245.99 256.19   245.96 256.16    23.48  33.68   245.42 255.62   251.01 261.21   244.74 254.94
2023-05-01   245.15 255.35   245.12 255.32    22.64  32.84   244.58 254.78   250.16 260.36   243.90 254.10
2023-05-02   244.31 254.51   244.28 254.48    21.79  31.99   243.74 253.94   249.32 259.52   243.06 253.26
2023-05-03   243.46 253.67   243.44 253.64    20.95  31.15   242.89 253.10   248.48 258.68   242.21 252.41
2023-05-04   242.62 252.82   242.59 252.80    20.11  30.31   242.05 252.25   247.64 257.84   241.37 251.57
2023-05-05   241.78 251.98   241.75 251.96    19.27  29.47   241.21 251.41   246.79 257.00   240.53 250.73
2023-05-06   240.93 251.14   240.91 251.12    18.42  28.63   240.36 250.57   245.95 256.16   239.68 249.89
2023-05-07   240.09 250.30   240.06 250.28    17.58  27.79   239.52 249.73   245.10 255.32   238.84 249.05
2023-05-08   239.24 249.46   239.22 249.43    16.73  26.95   238.67 248.89   244.26 254.48   237.99 248.21
2023-05-09   238.40 248.62   238.37 248.59    15.88  26.11   237.83 248.05   243.41 253.64   237.15 247.37
2023-05-10   237.55 247.78   237.52 247.75    15.04  25.27   236.98 247.21   242.57 252.79   236.30 246.53
2023-05-11   236.70 246.94   236.67 246.91    14.19  24.42   236.13 246.37   241.72 251.95   235.45 245.69
2023-05-12   235.85 246.09   235.82 246.07    13.34  23.58   235.28 245.52   240.87 251.11   234.60 244.84
2023-05-13   235.00 245.25   234.97 245.22    12.49  22.74   234.43 244.68   240.01 250.27   233.75 244.00
2023-05-14   234.15 244.41   234.12 244.38    11.63  21.89   233.58 243.84   239.16 249.42   232.90 243.15
2023-05-15   233.29 243.56   233.26 243.53    10.78  21.05   232.72 242.99   238.31 248.57   232.04 242.31
2023-05-16   232.43 242.71   232.41 242.69     9.92  20.20   231.86 242.14   237.45 247.73   231.18 241.46
2023-05-17   231.58 241.86   231.55 241.84     9.06  19.35   231.01 241.29   236.59 246.88   230.32 240.61
2023-05-18   230.71 241.02   230.69 240.99     8.20  18.50   230.14 240.45   235.73 246.03   229.46 239.76
2023-05-19   229.85 240.16   229.83 240.14     7.34  17.65   229.28 239.59   234.87 245.18   228.60 238.91
2023-05-20   228.99 239.31   228.96 239.29     6.47  16.80   228.42 238.74   234.00 244.33   227.74 238.06
2023-05-21   228.12 238.46   228.09 238.43     5.61  15.94   227.55 237.89   233.13 243.47   226.87 237.21
2023-05-22   227.25 237.60   227.22 237.57     4.74  15.09   226.68 237.03   232.26 242.62   226.00 236.35
2023-05-23   226.38 236.74   226.35 236.72     3.86  14.23   225.81 236.17   231.39 241.76   225.13 235.49
2023-05-24   225.50 235.88   225.47 235.86     2.99  13.37   224.93 235.31   230.52 240.90   224.25 234.63
2023-05-25   224.62 235.02   224.60 234.99     2.11  12.51   224.05 234.45   229.64 240.04   223.37 233.77
2023-05-26   223.74 234.16   223.72 234.13     1.23  11.64   223.17 233.59   228.76 239.17   222.49 232.90
2023-05-27   222.86 233.29   222.83 233.26     0.35  10.78   222.29 232.72   227.87 238.30   221.61 232.04
2023-05-28   221.97 232.42   221.94 232.39   359.46   9.91   221.40 231.85   226.99 237.43   220.72 231.17
2023-05-29   221.08 231.55   221.05 231.52   358.57   9.03   220.51 230.98   226.10 236.56   219.83 230.29
2023-05-30   220.19 230.67   220.16 230.64   357.67   8.16   219.62 230.10   225.20 235.69   218.94 229.42
2023-05-31   219.29 229.79   219.26 229.77   356.78   7.28   218.72 229.22   224.30 234.81   218.04 228.54
2023-06-01   218.39 228.91   218.36 228.88   355.88   6.40   217.82 228.34   223.40 233.93   217.14 227.66
2023-06-02   217.48 228.03   217.46 228.00   354.97   5.51   216.91 227.46   222.50 233.04   216.23 226.78
2023-06-03   216.58 227.14   216.55 227.11   354.06   4.63   216.01 226.57   221.59 232.15   215.33 225.89
2023-06-04   215.66 226.25   215.64 226.22   353.15   3.73   215.09 225.68   220.68 231.26   214.41 225.00
2023-06-05   214.75 225.35   214.72 225.33   352.24   2.84   214.18 224.78   219.76 230.37   213.50 224.10
2023-06-06   213.83 224.46   213.80 224.43   351.32   1.94   213.26 223.89   218.84 229.47   212.58 223.20
2023-06-07   212.91 223.55   212.88 223.53   350.39   1.04   212.34 222.98   217.92 228.57   211.65 222.30
2023-06-08   211.98 222.65   211.95 222.62   349.47   0.14   211.41 222.08   216.99 227.66   210.73 221.40
2023-06-09   211.05 221.74   211.02 221.71   348.53 359.23   210.48 221.17   216.06 226.75   209.80 220.49
2023-06-10   210.11 220.83   210.08 220.80   347.60 358.31   209.54 220.26   215.13 225.84   208.86 219.58
2023-06-11   209.17 219.91   209.14 219.88   346.66 357.40   208.60 219.34   214.18 224.93   207.92 218.66
2023-06-12   208.23 218.99   208.20 218.96   345.71 356.48   207.66 218.42   213.24 224.00   206.97 217.74
2023-06-13   207.28 218.06   207.25 218.04   344.76 355.55   206.71 217.49   212.29 223.08   206.03 216.81
2023-06-14   206.32 217.14   206.30 217.11   343.81 354.62   205.75 216.57   211.34 222.15   205.07 215.89
2023-06-15   205.36 216.20   205.34 216.18   342.85 353.69   204.79 215.63   210.38 221.22   204.11 214.95
2023-06-16   204.40 215.27   204.38 215.24   341.89 352.75   203.83 214.70   209.42 220.28   203.15 214.01
2023-06-17   203.44 214.32   203.41 214.30   340.92 351.81   202.87 213.75   208.45 219.34   202.18 213.07
2023-06-18   202.46 213.38   202.44 213.35   339.95 350.86   201.89 212.81   207.48 218.39   201.21 212.13
2023-06-19   201.49 212.43   201.46 212.40   338.98 349.91   200.92 211.86   206.50 217.44   200.24 211.18
2023-06-20   200.51 211.47   200.48 211.44   338.00 348.96   199.94 210.90   205.52 216.49   199.26 210.22
2023-06-21   199.52 210.51   199.50 210.49   337.01 348.00   198.95 209.94   204.54 215.53   198.27 209.26
2023-06-22   198.53 209.55   198.51 209.52   336.02 347.03   197.96 208.98   203.55 214.56   197.28 208.30
2023-06-23   197.54 208.58   197.51 208.55   335.03 346.07   196.97 208.01   202.55 213.59   196.29 207.33
2023-06-24   196.54 207.61   196.51 207.58   334.03 345.09   195.97 207.04   201.55 212.62   195.29 206.35
2023-06-25   195.54 206.63   195.51 206.60   333.02 344.11   194.97 206.06   200.55 211.64   194.29 205.38
2023-06-26   194.53 205.64   194.50 205.62   332.02 343.13   193.96 205.07   199.54 210.66   193.28 204.39
2023-06-27   193.52 204.66   193.49 204.63   331.00 342.14   192.95 204.09   198.53 209.67   192.26 203.41
2023-06-28   192.50 203.67   192.47 203.64   329.99 341.15   191.93 203.10   197.51 208.68   191.25 202.41
2023-06-29   191.48 202.67   191.45 202.64   328.96 340.16   190.91 202.10   196.49 207.68   190.23 201.42
2023-06-30   190.45 201.67   190.42 201.64   327.94 339.15   189.88 201.10   195.47 206.68   189.20 200.42
2023-07-01   189.42 200.66   189.39 200.64   326.91 338.15   188.85 200.09   194.44 205.68   188.17 199.41
2023-07-02   188.39 199.65   188.36 199.63   325.87 337.14   187.82 199.08   193.40 204.67   187.14 198.40
2023-07-03   187.35 198.64   187.32 198.61   324.84 336.12   186.78 198.07   192.36 203.65   186.10 197.39
2023-07-04   186.31 197.62   186.28 197.59   323.79 335.11   185.74 197.05   191.32 202.63   185.06 196.37
2023-07-05   185.26 196.59   185.23 196.57   322.75 334.08   184.69 196.02   190.27 201.61   184.01 195.34
2023-07-06   184.21 195.57   184.18 195.54   321.70 333.05   183.64 195.00   189.22 200.58   182.96 194.32
2023-07-07   183.15 194.53   183.13 194.51   320.64 332.02   182.58 193.96   188.17 199.55   181.90 193.28
2023-07-08   182.10 193.50   182.07 193.47   319.58 330.99   181.53 192.93   187.11 198.51   180.85 192.25
2023-07-09   181.04 192.46   181.01 192.43   318.52 329.94   180.47 191.89   186.05 197.47   179.78 191.21
2023-07-10   179.97 191.41   179.94 191.39   317.46 328.90   179.40 190.84   184.99 196.43   178.72 190.16
2023-07-11   178.90 190.36   178.88 190.34   316.39 327.85   178.33 189.79   183.92 195.38   177.65 189.11
2023-07-12   177.83 189.31   177.80 189.29   315.32 326.80   177.26 188.74   182.85 194.33   176.58 188.06
2023-07-13   176.76 188.26   176.73 188.23   314.24 325.74   176.19 187.69   181.77 193.27   175.51 187.01
2023-07-14   175.68 187.20   175.65 187.17   313.17 324.68   175.11 186.63   180.69 192.21   174.43 185.95
2023-07-15   174.60 186.13   174.57 186.11   312.09 323.62   174.03 185.56   179.61 191.15   173.35 184.88
2023-07-16   173.52 185.07   173.49 185.04   311.00 322.55   172.95 184.50   178.53 190.08   172.26 183.82
2023-07-17   172.43 184.00   172.40 183.97   309.92 321.48   171.86 183.43   177.45 189.01   171.18 182.75
2023-07-18   171.34 182.92   171.32 182.90   308.83 320.41   170.77 182.35   176.36 187.94   170.09 181.67
2023-07-19   170.25 181.85   170.23 181.82   307.74 319.34   169.68 181.28   175.27 186.86   169.00 180.60
2023-07-20   169.16 180.77   169.13 180.74   306.65 318.26   168.59 180.20   174.18 185.78   167.91 179.52
2023-07-21   168.07 179.69   168.04 179.66   305.55 317.18   167.50 179.12   173.08 184.70   166.82 178.44
2023-07-22   166.97 178.60   166.95 178.58   304.46 316.09   166.40 178.03   171.99 183.62   165.72 177.35
2023-07-23   165.88 177.52   165.85 177.49   303.36 315.01   165.31 176.95   170.89 182.53   164.62 176.27
2023-07-24   164.78 176.43   164.75 176.40   302.27 313.92   164.21 175.86   169.79 181.44   163.53 175.18
2023-07-25   163.68 175.34   163.65 175.31   301.17 312.83   163.11 174.77   168.69 180.35   162.43 174.09
2023-07-26   162.58 174.25   162.55 174.22   300.07 311.73   162.01 173.68   167.59 179.26   161.33 173.00
2023-07-27   161.48 173.15   161.45 173.13   298.97 310.64   160.91 172.58   166.49 178.17   160.23 171.90
2023-07-28   160.38 172.06   160.35 172.03   297.87 309.54   159.81 171.49   165.39 177.07   159.13 170.81
2023-07-29   159.28 170.96   159.25 170.93   296.76 308.45   158.71 170.39   164.29 175.98   158.03 169.71
2023-07-30   158.18 169.86   158.15 169.84   295.66 307.35   157.61 169.29   163.19 174.88   156.92 168.61
2023-07-31   157.07 168.76   157.05 168.74   294.56 306.25   156.50 168.19   162.09 173.78   155.82 167.51
2023-08-01   155.97 167.66   155.95 167.64   293.46 305.15   155.40 167.09   160.99 172.68   154.72 166.41
2023-08-02   154.87 166.56   154.85 166.54   292.36 304.05   154.30 165.99   159.89 171.58   153.62 165.31
2023-08-03   153.77 165.46   153.75 165.44   291.26 302.95   153.20 164.89   158.79 170.48   152.52 164.21
2023-08-04   152.67 164.36   152.65 164.34   290.16 301.85   152.10 163.79   157.69 169.38   151.42 163.11
2023-08-05   151.58 163.26   151.55 163.23   289.06 300.75   151.01 162.69   156.59 168.28   150.32 162.01
2023-08-06   150.48 162.16   150.45 162.13   287.97 299.65   149.91 161.59   155.49 167.18   149.23 160.91
2023-08-07   149.38 161.06   149.36 161.03   286.87 298.55   148.81 160.49   154.40 166.07   148.13 159.81
2023-08-08   148.29 159.96   148.26 159.93   285.78 297.45   147.72 159.39   153.30 164.97   147.04 158.71
2023-08-09   147.20 158.86   147.17 158.83   284.68 296.35   146.63 158.29   152.21 163.88   145.95 157.61
2023-08-10   146.11 157.76   146.08 157.74   283.59 295.25   145.54 157.19   151.12 162.78   144.86 156.51
2023-08-11   145.02 156.67   144.99 156.64   282.51 294.15   144.45 156.10   150.03 161.68   143.77 155.41
2023-08-12   143.93 155.57   143.91 155.54   281.42 293.06   143.36 155.00   148.95 160.58   142.68 154.32
2023-08-13   142.85 154.47   142.82 154.45   280.34 291.96   142.28 153.90   147.86 159.49   141.60 153.22
2023-08-14   141.77 153.38   141.74 153.36   279.25 290.87   141.20 152.81   146.78 158.40   140.52 152.13
2023-08-15   140.69 152.29   140.66 152.26   278.18 289.78   140.12 151.72   145.70 157.31   139.44 151.04
2023-08-16   139.61 151.20   139.59 151.17   277.10 288.69   139.04 150.63   144.63 156.22   138.36 149.95
2023-08-17   138.54 150.11   138.51 150.09   276.03 287.60   137.97 149.54   143.55 155.13   137.29 148.86
2023-08-18   137.47 149.03   137.44 149.00   274.96 286.52   136.90 148.46   142.48 154.04   136.22 147.78
2023-08-19   136.40 147.95   136.38 147.92   273.89 285.43   135.83 147.38   141.42 152.96   135.15 146.70
2023-08-20   135.34 146.87   135.31 146.84   272.83 284.35   134.77 146.30   140.35 151.88   134.09 145.62
2023-08-21   134.28 145.79   134.25 145.76   271.77 283.28   133.71 145.22   139.29 150.80   133.03 144.54
2023-08-22   133.22 144.72   133.20 144.69   270.71 282.20   132.65 144.15   138.24 149.73   131.97 143.46
2023-08-23   132.17 143.64   132.14 143.62   269.66 281.13   131.60 143.07   137.18 148.66   130.92 142.39
2023-08-24   131.12 142.57   131.09 142.55   268.61 280.06   130.55 142.00   136.13 147.59   129.87 141.32
2023-08-25   130.07 141.51   130.05 141.48   267.56 279.00   129.50 140.94   135.09 146.52   128.82 140.26
2023-08-26   129.03 140.45   129.01 140.42   266.52 277.93   128.46 139.88   134.05 145.46   127.78 139.20
2023-08-27   127.99 139.39   127.97 139.36   265.48 276.88   127.42 138.82   133.01 144.40   126.74 138.14
2023-08-28   126.96 138.33   126.93 138.31   264.45 275.82   126.39 137.76   131.98 143.35   125.71 137.08
2023-08-29   125.93 137.28   125.90 137.25   263.42 274.77   125.36 136.71   130.95 142.30   124.68 136.03
2023-08-30   124.91 136.23   124.88 136.21   262.39 273.72   124.34 135.66   129.92 141.25   123.65 134.98
2023-08-31   123.88 135.19   123.86 135.16   261.37 272.68   123.31 134.62   128.90 140.20   122.63 133.94
2023-09-01   122.87 134.15   122.84 134.12   260.35 271.64   122.30 133.58   127.88 139.16   121.62 132.90
2023-09-02   121.85 133.11   121.83 133.08   259.34 270.60   121.28 132.54   126.87 138.13   120.60 131.86
2023-09-03   120.84 132.08   120.82 132.05   258.33 269.57   120.27 131.51   125.86 137.09   119.59 130.83
2023-09-04   119.84 131.05   119.81 131.02   257.33 268.54   119.27 130.48   124.85 136.06   118.59 129.80
2023-09-05   118.84 130.02   118.81 130.00   256.33 267.51   118.27 129.45   123.85 135.04   117.59 128.77
2023-09-06   117.84 129.00   117.82 128.98   255.33 266.49   117.27 128.43   122.86 134.02   116.59 127.75
2023-09-07   116.85 127.99   116.82 127.96   254.34 265.47   116.28 127.42   121.87 133.00   115.60 126.74
2023-09-08   115.86 126.97   115.84 126.95   253.35 264.46   115.29 126.40   120.88 131.99   114.61 125.72
2023-09-09   114.88 125.97   114.85 125.94   252.37 263.45   114.31 125.40   119.89 130.98   113.63 124.71
2023-09-10   113.90 124.96   113.87 124.93   251.39 262.45   113.33 124.39   118.91 129.98   112.65 123.71
2023-09-11   112.92 123.96   112.90 123.93   250.41 261.45   112.35 123.39   117.94 128.98   111.67 122.71
2023-09-12   111.95 122.96   111.93 122.94   249.44 260.45   111.38 122.39   116.97 127.98   110.70 121.71
2023-09-13   110.99 121.97   110.96 121.95   248.47 259.46   110.42 121.40   116.00 126.99   109.74 120.72
2023-09-14   110.02 120.98   110.00 120.96   247.51 258.47   109.45 120.41   115.04 126.00   108.77 119.73
2023-09-15   109.06 120.00   109.04 119.97   246.55 257.49   108.49 119.43   114.08 125.01   107.81 118.75
2023-09-16   108.11 119.02   108.08 118.99   245.60 256.51   107.54 118.45   113.13 124.04   106.86 117.77
2023-09-17   107.16 118.04   107.13 118.02   244.65 255.53   106.59 117.47   112.17 123.06   105.91 116.79
2023-09-18   106.21 117.07   106.19 117.05   243.70 254.56   105.64 116.50   111.23 122.09   104.96 115.82
2023-09-19   105.27 116.10   105.24 116.08   242.76 253.59   104.70 115.53   110.28 121.12   104.02 114.85
2023-09-20   104.33 115.14   104.30 115.11   241.82 252.63   103.76 114.57   109.35 120.16   103.08 113.89
2023-09-21   103.39 114.18   103.37 114.15   240.88 251.67   102.82 113.61   108.41 119.20   102.14 112.93
2023-09-22   102.46 113.23   102.44 113.20   239.95 250.71   101.89 112.66   107.48 118.24   101.21 111.97
2023-09-23   101.53 112.27   101.51 112.25   239.02 249.76   100.96 111.70   106.55 117.29   100.28 111.02
2023-09-24   100.61 111.32   100.58 111.30   238.10 248.81   100.04 110.75   105.62 116.34    99.36 110.07
2023-09-25    99.69 110.38    99.66 110.35   237.17 247.87    99.12 109.81   104.70 115.40    98.44 109.13
2023-09-26    98.77 109.44    98.74 109.41   236.26 246.93    98.20 108.87   103.78 114.45    97.52 108.19
2023-09-27    97.85 108.50    97.83 108.47   235.34 245.99    97.28 107.93   102.87 113.52    96.60 107.25
2023-09-28    96.94 107.57    96.92 107.54   234.43 245.05    96.37 107.00   101.96 112.58    95.69 106.32
2023-09-29    96.03 106.64    96.01 106.61   233.52 244.12    95.46 106.07   101.05 111.65    94.78 105.39
2023-09-30    95.13 105.71    95.10 105.68   232.61 243.20    94.56 105.14   100.14 110.73    93.88 104.46
2023-10-01    94.22 104.79    94.20 104.76   231.71 242.27    93.65 104.22    99.24 109.80    92.97 103.54
2023-10-02    93.32 103.87    93.30 103.84   230.81 241.35    92.75 103.30    98.34 108.88    92.07 102.61
2023-10-03    92.43 102.95    92.40 102.92   229.91 240.44    91.86 102.38    97.44 107.96    91.18 101.70
2023-10-04    91.53 102.03    91.50 102.01   229.02 239.52    90.96 101.46    96.55 107.05    90.28 100.78
2023-10-05    90.64 101.12    90.61 101.10   228.13 238.61    90.07 100.55    95.65 106.14    89.39  99.87
2023-10-06    89.75 100.21    89.72 100.19   227.24 237.70    89.18  99.64    94.76 105.23    88.50  98.96
2023-10-07    88.86  99.31    88.83  99.28   226.35 236.79    88.29  98.74    93.88 104.32    87.61  98.06
2023-10-08    87.97  98.40    87.95  98.38   225.46 235.89    87.40  97.83    92.99 103.42    86.72  97.15
2023-10-09    87.09  97.50    87.06  97.48   224.58 234.99    86.52  96.93    92.11 102.52    85.84  96.25
2023-10-10    86.21  96.61    86.18  96.58   223.70 234.09    85.64  96.04    91.22 101.62    84.96  95.35
2023-10-11    85.33  95.71    85.30  95.68   222.82 233.20    84.76  95.14    90.34 100.72    84.08  94.46
2023-10-12    84.45  94.82    84.42  94.79   221.94 232.30    83.88  94.25    89.47  99.83    83.20  93.57
2023-10-13    83.57  93.92    83.55  93.90   221.06 231.41    83.00  93.35    88.59  98.94    82.32  92.67
2023-10-14    82.70  93.04    82.67  93.01   220.19 230.52    82.13  92.47    87.71  98.05    81.45  91.78
2023-10-15    81.82  92.15    81.80  92.12   219.31 229.64    81.25  91.58    86.84  97.16    80.57  90.90
2023-10-16    80.95  91.26    80.92  91.24   218.44 228.75    80.38  90.69    85.97  96.28    79.70  90.01
2023-10-17    80.08  90.38    80.05  90.35   217.57 227.87    79.51  89.81    85.09  95.39    78.83  89.13
2023-10-18    79.21  89.50    79.18  89.47   216.70 226.98    78.64  88.93    84.22  94.51    77.96  88.25
2023-10-19    78.34  88.62    78.31  88.59   215.83 226.10    77.77  88.05    83.35  93.63    77.09  87.37
2023-10-20    77.47  87.74    77.44  87.71   214.96 225.22    76.90  87.17    82.48  92.75    76.22  86.49
2023-10-21    76.60  86.86    76.57  86.83   214.09 224.35    76.03  86.29    81.62  91.87    75.35  85.61
2023-10-22    75.73  85.98    75.71  85.96   213.22 223.47    75.16  85.41    80.75  91.00    74.48  84.73
2023-10-23    74.86  85.11    74.84  85.08   212.35 222.59    74.29  84.54    79.88  90.12    73.61  83.86
2023-10-24    74.00  84.23    73.97  84.21   211.48 221.72    73.43  83.66    79.01  89.25    72.75  82.98
2023-10-25    73.13  83.36    73.10  83.33   210.62 220.84    72.56  82.79    78.15  88.37    71.88  82.11
2023-10-26    72.26  82.48    72.24  82.46   209.75 219.97    71.69  81.91    77.28  87.50    71.01  81.23
2023-10-27    71.40  81.61    71.37  81.59   208.88 219.10    70.83  81.04    76.41  86.63    70.14  80.36
2023-10-28    70.53  80.74    70.50  80.71   208.01 218.23    69.96  80.17    75.54  85.75    69.28  79.49
2023-10-29    69.66  79.87    69.63  79.84   207.15 217.36    69.09  79.30    74.67  84.88    68.41  78.62
2023-10-30    68.79  79.00    68.76  78.97   206.28 216.48    68.22  78.43    73.81  84.01    67.54  77.75
2023-10-31    67.92  78.12    67.90  78.10   205.41 215.61    67.35  77.55    72.94  83.14    66.67  76.87
2023-11-01    67.05  77.25    67.03  77.23   204.54 214.74    66.48  76.68    72.07  82.27    65.80  76.00
2023-11-02    66.18  76.38    66.15  76.35   203.67 213.87    65.61  75.81    71.20  81.40    64.93  75.13
2023-11-03    65.31  75.51    65.28  75.48   202.80 213.00    64.74  74.94    70.32  80.52    64.06  74.26
2023-11-04    64.44  74.64    64.41  74.61   201.92 212.12    63.87  74.07    69.45  79.65    63.19  73.39
2023-11-05    63.56  73.76    63.54  73.74   201.05 211.25    62.99  73.19    68.58  78.78    62.31  72.51
2023-11-06    62.69  72.89    62.66  72.86   200.17 210.38    62.12  72.32    67.70  77.91    61.44  71.64
2023-11-07    61.81  72.02    61.78  71.99   199.30 209.50    61.24  71.45    66.83  77.03    60.56  70.77
2023-11-08    60.96  71.12    60.93  71.09   198.44 208.61    60.39  70.55    65.97  76.13    59.70  69.87
2023-11-09    60.38  69.94    60.35  69.91   197.87 207.42    59.81  69.37    65.39  74.95    59.13  68.69
2023-11-10    59.80  68.76    59.78  68.73   197.29 206.24    59.23  68.19    64.82  73.77    58.55  67.50
2023-11-11    59.22  67.57    59.20  67.55   196.71 205.06    58.65  67.00    64.24  72.59    57.97  66.32
2023-11-12    58.64  66.39    58.61  66.36   196.13 203.87    58.07  65.82    63.66  71.40    57.39  65.14
2023-11-13    58.06  65.20    58.03  65.18   195.54 202.69    57.49  64.63    63.07  70.22    56.81  63.95
