
       Target
                ecliptic
RA      Dec     latitude
 47.732 297.971 -71.508

Checked interval [2020-01-01, 2023-12-31]
|           Window [days]                 |    Normal V3 PA [deg]    |
   Start           End         Duration         Start         End         RA            Dec     
 2020-01-01      2020-01-01         0.90      47.20932      48.09295      47.73160     297.97073 
 2020-05-28      2021-01-01       218.00     196.68134      48.86363      47.73160     297.97073 
 2021-05-29      2022-01-01       217.00     197.36787      48.65405      47.73160     297.97073 
 2022-05-29      2023-01-01       217.00     197.15298      48.45366      47.73160     297.97073 
 2023-05-29      2023-12-31       215.10     196.93997      46.39287      47.73160     297.97073 


                V3PA          NIRCam           NIRSpec         NIRISS           MIRI          FGS
   Date      min    max      min    max       min    max     min    max      min    max      min    max
2020-01-01    43.63  50.79    43.61  50.76   181.12 188.27    43.06  50.22    48.65  55.80    42.38  49.53

2020-05-29   193.34 200.21   193.31 200.18   330.82 337.70   192.77 199.64   198.35 205.22   192.09 198.96
2020-05-30   194.07 201.31   194.05 201.28   331.56 338.79   193.50 200.74   199.09 206.32   192.82 200.06
2020-05-31   194.81 202.41   194.78 202.38   332.29 339.89   194.24 201.84   199.82 207.42   193.55 201.15
2020-06-01   195.54 203.50   195.51 203.48   333.02 340.99   194.97 202.93   200.55 208.52   194.29 202.25
2020-06-02   196.27 204.60   196.24 204.57   333.76 342.09   195.70 204.03   201.28 209.62   195.02 203.35
2020-06-03   197.00 205.70   196.97 205.67   334.49 343.19   196.43 205.13   202.01 210.71   195.75 204.45
2020-06-04   197.73 206.80   197.70 206.77   335.21 344.28   197.16 206.23   202.74 211.81   196.48 205.55
2020-06-05   198.45 207.90   198.43 207.87   335.94 345.38   197.88 207.33   203.47 212.91   197.20 206.64
2020-06-06   199.18 208.99   199.15 208.97   336.67 346.48   198.61 208.42   204.19 214.01   197.93 207.74
2020-06-07   199.90 210.09   199.88 210.07   337.39 347.58   199.33 209.52   204.92 215.11   198.65 208.84
2020-06-08   200.81 211.01   200.78 210.99   338.29 348.50   200.24 210.44   205.82 216.03   199.56 209.76
2020-06-09   201.72 211.92   201.69 211.90   339.21 349.41   201.15 211.35   206.73 216.94   200.47 210.67
2020-06-10   202.63 212.83   202.60 212.81   340.12 350.32   202.06 212.26   207.65 217.85   201.38 211.58
2020-06-11   203.54 213.74   203.51 213.72   341.03 351.23   202.97 213.17   208.56 218.76   202.29 212.49
2020-06-12   204.45 214.65   204.43 214.63   341.94 352.14   203.88 214.08   209.47 219.67   203.20 213.40
2020-06-13   205.36 215.56   205.34 215.54   342.85 353.05   204.79 214.99   210.38 220.58   204.11 214.31
2020-06-14   206.27 216.47   206.25 216.45   343.76 353.96   205.70 215.90   211.29 221.49   205.02 215.22
2020-06-15   207.18 217.39   207.16 217.36   344.67 354.87   206.61 216.82   212.20 222.40   205.93 216.13
2020-06-16   208.10 218.30   208.07 218.27   345.58 355.78   207.53 217.73   213.11 223.31   206.84 217.04
2020-06-17   209.01 219.21   208.98 219.18   346.49 356.69   208.44 218.64   214.02 224.22   207.76 217.96
2020-06-18   209.92 220.12   209.89 220.09   347.40 357.61   209.35 219.55   214.93 225.13   208.67 218.87
2020-06-19   210.83 221.03   210.80 221.00   348.32 358.52   210.26 220.46   215.84 226.05   209.58 219.78
2020-06-20   211.74 221.94   211.71 221.92   349.23 359.43   211.17 221.37   216.75 226.96   210.49 220.69
2020-06-21   212.65 222.85   212.62 222.83   350.14   0.34   212.08 222.28   217.67 227.87   211.40 221.60
2020-06-22   213.56 223.77   213.54 223.74   351.05   1.26   212.99 223.20   218.58 228.78   212.31 222.52
2020-06-23   214.47 224.68   214.45 224.66   351.96   2.17   213.90 224.11   219.49 229.70   213.22 223.43
2020-06-24   215.39 225.60   215.36 225.57   352.87   3.08   214.82 225.03   220.40 230.61   214.14 224.35
2020-06-25   216.30 226.51   216.27 226.49   353.79   4.00   215.73 225.94   221.31 231.53   215.05 225.26
2020-06-26   217.21 227.43   217.19 227.40   354.70   4.92   216.64 226.86   222.23 232.44   215.96 226.18
2020-06-27   218.13 228.34   218.10 228.32   355.61   5.83   217.56 227.77   223.14 233.36   216.87 227.09
2020-06-28   219.04 229.26   219.01 229.24   356.53   6.75   218.47 228.69   224.06 234.28   217.79 228.01
2020-06-29   219.96 230.18   219.93 230.15   357.44   7.67   219.39 229.61   224.97 235.20   218.70 228.93
2020-06-30   220.87 231.10   220.84 231.07   358.36   8.59   220.30 230.53   225.89 236.12   219.62 229.85
2020-07-01   221.79 232.02   221.76 231.99   359.27   9.51   221.22 231.45   226.80 237.04   220.54 230.77
2020-07-02   222.70 232.94   222.68 232.92     0.19  10.43   222.13 232.37   227.72 237.96   221.45 231.69
2020-07-03   223.62 233.87   223.60 233.84     1.11  11.35   223.05 233.30   228.64 238.88   222.37 232.62
2020-07-04   224.54 234.79   224.52 234.76     2.03  12.28   223.97 234.22   229.56 239.80   223.29 233.54
2020-07-05   225.46 235.71   225.43 235.69     2.95  13.20   224.89 235.14   230.48 240.73   224.21 234.46
2020-07-06   226.38 236.64   226.36 236.61     3.87  14.13   225.81 236.07   231.40 241.66   225.13 235.39
2020-07-07   227.30 237.57   227.28 237.54     4.79  15.06   226.73 237.00   232.32 242.58   226.05 236.32
2020-07-08   228.23 238.50   228.20 238.47     5.71  15.98   227.66 237.93   233.24 243.51   226.98 237.25
2020-07-09   229.15 239.43   229.12 239.40     6.64  16.91   228.58 238.86   234.17 244.44   227.90 238.18
2020-07-10   230.08 240.36   230.05 240.33     7.56  17.85   229.51 239.79   235.09 245.37   228.83 239.11
2020-07-11   231.00 241.29   230.98 241.27     8.49  18.78   230.43 240.72   236.02 246.31   229.75 240.04
2020-07-12   231.93 242.23   231.90 242.20     9.42  19.71   231.36 241.66   236.95 247.24   230.68 240.98
2020-07-13   232.86 243.16   232.83 243.14    10.35  20.65   232.29 242.59   237.87 248.18   231.61 241.91
2020-07-14   233.79 244.10   233.76 244.07    11.28  21.59   233.22 243.53   238.80 249.11   232.54 242.85
2020-07-15   234.72 245.04   234.69 245.01    12.21  22.52   234.15 244.47   239.74 250.05   233.47 243.79
2020-07-16   235.65 245.98   235.63 245.95    13.14  23.47   235.08 245.41   240.67 250.99   234.40 244.73
2020-07-17   236.59 246.92   236.56 246.89    14.07  24.41   236.02 246.35   241.60 251.93   235.34 245.67
2020-07-18   237.52 247.86   237.50 247.84    15.01  25.35   236.95 247.29   242.54 252.88   236.27 246.61
2020-07-19   238.46 248.81   238.43 248.78    15.95  26.30   237.89 248.24   243.47 253.82   237.21 247.56
2020-07-20   239.40 249.75   239.37 249.73    16.88  27.24   238.83 249.18   244.41 254.77   238.15 248.50
2020-07-21   240.34 250.70   240.31 250.68    17.82  28.19   239.77 250.13   245.35 255.72   239.09 249.45
2020-07-22   241.28 251.65   241.25 251.63    18.77  29.14   240.71 251.08   246.29 256.67   240.03 250.40
2020-07-23   242.22 252.60   242.19 252.58    19.71  30.09   241.65 252.03   247.24 257.62   240.97 251.35
2020-07-24   243.16 253.56   243.14 253.53    20.65  31.04   242.59 252.99   248.18 258.57   241.91 252.31
2020-07-25   244.11 254.51   244.08 254.48    21.60  32.00   243.54 253.94   249.13 259.53   242.86 253.26
2020-07-26   245.06 255.47   245.03 255.44    22.55  32.96   244.49 254.90   250.07 260.48   243.81 254.22
2020-07-27   246.01 256.43   245.98 256.40    23.49  33.91   245.44 255.86   251.02 261.44   244.76 255.18
2020-07-28   246.96 257.39   246.93 257.36    24.45  34.87   246.39 256.82   251.97 262.40   245.71 256.13
2020-07-29   247.91 258.35   247.88 258.32    25.40  35.83   247.34 257.78   252.93 263.36   246.66 257.10
2020-07-30   248.86 259.31   248.84 259.28    26.35  36.80   248.29 258.74   253.88 264.33   247.61 258.06
2020-07-31   249.82 260.28   249.79 260.25    27.31  37.76   249.25 259.71   254.84 265.29   248.57 259.02
2020-08-01   250.78 261.24   250.75 261.22    28.27  38.73   250.21 260.67   255.79 266.26   249.53 259.99
2020-08-02   251.74 262.21   251.71 262.18    29.22  39.70   251.17 261.64   256.75 267.23   250.49 260.96
2020-08-03   252.70 263.18   252.67 263.16    30.19  40.67   252.13 262.61   257.71 268.20   251.45 261.93
2020-08-04   253.66 264.15   253.63 264.13    31.15  41.64   253.09 263.58   258.68 269.17   252.41 262.90
2020-08-05   254.62 265.13   254.60 265.10    32.11  42.61   254.05 264.56   259.64 270.14   253.37 263.88
2020-08-06   255.59 266.10   255.56 266.08    33.08  43.59   255.02 265.53   260.61 271.12   254.34 264.85
2020-08-07   256.56 267.08   256.53 267.05    34.05  44.57   255.99 266.51   261.57 272.10   255.31 265.83
2020-08-08   257.53 268.06   257.50 268.03    35.02  45.55   256.96 267.49   262.54 273.07   256.28 266.81
2020-08-09   258.50 269.04   258.47 269.01    35.99  46.53   257.93 268.47   263.51 274.06   257.25 267.79
2020-08-10   259.47 270.02   259.45 270.00    36.96  47.51   258.90 269.45   264.49 275.04   258.22 268.77
2020-08-11   260.45 271.01   260.42 270.98    37.94  48.49   259.88 270.44   265.46 276.02   259.20 269.76
2020-08-12   261.42 271.99   261.40 271.97    38.91  49.48   260.85 271.42   266.44 277.01   260.17 270.74
2020-08-13   262.40 272.98   262.38 272.95    39.89  50.47   261.83 272.41   267.42 278.00   261.15 271.73
2020-08-14   263.38 273.97   263.36 273.94    40.87  51.46   262.81 273.40   268.40 278.98   262.13 272.72
2020-08-15   264.37 274.96   264.34 274.93    41.85  52.45   263.80 274.39   269.38 279.98   263.11 273.71
2020-08-16   265.35 275.95   265.32 275.93    42.84  53.44   264.78 275.38   270.36 280.97   264.10 274.70
2020-08-17   266.33 276.95   266.31 276.92    43.82  54.43   265.76 276.38   271.35 281.96   265.08 275.70
2020-08-18   267.32 277.94   267.29 277.92    44.81  55.43   266.75 277.37   272.34 282.96   266.07 276.69
2020-08-19   268.31 278.94   268.28 278.91    45.80  56.43   267.74 278.37   273.33 283.95   267.06 277.69
2020-08-20   269.30 279.94   269.27 279.91    46.79  57.43   268.73 279.37   274.32 284.95   268.05 278.69
2020-08-21   270.29 280.94   270.27 280.91    47.78  58.43   269.72 280.37   275.31 285.95   269.04 279.69
2020-08-22   271.29 281.94   271.26 281.91    48.77  59.43   270.72 281.37   276.30 286.95   270.04 280.69
2020-08-23   272.28 282.94   272.26 282.92    49.77  60.43   271.71 282.37   277.30 287.96   271.03 281.69
2020-08-24   273.28 283.95   273.25 283.92    50.77  61.43   272.71 283.38   278.29 288.96   272.03 282.70
2020-08-25   274.28 284.95   274.25 284.93    51.76  62.44   273.71 284.38   279.29 289.97   273.03 283.70
2020-08-26   275.28 285.96   275.25 285.93    52.77  63.45   274.71 285.39   280.29 290.98   274.03 284.71
2020-08-27   276.28 286.97   276.25 286.94    53.77  64.46   275.71 286.40   281.29 291.98   275.03 285.72
2020-08-28   277.28 287.98   277.26 287.95    54.77  65.47   276.71 287.41   282.30 292.99   276.03 286.73
2020-08-29   278.29 288.99   278.26 288.96    55.77  66.48   277.72 288.42   283.30 294.00   277.04 287.74
2020-08-30   279.29 290.00   279.27 289.97    56.78  67.49   278.72 289.43   284.31 295.02   278.04 288.75
2020-08-31   280.30 291.01   280.27 290.99    57.79  68.50   279.73 290.44   285.32 296.03   279.05 289.76
2020-09-01   281.31 292.03   281.28 292.00    58.80  69.52   280.74 291.46   286.32 297.04   280.06 290.78
2020-09-02   282.32 293.04   282.29 293.02    59.81  70.53   281.75 292.47   287.33 298.06   281.07 291.79
2020-09-03   283.33 294.06   283.30 294.03    60.82  71.55   282.76 293.49   288.35 299.07   282.08 292.81
2020-09-04   284.34 295.08   284.32 295.05    61.83  72.56   283.77 294.51   289.36 300.09   283.09 293.82
2020-09-05   285.36 296.09   285.33 296.07    62.84  73.58   284.79 295.52   290.37 301.11   284.11 294.84
2020-09-06   286.37 297.11   286.34 297.09    63.86  74.60   285.80 296.54   291.39 302.13   285.12 295.86
2020-09-07   287.39 298.13   287.36 298.10    64.87  75.62   286.82 297.56   292.40 303.15   286.14 296.88
2020-09-08   288.40 299.15   288.38 299.12    65.89  76.64   287.83 298.58   293.42 304.17   287.15 297.90
2020-09-09   289.42 300.17   289.39 300.15    66.91  77.66   288.85 299.60   294.44 305.19   288.17 298.92
2020-09-10   290.44 301.19   290.41 301.17    67.93  78.68   289.87 300.62   295.45 306.21   289.19 299.94
2020-09-11   291.46 302.21   291.43 302.19    68.95  79.70   290.89 301.64   296.47 307.23   290.21 300.96
2020-09-12   292.48 303.24   292.45 303.21    69.97  80.72   291.91 302.67   297.49 308.25   291.23 301.99
2020-09-13   293.50 304.26   293.47 304.23    70.99  81.75   292.93 303.69   298.51 309.27   292.25 303.01
2020-09-14   294.52 305.28   294.49 305.26    72.01  82.77   293.95 304.71   299.54 310.30   293.27 304.03
2020-09-15   295.54 306.31   295.52 306.28    73.03  83.79   294.97 305.74   300.56 311.32   294.29 305.05
2020-09-16   296.57 307.33   296.54 307.30    74.05  84.82   296.00 306.76   301.58 312.34   295.32 306.08
2020-09-17   297.59 308.35   297.56 308.33    75.08  85.84   297.02 307.78   302.61 313.37   296.34 307.10
2020-09-18   298.61 309.38   298.59 309.35    76.10  86.86   298.04 308.81   303.63 314.39   297.36 308.13
2020-09-19   299.64 310.40   299.61 310.37    77.13  87.89   299.07 309.83   304.65 315.41   298.39 309.15
2020-09-20   300.66 311.42   300.64 311.40    78.15  88.91   300.09 310.85   305.68 316.44   299.41 310.17
2020-09-21   301.69 312.45   301.66 312.42    79.17  89.93   301.12 311.88   306.70 317.46   300.44 311.20
2020-09-22   302.71 313.47   302.69 313.44    80.20  90.96   302.14 312.90   307.73 318.49   301.46 312.22
2020-09-23   303.74 314.49   303.71 314.47    81.23  91.98   303.17 313.92   308.75 319.51   302.49 313.24
2020-09-24   304.76 315.52   304.74 315.49    82.25  93.00   304.19 314.95   309.78 320.53   303.51 314.27
2020-09-25   305.79 316.54   305.76 316.51    83.28  94.03   305.22 315.97   310.80 321.55   304.54 315.29
2020-09-26   306.81 317.56   306.79 317.54    84.30  95.05   306.24 316.99   311.83 322.58   305.56 316.31
2020-09-27   307.84 318.58   307.81 318.56    85.33  96.07   307.27 318.01   312.85 323.60   306.59 317.33
2020-09-28   308.86 319.61   308.84 319.58    86.35  97.09   308.29 319.04   313.88 324.62   307.61 318.35
2020-09-29   309.89 320.63   309.86 320.60    87.38  98.11   309.32 320.06   314.90 325.64   308.64 319.38
2020-09-30   310.91 321.65   310.89 321.62    88.40  99.13   310.34 321.08   315.93 326.66   309.66 320.40
2020-10-01   311.94 322.67   311.91 322.64    89.43 100.15   311.37 322.10   316.95 327.68   310.69 321.42
2020-10-02   312.96 323.69   312.94 323.66    90.45 101.17   312.39 323.12   317.98 328.70   311.71 322.44
2020-10-03   313.99 324.71   313.96 324.68    91.47 102.19   313.42 324.14   319.00 329.72   312.74 323.45
2020-10-04   315.01 325.72   314.98 325.70    92.50 103.21   314.44 325.15   320.03 330.74   313.76 324.47
2020-10-05   316.03 326.74   316.01 326.71    93.52 104.23   315.46 326.17   321.05 331.76   314.78 325.49
2020-10-06   317.06 327.76   317.03 327.73    94.54 105.24   316.49 327.19   322.07 332.77   315.80 326.51
2020-10-07   318.08 328.77   318.05 328.75    95.56 106.26   317.51 328.20   323.09 333.79   316.83 327.52
2020-10-08   319.10 329.79   319.07 329.76    96.59 107.27   318.53 329.22   324.11 334.80   317.85 328.54
2020-10-09   320.12 330.80   320.09 330.77    97.61 108.29   319.55 330.23   325.13 335.82   318.87 329.55
2020-10-10   321.14 331.81   321.11 331.79    98.63 109.30   320.57 331.24   326.15 336.83   319.89 330.56
2020-10-11   322.16 332.82   322.13 332.80    99.65 110.31   321.59 332.25   327.17 337.84   320.91 331.57
2020-10-12   323.18 333.84   323.15 333.81   100.66 111.32   322.61 333.27   328.19 338.85   321.93 332.58
2020-10-13   324.19 334.84   324.17 334.82   101.68 112.33   323.62 334.27   329.21 339.86   322.94 333.59
2020-10-14   325.21 335.85   325.18 335.83   102.70 113.34   324.64 335.28   330.23 340.87   323.96 334.60
2020-10-15   326.23 336.86   326.20 336.83   103.71 114.35   325.66 336.29   331.24 341.88   324.98 335.61
2020-10-16   327.24 337.87   327.21 337.84   104.73 115.35   326.67 337.30   332.26 342.88   325.99 336.62
2020-10-17   328.25 338.87   328.23 338.85   105.74 116.36   327.68 338.30   333.27 343.89   327.00 337.62
2020-10-18   329.27 339.88   329.24 339.85   106.75 117.36   328.70 339.31   334.28 344.89   328.02 338.63
2020-10-19   330.28 340.88   330.25 340.85   107.77 118.37   329.71 340.31   335.29 345.89   329.03 339.63
2020-10-20   331.29 341.88   331.26 341.85   108.78 119.37   330.72 341.31   336.31 346.90   330.04 340.63
2020-10-21   332.30 342.88   332.27 342.86   109.79 120.37   331.73 342.31   337.31 347.90   331.05 341.63
2020-10-22   333.31 343.88   333.28 343.85   110.80 121.37   332.74 343.31   338.32 348.90   332.06 342.63
2020-10-23   334.32 344.88   334.29 344.85   111.80 122.37   333.75 344.31   339.33 349.89   333.07 343.63
2020-10-24   335.32 345.88   335.30 345.85   112.81 123.36   334.75 345.31   340.34 350.89   334.07 344.63
2020-10-25   336.33 346.87   336.30 346.85   113.81 124.36   335.76 346.30   341.34 351.89   335.08 345.62
2020-10-26   337.33 347.87   337.30 347.84   114.82 125.35   336.76 347.30   342.35 352.88   336.08 346.62
2020-10-27   338.33 348.86   338.31 348.83   115.82 126.35   337.76 348.29   343.35 353.87   337.08 347.61
2020-10-28   339.34 349.85   339.31 349.82   116.82 127.34   338.77 349.28   344.35 354.87   338.09 348.60
2020-10-29   340.34 350.84   340.31 350.82   117.82 128.33   339.77 350.27   345.35 355.86   339.09 349.59
2020-10-30   341.34 351.83   341.31 351.81   118.82 129.32   340.77 351.26   346.35 356.85   340.09 350.58
2020-10-31   342.33 352.82   342.31 352.79   119.82 130.31   341.76 352.25   347.35 357.84   341.08 351.57
2020-11-01   343.33 353.81   343.30 353.78   120.82 131.29   342.76 353.24   348.35 358.82   342.08 352.56
2020-11-02   344.33 354.79   344.30 354.77   121.81 132.28   343.76 354.22   349.34 359.81   343.08 353.54
2020-11-03   345.32 355.78   345.30 355.75   122.81 133.27   344.75 355.21   350.34   0.79   344.07 354.53
2020-11-04   346.32 356.76   346.29 356.74   123.80 134.25   345.75 356.19   351.33   1.78   345.06 355.51
2020-11-05   347.31 357.74   347.28 357.72   124.79 135.23   346.74 357.17   352.32   2.76   346.06 356.49
2020-11-06   348.30 358.73   348.27 358.70   125.79 136.21   347.73 358.16   353.31   3.74   347.05 357.48
2020-11-07   349.29 359.71   349.26 359.68   126.78 137.19   348.72 359.14   354.30   4.72   348.04 358.46
2020-11-08   350.28   0.69   350.25   0.66   127.76 138.17   349.71   0.12   355.29   5.70   349.03 359.43
2020-11-09   351.26   1.66   351.24   1.64   128.75 139.15   350.69   1.09   356.28   6.68   350.01   0.41
2020-11-10   352.25   2.64   352.22   2.61   129.74 140.13   351.68   2.07   357.27   7.66   351.00   1.39
2020-11-11   353.24   3.62   353.21   3.59   130.72 141.10   352.67   3.05   358.25   8.63   351.99   2.37
2020-11-12   354.22   4.59   354.19   4.57   131.71 142.08   353.65   4.02   359.24   9.61   352.97   3.34
2020-11-13   355.20   5.57   355.18   5.54   132.69 143.05   354.63   5.00     0.22  10.58   353.95   4.32
2020-11-14   356.19   6.54   356.16   6.51   133.67 144.03   355.62   5.97     1.20  11.56   354.94   5.29
2020-11-15   357.17   7.51   357.14   7.49   134.66 145.00   356.60   6.94     2.18  12.53   355.92   6.26
2020-11-16   358.15   8.49   358.12   8.46   135.64 145.97   357.58   7.92     3.16  13.50   356.90   7.23
2020-11-17   359.13   9.46   359.10   9.43   136.61 146.94   358.56   8.89     4.14  14.47   357.88   8.21
2020-11-18     0.11  10.43     0.08  10.40   137.59 147.91   359.54   9.86     5.12  15.44   358.86   9.18
2020-11-19     1.08  11.40     1.06  11.37   138.57 148.88     0.51  10.83     6.10  16.41   359.83  10.15
2020-11-20     2.06  12.36     2.03  12.34   139.55 149.85     1.49  11.79     7.08  17.38     0.81  11.11
2020-11-21     3.04  13.33     3.01  13.31   140.52 150.82     2.47  12.76     8.05  18.35     1.78  12.08
2020-11-22     4.01  14.30     3.98  14.27   141.50 151.79     3.44  13.73     9.03  19.32     2.76  13.05
2020-11-23     4.98  15.27     4.96  15.24   142.47 152.76     4.41  14.70    10.00  20.28     3.73  14.02
2020-11-24     5.96  16.23     5.93  16.21   143.45 153.72     5.39  15.66    10.97  21.25     4.71  14.98
2020-11-25     6.93  17.20     6.90  17.17   144.42 154.69     6.36  16.63    11.95  22.22     5.68  15.95
2020-11-26     7.90  18.17     7.88  18.14   145.39 155.65     7.33  17.60    12.92  23.18     6.65  16.92
2020-11-27     8.87  19.13     8.85  19.11   146.36 156.62     8.30  18.56    13.89  24.15     7.62  17.88
2020-11-28     9.85  20.10     9.82  20.07   147.33 157.58     9.28  19.53    14.86  25.11     8.59  18.85
2020-11-29    10.82  21.06    10.79  21.04   148.30 158.55    10.25  20.49    15.83  26.08     9.57  19.81
2020-11-30    11.79  22.03    11.76  22.00   149.27 159.51    11.22  21.46    16.80  27.04    10.53  20.78
2020-12-01    12.76  22.99    12.73  22.97   150.24 160.48    12.19  22.42    17.77  28.01    11.50  21.74
2020-12-02    13.72  23.96    13.70  23.93   151.21 161.44    13.15  23.39    18.74  28.97    12.47  22.71
2020-12-03    14.69  24.92    14.67  24.89   152.18 162.41    14.12  24.35    19.71  29.94    13.44  23.67
2020-12-04    15.66  25.88    15.63  25.86   153.15 163.37    15.09  25.31    20.68  30.90    14.41  24.63
2020-12-05    16.63  26.85    16.60  26.82   154.12 164.34    16.06  26.28    21.64  31.86    15.38  25.60
2020-12-06    17.60  27.81    17.57  27.79   155.08 165.30    17.03  27.24    22.61  32.83    16.35  26.56
2020-12-07    18.57  28.78    18.54  28.75   156.05 166.27    18.00  28.21    23.58  33.79    17.31  27.53
2020-12-08    19.53  29.74    19.51  29.72   157.02 167.23    18.96  29.17    24.55  34.76    18.28  28.49
2020-12-09    20.50  30.71    20.47  30.68   157.99 168.20    19.93  30.14    25.52  35.72    19.25  29.46
2020-12-10    21.47  31.67    21.44  31.65   158.96 169.16    20.90  31.10    26.48  36.69    20.22  30.42
2020-12-11    22.44  32.64    22.41  32.61   159.92 170.13    21.87  32.07    27.45  37.66    21.18  31.39
2020-12-12    23.40  33.61    23.38  33.58   160.89 171.09    22.83  33.04    28.42  38.62    22.15  32.36
2020-12-13    24.37  34.57    24.34  34.55   161.86 172.06    23.80  34.00    29.39  39.59    23.12  33.32
2020-12-14    25.34  35.54    25.31  35.51   162.83 173.03    24.77  34.97    30.35  40.56    24.09  34.29
2020-12-15    26.31  36.51    26.28  36.48   163.80 174.00    25.74  35.94    31.32  41.52    25.06  35.26
2020-12-16    27.28  37.48    27.25  37.45   164.76 174.96    26.71  36.91    32.29  42.49    26.03  36.23
2020-12-17    28.25  38.45    28.22  38.42   165.73 175.93    27.68  37.88    33.26  43.46    26.99  37.19
2020-12-18    29.21  39.42    29.19  39.39   166.70 176.90    28.64  38.85    34.23  44.43    27.96  38.16
2020-12-19    30.18  40.39    30.16  40.36   167.67 177.87    29.61  39.82    35.20  45.40    28.93  39.14
2020-12-20    31.16  41.36    31.13  41.33   168.64 178.85    30.59  40.79    36.17  46.37    29.90  40.11
2020-12-21    32.13  42.33    32.10  42.30   169.61 179.82    31.56  41.76    37.14  47.35    30.88  41.08
2020-12-22    33.10  43.30    33.07  43.28   170.59 180.79    32.53  42.73    38.11  48.32    31.85  42.05
2020-12-23    34.07  44.28    34.04  44.25   171.56 181.77    33.50  43.71    39.09  49.29    32.82  43.03
2020-12-24    35.13  45.17    35.10  45.14   172.62 182.66    34.56  44.60    40.14  50.18    33.88  43.92
2020-12-25    36.31  45.94    36.28  45.91   173.79 183.43    35.74  45.37    41.32  50.95    35.06  44.69
2020-12-26    37.49  46.71    37.46  46.69   174.97 184.20    36.92  46.14    42.50  51.73    36.24  45.46
2020-12-27    38.67  47.49    38.64  47.46   176.15 184.97    38.10  46.92    43.68  52.50    37.41  46.24
2020-12-28    39.84  48.26    39.82  48.24   177.33 185.75    39.27  47.69    44.86  53.28    38.59  47.01
2020-12-29    41.02  49.04    41.00  49.02   178.51 186.53    40.45  48.47    46.04  54.06    39.77  47.79
2020-12-30    42.21  49.82    42.18  49.80   179.69 187.31    41.64  49.25    47.22  54.84    40.95  48.57
2020-12-31    43.39  50.61    43.36  50.58   180.87 188.09    42.82  50.04    48.40  55.62    42.13  49.35
2021-01-01    44.57  51.39    44.54  51.36   182.05 188.88    44.00  50.82    49.58  56.40    43.32  50.14

2021-05-30   193.90 201.02   193.87 200.99   331.39 338.51   193.33 200.45   198.91 206.04   192.65 199.77
2021-05-31   194.63 202.12   194.61 202.09   332.12 339.61   194.06 201.55   199.65 207.13   193.38 200.87
2021-06-01   195.37 203.22   195.34 203.19   332.86 340.71   194.80 202.65   200.38 208.23   194.12 201.97
2021-06-02   196.10 204.32   196.07 204.29   333.59 341.81   195.53 203.75   201.12 209.33   194.85 203.07
2021-06-03   196.83 205.42   196.81 205.39   334.32 342.91   196.26 204.85   201.85 210.43   195.58 204.17
2021-06-04   197.56 206.52   197.54 206.49   335.05 344.01   196.99 205.95   202.58 211.53   196.31 205.27
2021-06-05   198.29 207.62   198.26 207.59   335.78 345.11   197.72 207.05   203.31 212.63   197.04 206.37
2021-06-06   199.02 208.72   198.99 208.69   336.51 346.21   198.45 208.15   204.03 213.73   197.77 207.47
2021-06-07   199.75 209.82   199.72 209.79   337.23 347.31   199.18 209.25   204.76 214.83   198.50 208.57
2021-06-08   200.59 210.80   200.56 210.77   338.08 348.29   200.02 210.23   205.61 215.81   199.34 209.55
2021-06-09   201.50 211.71   201.48 211.68   338.99 349.20   200.93 211.14   206.52 216.73   200.25 210.46
2021-06-10   202.42 212.62   202.39 212.60   339.91 350.11   201.85 212.05   207.43 217.64   201.17 211.37
2021-06-11   203.33 213.53   203.30 213.51   340.82 351.02   202.76 212.96   208.35 218.55   202.08 212.28
2021-06-12   204.24 214.45   204.22 214.42   341.73 351.93   203.67 213.88   209.26 219.46   202.99 213.20
2021-06-13   205.16 215.36   205.13 215.33   342.64 352.84   204.59 214.79   210.17 220.37   203.91 214.11
2021-06-14   206.07 216.27   206.04 216.24   343.56 353.76   205.50 215.70   211.08 221.28   204.82 215.02
2021-06-15   206.98 217.18   206.95 217.15   344.47 354.67   206.41 216.61   212.00 222.20   205.73 215.93
2021-06-16   207.89 218.09   207.87 218.07   345.38 355.58   207.32 217.52   212.91 223.11   206.64 216.84
2021-06-17   208.81 219.01   208.78 218.98   346.29 356.49   208.24 218.44   213.82 224.02   207.55 217.75
2021-06-18   209.72 219.92   209.69 219.89   347.20 357.41   209.15 219.35   214.73 224.93   208.47 218.67
2021-06-19   210.63 220.83   210.60 220.80   348.12 358.32   210.06 220.26   215.64 225.85   209.38 219.58
2021-06-20   211.54 221.74   211.52 221.72   349.03 359.23   210.97 221.17   216.56 226.76   210.29 220.49
2021-06-21   212.45 222.66   212.43 222.63   349.94   0.15   211.88 222.09   217.47 227.67   211.20 221.41
2021-06-22   213.37 223.57   213.34 223.55   350.85   1.06   212.80 223.00   218.38 228.59   212.12 222.32
2021-06-23   214.28 224.49   214.25 224.46   351.77   1.97   213.71 223.92   219.29 229.50   213.03 223.24
2021-06-24   215.19 225.40   215.17 225.38   352.68   2.89   214.62 224.83   220.21 230.42   213.94 224.15
2021-06-25   216.11 226.32   216.08 226.29   353.59   3.81   215.54 225.75   221.12 231.33   214.86 225.07
2021-06-26   217.02 227.24   216.99 227.21   354.51   4.72   216.45 226.67   222.04 232.25   215.77 225.98
2021-06-27   217.94 228.15   217.91 228.13   355.42   5.64   217.37 227.58   222.95 233.17   216.68 226.90
2021-06-28   218.85 229.07   218.82 229.05   356.34   6.56   218.28 228.50   223.87 234.09   217.60 227.82
2021-06-29   219.77 229.99   219.74 229.96   357.25   7.48   219.20 229.42   224.78 235.01   218.52 228.74
2021-06-30   220.68 230.91   220.66 230.88   358.17   8.40   220.11 230.34   225.70 235.93   219.43 229.66
2021-07-01   221.60 231.83   221.57 231.81   359.09   9.32   221.03 231.26   226.61 236.85   220.35 230.58
2021-07-02   222.52 232.75   222.49 232.73     0.00  10.24   221.95 232.18   227.53 237.77   221.27 231.50
2021-07-03   223.44 233.68   223.41 233.65     0.92  11.16   222.87 233.11   228.45 238.69   222.18 232.43
2021-07-04   224.35 234.60   224.33 234.58     1.84  12.09   223.78 234.03   229.37 239.62   223.10 233.35
2021-07-05   225.27 235.53   225.25 235.50     2.76  13.01   224.70 234.96   230.29 240.54   224.02 234.28
2021-07-06   226.20 236.45   226.17 236.43     3.68  13.94   225.63 235.88   231.21 241.47   224.94 235.20
2021-07-07   227.12 237.38   227.09 237.35     4.61  14.87   226.55 236.81   232.13 242.40   225.87 236.13
2021-07-08   228.04 238.31   228.01 238.28     5.53  15.80   227.47 237.74   233.06 243.32   226.79 237.06
2021-07-09   228.96 239.24   228.94 239.21     6.45  16.73   228.39 238.67   233.98 244.25   227.71 237.99
2021-07-10   229.89 240.17   229.86 240.14     7.38  17.66   229.32 239.60   234.90 245.19   228.64 238.92
2021-07-11   230.82 241.10   230.79 241.08     8.30  18.59   230.25 240.53   235.83 246.12   229.56 239.85
2021-07-12   231.74 242.04   231.72 242.01     9.23  19.52   231.17 241.47   236.76 247.05   230.49 240.79
2021-07-13   232.67 242.97   232.64 242.95    10.16  20.46   232.10 242.40   237.69 247.99   231.42 241.72
2021-07-14   233.60 243.91   233.57 243.88    11.09  21.40   233.03 243.34   238.62 248.92   232.35 242.66
2021-07-15   234.53 244.85   234.50 244.82    12.02  22.33   233.96 244.28   239.55 249.86   233.28 243.60
2021-07-16   235.46 245.79   235.44 245.76    12.95  23.27   234.89 245.22   240.48 250.80   234.21 244.54
2021-07-17   236.40 246.73   236.37 246.70    13.88  24.21   235.83 246.16   241.41 251.74   235.15 245.48
2021-07-18   237.33 247.67   237.30 247.64    14.82  25.16   236.76 247.10   242.35 252.68   236.08 246.42
2021-07-19   238.27 248.61   238.24 248.59    15.75  26.10   237.70 248.04   243.28 253.63   237.02 247.36
2021-07-20   239.20 249.56   239.18 249.53    16.69  27.05   238.63 248.99   244.22 254.57   237.95 248.31
2021-07-21   240.14 250.51   240.12 250.48    17.63  27.99   239.57 249.94   245.16 255.52   238.89 249.26
2021-07-22   241.08 251.45   241.06 251.43    18.57  28.94   240.51 250.88   246.10 256.47   239.83 250.20
2021-07-23   242.02 252.40   242.00 252.38    19.51  29.89   241.45 251.83   247.04 257.42   240.77 251.15
2021-07-24   242.97 253.36   242.94 253.33    20.45  30.84   242.40 252.79   247.98 258.37   241.72 252.11
2021-07-25   243.91 254.31   243.88 254.28    21.40  31.80   243.34 253.74   248.93 259.32   242.66 253.06
2021-07-26   244.86 255.26   244.83 255.24    22.34  32.75   244.29 254.69   249.87 260.28   243.61 254.01
2021-07-27   245.80 256.22   245.78 256.19    23.29  33.71   245.23 255.65   250.82 261.24   244.55 254.97
2021-07-28   246.75 257.18   246.73 257.15    24.24  34.67   246.18 256.61   251.77 262.19   245.50 255.93
2021-07-29   247.70 258.14   247.68 258.11    25.19  35.63   247.13 257.57   252.72 263.15   246.45 256.89
2021-07-30   248.66 259.10   248.63 259.07    26.14  36.59   248.09 258.53   253.67 264.12   247.41 257.85
2021-07-31   249.61 260.06   249.58 260.04    27.10  37.55   249.04 259.49   254.63 265.08   248.36 258.81
2021-08-01   250.57 261.03   250.54 261.00    28.05  38.52   250.00 260.46   255.58 266.05   249.32 259.78
2021-08-02   251.52 262.00   251.50 261.97    29.01  39.48   250.95 261.43   256.54 267.01   250.27 260.75
2021-08-03   252.48 262.97   252.46 262.94    29.97  40.45   251.91 262.40   257.50 267.98   251.23 261.71
2021-08-04   253.44 263.94   253.42 263.91    30.93  41.42   252.87 263.37   258.46 268.95   252.19 262.68
2021-08-05   254.41 264.91   254.38 264.88    31.89  42.39   253.84 264.34   259.42 269.92   253.16 263.66
2021-08-06   255.37 265.88   255.34 265.85    32.86  43.37   254.80 265.31   260.39 270.90   254.12 264.63
2021-08-07   256.34 266.86   256.31 266.83    33.82  44.34   255.77 266.29   261.35 271.87   255.09 265.61
2021-08-08   257.30 267.83   257.28 267.81    34.79  45.32   256.73 267.26   262.32 272.85   256.05 266.58
2021-08-09   258.27 268.81   258.25 268.79    35.76  46.30   257.70 268.24   263.29 273.83   257.02 267.56
2021-08-10   259.24 269.79   259.22 269.77    36.73  47.28   258.67 269.22   264.26 274.81   257.99 268.54
2021-08-11   260.22 270.78   260.19 270.75    37.71  48.26   259.65 270.21   265.23 275.79   258.97 269.52
2021-08-12   261.19 271.76   261.17 271.73    38.68  49.25   260.62 271.19   266.21 276.77   259.94 270.51
2021-08-13   262.17 272.74   262.14 272.72    39.66  50.23   261.60 272.17   267.18 277.76   260.92 271.49
2021-08-14   263.15 273.73   263.12 273.71    40.63  51.22   262.58 273.16   268.16 278.75   261.90 272.48
2021-08-15   264.13 274.72   264.10 274.69    41.61  52.21   263.56 274.15   269.14 279.74   262.88 273.47
2021-08-16   265.11 275.71   265.08 275.68    42.60  53.20   264.54 275.14   270.12 280.73   263.86 274.46
2021-08-17   266.09 276.70   266.07 276.68    43.58  54.19   265.52 276.13   271.11 281.72   264.84 275.45
2021-08-18   267.08 277.70   267.05 277.67    44.56  55.18   266.51 277.13   272.09 282.71   265.83 276.45
2021-08-19   268.06 278.69   268.04 278.67    45.55  56.18   267.49 278.12   273.08 283.71   266.81 277.44
2021-08-20   269.05 279.69   269.03 279.66    46.54  57.18   268.48 279.12   274.07 284.70   267.80 278.44
2021-08-21   270.04 280.69   270.02 280.66    47.53  58.17   269.47 280.12   275.06 285.70   268.79 279.44
2021-08-22   271.03 281.69   271.01 281.66    48.52  59.17   270.46 281.12   276.05 286.70   269.78 280.44
2021-08-23   272.03 282.69   272.00 282.66    49.52  60.18   271.46 282.12   277.04 287.70   270.78 281.44
2021-08-24   273.02 283.69   273.00 283.66    50.51  61.18   272.45 283.12   278.04 288.71   271.77 282.44
2021-08-25   274.02 284.69   273.99 284.67    51.51  62.18   273.45 284.12   279.03 289.71   272.77 283.44
2021-08-26   275.02 285.70   274.99 285.67    52.51  63.19   274.45 285.13   280.03 290.71   273.77 284.45
2021-08-27   276.02 286.71   275.99 286.68    53.50  64.19   275.45 286.14   281.03 291.72   274.77 285.46
2021-08-28   277.02 287.71   276.99 287.69    54.51  65.20   276.45 287.14   282.03 292.73   275.77 286.46
2021-08-29   278.02 288.72   277.99 288.70    55.51  66.21   277.45 288.15   283.04 293.74   276.77 287.47
2021-08-30   279.03 289.73   279.00 289.71    56.51  67.22   278.46 289.16   284.04 294.75   277.77 288.48
2021-08-31   280.03 290.74   280.00 290.72    57.52  68.23   279.46 290.17   285.05 295.76   278.78 289.49
2021-09-01   281.04 291.76   281.01 291.73    58.52  69.24   280.47 291.19   286.05 296.77   279.79 290.51
2021-09-02   282.05 292.77   282.02 292.74    59.53  70.26   281.48 292.20   287.06 297.78   280.79 291.52
2021-09-03   283.06 293.78   283.03 293.76    60.54  71.27   282.49 293.21   288.07 298.80   281.80 292.53
2021-09-04   284.07 294.80   284.04 294.77    61.55  72.29   283.50 294.23   289.08 299.81   282.81 293.55
2021-09-05   285.08 295.82   285.05 295.79    62.56  73.30   284.51 295.25   290.09 300.83   283.83 294.56
2021-09-06   286.09 296.83   286.06 296.81    63.58  74.32   285.52 296.26   291.11 301.85   284.84 295.58
2021-09-07   287.10 297.85   287.08 297.82    64.59  75.34   286.53 297.28   292.12 302.87   285.85 296.60
2021-09-08   288.12 298.87   288.09 298.84    65.61  76.36   287.55 298.30   293.13 303.88   286.87 297.62
2021-09-09   289.14 299.89   289.11 299.86    66.62  77.37   288.57 299.32   294.15 304.90   287.88 298.64
2021-09-10   290.15 300.91   290.13 300.88    67.64  78.39   289.58 300.34   295.17 305.92   288.90 299.66
2021-09-11   291.17 301.93   291.14 301.90    68.66  79.41   290.60 301.36   296.19 306.94   289.92 300.68
2021-09-12   292.19 302.95   292.16 302.92    69.68  80.44   291.62 302.38   297.20 307.96   290.94 301.70
2021-09-13   293.21 303.97   293.18 303.94    70.70  81.46   292.64 303.40   298.22 308.98   291.96 302.72
2021-09-14   294.23 304.99   294.20 304.96    71.72  82.48   293.66 304.42   299.24 310.01   292.98 303.74
2021-09-15   295.25 306.01   295.22 305.99    72.74  83.50   294.68 305.44   300.27 311.03   294.00 304.76
2021-09-16   296.27 307.03   296.25 307.01    73.76  84.52   295.70 306.46   301.29 312.05   295.02 305.78
2021-09-17   297.29 308.06   297.27 308.03    74.78  85.54   296.72 307.49   302.31 313.07   296.04 306.81
2021-09-18   298.32 309.08   298.29 309.05    75.80  86.57   297.75 308.51   303.33 314.10   297.07 307.83
2021-09-19   299.34 310.10   299.31 310.08    76.83  87.59   298.77 309.53   304.35 315.12   298.09 308.85
2021-09-20   300.36 311.13   300.34 311.10    77.85  88.61   299.79 310.56   305.38 316.14   299.11 309.87
2021-09-21   301.39 312.15   301.36 312.12    78.87  89.64   300.82 311.58   306.40 317.16   300.14 310.90
2021-09-22   302.41 313.17   302.38 313.14    79.90  90.66   301.84 312.60   307.43 318.19   301.16 311.92
2021-09-23   303.44 314.19   303.41 314.17    80.92  91.68   302.87 313.62   308.45 319.21   302.18 312.94
2021-09-24   304.46 315.22   304.43 315.19    81.95  92.70   303.89 314.65   309.48 320.23   303.21 313.96
2021-09-25   305.48 316.24   305.46 316.21    82.97  93.72   304.91 315.67   310.50 321.25   304.23 314.99
2021-09-26   306.51 317.26   306.48 317.23    84.00  94.75   305.94 316.69   311.52 322.27   305.26 316.01
2021-09-27   307.53 318.28   307.51 318.25    85.02  95.77   306.96 317.71   312.55 323.30   306.28 317.03
2021-09-28   308.56 319.30   308.53 319.27    86.05  96.79   307.99 318.73   313.57 324.32   307.31 318.05
2021-09-29   309.58 320.32   309.56 320.30    87.07  97.81   309.01 319.75   314.60 325.34   308.33 319.07
2021-09-30   310.61 321.34   310.58 321.32    88.09  98.83   310.04 320.77   315.62 326.36   309.36 320.09
2021-10-01   311.63 322.36   311.60 322.34    89.12  99.85   311.06 321.79   316.65 327.38   310.38 321.11
2021-10-02   312.66 323.38   312.63 323.35    90.14 100.87   312.09 322.81   317.67 328.40   311.40 322.13
2021-10-03   313.68 324.40   313.65 324.37    91.17 101.89   313.11 323.83   318.69 329.41   312.43 323.15
2021-10-04   314.70 325.42   314.68 325.39    92.19 102.90   314.13 324.85   319.72 330.43   313.45 324.17
2021-10-05   315.72 326.43   315.70 326.41    93.21 103.92   315.15 325.86   320.74 331.45   314.47 325.18
2021-10-06   316.75 327.45   316.72 327.42    94.23 104.94   316.18 326.88   321.76 332.47   315.50 326.20
2021-10-07   317.77 328.47   317.74 328.44    95.26 105.95   317.20 327.90   322.78 333.48   316.52 327.21
2021-10-08   318.79 329.48   318.76 329.45    96.28 106.97   318.22 328.91   323.80 334.50   317.54 328.23
2021-10-09   319.81 330.49   319.78 330.47    97.30 107.98   319.24 329.92   324.83 335.51   318.56 329.24
2021-10-10   320.83 331.51   320.80 331.48    98.32 108.99   320.26 330.94   325.85 336.52   319.58 330.26
2021-10-11   321.85 332.52   321.82 332.49    99.34 110.01   321.28 331.95   326.86 337.53   320.60 331.27
2021-10-12   322.87 333.53   322.84 333.50   100.36 111.02   322.30 332.96   327.88 338.54   321.62 332.28
2021-10-13   323.89 334.54   323.86 334.51   101.37 112.03   323.32 333.97   328.90 339.55   322.63 333.29
2021-10-14   324.90 335.55   324.88 335.52   102.39 113.04   324.33 334.98   329.92 340.56   323.65 334.30
2021-10-15   325.92 336.56   325.89 336.53   103.41 114.04   325.35 335.99   330.93 341.57   324.67 335.31
2021-10-16   326.93 337.56   326.91 337.54   104.42 115.05   326.36 336.99   331.95 342.58   325.68 336.31
2021-10-17   327.95 338.57   327.92 338.54   105.44 116.06   327.38 338.00   332.96 343.58   326.70 337.32
2021-10-18   328.96 339.57   328.93 339.55   106.45 117.06   328.39 339.00   333.98 344.59   327.71 338.32
2021-10-19   329.97 340.58   329.95 340.55   107.46 118.06   329.40 340.01   334.99 345.59   328.72 339.33
2021-10-20   330.99 341.58   330.96 341.55   108.47 119.07   330.42 341.01   336.00 346.59   329.73 340.33
2021-10-21   332.00 342.58   331.97 342.55   109.48 120.07   331.43 342.01   337.01 347.60   330.74 341.33
2021-10-22   333.01 343.58   332.98 343.55   110.49 121.07   332.44 343.01   338.02 348.60   331.75 342.33
2021-10-23   334.01 344.58   333.99 344.55   111.50 122.07   333.44 344.01   339.03 349.59   332.76 343.33
2021-10-24   335.02 345.58   334.99 345.55   112.51 123.06   334.45 345.01   340.04 350.59   333.77 344.33
2021-10-25   336.03 346.57   336.00 346.55   113.51 124.06   335.46 346.00   341.04 351.59   334.78 345.32
2021-10-26   337.03 347.57   337.01 347.54   114.52 125.06   336.46 347.00   342.05 352.58   335.78 346.32
2021-10-27   338.04 348.56   338.01 348.54   115.52 126.05   337.47 347.99   343.05 353.58   336.78 347.31
2021-10-28   339.04 349.56   339.01 349.53   116.53 127.04   338.47 348.99   344.05 354.57   337.79 348.31
2021-10-29   340.04 350.55   340.01 350.52   117.53 128.04   339.47 349.98   345.06 355.56   338.79 349.30
2021-10-30   341.04 351.54   341.01 351.51   118.53 129.03   340.47 350.97   346.06 356.55   339.79 350.29
2021-10-31   342.04 352.53   342.01 352.50   119.53 130.02   341.47 351.96   347.05 357.54   340.79 351.28
2021-11-01   343.04 353.52   343.01 353.49   120.53 131.00   342.47 352.95   348.05 358.53   341.79 352.27
2021-11-02   344.03 354.50   344.01 354.48   121.52 131.99   343.46 353.93   349.05 359.52   342.78 353.25
2021-11-03   345.03 355.49   345.00 355.46   122.52 132.98   344.46 354.92   350.05   0.50   343.78 354.24
2021-11-04   346.03 356.47   346.00 356.45   123.51 133.96   345.46 355.90   351.04   1.49   344.77 355.22
2021-11-05   347.02 357.46   346.99 357.43   124.51 134.95   346.45 356.89   352.03   2.47   345.77 356.21
2021-11-06   348.01 358.44   347.98 358.41   125.50 135.93   347.44 357.87   353.03   3.46   346.76 357.19
2021-11-07   349.00 359.42   348.98 359.40   126.49 136.91   348.43 358.85   354.02   4.44   347.75 358.17
2021-11-08   349.99   0.40   349.97   0.38   127.48 137.89   349.42 359.83   355.01   5.42   348.74 359.15
2021-11-09   350.98   1.38   350.96   1.36   128.47 138.87   350.41   0.81   356.00   6.40   349.73   0.13
2021-11-10   351.97   2.36   351.94   2.34   129.46 139.85   351.40   1.79   356.99   7.38   350.72   1.11
2021-11-11   352.96   3.34   352.93   3.31   130.44 140.83   352.39   2.77   357.97   8.35   351.71   2.09
2021-11-12   353.94   4.32   353.92   4.29   131.43 141.80   353.37   3.75   358.96   9.33   352.69   3.07
2021-11-13   354.93   5.29   354.90   5.27   132.41 142.78   354.36   4.72   359.94  10.31   353.68   4.04
2021-11-14   355.91   6.27   355.88   6.24   133.40 143.75   355.34   5.70     0.93  11.28   354.66   5.02
2021-11-15   356.89   7.24   356.87   7.21   134.38 144.73   356.32   6.67     1.91  12.26   355.64   5.99
2021-11-16   357.88   8.21   357.85   8.19   135.36 145.70   357.31   7.64     2.89  13.23   356.62   6.96
2021-11-17   358.86   9.19   358.83   9.16   136.34 146.67   358.29   8.62     3.87  14.20   357.61   7.94
2021-11-18   359.84  10.16   359.81  10.13   137.32 147.65   359.27   9.59     4.85  15.17   358.59   8.91
2021-11-19     0.82  11.13     0.79  11.10   138.30 148.62     0.25  10.56     5.83  16.15   359.56   9.88
2021-11-20     1.79  12.10     1.77  12.07   139.28 149.59     1.22  11.53     6.81  17.12     0.54  10.85
2021-11-21     2.77  13.07     2.74  13.04   140.26 150.56     2.20  12.50     7.79  18.09     1.52  11.82
2021-11-22     3.75  14.04     3.72  14.01   141.23 151.53     3.18  13.47     8.76  19.05     2.50  12.79
2021-11-23     4.72  15.01     4.70  14.98   142.21 152.50     4.15  14.44     9.74  20.02     3.47  13.76
2021-11-24     5.70  15.98     5.67  15.95   143.19 153.46     5.13  15.41    10.71  20.99     4.45  14.73
2021-11-25     6.67  16.94     6.65  16.92   144.16 154.43     6.10  16.37    11.69  21.96     5.42  15.69
2021-11-26     7.65  17.91     7.62  17.88   145.13 155.40     7.08  17.34    12.66  22.93     6.40  16.66
2021-11-27     8.62  18.88     8.59  18.85   146.11 156.37     8.05  18.31    13.63  23.89     7.37  17.63
2021-11-28     9.59  19.84     9.57  19.82   147.08 157.33     9.02  19.27    14.61  24.86     8.34  18.59
2021-11-29    10.56  20.81    10.54  20.78   148.05 158.30     9.99  20.24    15.58  25.83     9.31  19.56
2021-11-30    11.54  21.78    11.51  21.75   149.02 159.26    10.97  21.21    16.55  26.79    10.28  20.53
2021-12-01    12.51  22.74    12.48  22.72   149.99 160.23    11.94  22.17    17.52  27.76    11.26  21.49
2021-12-02    13.48  23.71    13.45  23.68   150.96 161.20    12.91  23.14    18.49  28.72    12.23  22.46
2021-12-03    14.45  24.68    14.42  24.65   151.93 162.16    13.88  24.11    19.46  29.69    13.20  23.42
2021-12-04    15.42  25.64    15.39  25.61   152.90 163.13    14.85  25.07    20.43  30.66    14.17  24.39
2021-12-05    16.39  26.61    16.36  26.58   153.87 164.09    15.82  26.04    21.40  31.62    15.14  25.36
2021-12-06    17.36  27.57    17.33  27.55   154.84 165.06    16.79  27.00    22.37  32.59    16.11  26.32
2021-12-07    18.33  28.54    18.30  28.51   155.81 166.03    17.76  27.97    23.34  33.55    17.07  27.29
2021-12-08    19.29  29.51    19.27  29.48   156.78 166.99    18.72  28.94    24.31  34.52    18.04  28.25
2021-12-09    20.26  30.47    20.24  30.45   157.75 167.96    19.69  29.90    25.28  35.49    19.01  29.22
2021-12-10    21.23  31.44    21.21  31.41   158.72 168.93    20.66  30.87    26.25  36.45    19.98  30.19
2021-12-11    22.20  32.41    22.18  32.38   159.69 169.89    21.63  31.84    27.22  37.42    20.95  31.16
2021-12-12    23.17  33.37    23.14  33.35   160.66 170.86    22.60  32.80    28.19  38.39    21.92  32.12
2021-12-13    24.14  34.34    24.11  34.32   161.63 171.83    23.57  33.77    29.16  39.36    22.89  33.09
2021-12-14    25.11  35.31    25.08  35.28   162.60 172.80    24.54  34.74    30.13  40.33    23.86  34.06
2021-12-15    26.08  36.28    26.05  36.25   163.57 173.77    25.51  35.71    31.09  41.30    24.83  35.03
2021-12-16    27.05  37.25    27.02  37.22   164.54 174.74    26.48  36.68    32.06  42.26    25.80  36.00
2021-12-17    28.02  38.22    27.99  38.19   165.51 175.71    27.45  37.65    33.04  43.24    26.77  36.97
2021-12-18    28.99  39.19    28.96  39.16   166.48 176.68    28.42  38.62    34.01  44.21    27.74  37.94
2021-12-19    29.96  40.16    29.94  40.14   167.45 177.65    29.39  39.59    34.98  45.18    28.71  38.91
2021-12-20    30.93  41.14    30.91  41.11   168.42 178.62    30.36  40.57    35.95  46.15    29.68  39.89
2021-12-21    31.91  42.11    31.88  42.08   169.39 179.60    31.34  41.54    36.92  47.12    30.65  40.86
2021-12-22    32.88  43.08    32.85  43.06   170.37 180.57    32.31  42.51    37.89  48.10    31.63  41.83
2021-12-23    33.85  44.06    33.83  44.03   171.34 181.55    33.28  43.49    38.87  49.07    32.60  42.81
2021-12-24    34.88  44.99    34.85  44.96   172.36 182.47    34.31  44.42    39.89  50.00    33.63  43.73
2021-12-25    36.06  45.76    36.03  45.73   173.54 183.25    35.49  45.19    41.07  50.77    34.81  44.51
2021-12-26    37.24  46.53    37.21  46.51   174.72 184.02    36.67  45.96    42.25  51.55    35.99  45.28
2021-12-27    38.42  47.31    38.39  47.28   175.90 184.80    37.85  46.74    43.43  52.32    37.17  46.06
2021-12-28    39.60  48.09    39.57  48.06   177.08 185.57    39.03  47.52    44.61  53.10    38.35  46.83
2021-12-29    40.78  48.86    40.75  48.84   178.27 186.35    40.21  48.29    45.79  53.88    39.53  47.61
2021-12-30    41.96  49.65    41.93  49.62   179.45 187.13    41.39  49.08    46.97  54.66    40.71  48.39
2021-12-31    43.14  50.43    43.11  50.40   180.63 187.92    42.57  49.86    48.16  55.44    41.89  49.18
2022-01-01    44.32  51.21    44.30  51.19   181.81 188.70    43.75  50.64    49.34  56.23    43.07  49.96

2022-05-30   193.74 200.75   193.71 200.72   331.23 338.24   193.17 200.18   198.76 205.77   192.49 199.50
2022-05-31   194.48 201.85   194.45 201.83   331.96 339.34   193.91 201.28   199.49 206.87   193.23 200.60
2022-06-01   195.21 202.95   195.19 202.93   332.70 340.44   194.64 202.38   200.23 207.97   193.96 201.70
2022-06-02   195.95 204.05   195.92 204.03   333.43 341.54   195.38 203.48   200.96 209.07   194.70 202.80
2022-06-03   196.68 205.16   196.65 205.13   334.17 342.64   196.11 204.59   201.70 210.17   195.43 203.91
2022-06-04   197.41 206.26   197.39 206.23   334.90 343.75   196.84 205.69   202.43 211.27   196.16 205.01
2022-06-05   198.14 207.36   198.12 207.33   335.63 344.85   197.57 206.79   203.16 212.38   196.89 206.11
2022-06-06   198.87 208.46   198.85 208.44   336.36 345.95   198.30 207.89   203.89 213.48   197.62 207.21
2022-06-07   199.60 209.56   199.57 209.54   337.09 347.05   199.03 208.99   204.62 214.58   198.35 208.31
2022-06-08   200.39 210.60   200.37 210.57   337.88 348.09   199.82 210.03   205.41 215.62   199.14 209.35
2022-06-09   201.31 211.51   201.28 211.49   338.80 349.00   200.74 210.94   206.32 216.53   200.06 210.26
2022-06-10   202.22 212.43   202.20 212.40   339.71 349.92   201.65 211.86   207.24 217.44   200.97 211.18
2022-06-11   203.14 213.34   203.11 213.31   340.63 350.83   202.57 212.77   208.15 218.36   201.89 212.09
2022-06-12   204.05 214.25   204.03 214.23   341.54 351.74   203.48 213.68   209.07 219.27   202.80 213.00
2022-06-13   204.97 215.17   204.94 215.14   342.45 352.65   204.40 214.60   209.98 220.18   203.72 213.92
2022-06-14   205.88 216.08   205.85 216.05   343.37 353.57   205.31 215.51   210.89 221.10   204.63 214.83
2022-06-15   206.79 216.99   206.77 216.97   344.28 354.48   206.22 216.42   211.81 222.01   205.54 215.74
2022-06-16   207.71 217.91   207.68 217.88   345.19 355.39   207.14 217.34   212.72 222.92   206.46 216.66
2022-06-17   208.62 218.82   208.59 218.79   346.11 356.31   208.05 218.25   213.64 223.84   207.37 217.57
2022-06-18   209.53 219.73   209.51 219.71   347.02 357.22   208.96 219.16   214.55 224.75   208.28 218.48
2022-06-19   210.45 220.65   210.42 220.62   347.93 358.14   209.88 220.08   215.46 225.66   209.20 219.40
2022-06-20   211.36 221.56   211.33 221.54   348.85 359.05   210.79 220.99   216.38 226.58   210.11 220.31
2022-06-21   212.27 222.48   212.25 222.45   349.76 359.96   211.70 221.91   217.29 227.49   211.02 221.23
2022-06-22   213.19 223.39   213.16 223.37   350.67   0.88   212.62 222.82   218.20 228.41   211.94 222.14
2022-06-23   214.10 224.31   214.07 224.28   351.59   1.80   213.53 223.74   219.12 229.32   212.85 223.06
2022-06-24   215.01 225.22   214.99 225.20   352.50   2.71   214.44 224.65   220.03 230.24   213.76 223.97
2022-06-25   215.93 226.14   215.90 226.11   353.42   3.63   215.36 225.57   220.94 231.16   214.68 224.89
2022-06-26   216.84 227.06   216.82 227.03   354.33   4.55   216.27 226.49   221.86 232.07   215.59 225.81
2022-06-27   217.76 227.98   217.73 227.95   355.25   5.46   217.19 227.41   222.77 232.99   216.51 226.73
2022-06-28   218.67 228.90   218.65 228.87   356.16   6.38   218.10 228.33   223.69 233.91   217.42 227.64
2022-06-29   219.59 229.82   219.56 229.79   357.08   7.30   219.02 229.25   224.61 234.83   218.34 228.56
2022-06-30   220.51 230.74   220.48 230.71   357.99   8.22   219.94 230.17   225.52 235.75   219.26 229.48
2022-07-01   221.42 231.66   221.40 231.63   358.91   9.14   220.85 231.09   226.44 236.67   220.17 230.41
2022-07-02   222.34 232.58   222.32 232.55   359.83  10.07   221.77 232.01   227.36 237.59   221.09 231.33
2022-07-03   223.26 233.50   223.23 233.48     0.75  10.99   222.69 232.93   228.28 238.52   222.01 232.25
2022-07-04   224.18 234.43   224.15 234.40     1.67  11.91   223.61 233.86   229.20 239.44   222.93 233.18
2022-07-05   225.10 235.35   225.07 235.32     2.59  12.84   224.53 234.78   230.12 240.37   223.85 234.10
2022-07-06   226.02 236.28   225.99 236.25     3.51  13.76   225.45 235.71   231.04 241.29   224.77 235.03
2022-07-07   226.94 237.20   226.92 237.18     4.43  14.69   226.37 236.63   231.96 242.22   225.69 235.95
2022-07-08   227.87 238.13   227.84 238.11     5.35  15.62   227.30 237.56   232.88 243.15   226.61 236.88
2022-07-09   228.79 239.06   228.76 239.04     6.28  16.55   228.22 238.49   233.80 244.08   227.54 237.81
2022-07-10   229.71 239.99   229.69 239.97     7.20  17.48   229.14 239.42   234.73 245.01   228.46 238.74
2022-07-11   230.64 240.92   230.61 240.90     8.13  18.41   230.07 240.35   235.65 245.94   229.39 239.67
2022-07-12   231.56 241.86   231.54 241.83     9.05  19.34   230.99 241.29   236.58 246.87   230.31 240.61
2022-07-13   232.49 242.79   232.47 242.77     9.98  20.28   231.92 242.22   237.51 247.81   231.24 241.54
2022-07-14   233.42 243.73   233.39 243.70    10.91  21.21   232.85 243.16   238.44 248.74   232.17 242.48
2022-07-15   234.35 244.66   234.32 244.64    11.84  22.15   233.78 244.09   239.36 249.68   233.10 243.41
2022-07-16   235.28 245.60   235.25 245.58    12.77  23.09   234.71 245.03   240.30 250.62   234.03 244.35
2022-07-17   236.21 246.54   236.19 246.52    13.70  24.03   235.64 245.97   241.23 251.56   234.96 245.29
2022-07-18   237.15 247.48   237.12 247.46    14.63  24.97   236.58 246.91   242.16 252.50   235.89 246.23
2022-07-19   238.08 248.43   238.05 248.40    15.57  25.91   237.51 247.86   243.10 253.44   236.83 247.18
2022-07-20   239.02 249.37   238.99 249.34    16.50  26.86   238.45 248.80   244.03 254.39   237.77 248.12
2022-07-21   239.95 250.32   239.93 250.29    17.44  27.80   239.38 249.75   244.97 255.33   238.70 249.06
2022-07-22   240.89 251.26   240.86 251.24    18.38  28.75   240.32 250.69   245.91 256.28   239.64 250.01
2022-07-23   241.83 252.21   241.80 252.18    19.32  29.70   241.26 251.64   246.85 257.23   240.58 250.96
2022-07-24   242.77 253.16   242.75 253.13    20.26  30.65   242.20 252.59   247.79 258.18   241.52 251.91
2022-07-25   243.72 254.11   243.69 254.09    21.20  31.60   243.15 253.54   248.73 259.13   242.46 252.86
2022-07-26   244.66 255.07   244.63 255.04    22.15  32.55   244.09 254.50   249.67 260.08   243.41 253.82
2022-07-27   245.61 256.02   245.58 255.99    23.09  33.51   245.04 255.45   250.62 261.04   244.35 254.77
2022-07-28   246.55 256.98   246.53 256.95    24.04  34.46   245.98 256.41   251.57 261.99   245.30 255.73
2022-07-29   247.50 257.94   247.48 257.91    24.99  35.42   246.93 257.37   252.52 262.95   246.25 256.68
2022-07-30   248.45 258.89   248.43 258.87    25.94  36.38   247.88 258.32   253.47 263.91   247.20 257.64
2022-07-31   249.40 259.86   249.38 259.83    26.89  37.34   248.83 259.29   254.42 264.87   248.15 258.61
2022-08-01   250.36 260.82   250.33 260.79    27.85  38.31   249.79 260.25   255.37 265.83   249.11 259.57
2022-08-02   251.31 261.78   251.29 261.76    28.80  39.27   250.74 261.21   256.33 266.80   250.06 260.53
2022-08-03   252.27 262.75   252.24 262.72    29.76  40.24   251.70 262.18   257.29 267.77   251.02 261.50
2022-08-04   253.23 263.72   253.20 263.69    30.72  41.21   252.66 263.15   258.24 268.73   251.98 262.47
2022-08-05   254.19 264.69   254.16 264.66    31.68  42.18   253.62 264.12   259.20 269.70   252.94 263.44
2022-08-06   255.15 265.66   255.12 265.63    32.64  43.15   254.58 265.09   260.17 270.68   253.90 264.41
2022-08-07   256.11 266.63   256.09 266.61    33.60  44.12   255.54 266.06   261.13 271.65   254.86 265.38
2022-08-08   257.08 267.61   257.05 267.58    34.57  45.10   256.51 267.04   262.10 272.62   255.83 266.36
2022-08-09   258.05 268.59   258.02 268.56    35.53  46.07   257.48 268.02   263.06 273.60   256.80 267.33
2022-08-10   259.02 269.56   258.99 269.54    36.50  47.05   258.45 268.99   264.03 274.58   257.77 268.31
2022-08-11   259.99 270.54   259.96 270.52    37.47  48.03   259.42 269.97   265.00 275.56   258.74 269.29
2022-08-12   260.96 271.53   260.93 271.50    38.45  49.01   260.39 270.96   265.97 276.54   259.71 270.27
2022-08-13   261.93 272.51   261.91 272.48    39.42  50.00   261.36 271.94   266.95 277.52   260.68 271.26
2022-08-14   262.91 273.49   262.88 273.47    40.40  50.98   262.34 272.92   267.93 278.51   261.66 272.24
2022-08-15   263.89 274.48   263.86 274.45    41.38  51.97   263.32 273.91   268.90 279.50   262.64 273.23
2022-08-16   264.87 275.47   264.84 275.44    42.35  52.96   264.30 274.90   269.88 280.48   263.62 274.22
2022-08-17   265.85 276.46   265.82 276.43    43.34  53.95   265.28 275.89   270.86 281.47   264.60 275.21
2022-08-18   266.83 277.45   266.80 277.42    44.32  54.94   266.26 276.88   271.85 282.47   265.58 276.20
2022-08-19   267.82 278.44   267.79 278.42    45.30  55.93   267.25 277.87   272.83 283.46   266.57 277.19
2022-08-20   268.80 279.44   268.78 279.41    46.29  56.93   268.23 278.87   273.82 284.45   267.55 278.19
2022-08-21   269.79 280.43   269.76 280.41    47.28  57.92   269.22 279.86   274.81 285.45   268.54 279.18
2022-08-22   270.78 281.43   270.75 281.40    48.27  58.92   270.21 280.86   275.80 286.45   269.53 280.18
2022-08-23   271.77 282.43   271.74 282.40    49.26  59.92   271.20 281.86   276.79 287.45   270.52 281.18
2022-08-24   272.76 283.43   272.74 283.40    50.25  60.92   272.19 282.86   277.78 288.45   271.51 282.18
2022-08-25   273.76 284.43   273.73 284.41    51.25  61.92   273.19 283.86   278.77 289.45   272.51 283.18
2022-08-26   274.75 285.44   274.73 285.41    52.24  62.92   274.18 284.87   279.77 290.45   273.50 284.18
2022-08-27   275.75 286.44   275.73 286.41    53.24  63.93   275.18 285.87   280.77 291.46   274.50 285.19
2022-08-28   276.75 287.45   276.72 287.42    54.24  64.93   276.18 286.88   281.77 292.46   275.50 286.20
2022-08-29   277.75 288.45   277.73 288.43    55.24  65.94   277.18 287.88   282.77 293.47   276.50 287.20
2022-08-30   278.75 289.46   278.73 289.43    56.24  66.95   278.18 288.89   283.77 294.48   277.50 288.21
2022-08-31   279.76 290.47   279.73 290.44    57.25  67.96   279.19 289.90   284.77 295.49   278.51 289.22
2022-09-01   280.76 291.48   280.74 291.45    58.25  68.97   280.19 290.91   285.78 296.50   279.51 290.23
2022-09-02   281.77 292.49   281.74 292.47    59.26  69.98   281.20 291.92   286.78 297.51   280.52 291.24
2022-09-03   282.78 293.50   282.75 293.48    60.26  70.99   282.21 292.93   287.79 298.52   281.53 292.25
2022-09-04   283.79 294.52   283.76 294.49    61.27  72.01   283.22 293.95   288.80 299.53   282.53 293.27
2022-09-05   284.80 295.53   284.77 295.51    62.28  73.02   284.23 294.96   289.81 300.55   283.54 294.28
2022-09-06   285.81 296.55   285.78 296.52    63.29  74.04   285.24 295.98   290.82 301.56   284.56 295.30
2022-09-07   286.82 297.56   286.79 297.54    64.31  75.05   286.25 296.99   291.83 302.58   285.57 296.31
2022-09-08   287.83 298.58   287.81 298.55    65.32  76.07   287.26 298.01   292.85 303.60   286.58 297.33
2022-09-09   288.85 299.60   288.82 299.57    66.33  77.09   288.28 299.03   293.86 304.61   287.60 298.35
2022-09-10   289.86 300.62   289.84 300.59    67.35  78.10   289.29 300.05   294.88 305.63   288.61 299.37
2022-09-11   290.88 301.64   290.85 301.61    68.37  79.12   290.31 301.07   295.89 306.65   289.63 300.38
2022-09-12   291.90 302.65   291.87 302.63    69.38  80.14   291.33 302.08   296.91 307.67   290.64 301.40
2022-09-13   292.91 303.67   292.89 303.65    70.40  81.16   292.34 303.10   297.93 308.69   291.66 302.42
2022-09-14   293.93 304.69   293.91 304.67    71.42  82.18   293.36 304.12   298.95 309.71   292.68 303.44
2022-09-15   294.95 305.72   294.93 305.69    72.44  83.20   294.38 305.15   299.97 310.73   293.70 304.46
2022-09-16   295.97 306.74   295.95 306.71    73.46  84.22   295.40 306.17   300.99 311.75   294.72 305.49
2022-09-17   296.99 307.76   296.97 307.73    74.48  85.25   296.42 307.19   302.01 312.77   295.74 306.51
2022-09-18   298.01 308.78   297.99 308.75    75.50  86.27   297.44 308.21   303.03 313.79   296.76 307.53
2022-09-19   299.04 309.80   299.01 309.77    76.52  87.29   298.47 309.23   304.05 314.82   297.79 308.55
2022-09-20   300.06 310.82   300.03 310.80    77.55  88.31   299.49 310.25   305.07 315.84   298.81 309.57
2022-09-21   301.08 311.84   301.06 311.82    78.57  89.33   300.51 311.27   306.10 316.86   299.83 310.59
2022-09-22   302.11 312.87   302.08 312.84    79.59  90.35   301.54 312.30   307.12 317.88   300.85 311.62
2022-09-23   303.13 313.89   303.10 313.86    80.62  91.38   302.56 313.32   308.14 318.90   301.88 312.64
2022-09-24   304.15 314.91   304.13 314.88    81.64  92.40   303.58 314.34   309.17 319.92   302.90 313.66
2022-09-25   305.18 315.93   305.15 315.90    82.66  93.42   304.61 315.36   310.19 320.95   303.93 314.68
2022-09-26   306.20 316.95   306.17 316.93    83.69  94.44   305.63 316.38   311.22 321.97   304.95 315.70
2022-09-27   307.22 317.97   307.20 317.95    84.71  95.46   306.65 317.40   312.24 322.99   305.97 316.72
2022-09-28   308.25 318.99   308.22 318.97    85.74  96.48   307.68 318.42   313.26 324.01   307.00 317.74
2022-09-29   309.27 320.01   309.25 319.99    86.76  97.50   308.70 319.44   314.29 325.03   308.02 318.76
2022-09-30   310.30 321.03   310.27 321.01    87.78  98.52   309.73 320.46   315.31 326.05   309.05 319.78
2022-10-01   311.32 322.05   311.29 322.03    88.81  99.54   310.75 321.48   316.34 327.07   310.07 320.80
2022-10-02   312.34 323.07   312.32 323.05    89.83 100.56   311.77 322.50   317.36 328.09   311.09 321.82
2022-10-03   313.37 324.09   313.34 324.06    90.86 101.58   312.80 323.52   318.38 329.11   312.12 322.84
2022-10-04   314.39 325.11   314.36 325.08    91.88 102.60   313.82 324.54   319.41 330.12   313.14 323.86
2022-10-05   315.41 326.12   315.39 326.10    92.90 103.61   314.84 325.55   320.43 331.14   314.16 324.87
2022-10-06   316.44 327.14   316.41 327.11    93.92 104.63   315.87 326.57   321.45 332.16   315.18 325.89
2022-10-07   317.46 328.16   317.43 328.13    94.94 105.64   316.89 327.59   322.47 333.17   316.21 326.91
2022-10-08   318.48 329.17   318.45 329.15    95.97 106.66   317.91 328.60   323.49 334.19   317.23 327.92
2022-10-09   319.50 330.19   319.47 330.16    96.99 107.67   318.93 329.62   324.51 335.20   318.25 328.93
2022-10-10   320.52 331.20   320.49 331.17    98.01 108.69   319.95 330.63   325.54 336.21   319.27 329.95
2022-10-11   321.54 332.21   321.51 332.18    99.03 109.70   320.97 331.64   326.55 337.23   320.29 330.96
2022-10-12   322.56 333.22   322.53 333.20   100.05 110.71   321.99 332.65   327.57 338.24   321.31 331.97
2022-10-13   323.58 334.23   323.55 334.21   101.06 111.72   323.01 333.66   328.59 339.25   322.33 332.98
2022-10-14   324.59 335.24   324.57 335.22   102.08 112.73   324.02 334.67   329.61 340.26   323.34 333.99
2022-10-15   325.61 336.25   325.58 336.22   103.10 113.74   325.04 335.68   330.63 341.27   324.36 335.00
2022-10-16   326.63 337.26   326.60 337.23   104.11 114.75   326.06 336.69   331.64 342.27   325.38 336.01
2022-10-17   327.64 338.26   327.62 338.24   105.13 115.75   327.07 337.69   332.66 343.28   326.39 337.01
2022-10-18   328.66 339.27   328.63 339.24   106.14 116.76   328.09 338.70   333.67 344.29   327.40 338.02
2022-10-19   329.67 340.27   329.64 340.25   107.16 117.76   329.10 339.70   334.68 345.29   328.42 339.02
2022-10-20   330.68 341.28   330.65 341.25   108.17 118.77   330.11 340.71   335.70 346.29   329.43 340.03
2022-10-21   331.69 342.28   331.67 342.25   109.18 119.77   331.12 341.71   336.71 347.30   330.44 341.03
2022-10-22   332.70 343.28   332.68 343.25   110.19 120.77   332.13 342.71   337.72 348.30   331.45 342.03
2022-10-23   333.71 344.28   333.69 344.25   111.20 121.77   333.14 343.71   338.73 349.30   332.46 343.03
2022-10-24   334.72 345.28   334.69 345.25   112.21 122.77   334.15 344.71   339.74 350.30   333.47 344.03
2022-10-25   335.73 346.28   335.70 346.25   113.22 123.76   335.16 345.71   340.74 351.29   334.48 345.03
2022-10-26   336.73 347.27   336.71 347.25   114.22 124.76   336.16 346.70   341.75 352.29   335.48 346.02
2022-10-27   337.74 348.27   337.71 348.24   115.23 125.76   337.17 347.70   342.75 353.28   336.49 347.02
2022-10-28   338.74 349.26   338.72 349.24   116.23 126.75   338.17 348.69   343.76 354.28   337.49 348.01
2022-10-29   339.75 350.26   339.72 350.23   117.23 127.74   339.18 349.69   344.76 355.27   338.50 349.01
2022-10-30   340.75 351.25   340.72 351.22   118.24 128.74   340.18 350.68   345.76 356.26   339.50 350.00
2022-10-31   341.75 352.24   341.72 352.21   119.24 129.73   341.18 351.67   346.76 357.25   340.50 350.99
2022-11-01   342.75 353.23   342.72 353.20   120.24 130.72   342.18 352.66   347.76 358.24   341.50 351.98
2022-11-02   343.75 354.22   343.72 354.19   121.23 131.71   343.18 353.65   348.76 359.23   342.50 352.97
2022-11-03   344.74 355.21   344.72 355.18   122.23 132.69   344.17 354.64   349.76   0.22   343.49 353.95
2022-11-04   345.74 356.19   345.71 356.17   123.23 133.68   345.17 355.62   350.76   1.21   344.49 354.94
2022-11-05   346.74 357.18   346.71 357.15   124.22 134.66   346.17 356.61   351.75   2.19   345.48 355.93
2022-11-06   347.73 358.16   347.70 358.13   125.22 135.65   347.16 357.59   352.74   3.18   346.48 356.91
2022-11-07   348.72 359.14   348.70 359.12   126.21 136.63   348.15 358.57   353.74   4.16   347.47 357.89
2022-11-08   349.71   0.13   349.69   0.10   127.20 137.61   349.14 359.56   354.73   5.14   348.46 358.88
2022-11-09   350.70   1.11   350.68   1.08   128.19 138.60   350.13   0.54   355.72   6.12   349.45 359.86
2022-11-10   351.69   2.09   351.67   2.06   129.18 139.58   351.12   1.52   356.71   7.10   350.44   0.84
2022-11-11   352.68   3.07   352.66   3.04   130.17 140.56   352.11   2.50   357.70   8.08   351.43   1.82
2022-11-12   353.67   4.05   353.64   4.02   131.16 141.53   353.10   3.48   358.69   9.06   352.42   2.80
2022-11-13   354.66   5.02   354.63   5.00   132.14 142.51   354.09   4.45   359.67  10.04   353.41   3.77
2022-11-14   355.64   6.00   355.62   5.97   133.13 143.49   355.07   5.43     0.66  11.02   354.39   4.75
2022-11-15   356.63   6.98   356.60   6.95   134.11 144.46   356.06   6.41     1.64  11.99   355.38   5.73
2022-11-16   357.61   7.95   357.58   7.92   135.10 145.44   357.04   7.38     2.63  12.97   356.36   6.70
2022-11-17   358.59   8.93   358.57   8.90   136.08 146.41   358.02   8.36     3.61  13.94   357.34   7.67
2022-11-18   359.57   9.90   359.55   9.87   137.06 147.39   359.00   9.33     4.59  14.91   358.32   8.65
2022-11-19     0.56  10.87     0.53  10.84   138.04 148.36   359.99  10.30     5.57  15.89   359.30   9.62
2022-11-20     1.54  11.84     1.51  11.82   139.02 149.33     0.97  11.27     6.55  16.86     0.28  10.59
2022-11-21     2.51  12.81     2.49  12.79   140.00 150.30     1.94  12.24     7.53  17.83     1.26  11.56
2022-11-22     3.49  13.79     3.47  13.76   140.98 151.27     2.92  13.22     8.51  18.80     2.24  12.53
2022-11-23     4.47  14.76     4.44  14.73   141.96 152.24     3.90  14.19     9.49  19.77     3.22  13.51
2022-11-24     5.45  15.73     5.42  15.70   142.93 153.21     4.88  15.16    10.46  20.74     4.20  14.48
2022-11-25     6.42  16.70     6.40  16.67   143.91 154.18     5.85  16.13    11.44  21.71     5.17  15.44
2022-11-26     7.40  17.66     7.37  17.64   144.89 155.15     6.83  17.09    12.41  22.68     6.15  16.41
2022-11-27     8.37  18.63     8.35  18.61   145.86 156.12     7.80  18.06    13.39  23.65     7.12  17.38
2022-11-28     9.35  19.60     9.32  19.58   146.83 157.09     8.78  19.03    14.36  24.62     8.10  18.35
2022-11-29    10.32  20.57    10.29  20.54   147.81 158.06     9.75  20.00    15.34  25.58     9.07  19.32
2022-11-30    11.29  21.54    11.27  21.51   148.78 159.02    10.72  20.97    16.31  26.55    10.04  20.29
2022-12-01    12.27  22.51    12.24  22.48   149.75 159.99    11.70  21.94    17.28  27.52    11.02  21.25
2022-12-02    13.24  23.47    13.21  23.45   150.73 160.96    12.67  22.90    18.25  28.49    11.99  22.22
2022-12-03    14.21  24.44    14.18  24.41   151.70 161.93    13.64  23.87    19.23  29.46    12.96  23.19
2022-12-04    15.18  25.41    15.16  25.38   152.67 162.90    14.61  24.84    20.20  30.42    13.93  24.16
2022-12-05    16.15  26.38    16.13  26.35   153.64 163.86    15.58  25.81    21.17  31.39    14.90  25.12
2022-12-06    17.13  27.34    17.10  27.32   154.61 164.83    16.56  26.77    22.14  32.36    15.87  26.09
2022-12-07    18.10  28.31    18.07  28.28   155.58 165.80    17.53  27.74    23.11  33.33    16.85  27.06
2022-12-08    19.07  29.28    19.04  29.25   156.55 166.77    18.50  28.71    24.08  34.29    17.82  28.03
2022-12-09    20.04  30.25    20.01  30.22   157.53 167.73    19.47  29.68    25.05  35.26    18.79  29.00
2022-12-10    21.01  31.22    20.98  31.19   158.50 168.70    20.44  30.65    26.02  36.23    19.76  29.96
2022-12-11    21.98  32.18    21.95  32.16   159.47 169.67    21.41  31.61    26.99  37.20    20.73  30.93
2022-12-12    22.95  33.15    22.92  33.13   160.44 170.64    22.38  32.58    27.97  38.17    21.70  31.90
2022-12-13    23.92  34.12    23.89  34.10   161.41 171.61    23.35  33.55    28.94  39.14    22.67  32.87
2022-12-14    24.89  35.09    24.87  35.07   162.38 172.58    24.32  34.52    29.91  40.11    23.64  33.84
2022-12-15    25.86  36.06    25.84  36.04   163.35 173.55    25.29  35.49    30.88  41.08    24.61  34.81
2022-12-16    26.83  37.03    26.81  37.01   164.32 174.52    26.26  36.46    31.85  42.05    25.58  35.78
2022-12-17    27.81  38.01    27.78  37.98   165.29 175.49    27.24  37.44    32.82  43.02    26.56  36.76
2022-12-18    28.78  38.98    28.75  38.95   166.27 176.47    28.21  38.41    33.79  43.99    27.53  37.73
2022-12-19    29.75  39.95    29.72  39.93   167.24 177.44    29.18  39.38    34.77  44.97    28.50  38.70
2022-12-20    30.72  40.93    30.70  40.90   168.21 178.41    30.15  40.36    35.74  45.94    29.47  39.68
2022-12-21    31.70  41.90    31.67  41.87   169.18 179.39    31.13  41.33    36.71  46.92    30.45  40.65
2022-12-22    32.67  42.88    32.64  42.85   170.16 180.36    32.10  42.31    37.69  47.89    31.42  41.63
2022-12-23    33.65  43.85    33.62  43.83   171.13 181.34    33.08  43.28    38.66  48.87    32.39  42.60
2022-12-24    34.64  44.81    34.61  44.79   172.12 182.30    34.07  44.24    39.65  49.83    33.39  43.56
2022-12-25    35.82  45.59    35.79  45.56   173.30 183.07    35.25  45.02    40.83  50.60    34.57  44.34
2022-12-26    37.00  46.36    36.97  46.34   174.49 183.85    36.43  45.79    42.01  51.38    35.75  45.11
2022-12-27    38.18  47.14    38.15  47.11   175.67 184.63    37.61  46.57    43.19  52.15    36.93  45.89
2022-12-28    39.36  47.92    39.33  47.89   176.85 185.40    38.79  47.35    44.38  52.93    38.11  46.67
2022-12-29    40.54  48.70    40.51  48.67   178.03 186.18    39.97  48.13    45.56  53.71    39.29  47.45
2022-12-30    41.72  49.48    41.70  49.45   179.21 186.97    41.15  48.91    46.74  54.49    40.47  48.23
2022-12-31    42.90  50.26    42.88  50.24   180.39 187.75    42.33  49.69    47.92  55.28    41.65  49.01
2023-01-01    44.09  51.05    44.06  51.02   181.57 188.54    43.52  50.48    49.10  56.06    42.83  49.80

2023-05-30   193.58 200.48   193.56 200.46   331.07 337.97   193.01 199.91   198.60 205.50   192.33 199.23
2023-05-31   194.32 201.59   194.29 201.56   331.81 339.07   193.75 201.02   199.34 206.60   193.07 200.34
2023-06-01   195.06 202.69   195.03 202.66   332.55 340.18   194.49 202.12   200.07 207.70   193.81 201.44
2023-06-02   195.79 203.79   195.77 203.77   333.28 341.28   195.22 203.22   200.81 208.81   194.54 202.54
2023-06-03   196.53 204.90   196.50 204.87   334.02 342.38   195.96 204.33   201.54 209.91   195.28 203.65
2023-06-04   197.26 206.00   197.24 205.97   334.75 343.49   196.69 205.43   202.28 211.02   196.01 204.75
2023-06-05   197.99 207.10   197.97 207.08   335.48 344.59   197.42 206.53   203.01 212.12   196.74 205.85
2023-06-06   198.73 208.21   198.70 208.18   336.21 345.70   198.16 207.64   203.74 213.22   197.47 206.96
2023-06-07   199.45 209.31   199.43 209.29   336.94 346.80   198.88 208.74   204.47 214.33   198.20 208.06
2023-06-08   200.20 210.40   200.17 210.38   337.68 347.89   199.63 209.83   205.21 215.42   198.94 209.15
2023-06-09   201.11 211.32   201.09 211.29   338.60 348.81   200.54 210.75   206.13 216.33   199.86 210.07
2023-06-10   202.03 212.23   202.00 212.21   339.52 349.72   201.46 211.66   207.04 217.25   200.78 210.98
2023-06-11   202.95 213.15   202.92 213.12   340.43 350.64   202.38 212.58   207.96 218.16   201.69 211.90
2023-06-12   203.86 214.06   203.83 214.04   341.35 351.55   203.29 213.49   208.88 219.08   202.61 212.81
2023-06-13   204.78 214.98   204.75 214.95   342.26 352.46   204.21 214.41   209.79 219.99   203.53 213.73
2023-06-14   205.69 215.89   205.66 215.87   343.18 353.38   205.12 215.32   210.71 220.91   204.44 214.64
2023-06-15   206.61 216.81   206.58 216.78   344.09 354.29   206.04 216.24   211.62 221.82   205.35 215.56
2023-06-16   207.52 217.72   207.49 217.69   345.01 355.21   206.95 217.15   212.54 222.74   206.27 216.47
2023-06-17   208.43 218.63   208.41 218.61   345.92 356.12   207.86 218.06   213.45 223.65   207.18 217.38
2023-06-18   209.35 219.55   209.32 219.52   346.84 357.04   208.78 218.98   214.36 224.56   208.10 218.30
2023-06-19   210.26 220.46   210.24 220.44   347.75 357.95   209.69 219.89   215.28 225.48   209.01 219.21
2023-06-20   211.18 221.38   211.15 221.35   348.66 358.87   210.61 220.81   216.19 226.39   209.93 220.13
2023-06-21   212.09 222.29   212.07 222.27   349.58 359.78   211.52 221.72   217.11 227.31   210.84 221.04
2023-06-22   213.01 223.21   212.98 223.18   350.49   0.70   212.44 222.64   218.02 228.23   211.76 221.96
2023-06-23   213.92 224.13   213.89 224.10   351.41   1.61   213.35 223.56   218.94 229.14   212.67 222.88
2023-06-24   214.83 225.04   214.81 225.02   352.32   2.53   214.26 224.47   219.85 230.06   213.58 223.79
2023-06-25   215.75 225.96   215.72 225.93   353.24   3.45   215.18 225.39   220.77 230.98   214.50 224.71
2023-06-26   216.66 226.88   216.64 226.85   354.15   4.37   216.09 226.31   221.68 231.89   215.41 225.63
2023-06-27   217.58 227.80   217.55 227.77   355.07   5.28   217.01 227.23   222.60 232.81   216.33 226.55
2023-06-28   218.50 228.72   218.47 228.69   355.98   6.20   217.93 228.15   223.51 233.73   217.25 227.47
2023-06-29   219.41 229.64   219.39 229.61   356.90   7.12   218.84 229.07   224.43 234.65   218.16 228.38
2023-06-30   220.33 230.56   220.30 230.53   357.82   8.04   219.76 229.99   225.34 235.57   219.08 229.31
2023-07-01   221.25 231.48   221.22 231.45   358.73   8.96   220.68 230.91   226.26 236.49   219.99 230.23
2023-07-02   222.16 232.40   222.14 232.37   359.65   9.89   221.59 231.83   227.18 237.41   220.91 231.15
2023-07-03   223.08 233.32   223.05 233.29     0.57  10.81   222.51 232.75   228.10 238.34   221.83 232.07
2023-07-04   224.00 234.24   223.97 234.22     1.49  11.73   223.43 233.67   229.02 239.26   222.75 232.99
2023-07-05   224.92 235.17   224.89 235.14     2.41  12.66   224.35 234.60   229.93 240.18   223.67 233.92
2023-07-06   225.84 236.09   225.81 236.07     3.33  13.58   225.27 235.52   230.85 241.11   224.59 234.84
2023-07-07   226.76 237.02   226.73 236.99     4.25  14.51   226.19 236.45   231.78 242.04   225.51 235.77
2023-07-08   227.68 237.95   227.66 237.92     5.17  15.44   227.11 237.38   232.70 242.96   226.43 236.70
2023-07-09   228.60 238.88   228.58 238.85     6.09  16.36   228.03 238.31   233.62 243.89   227.35 237.63
2023-07-10   229.53 239.81   229.50 239.78     7.02  17.29   228.96 239.24   234.54 244.82   228.28 238.56
2023-07-11   230.45 240.74   230.43 240.71     7.94  18.22   229.88 240.17   235.47 245.75   229.20 239.49
2023-07-12   231.38 241.67   231.35 241.64     8.86  19.16   230.81 241.10   236.39 246.68   230.13 240.42
2023-07-13   232.30 242.60   232.28 242.58     9.79  20.09   231.73 242.03   237.32 247.62   231.05 241.35
2023-07-14   233.23 243.54   233.20 243.51    10.72  21.02   232.66 242.97   238.25 248.55   231.98 242.29
2023-07-15   234.16 244.47   234.13 244.45    11.65  21.96   233.59 243.90   239.17 249.49   232.91 243.22
2023-07-16   235.09 245.41   235.06 245.38    12.58  22.90   234.52 244.84   240.10 250.42   233.84 244.16
2023-07-17   236.02 246.35   235.99 246.32    13.51  23.83   235.45 245.78   241.03 251.36   234.77 245.10
2023-07-18   236.95 247.29   236.92 247.26    14.44  24.77   236.38 246.72   241.96 252.30   235.70 246.04
2023-07-19   237.88 248.23   237.86 248.20    15.37  25.71   237.31 247.66   242.90 253.24   236.63 246.98
2023-07-20   238.82 249.17   238.79 249.14    16.30  26.66   238.25 248.60   243.83 254.18   237.57 247.92
2023-07-21   239.75 250.11   239.73 250.09    17.24  27.60   239.18 249.54   244.77 255.13   238.50 248.86
2023-07-22   240.69 251.06   240.66 251.03    18.18  28.55   240.12 250.49   245.70 256.07   239.44 249.81
2023-07-23   241.63 252.00   241.60 251.98    19.11  29.49   241.06 251.43   246.64 257.02   240.38 250.75
2023-07-24   242.57 252.95   242.54 252.93    20.05  30.44   242.00 252.38   247.58 257.97   241.31 251.70
2023-07-25   243.51 253.90   243.48 253.88    20.99  31.39   242.94 253.33   248.52 258.92   242.26 252.65
2023-07-26   244.45 254.85   244.42 254.83    21.94  32.34   243.88 254.28   249.46 259.87   243.20 253.60
2023-07-27   245.39 255.81   245.37 255.78    22.88  33.29   244.82 255.24   250.41 260.82   244.14 254.56
2023-07-28   246.34 256.76   246.31 256.73    23.83  34.25   245.77 256.19   251.35 261.78   245.09 255.51
2023-07-29   247.28 257.72   247.26 257.69    24.77  35.20   246.71 257.15   252.30 262.73   246.03 256.47
2023-07-30   248.23 258.67   248.21 258.65    25.72  36.16   247.66 258.10   253.25 263.69   246.98 257.42
2023-07-31   249.18 259.63   249.16 259.61    26.67  37.12   248.61 259.06   254.20 264.65   247.93 258.38
2023-08-01   250.13 260.59   250.11 260.57    27.62  38.08   249.56 260.02   255.15 265.61   248.88 259.34
2023-08-02   251.09 261.56   251.06 261.53    28.57  39.04   250.52 260.99   256.10 266.57   249.84 260.31
2023-08-03   252.04 262.52   252.02 262.49    29.53  40.01   251.47 261.95   257.06 267.54   250.79 261.27
2023-08-04   253.00 263.49   252.97 263.46    30.49  40.97   252.43 262.92   258.01 268.50   251.75 262.24
2023-08-05   253.96 264.45   253.93 264.43    31.44  41.94   253.39 263.88   258.97 269.47   252.71 263.20
2023-08-06   254.92 265.42   254.89 265.40    32.40  42.91   254.35 264.85   259.93 270.44   253.67 264.17
2023-08-07   255.88 266.40   255.85 266.37    33.37  43.88   255.31 265.83   260.89 271.41   254.63 265.14
2023-08-08   256.84 267.37   256.81 267.34    34.33  44.86   256.27 266.80   261.86 272.38   255.59 266.12
2023-08-09   257.81 268.34   257.78 268.32    35.29  45.83   257.24 267.77   262.82 273.36   256.56 267.09
2023-08-10   258.77 269.32   258.75 269.29    36.26  46.81   258.20 268.75   263.79 274.33   257.52 268.07
2023-08-11   259.74 270.30   259.71 270.27    37.23  47.78   259.17 269.73   264.76 275.31   258.49 269.05
2023-08-12   260.71 271.28   260.69 271.25    38.20  48.76   260.14 270.71   265.73 276.29   259.46 270.02
2023-08-13   261.68 272.26   261.66 272.23    39.17  49.74   261.11 271.69   266.70 277.27   260.43 271.01
2023-08-14   262.66 273.24   262.63 273.21    40.14  50.73   262.09 272.67   267.67 278.25   261.41 271.99
2023-08-15   263.63 274.22   263.61 274.20    41.12  51.71   263.06 273.65   268.65 279.24   262.38 272.97
2023-08-16   264.61 275.21   264.58 275.18    42.10  52.70   264.04 274.64   269.63 280.23   263.36 273.96
2023-08-17   265.59 276.20   265.56 276.17    43.08  53.69   265.02 275.63   270.60 281.21   264.34 274.95
2023-08-18   266.57 277.19   266.54 277.16    44.06  54.67   266.00 276.62   271.58 282.20   265.32 275.94
2023-08-19   267.55 278.18   267.53 278.15    45.04  55.67   266.98 277.61   272.57 283.19   266.30 276.93
2023-08-20   268.54 279.17   268.51 279.14    46.02  56.66   267.97 278.60   273.55 284.19   267.29 277.92
2023-08-21   269.52 280.16   269.50 280.14    47.01  57.65   268.95 279.59   274.54 285.18   268.27 278.91
2023-08-22   270.51 281.16   270.48 281.13    48.00  58.65   269.94 280.59   275.52 286.18   269.26 279.91
2023-08-23   271.50 282.16   271.47 282.13    48.99  59.64   270.93 281.59   276.51 287.17   270.25 280.91
2023-08-24   272.49 283.16   272.46 283.13    49.98  60.64   271.92 282.59   277.50 288.17   271.24 281.90
2023-08-25   273.48 284.15   273.46 284.13    50.97  61.64   272.91 283.58   278.50 289.17   272.23 282.90
2023-08-26   274.48 285.16   274.45 285.13    51.96  62.64   273.91 284.59   279.49 290.17   273.22 283.91
2023-08-27   275.47 286.16   275.44 286.13    52.96  63.65   274.90 285.59   280.49 291.17   274.22 284.91
2023-08-28   276.47 287.16   276.44 287.14    53.96  64.65   275.90 286.59   281.48 292.18   275.22 285.91
2023-08-29   277.47 288.17   277.44 288.14    54.95  65.65   276.90 287.60   282.48 293.18   276.22 286.92
2023-08-30   278.47 289.17   278.44 289.15    55.95  66.66   277.90 288.60   283.48 294.19   277.22 287.92
2023-08-31   279.47 290.18   279.44 290.15    56.96  67.67   278.90 289.61   284.48 295.20   278.22 288.93
2023-09-01   280.47 291.19   280.45 291.16    57.96  68.68   279.90 290.62   285.49 296.21   279.22 289.94
2023-09-02   281.48 292.20   281.45 292.17    58.96  69.69   280.91 291.63   286.49 297.21   280.23 290.95
2023-09-03   282.48 293.21   282.46 293.18    59.97  70.70   281.91 292.64   287.50 298.23   281.23 291.96
2023-09-04   283.49 294.22   283.46 294.20    60.98  71.71   282.92 293.65   288.50 299.24   282.24 292.97
2023-09-05   284.50 295.23   284.47 295.21    61.98  72.72   283.93 294.66   289.51 300.25   283.25 293.98
2023-09-06   285.51 296.25   285.48 296.22    62.99  73.74   284.94 295.68   290.52 301.26   284.26 295.00
2023-09-07   286.52 297.26   286.49 297.24    64.01  74.75   285.95 296.69   291.53 302.28   285.27 296.01
2023-09-08   287.53 298.28   287.50 298.25    65.02  75.77   286.96 297.71   292.54 303.29   286.28 297.03
2023-09-09   288.54 299.29   288.52 299.27    66.03  76.78   287.97 298.72   293.56 304.31   287.29 298.04
2023-09-10   289.56 300.31   289.53 300.29    67.04  77.80   288.99 299.74   294.57 305.33   288.31 299.06
2023-09-11   290.57 301.33   290.55 301.30    68.06  78.82   290.00 300.76   295.59 306.34   289.32 300.08
2023-09-12   291.59 302.35   291.56 302.32    69.08  79.83   291.02 301.78   296.60 307.36   290.34 301.10
2023-09-13   292.60 303.37   292.58 303.34    70.09  80.85   292.03 302.80   297.62 308.38   291.35 302.12
2023-09-14   293.62 304.39   293.60 304.36    71.11  81.87   293.05 303.82   298.64 309.40   292.37 303.13
2023-09-15   294.64 305.40   294.61 305.38    72.13  82.89   294.07 304.83   299.66 310.42   293.39 304.15
2023-09-16   295.66 306.42   295.63 306.40    73.15  83.91   295.09 305.85   300.68 311.44   294.41 305.17
2023-09-17   296.68 307.45   296.65 307.42    74.17  84.93   296.11 306.88   301.70 312.46   295.43 306.19
2023-09-18   297.70 308.47   297.67 308.44    75.19  85.95   297.13 307.90   302.72 313.48   296.45 307.21
2023-09-19   298.72 309.49   298.70 309.46    76.21  86.97   298.15 308.92   303.74 314.50   297.47 308.24
2023-09-20   299.74 310.51   299.72 310.48    77.23  87.99   299.17 309.94   304.76 315.52   298.49 309.26
2023-09-21   300.77 311.53   300.74 311.50    78.25  89.02   300.20 310.96   305.78 316.54   299.51 310.28
2023-09-22   301.79 312.55   301.76 312.52    79.28  90.04   301.22 311.98   306.80 317.57   300.54 311.30
2023-09-23   302.81 313.57   302.78 313.54    80.30  91.06   302.24 313.00   307.83 318.59   301.56 312.32
2023-09-24   303.83 314.59   303.81 314.57    81.32  92.08   303.26 314.02   308.85 319.61   302.58 313.34
2023-09-25   304.86 315.61   304.83 315.59    82.35  93.10   304.29 315.04   309.87 320.63   303.61 314.36
2023-09-26   305.88 316.63   305.85 316.61    83.37  94.12   305.31 316.06   310.90 321.65   304.63 315.38
2023-09-27   306.91 317.66   306.88 317.63    84.39  95.14   306.34 317.09   311.92 322.67   305.65 316.40
2023-09-28   307.93 318.68   307.90 318.65    85.42  96.16   307.36 318.11   312.94 323.69   306.68 317.42
2023-09-29   308.95 319.70   308.93 319.67    86.44  97.18   308.38 319.13   313.97 324.71   307.70 318.44
2023-09-30   309.98 320.72   309.95 320.69    87.46  98.20   309.41 320.15   314.99 325.73   308.73 319.46
2023-10-01   311.00 321.73   310.97 321.71    88.49  99.22   310.43 321.16   316.02 326.75   309.75 320.48
2023-10-02   312.02 322.75   312.00 322.73    89.51 100.24   311.45 322.18   317.04 327.77   310.77 321.50
2023-10-03   313.05 323.77   313.02 323.75    90.54 101.26   312.48 323.20   318.06 328.79   311.80 322.52
2023-10-04   314.07 324.79   314.04 324.76    91.56 102.28   313.50 324.22   319.09 329.81   312.82 323.54
2023-10-05   315.09 325.81   315.07 325.78    92.58 103.29   314.52 325.24   320.11 330.82   313.84 324.56
2023-10-06   316.12 326.82   316.09 326.80    93.60 104.31   315.55 326.25   321.13 331.84   314.87 325.57
2023-10-07   317.14 327.84   317.11 327.81    94.63 105.33   316.57 327.27   322.15 332.86   315.89 326.59
2023-10-08   318.16 328.86   318.13 328.83    95.65 106.34   317.59 328.29   323.18 333.87   316.91 327.60
2023-10-09   319.18 329.87   319.16 329.84    96.67 107.36   318.61 329.30   324.20 334.89   317.93 328.62
2023-10-10   320.20 330.88   320.18 330.86    97.69 108.37   319.63 330.31   325.22 335.90   318.95 329.63
2023-10-11   321.22 331.90   321.20 331.87    98.71 109.38   320.65 331.33   326.24 336.91   319.97 330.65
2023-10-12   322.24 332.91   322.22 332.88    99.73 110.40   321.67 332.34   327.26 337.92   320.99 331.66
2023-10-13   323.26 333.92   323.24 333.89   100.75 111.41   322.69 333.35   328.28 338.94   322.01 332.67
2023-10-14   324.28 334.93   324.25 334.90   101.77 112.42   323.71 334.36   329.30 339.95   323.03 333.68
2023-10-15   325.30 335.94   325.27 335.91   102.79 113.43   324.73 335.37   330.31 340.96   324.05 334.69
2023-10-16   326.32 336.95   326.29 336.92   103.80 114.44   325.75 336.38   331.33 341.96   325.06 335.70
2023-10-17   327.33 337.96   327.30 337.93   104.82 115.44   326.76 337.39   332.35 342.97   326.08 336.71
2023-10-18   328.35 338.96   328.32 338.94   105.83 116.45   327.78 338.39   333.36 343.98   327.10 337.71
2023-10-19   329.36 339.97   329.33 339.94   106.85 117.46   328.79 339.40   334.38 344.98   328.11 338.72
2023-10-20   330.37 340.97   330.35 340.95   107.86 118.46   329.80 340.40   335.39 345.99   329.12 339.72
2023-10-21   331.39 341.98   331.36 341.95   108.87 119.46   330.82 341.41   336.40 346.99   330.14 340.73
2023-10-22   332.40 342.98   332.37 342.95   109.89 120.47   331.83 342.41   337.41 347.99   331.15 341.73
2023-10-23   333.41 343.98   333.38 343.95   110.90 121.47   332.84 343.41   338.42 349.00   332.16 342.73
2023-10-24   334.42 344.98   334.39 344.95   111.91 122.47   333.85 344.41   339.43 350.00   333.17 343.73
2023-10-25   335.43 345.98   335.40 345.95   112.92 123.47   334.86 345.41   340.44 351.00   334.18 344.73
2023-10-26   336.44 346.98   336.41 346.95   113.92 124.47   335.87 346.41   341.45 351.99   335.19 345.73
2023-10-27   337.44 347.98   337.42 347.95   114.93 125.46   336.87 347.41   342.46 352.99   336.19 346.72
2023-10-28   338.45 348.97   338.42 348.94   115.94 126.46   337.88 348.40   343.46 353.99   337.20 347.72
2023-10-29   339.45 349.97   339.43 349.94   116.94 127.45   338.88 349.40   344.47 354.98   338.20 348.72
2023-10-30   340.46 350.96   340.43 350.93   117.94 128.45   339.89 350.39   345.47 355.98   339.21 349.71
2023-10-31   341.46 351.95   341.43 351.93   118.95 129.44   340.89 351.38   346.47 356.97   340.21 350.70
2023-11-01   342.46 352.94   342.43 352.92   119.95 130.43   341.89 352.37   347.48 357.96   341.21 351.69
2023-11-02   343.46 353.93   343.43 353.91   120.95 131.42   342.89 353.36   348.48 358.95   342.21 352.68
2023-11-03   344.46 354.92   344.43 354.90   121.95 132.41   343.89 354.35   349.48 359.94   343.21 353.67
2023-11-04   345.46 355.91   345.43 355.89   122.95 133.40   344.89 355.34   350.47   0.93   344.21 354.66
2023-11-05   346.45 356.90   346.43 356.87   123.94 134.39   345.88 356.33   351.47   1.91   345.20 355.65
2023-11-06   347.45 357.89   347.42 357.86   124.94 135.37   346.88 357.32   352.47   2.90   346.20 356.63
2023-11-07   348.45 358.87   348.42 358.84   125.93 136.36   347.88 358.30   353.46   3.89   347.19 357.62
2023-11-08   349.44 359.85   349.41 359.83   126.93 137.34   348.87 359.28   354.45   4.87   348.19 358.60
2023-11-09   350.43   0.84   350.41   0.81   127.92 138.32   349.86   0.27   355.45   5.85   349.18 359.59
2023-11-10   351.42   1.82   351.40   1.79   128.91 139.31   350.85   1.25   356.44   6.83   350.17   0.57
2023-11-11   352.41   2.80   352.39   2.77   129.90 140.29   351.84   2.23   357.43   7.82   351.16   1.55
2023-11-12   353.40   3.78   353.38   3.75   130.89 141.27   352.83   3.21   358.42   8.80   352.15   2.53
2023-11-13   354.39   4.76   354.37   4.73   131.88 142.25   353.82   4.19   359.41   9.78   353.14   3.51
2023-11-14   355.38   5.74   355.35   5.71   132.87 143.23   354.81   5.17     0.39  10.75   354.13   4.49
2023-11-15   356.37   6.72   356.34   6.69   133.85 144.20   355.80   6.15     1.38  11.73   355.12   5.47
2023-11-16   357.35   7.69   357.33   7.67   134.84 145.18   356.78   7.12     2.37  12.71   356.10   6.44
2023-11-17   358.34   8.67   358.31   8.64   135.82 146.16   357.77   8.10     3.35  13.69   357.09   7.42
2023-11-18   359.32   9.65   359.29   9.62   136.81 147.13   358.75   9.08     4.34  14.66   358.07   8.39
2023-11-19     0.30  10.62     0.28  10.59   137.79 148.11   359.73  10.05     5.32  15.64   359.05   9.37
2023-11-20     1.28  11.59     1.26  11.57   138.77 149.08     0.71  11.02     6.30  16.61     0.03  10.34
2023-11-21     2.27  12.57     2.24  12.54   139.75 150.06     1.70  12.00     7.28  17.58     1.01  11.32
2023-11-22     3.25  13.54     3.22  13.51   140.73 151.03     2.68  12.97     8.26  18.56     2.00  12.29
2023-11-23     4.23  14.51     4.20  14.49   141.71 152.00     3.66  13.94     9.24  19.53     2.97  13.26
2023-11-24     5.20  15.49     5.18  15.46   142.69 152.97     4.63  14.92    10.22  20.50     3.95  14.23
2023-11-25     6.18  16.46     6.16  16.43   143.67 153.94     5.61  15.89    11.20  21.47     4.93  15.21
2023-11-26     7.16  17.43     7.13  17.40   144.65 154.91     6.59  16.86    12.18  22.44     5.91  16.18
2023-11-27     8.14  18.40     8.11  18.37   145.62 155.89     7.57  17.83    13.15  23.41     6.89  17.15
2023-11-28     9.11  19.37     9.09  19.34   146.60 156.86     8.54  18.80    14.13  24.38     7.86  18.12
2023-11-29    10.09  20.34    10.06  20.31   147.58 157.83     9.52  19.77    15.10  25.35     8.84  19.09
2023-11-30    11.06  21.31    11.04  21.28   148.55 158.80    10.49  20.74    16.08  26.32     9.81  20.06
2023-12-01    12.04  22.28    12.01  22.25   149.53 159.77    11.47  21.71    17.05  27.29    10.79  21.03
2023-12-02    13.01  23.25    12.99  23.22   150.50 160.73    12.44  22.68    18.03  28.26    11.76  22.00
2023-12-03    13.99  24.22    13.96  24.19   151.47 161.70    13.42  23.65    19.00  29.23    12.74  22.97
2023-12-04    14.96  25.19    14.93  25.16   152.45 162.67    14.39  24.62    19.98  30.20    13.71  23.94
2023-12-05    15.93  26.16    15.91  26.13   153.42 163.64    15.36  25.59    20.95  31.17    14.68  24.90
2023-12-06    16.91  27.12    16.88  27.10   154.39 164.61    16.34  26.55    21.92  32.14    15.66  25.87
2023-12-07    17.88  28.09    17.85  28.07   155.37 165.58    17.31  27.52    22.89  33.11    16.63  26.84
2023-12-08    18.85  29.06    18.83  29.04   156.34 166.55    18.28  28.49    23.87  34.08    17.60  27.81
2023-12-09    19.82  30.03    19.80  30.01   157.31 167.52    19.25  29.46    24.84  35.05    18.57  28.78
2023-12-10    20.80  31.00    20.77  30.98   158.28 168.49    20.23  30.43    25.81  36.02    19.55  29.75
2023-12-11    21.77  31.97    21.74  31.95   159.26 169.46    21.20  31.40    26.78  36.99    20.52  30.72
2023-12-12    22.74  32.94    22.71  32.92   160.23 170.43    22.17  32.37    27.76  37.96    21.49  31.69
2023-12-13    23.71  33.92    23.69  33.89   161.20 171.40    23.14  33.35    28.73  38.93    22.46  32.67
2023-12-14    24.69  34.89    24.66  34.86   162.17 172.37    24.12  34.32    29.70  39.90    23.44  33.64
2023-12-15    25.66  35.86    25.63  35.83   163.15 173.35    25.09  35.29    30.67  40.87    24.41  34.61
2023-12-16    26.63  36.83    26.61  36.81   164.12 174.32    26.06  36.26    31.65  41.85    25.38  35.58
2023-12-17    27.61  37.81    27.58  37.78   165.09 175.29    27.04  37.24    32.62  42.82    26.35  36.55
2023-12-18    28.58  38.78    28.55  38.75   166.07 176.27    28.01  38.21    33.59  43.79    27.33  37.53
2023-12-19    29.55  39.75    29.53  39.73   167.04 177.24    28.98  39.18    34.57  44.77    28.30  38.50
2023-12-20    30.53  40.73    30.50  40.70   168.01 178.22    29.96  40.16    35.54  45.74    29.28  39.48
2023-12-21    31.50  41.70    31.47  41.68   168.99 179.19    30.93  41.13    36.52  46.72    30.25  40.45
2023-12-22    32.48  42.68    32.45  42.65   169.96 180.17    31.91  42.11    37.49  47.70    31.22  41.43
2023-12-23    33.45  43.66    33.42  43.63   170.94 181.15    32.88  43.09    38.47  48.67    32.20  42.41
2023-12-24    34.43  44.64    34.40  44.61   171.91 182.12    33.86  44.07    39.44  49.65    33.18  43.39
2023-12-25    35.59  45.43    35.56  45.40   173.08 182.92    35.02  44.86    40.60  50.44    34.34  44.18
2023-12-26    36.77  46.21    36.74  46.18   174.26 183.69    36.20  45.64    41.79  51.22    35.52  44.95
2023-12-27    37.95  46.98    37.92  46.96   175.44 184.47    37.38  46.41    42.97  52.00    36.70  45.73
2023-12-28    39.13  47.76    39.11  47.74   176.62 185.25    38.56  47.19    44.15  52.78    37.88  46.51
2023-12-29    40.31  48.54    40.29  48.52   177.80 186.03    39.74  47.97    45.33  53.56    39.06  47.29
2023-12-30    41.49  49.33    41.47  49.30   178.98 186.81    40.92  48.76    46.51  54.34    40.24  48.07
