
       Target
                ecliptic
RA      Dec     latitude
299.098  43.498  62.087

Checked interval [2020-01-01, 2023-12-31]
|           Window [days]                 |    Normal V3 PA [deg]    |
   Start           End         Duration         Start         End         RA            Dec     
 2020-04-28      2020-11-22       208.00     254.62600      55.33766     299.09752      43.49759 
 2021-04-28      2021-11-22       208.00     254.88389      55.56760     299.09752      43.49759 
 2022-04-28      2022-11-22       208.08     255.13703      55.71603     299.09752      43.49759 
 2023-04-28      2023-11-23       208.90     255.30769      55.09568     299.09752      43.49759 


                V3PA          NIRCam           NIRSpec         NIRISS           MIRI          FGS
   Date      min    max      min    max       min    max     min    max      min    max      min    max

2020-04-29   250.90 258.18   250.87 258.16    28.38  35.67   250.33 257.61   255.91 263.20   249.65 256.93
2020-04-30   249.76 257.61   249.73 257.58    27.25  35.10   249.19 257.04   254.78 262.62   248.51 256.36
2020-05-01   248.63 257.04   248.60 257.01    26.11  34.52   248.06 256.47   253.64 262.05   247.38 255.78
2020-05-02   247.49 256.46   247.47 256.44    24.98  33.95   246.92 255.89   252.51 261.48   246.24 255.21
2020-05-03   246.36 255.89   246.33 255.87    23.85  33.38   245.79 255.32   251.37 260.91   245.11 254.64
2020-05-04   245.23 255.32   245.20 255.30    22.71  32.81   244.66 254.75   250.24 260.34   243.97 254.07
2020-05-05   244.32 254.53   244.29 254.50    21.81  32.02   243.75 253.96   249.34 259.54   243.07 253.28
2020-05-06   243.47 253.68   243.45 253.65    20.96  31.17   242.90 253.11   248.49 258.69   242.22 252.43
2020-05-07   242.63 252.83   242.60 252.80    20.11  30.32   242.06 252.26   247.64 257.84   241.38 251.58
2020-05-08   241.78 251.98   241.75 251.95    19.27  29.47   241.21 251.41   246.79 256.99   240.53 250.73
2020-05-09   240.93 251.13   240.91 251.11    18.42  28.62   240.36 250.56   245.95 256.15   239.68 249.88
2020-05-10   240.08 250.28   240.06 250.26    17.57  27.77   239.51 249.71   245.10 255.30   238.83 249.03
2020-05-11   239.24 249.44   239.21 249.41    16.72  26.93   238.67 248.87   244.25 254.45   237.99 248.19
2020-05-12   238.39 248.59   238.36 248.56    15.88  26.08   237.82 248.02   243.40 253.61   237.14 247.34
2020-05-13   237.54 247.75   237.52 247.72    15.03  25.23   236.97 247.18   242.56 252.76   236.29 246.49
2020-05-14   236.69 246.90   236.67 246.87    14.18  24.39   236.12 246.33   241.71 251.91   235.44 245.65
2020-05-15   235.84 246.05   235.82 246.03    13.33  23.54   235.27 245.48   240.86 251.07   234.59 244.80
2020-05-16   234.99 245.21   234.97 245.18    12.48  22.69   234.42 244.64   240.01 250.22   233.74 243.96
2020-05-17   234.14 244.36   234.12 244.33    11.63  21.85   233.57 243.79   239.16 249.38   232.89 243.11
2020-05-18   233.29 243.51   233.27 243.49    10.78  21.00   232.72 242.94   238.31 248.53   232.04 242.26
2020-05-19   232.44 242.67   232.41 242.64     9.93  20.15   231.87 242.10   237.46 247.68   231.19 241.42
2020-05-20   231.59 241.82   231.56 241.79     9.07  19.31   231.02 241.25   236.60 246.83   230.34 240.57
2020-05-21   230.73 240.97   230.70 240.94     8.22  18.46   230.16 240.40   235.75 245.99   229.48 239.72
2020-05-22   229.87 240.12   229.85 240.10     7.36  17.61   229.30 239.55   234.89 245.14   228.62 238.87
2020-05-23   229.02 239.27   228.99 239.25     6.50  16.76   228.45 238.70   234.03 244.29   227.77 238.02
2020-05-24   228.16 238.42   228.13 238.40     5.64  15.91   227.59 237.85   233.17 243.44   226.91 237.17
2020-05-25   227.30 237.57   227.27 237.54     4.78  15.06   226.73 237.00   232.31 242.58   226.05 236.32
2020-05-26   226.43 236.72   226.41 236.69     3.92  14.20   225.86 236.15   231.45 241.73   225.18 235.47
2020-05-27   225.57 235.86   225.54 235.84     3.06  13.35   225.00 235.29   230.58 240.88   224.32 234.61
2020-05-28   224.70 235.01   224.67 234.98     2.19  12.49   224.13 234.44   229.72 240.02   223.45 233.76
2020-05-29   223.83 234.15   223.81 234.12     1.32  11.64   223.26 233.58   228.85 239.16   222.58 232.90
2020-05-30   222.96 233.29   222.93 233.26     0.45  10.78   222.39 232.72   227.98 238.30   221.71 232.04
2020-05-31   222.09 232.43   222.06 232.40   359.57   9.92   221.52 231.86   227.10 237.44   220.84 231.18
2020-06-01   221.21 231.56   221.18 231.54   358.70   9.05   220.64 230.99   226.23 236.58   219.96 230.31
2020-06-02   220.33 230.70   220.31 230.67   357.82   8.19   219.76 230.13   225.35 235.72   219.08 229.45
2020-06-03   219.45 229.83   219.42 229.81   356.94   7.32   218.88 229.26   224.47 234.85   218.20 228.58
2020-06-04   218.57 228.96   218.54 228.94   356.05   6.45   218.00 228.39   223.58 233.98   217.32 227.71
2020-06-05   217.68 228.09   217.65 228.07   355.17   5.58   217.11 227.52   222.70 233.11   216.43 226.84
2020-06-06   216.79 227.22   216.76 227.19   354.28   4.71   216.22 226.65   221.81 232.23   215.54 225.97
2020-06-07   215.90 226.34   215.87 226.31   353.38   3.83   215.33 225.77   220.91 231.36   214.65 225.09
2020-06-08   215.00 225.46   214.97 225.44   352.49   2.95   214.43 224.89   220.02 230.48   213.75 224.21
2020-06-09   214.10 224.58   214.08 224.55   351.59   2.07   213.53 224.01   219.12 229.60   212.85 223.33
2020-06-10   213.20 223.70   213.17 223.67   350.69   1.18   212.63 223.13   218.22 228.71   211.95 222.44
2020-06-11   212.29 222.81   212.27 222.78   349.78   0.30   211.72 222.24   217.31 227.82   211.04 221.56
2020-06-12   211.38 221.92   211.36 221.89   348.87 359.40   210.81 221.35   216.40 226.93   210.13 220.67
2020-06-13   210.47 221.02   210.45 221.00   347.96 358.51   209.90 220.45   215.49 226.04   209.22 219.77
2020-06-14   209.56 220.13   209.53 220.10   347.04 357.61   208.99 219.56   214.57 225.14   208.30 218.88
2020-06-15   208.64 219.23   208.61 219.20   346.12 356.71   208.07 218.66   213.65 224.24   207.38 217.98
2020-06-16   207.71 218.32   207.69 218.30   345.20 355.81   207.14 217.75   212.73 223.34   206.46 217.07
2020-06-17   206.78 217.42   206.76 217.39   344.27 354.90   206.21 216.85   211.80 222.43   205.53 216.16
2020-06-18   205.85 216.50   205.83 216.48   343.34 353.99   205.28 215.93   210.87 221.52   204.60 215.25
2020-06-19   204.92 215.59   204.89 215.56   342.40 353.08   204.35 215.02   209.93 220.61   203.67 214.34
2020-06-20   203.98 214.67   203.95 214.65   341.47 352.16   203.41 214.10   208.99 219.69   202.73 213.42
2020-06-21   203.03 213.75   203.01 213.72   340.52 351.24   202.46 213.18   208.05 218.77   201.78 212.50
2020-06-22   202.09 212.82   202.06 212.80   339.57 350.31   201.52 212.25   207.10 217.84   200.84 211.57
2020-06-23   201.14 211.90   201.11 211.87   338.62 349.38   200.57 211.33   206.15 216.91   199.88 210.64
2020-06-24   200.18 210.96   200.15 210.94   337.67 348.45   199.61 210.39   205.19 215.98   198.93 209.71
2020-06-25   199.22 210.02   199.19 210.00   336.71 347.51   198.65 209.45   204.23 215.04   197.97 208.77
2020-06-26   198.26 209.08   198.23 209.06   335.74 346.57   197.69 208.51   203.27 214.10   197.00 207.83
2020-06-27   197.29 208.14   197.26 208.11   334.77 345.62   196.72 207.57   202.30 213.15   196.04 206.89
2020-06-28   196.31 207.19   196.29 207.16   333.80 344.67   195.74 206.62   201.33 212.20   195.06 205.94
2020-06-29   195.34 206.23   195.31 206.21   332.82 343.72   194.77 205.66   200.35 211.25   194.09 204.98
2020-06-30   194.36 205.27   194.33 205.25   331.84 342.76   193.79 204.70   199.37 210.29   193.10 204.02
2020-07-01   193.37 204.31   193.34 204.28   330.86 341.80   192.80 203.74   198.38 209.33   192.12 203.06
2020-07-02   192.38 203.34   192.35 203.32   329.87 340.83   191.81 202.77   197.39 208.36   191.13 202.09
2020-07-03   191.39 202.37   191.36 202.35   328.87 339.86   190.82 201.80   196.40 207.39   190.13 201.12
2020-07-04   190.39 201.40   190.36 201.37   327.87 338.88   189.82 200.83   195.40 206.41   189.14 200.15
2020-07-05   189.38 200.42   189.36 200.39   326.87 337.90   188.81 199.85   194.40 205.43   188.13 199.17
2020-07-06   188.38 199.43   188.35 199.41   325.86 336.92   187.81 198.86   193.39 204.45   187.13 198.18
2020-07-07   187.36 198.44   187.34 198.42   324.85 335.93   186.79 197.87   192.38 203.46   186.11 197.19
2020-07-08   186.35 197.45   186.32 197.42   323.84 334.94   185.78 196.88   191.36 202.47   185.10 196.20
2020-07-09   185.33 196.45   185.30 196.43   322.82 333.94   184.76 195.88   190.34 201.47   184.08 195.20
2020-07-10   184.31 195.45   184.28 195.42   321.79 332.94   183.74 194.88   189.32 200.47   183.05 194.20
2020-07-11   183.28 194.44   183.25 194.42   320.76 331.93   182.71 193.87   188.29 199.46   182.03 193.19
2020-07-12   182.25 193.43   182.22 193.41   319.73 330.92   181.68 192.86   187.26 198.45   180.99 192.18
2020-07-13   181.21 192.42   181.18 192.39   318.70 329.91   180.64 191.85   186.22 197.43   179.96 191.17
2020-07-14   180.17 191.40   180.14 191.37   317.66 328.89   179.60 190.83   185.18 196.42   178.92 190.15
2020-07-15   179.13 190.38   179.10 190.35   316.61 327.86   178.56 189.81   184.14 195.39   177.88 189.13
2020-07-16   178.08 189.35   178.05 189.32   315.57 326.84   177.51 188.78   183.09 194.37   176.83 188.10
2020-07-17   177.03 188.32   177.00 188.29   314.52 325.81   176.46 187.75   182.04 193.33   175.78 187.07
2020-07-18   175.97 187.28   175.95 187.26   313.46 324.77   175.40 186.71   180.99 192.30   174.72 186.03
2020-07-19   174.92 186.24   174.89 186.22   312.40 323.73   174.35 185.67   179.93 191.26   173.67 184.99
2020-07-20   173.86 185.20   173.83 185.18   311.34 322.69   173.29 184.63   178.87 190.22   172.61 183.95
2020-07-21   172.79 184.16   172.77 184.13   310.28 321.64   172.22 183.59   177.81 189.17   171.54 182.91
2020-07-22   171.73 183.11   171.70 183.08   309.21 320.59   171.16 182.54   176.74 188.12   170.48 181.86
2020-07-23   170.66 182.05   170.63 182.03   308.14 319.54   170.09 181.48   175.67 187.07   169.41 180.80
2020-07-24   169.59 181.00   169.56 180.97   307.07 318.48   169.02 180.43   174.60 186.01   168.33 179.75
2020-07-25   168.51 179.94   168.48 179.91   306.00 317.42   167.94 179.37   173.53 184.95   167.26 178.69
2020-07-26   167.43 178.87   167.41 178.85   304.92 316.36   166.86 178.30   172.45 183.89   166.18 177.62
2020-07-27   166.35 177.81   166.33 177.78   303.84 315.29   165.78 177.24   171.37 182.82   165.10 176.56
2020-07-28   165.27 176.74   165.25 176.71   302.76 314.23   164.70 176.17   170.29 181.75   164.02 175.49
2020-07-29   164.19 175.67   164.16 175.64   301.68 313.15   163.62 175.10   169.21 180.68   162.94 174.42
2020-07-30   163.10 174.59   163.08 174.57   300.59 312.08   162.53 174.02   168.12 179.61   161.85 173.34
2020-07-31   162.02 173.52   161.99 173.49   299.51 311.00   161.45 172.95   167.03 178.53   160.77 172.27
2020-08-01   160.93 172.44   160.90 172.41   298.42 309.92   160.36 171.87   165.95 177.45   159.68 171.19
2020-08-02   159.84 171.36   159.81 171.33   297.33 308.84   159.27 170.79   164.86 176.37   158.59 170.11
2020-08-03   158.75 170.27   158.72 170.25   296.24 307.76   158.18 169.70   163.77 175.29   157.50 169.02
2020-08-04   157.66 169.19   157.63 169.16   295.15 306.68   157.09 168.62   162.67 174.20   156.41 167.94
2020-08-05   156.57 168.10   156.54 168.08   294.05 305.59   156.00 167.53   161.58 173.12   155.32 166.85
2020-08-06   155.47 167.01   155.45 166.99   292.96 304.50   154.90 166.44   160.49 172.03   154.22 165.76
2020-08-07   154.38 165.93   154.35 165.90   291.87 303.41   153.81 165.36   159.40 170.94   153.13 164.67
2020-08-08   153.29 164.84   153.26 164.81   290.78 302.32   152.72 164.27   158.30 169.85   152.04 163.58
2020-08-09   152.19 163.74   152.17 163.72   289.68 301.23   151.62 163.17   157.21 168.76   150.94 162.49
2020-08-10   151.10 162.65   151.07 162.63   288.59 300.14   150.53 162.08   156.12 167.67   149.85 161.40
2020-08-11   150.01 161.56   149.98 161.53   287.50 299.05   149.44 160.99   155.02 166.57   148.76 160.31
2020-08-12   148.92 160.47   148.89 160.44   286.40 297.95   148.35 159.90   153.93 165.48   147.66 159.22
2020-08-13   147.82 159.37   147.80 159.35   285.31 296.86   147.25 158.80   152.84 164.39   146.57 158.12
2020-08-14   146.73 158.28   146.71 158.25   284.22 295.77   146.16 157.71   151.75 163.29   145.48 157.03
2020-08-15   145.64 157.19   145.62 157.16   283.13 294.67   145.07 156.62   150.66 162.20   144.39 155.93
2020-08-16   144.55 156.09   144.53 156.07   282.04 293.58   143.98 155.52   149.57 161.11   143.30 154.84
2020-08-17   143.47 155.00   143.44 154.97   280.95 292.49   142.90 154.43   148.48 160.01   142.22 153.75
2020-08-18   142.38 153.91   142.35 153.88   279.87 291.39   141.81 153.34   147.40 158.92   141.13 152.66
2020-08-19   141.30 152.82   141.27 152.79   278.78 290.30   140.73 152.25   146.31 157.83   140.04 151.57
2020-08-20   140.21 151.73   140.19 151.70   277.70 289.21   139.64 151.16   145.23 156.74   138.96 150.47
2020-08-21   139.13 150.64   139.11 150.61   276.62 288.12   138.56 150.07   144.15 155.65   137.88 149.38
2020-08-22   138.05 149.55   138.03 149.52   275.54 287.03   137.48 148.98   143.07 154.56   136.80 148.30
2020-08-23   136.98 148.46   136.95 148.43   274.46 285.95   136.41 147.89   141.99 153.48   135.73 147.21
2020-08-24   135.90 147.37   135.88 147.35   273.39 284.86   135.33 146.80   140.92 152.39   134.65 146.12
2020-08-25   134.83 146.29   134.80 146.26   272.32 283.78   134.26 145.72   139.85 151.31   133.58 145.04
2020-08-26   133.76 145.21   133.74 145.18   271.25 282.70   133.19 144.64   138.78 150.22   132.51 143.96
2020-08-27   132.70 144.13   132.67 144.10   270.18 281.62   132.13 143.56   137.71 149.14   131.44 142.88
2020-08-28   131.63 143.05   131.61 143.02   269.12 280.54   131.06 142.48   136.65 148.07   130.38 141.80
2020-08-29   130.57 141.98   130.54 141.95   268.06 279.46   130.00 141.41   135.59 146.99   129.32 140.73
2020-08-30   129.51 140.90   129.49 140.88   267.00 278.39   128.94 140.33   134.53 145.92   128.26 139.65
2020-08-31   128.46 139.83   128.43 139.81   265.95 277.32   127.89 139.26   133.47 144.85   127.21 138.58
2020-09-01   127.41 138.76   127.38 138.74   264.90 276.25   126.84 138.19   132.42 143.78   126.16 137.51
2020-09-02   126.36 137.70   126.33 137.67   263.85 275.19   125.79 137.13   131.38 142.71   125.11 136.45
2020-09-03   125.32 136.64   125.29 136.61   262.80 274.12   124.75 136.07   130.33 141.65   124.06 135.39
2020-09-04   124.27 135.58   124.25 135.55   261.76 273.06   123.70 135.01   129.29 140.59   123.02 134.33
2020-09-05   123.24 134.52   123.21 134.49   260.72 272.01   122.67 133.95   128.25 139.54   121.99 133.27
2020-09-06   122.20 133.47   122.18 133.44   259.69 270.95   121.63 132.90   127.22 138.48   120.95 132.22
2020-09-07   121.17 132.42   121.15 132.39   258.66 269.90   120.60 131.85   126.19 137.43   119.92 131.17
2020-09-08   120.15 131.37   120.12 131.34   257.63 268.86   119.58 130.80   125.16 136.38   118.90 130.12
2020-09-09   119.12 130.33   119.10 130.30   256.61 267.81   118.55 129.76   124.14 135.34   117.87 129.08
2020-09-10   118.10 129.29   118.08 129.26   255.59 266.77   117.53 128.72   123.12 134.30   116.85 128.04
2020-09-11   117.09 128.25   117.06 128.22   254.58 265.74   116.52 127.68   122.11 133.26   115.84 127.00
2020-09-12   116.08 127.22   116.05 127.19   253.57 264.70   115.51 126.65   121.09 132.23   114.83 125.97
2020-09-13   115.07 126.19   115.04 126.16   252.56 263.67   114.50 125.62   120.09 131.20   113.82 124.94
2020-09-14   114.07 125.16   114.04 125.13   251.56 262.65   113.50 124.59   119.08 130.18   112.82 123.91
2020-09-15   113.07 124.14   113.04 124.11   250.56 261.63   112.50 123.57   118.08 129.15   111.82 122.89
2020-09-16   112.07 123.12   112.05 123.09   249.56 260.61   111.50 122.55   117.09 128.14   110.82 121.87
2020-09-17   111.08 122.11   111.05 122.08   248.57 259.59   110.51 121.54   116.10 127.12   109.83 120.86
2020-09-18   110.09 121.10   110.07 121.07   247.58 258.58   109.52 120.53   115.11 126.11   108.84 119.85
2020-09-19   109.11 120.09   109.08 120.06   246.60 257.58   108.54 119.52   114.12 125.10   107.86 118.84
2020-09-20   108.13 119.09   108.10 119.06   245.62 256.57   107.56 118.52   113.14 124.10   106.88 117.83
2020-09-21   107.15 118.09   107.13 118.06   244.64 255.57   106.58 117.52   112.17 123.10   105.90 116.84
2020-09-22   106.18 117.09   106.15 117.06   243.67 254.58   105.61 116.52   111.19 122.11   104.93 115.84
2020-09-23   105.21 116.10   105.18 116.07   242.70 253.59   104.64 115.53   110.23 121.11   103.96 114.85
2020-09-24   104.25 115.11   104.22 115.08   241.73 252.60   103.68 114.54   109.26 120.13   103.00 113.86
2020-09-25   103.28 114.13   103.26 114.10   240.77 251.61   102.71 113.56   108.30 119.14   102.03 112.88
2020-09-26   102.33 113.15   102.30 113.12   239.81 250.63   101.76 112.58   107.34 118.16   101.08 111.90
2020-09-27   101.37 112.17   101.35 112.14   238.86 249.66   100.80 111.60   106.39 117.18   100.12 110.92
2020-09-28   100.42 111.20   100.40 111.17   237.91 248.68    99.85 110.63   105.44 116.21    99.17 109.95
2020-09-29    99.48 110.23    99.45 110.20   236.96 247.71    98.91 109.66   104.49 115.24    98.22 108.98
2020-09-30    98.53 109.26    98.51 109.24   236.02 246.75    97.96 108.69   103.55 114.28    97.28 108.01
2020-10-01    97.59 108.30    97.57 108.27   235.08 245.79    97.02 107.73   102.61 113.31    96.34 107.05
2020-10-02    96.65 107.34    96.63 107.31   234.14 244.83    96.08 106.77   101.67 112.36    95.40 106.09
2020-10-03    95.72 106.39    95.69 106.36   233.21 243.87    95.15 105.82   100.74 111.40    94.47 105.14
2020-10-04    94.79 105.43    94.76 105.41   232.28 242.92    94.22 104.86    99.81 110.45    93.54 104.18
2020-10-05    93.86 104.49    93.84 104.46   231.35 241.97    93.29 103.92    98.88 109.50    92.61 103.24
2020-10-06    92.94 103.54    92.91 103.52   230.43 241.03    92.37 102.97    97.95 108.56    91.69 102.29
2020-10-07    92.02 102.60    91.99 102.57   229.50 240.09    91.45 102.03    97.03 107.62    90.77 101.35
2020-10-08    91.10 101.66    91.07 101.64   228.59 239.15    90.53 101.09    96.11 106.68    89.85 100.41
2020-10-09    90.18 100.73    90.16 100.70   227.67 238.21    89.61 100.16    95.20 105.74    88.93  99.48
2020-10-10    89.27  99.79    89.24  99.77   226.76 237.28    88.70  99.22    94.29 104.81    88.02  98.54
2020-10-11    88.36  98.87    88.33  98.84   225.85 236.35    87.79  98.30    93.37 103.88    87.11  97.61
2020-10-12    87.45  97.94    87.42  97.91   224.94 235.43    86.88  97.37    92.47 102.95    86.20  96.69
2020-10-13    86.55  97.02    86.52  96.99   224.03 234.50    85.98  96.45    91.56 102.03    85.29  95.76
2020-10-14    85.64  96.09    85.62  96.07   223.13 233.58    85.07  95.52    90.66 101.11    84.39  94.84
2020-10-15    84.74  95.18    84.71  95.15   222.23 232.66    84.17  94.61    89.76 100.19    83.49  93.93
2020-10-16    83.84  94.26    83.81  94.23   221.33 231.75    83.27  93.69    88.86  99.28    82.59  93.01
2020-10-17    82.94  93.35    82.92  93.32   220.43 230.84    82.37  92.78    87.96  98.36    81.69  92.10
2020-10-18    82.05  92.44    82.02  92.41   219.54 229.93    81.48  91.87    87.06  97.45    80.80  91.19
2020-10-19    81.16  91.53    81.13  91.50   218.64 229.02    80.59  90.96    86.17  96.54    79.90  90.28
2020-10-20    80.26  90.62    80.24  90.60   217.75 228.11    79.69  90.05    85.28  95.64    79.01  89.37
2020-10-21    79.37  89.72    79.35  89.69   216.86 227.21    78.80  89.15    84.39  94.73    78.12  88.47
2020-10-22    78.48  88.82    78.46  88.79   215.97 226.30    77.91  88.25    83.50  93.83    77.23  87.57
2020-10-23    77.60  87.92    77.57  87.89   215.08 225.40    77.03  87.35    82.61  92.93    76.35  86.67
2020-10-24    76.71  87.02    76.68  86.99   214.20 224.51    76.14  86.45    81.73  92.03    75.46  85.77
2020-10-25    75.83  86.12    75.80  86.10   213.31 223.61    75.26  85.55    80.84  91.14    74.57  84.87
2020-10-26    74.94  85.23    74.91  85.20   212.43 222.72    74.37  84.66    79.96  90.24    73.69  83.98
2020-10-27    74.06  84.33    74.03  84.31   211.55 221.82    73.49  83.76    79.07  89.35    72.81  83.08
2020-10-28    73.18  83.44    73.15  83.42   210.66 220.93    72.61  82.87    78.19  88.46    71.92  82.19
2020-10-29    72.29  82.55    72.27  82.53   209.78 220.04    71.72  81.98    77.31  87.57    71.04  81.30
2020-10-30    71.41  81.66    71.39  81.64   208.90 219.15    70.84  81.09    76.43  86.68    70.16  80.41
2020-10-31    70.53  80.77    70.51  80.75   208.02 218.26    69.96  80.20    75.55  85.79    69.28  79.52
2020-11-01    69.65  79.89    69.62  79.86   207.14 217.37    69.08  79.32    74.67  84.90    68.40  78.64
2020-11-02    68.77  79.00    68.74  78.97   206.26 216.49    68.20  78.43    73.79  84.01    67.52  77.75
2020-11-03    67.89  78.11    67.86  78.09   205.38 215.60    67.32  77.54    72.91  83.13    66.64  76.86
2020-11-04    67.01  77.23    66.98  77.20   204.50 214.72    66.44  76.66    72.03  82.24    65.76  75.98
2020-11-05    66.13  76.34    66.10  76.32   203.62 213.83    65.56  75.77    71.15  81.36    64.88  75.09
2020-11-06    65.25  75.46    65.22  75.43   202.74 212.95    64.68  74.89    70.26  80.47    64.00  74.21
2020-11-07    64.37  74.57    64.34  74.55   201.86 212.06    63.80  74.00    69.38  79.59    63.12  73.32
2020-11-08    63.49  73.69    63.46  73.66   200.97 211.18    62.92  73.12    68.50  78.71    62.24  72.44
2020-11-09    62.61  72.81    62.58  72.78   200.09 210.29    62.04  72.24    67.62  77.82    61.35  71.56
2020-11-10    61.72  71.92    61.70  71.90   199.21 209.41    61.15  71.35    66.74  76.94    60.47  70.67
2020-11-11    60.84  71.04    60.81  71.01   198.33 208.53    60.27  70.47    65.85  76.05    59.59  69.79
2020-11-12    59.95  70.15    59.93  70.13   197.44 207.64    59.38  69.58    64.97  75.17    58.70  68.90
2020-11-13    59.07  69.27    59.04  69.24   196.56 206.76    58.50  68.70    64.08  74.28    57.82  68.02
2020-11-14    58.18  68.38    58.15  68.36   195.67 205.87    57.61  67.81    63.20  73.40    56.93  67.13
2020-11-15    57.29  67.50    57.27  67.47   194.78 204.98    56.72  66.93    62.31  72.51    56.04  66.25
2020-11-16    56.40  66.61    56.38  66.58   193.89 204.10    55.83  66.04    61.42  71.63    55.15  65.36
2020-11-17    55.64  65.59    55.62  65.57   193.13 203.08    55.07  65.02    60.66  70.61    54.39  64.34
2020-11-18    55.04  64.41    55.02  64.38   192.53 201.90    54.47  63.84    60.06  69.42    53.79  63.16
2020-11-19    54.44  63.23    54.42  63.20   191.93 200.71    53.87  62.66    59.46  68.24    53.19  61.98
2020-11-20    53.84  62.04    53.81  62.02   191.33 199.53    53.27  61.47    58.85  67.06    52.59  60.79
2020-11-21    53.23  60.86    53.21  60.83   190.72 198.34    52.66  60.29    58.25  65.87    51.98  59.61
2020-11-22    52.62  59.67    52.60  59.64   190.11 197.16    52.05  59.10    57.64  64.68    51.37  58.42

2021-04-29   251.24 258.36   251.21 258.33    28.72  35.85   250.67 257.79   256.25 263.38   249.98 257.11
2021-04-30   250.10 257.79   250.07 257.76    27.59  35.27   249.53 257.22   255.11 262.80   248.85 256.53
2021-05-01   248.96 257.21   248.94 257.18    26.45  34.70   248.39 256.64   253.98 262.23   247.71 255.96
2021-05-02   247.83 256.64   247.80 256.61    25.31  34.13   247.26 256.07   252.84 261.65   246.58 255.39
2021-05-03   246.69 256.07   246.67 256.04    24.18  33.56   246.12 255.50   251.71 261.08   245.44 254.82
2021-05-04   245.56 255.50   245.53 255.47    23.05  32.99   244.99 254.93   250.57 260.51   244.31 254.25
2021-05-05   244.57 254.78   244.55 254.75    22.06  32.27   244.00 254.21   249.59 259.80   243.32 253.53
2021-05-06   243.72 253.93   243.70 253.90    21.21  31.42   243.15 253.36   248.74 258.95   242.47 252.68
2021-05-07   242.88 253.08   242.85 253.05    20.36  30.57   242.31 252.51   247.89 258.09   241.63 251.83
2021-05-08   242.03 252.23   242.00 252.20    19.52  29.72   241.46 251.66   247.04 257.24   240.78 250.98
2021-05-09   241.18 251.38   241.15 251.35    18.67  28.87   240.61 250.81   246.20 256.40   239.93 250.13
2021-05-10   240.33 250.53   240.31 250.51    17.82  28.02   239.76 249.96   245.35 255.55   239.08 249.28
2021-05-11   239.48 249.68   239.46 249.66    16.97  27.17   238.91 249.11   244.50 254.70   238.23 248.43
2021-05-12   238.64 248.84   238.61 248.81    16.12  26.32   238.07 248.27   243.65 253.85   237.39 247.59
2021-05-13   237.79 247.99   237.76 247.96    15.27  25.48   237.22 247.42   242.80 253.01   236.54 246.74
2021-05-14   236.94 247.14   236.91 247.12    14.43  24.63   236.37 246.57   241.95 252.16   235.69 245.89
2021-05-15   236.09 246.30   236.06 246.27    13.58  23.78   235.52 245.73   241.10 251.31   234.84 245.05
2021-05-16   235.24 245.45   235.21 245.42    12.73  22.94   234.67 244.88   240.25 250.46   233.99 244.20
2021-05-17   234.39 244.60   234.36 244.58    11.87  22.09   233.82 244.03   239.40 249.62   233.14 243.35
2021-05-18   233.53 243.75   233.51 243.73    11.02  21.24   232.96 243.18   238.55 248.77   232.28 242.50
2021-05-19   232.68 242.91   232.65 242.88    10.17  20.39   232.11 242.34   237.70 247.92   231.43 241.66
2021-05-20   231.83 242.06   231.80 242.03     9.31  19.55   231.26 241.49   236.84 247.07   230.58 240.81
2021-05-21   230.97 241.21   230.94 241.18     8.46  18.70   230.40 240.64   235.99 246.22   229.72 239.96
2021-05-22   230.11 240.36   230.09 240.33     7.60  17.85   229.54 239.79   235.13 245.37   228.86 239.11
2021-05-23   229.25 239.51   229.23 239.48     6.74  17.00   228.68 238.94   234.27 244.52   228.00 238.26
2021-05-24   228.39 238.66   228.37 238.63     5.88  16.14   227.82 238.09   233.41 243.67   227.14 237.41
2021-05-25   227.53 237.80   227.51 237.78     5.02  15.29   226.96 237.23   232.55 242.82   226.28 236.55
2021-05-26   226.67 236.95   226.64 236.92     4.16  14.44   226.10 236.38   231.68 241.96   225.42 235.70
2021-05-27   225.80 236.09   225.78 236.07     3.29  13.58   225.23 235.52   230.82 241.11   224.55 234.84
2021-05-28   224.94 235.24   224.91 235.21     2.42  12.72   224.37 234.67   229.95 240.25   223.68 233.99
2021-05-29   224.07 234.38   224.04 234.35     1.55  11.87   223.50 233.81   229.08 239.39   222.81 233.13
2021-05-30   223.19 233.52   223.17 233.49     0.68  11.01   222.62 232.95   228.21 238.53   221.94 232.27
2021-05-31   222.32 232.66   222.29 232.63   359.81  10.14   221.75 232.09   227.33 237.67   221.07 231.41
2021-06-01   221.44 231.79   221.42 231.77   358.93   9.28   220.87 231.22   226.46 236.81   220.19 230.54
2021-06-02   220.56 230.93   220.54 230.90   358.05   8.41   219.99 230.36   225.58 235.94   219.31 229.68
2021-06-03   219.68 230.06   219.65 230.03   357.17   7.55   219.11 229.49   224.70 235.07   218.43 228.81
2021-06-04   218.80 229.19   218.77 229.16   356.28   6.68   218.23 228.62   223.81 234.20   217.54 227.94
2021-06-05   217.91 228.32   217.88 228.29   355.40   5.80   217.34 227.75   222.92 233.33   216.66 227.07
2021-06-06   217.02 227.44   216.99 227.42   354.50   4.93   216.45 226.87   222.03 232.46   215.77 226.19
2021-06-07   216.12 226.56   216.10 226.54   353.61   4.05   215.55 225.99   221.14 231.58   214.87 225.31
2021-06-08   215.23 225.68   215.20 225.66   352.71   3.17   214.66 225.11   220.24 230.70   213.98 224.43
2021-06-09   214.33 224.80   214.30 224.78   351.81   2.29   213.76 224.23   219.34 229.82   213.08 223.55
2021-06-10   213.42 223.92   213.40 223.89   350.91   1.40   212.85 223.35   218.44 228.93   212.17 222.67
2021-06-11   212.52 223.03   212.49 223.00   350.00   0.52   211.95 222.46   217.53 228.04   211.27 221.78
2021-06-12   211.61 222.14   211.58 222.11   349.09 359.62   211.04 221.57   216.62 227.15   210.36 220.89
2021-06-13   210.69 221.24   210.67 221.22   348.18 358.73   210.12 220.67   215.71 226.26   209.44 219.99
2021-06-14   209.78 220.34   209.75 220.32   347.26 357.83   209.21 219.77   214.79 225.36   208.53 219.09
2021-06-15   208.86 219.44   208.83 219.42   346.34 356.93   208.29 218.87   213.87 224.46   207.61 218.19
2021-06-16   207.93 218.54   207.91 218.51   345.42 356.03   207.36 217.97   212.95 223.55   206.68 217.29
2021-06-17   207.00 217.63   206.98 217.60   344.49 355.12   206.43 217.06   212.02 222.65   205.75 216.38
2021-06-18   206.07 216.72   206.04 216.69   343.56 354.21   205.50 216.15   211.09 221.73   204.82 215.47
2021-06-19   205.14 215.80   205.11 215.78   342.62 353.29   204.57 215.23   210.15 220.82   203.88 214.55
2021-06-20   204.20 214.89   204.17 214.86   341.68 352.37   203.63 214.32   209.21 219.90   202.94 213.63
2021-06-21   203.25 213.96   203.22 213.94   340.74 351.45   202.68 213.39   208.27 218.98   202.00 212.71
2021-06-22   202.30 213.04   202.28 213.01   339.79 350.52   201.73 212.47   207.32 218.05   201.05 211.79
2021-06-23   201.35 212.11   201.32 212.08   338.84 349.59   200.78 211.54   206.37 217.12   200.10 210.86
2021-06-24   200.39 211.17   200.37 211.15   337.88 348.66   199.82 210.60   205.41 216.19   199.14 209.92
2021-06-25   199.43 210.23   199.41 210.21   336.92 347.72   198.86 209.66   204.45 215.25   198.18 208.98
2021-06-26   198.47 209.29   198.44 209.27   335.96 346.78   197.90 208.72   203.48 214.31   197.22 208.04
2021-06-27   197.50 208.35   197.47 208.32   334.99 345.83   196.93 207.78   202.52 213.36   196.25 207.10
2021-06-28   196.53 207.40   196.50 207.37   334.01 344.88   195.96 206.83   201.54 212.41   195.28 206.14
2021-06-29   195.55 206.44   195.52 206.41   333.04 343.93   194.98 205.87   200.56 211.46   194.30 205.19
2021-06-30   194.57 205.48   194.54 205.46   332.05 342.97   194.00 204.91   199.58 210.50   193.32 204.23
2021-07-01   193.58 204.52   193.55 204.49   331.07 342.01   193.01 203.95   198.60 209.53   192.33 203.27
2021-07-02   192.59 203.55   192.56 203.53   330.08 341.04   192.02 202.98   197.61 208.57   191.34 202.30
2021-07-03   191.60 202.58   191.57 202.55   329.08 340.07   191.03 202.01   196.61 207.60   190.35 201.33
2021-07-04   190.60 201.60   190.57 201.58   328.08 339.09   190.03 201.03   195.61 206.62   189.35 200.35
2021-07-05   189.59 200.62   189.57 200.60   327.08 338.11   189.02 200.05   194.61 205.64   188.34 199.37
2021-07-06   188.59 199.64   188.56 199.61   326.07 337.13   188.02 199.07   193.60 204.65   187.34 198.39
2021-07-07   187.58 198.65   187.55 198.62   325.06 336.14   187.01 198.08   192.59 203.67   186.32 197.40
2021-07-08   186.56 197.66   186.53 197.63   324.05 335.14   185.99 197.09   191.57 202.67   185.31 196.41
2021-07-09   185.54 196.66   185.51 196.63   323.03 334.15   184.97 196.09   190.56 201.67   184.29 195.41
2021-07-10   184.52 195.66   184.49 195.63   322.00 333.15   183.95 195.09   189.53 200.67   183.27 194.41
2021-07-11   183.49 194.65   183.46 194.63   320.98 332.14   182.92 194.08   188.50 199.67   182.24 193.40
2021-07-12   182.46 193.64   182.43 193.62   319.94 331.13   181.89 193.07   187.47 198.66   181.21 192.39
2021-07-13   181.42 192.63   181.40 192.60   318.91 330.12   180.85 192.06   186.44 197.64   180.17 191.38
2021-07-14   180.38 191.61   180.36 191.58   317.87 329.10   179.81 191.04   185.40 196.62   179.13 190.36
2021-07-15   179.34 190.59   179.31 190.56   316.83 328.07   178.77 190.02   184.36 195.60   178.09 189.34
2021-07-16   178.29 189.56   178.27 189.53   315.78 327.05   177.72 188.99   183.31 194.58   177.04 188.31
2021-07-17   177.24 188.53   177.22 188.50   314.73 326.02   176.67 187.96   182.26 193.55   175.99 187.28
2021-07-18   176.19 187.50   176.16 187.47   313.68 324.98   175.62 186.93   181.21 192.51   174.94 186.25
2021-07-19   175.13 186.46   175.11 186.43   312.62 323.95   174.56 185.89   180.15 191.47   173.88 185.21
2021-07-20   174.08 185.42   174.05 185.39   311.56 322.90   173.51 184.85   179.09 190.43   172.82 184.17
2021-07-21   173.01 184.37   172.99 184.35   310.50 321.86   172.44 183.80   178.03 189.39   171.76 183.12
2021-07-22   171.95 183.32   171.92 183.30   309.43 320.81   171.38 182.75   176.96 188.34   170.70 182.07
2021-07-23   170.88 182.27   170.85 182.24   308.37 319.76   170.31 181.70   175.89 187.29   169.63 181.02
2021-07-24   169.81 181.22   169.78 181.19   307.30 318.70   169.24 180.65   174.82 186.23   168.56 179.96
2021-07-25   168.74 180.16   168.71 180.13   306.22 317.64   168.17 179.59   173.75 185.17   167.48 178.91
2021-07-26   167.66 179.10   167.63 179.07   305.15 316.58   167.09 178.53   172.68 184.11   166.41 177.85
2021-07-27   166.58 178.03   166.56 178.01   304.07 315.52   166.01 177.46   171.60 183.05   165.33 176.78
2021-07-28   165.50 176.96   165.48 176.94   302.99 314.45   164.93 176.39   170.52 181.98   164.25 175.71
2021-07-29   164.42 175.89   164.39 175.87   301.91 313.38   163.85 175.32   169.44 180.91   163.17 174.64
2021-07-30   163.34 174.82   163.31 174.80   300.82 312.31   162.77 174.25   168.35 179.84   162.09 173.57
2021-07-31   162.25 173.75   162.23 173.72   299.74 311.23   161.68 173.18   167.27 178.76   161.00 172.50
2021-08-01   161.17 172.67   161.14 172.64   298.65 310.16   160.60 172.10   166.18 177.69   159.92 171.42
2021-08-02   160.08 171.59   160.05 171.57   297.57 309.08   159.51 171.02   165.09 176.61   158.83 170.34
2021-08-03   158.99 170.51   158.96 170.48   296.48 308.00   158.42 169.94   164.01 175.53   157.74 169.26
2021-08-04   157.90 169.43   157.87 169.40   295.39 306.92   157.33 168.86   162.92 174.44   156.65 168.18
2021-08-05   156.81 168.34   156.78 168.32   294.30 305.83   156.24 167.77   161.83 173.36   155.56 167.09
2021-08-06   155.72 167.26   155.69 167.23   293.21 304.74   155.15 166.69   160.73 172.27   154.47 166.01
2021-08-07   154.63 166.17   154.60 166.14   292.12 303.66   154.06 165.60   159.64 171.19   153.38 164.92
2021-08-08   153.54 165.08   153.51 165.06   291.02 302.57   152.97 164.51   158.55 170.10   152.29 163.83
2021-08-09   152.45 163.99   152.42 163.97   289.93 301.48   151.88 163.42   157.46 169.01   151.19 162.74
2021-08-10   151.35 162.90   151.33 162.88   288.84 300.39   150.78 162.33   156.37 167.92   150.10 161.65
2021-08-11   150.26 161.81   150.24 161.79   287.75 299.30   149.69 161.24   155.28 166.83   149.01 160.56
2021-08-12   149.17 160.72   149.15 160.69   286.66 298.21   148.60 160.15   154.19 165.74   147.92 159.47
2021-08-13   148.08 159.63   148.06 159.60   285.57 297.12   147.51 159.06   153.10 164.64   146.83 158.38
2021-08-14   146.99 158.54   146.97 158.51   284.48 296.03   146.42 157.97   152.01 163.55   145.74 157.29
2021-08-15   145.90 157.45   145.88 157.42   283.39 294.93   145.33 156.88   150.92 162.46   144.65 156.20
2021-08-16   144.82 156.35   144.79 156.33   282.30 293.84   144.25 155.78   149.83 161.37   143.57 155.10
2021-08-17   143.73 155.26   143.70 155.24   281.22 292.75   143.16 154.69   148.75 160.28   142.48 154.01
2021-08-18   142.65 154.17   142.62 154.15   280.13 291.66   142.08 153.60   147.66 159.19   141.40 152.92
2021-08-19   141.56 153.08   141.54 153.06   279.05 290.57   140.99 152.51   146.58 158.10   140.31 151.83
2021-08-20   140.48 151.99   140.46 151.97   277.97 289.48   139.91 151.42   145.50 157.01   139.23 150.74
2021-08-21   139.40 150.91   139.38 150.88   276.89 288.39   138.83 150.34   144.42 155.92   138.15 149.66
2021-08-22   138.33 149.82   138.30 149.79   275.81 287.31   137.76 149.25   143.34 154.84   137.08 148.57
2021-08-23   137.25 148.74   137.22 148.71   274.74 286.22   136.68 148.17   142.27 153.75   136.00 147.48
2021-08-24   136.18 147.65   136.15 147.62   273.67 285.14   135.61 147.08   141.19 152.67   134.93 146.40
2021-08-25   135.11 146.57   135.08 146.54   272.60 284.06   134.54 146.00   140.12 151.58   133.86 145.32
2021-08-26   134.04 145.49   134.01 145.46   271.53 282.98   133.47 144.92   139.06 150.50   132.79 144.24
2021-08-27   132.97 144.41   132.95 144.38   270.46 281.90   132.40 143.84   137.99 149.43   131.72 143.16
2021-08-28   131.91 143.33   131.89 143.31   269.40 280.82   131.34 142.76   136.93 148.35   130.66 142.08
2021-08-29   130.85 142.26   130.83 142.23   268.34 279.75   130.28 141.69   135.87 147.27   129.60 141.01
2021-08-30   129.80 141.19   129.77 141.16   267.28 278.68   129.23 140.62   134.81 146.20   128.55 139.94
2021-08-31   128.74 140.12   128.72 140.09   266.23 277.61   128.17 139.55   133.76 145.13   127.49 138.87
2021-09-01   127.69 139.05   127.67 139.02   265.18 276.54   127.12 138.48   132.71 144.07   126.44 137.80
2021-09-02   126.65 137.99   126.62 137.96   264.13 275.47   126.08 137.42   131.66 143.00   125.39 136.74
2021-09-03   125.60 136.93   125.58 136.90   263.09 274.41   125.03 136.36   130.62 141.94   124.35 135.67
2021-09-04   124.56 135.87   124.54 135.84   262.05 273.35   123.99 135.30   129.58 140.88   123.31 134.62
2021-09-05   123.53 134.81   123.50 134.78   261.01 272.30   122.96 134.24   128.54 139.83   122.27 133.56
2021-09-06   122.49 133.76   122.47 133.73   259.98 271.25   121.92 133.19   127.51 138.77   121.24 132.51
2021-09-07   121.46 132.71   121.44 132.68   258.95 270.20   120.89 132.14   126.48 137.72   120.21 131.46
2021-09-08   120.44 131.66   120.41 131.64   257.92 269.15   119.87 131.09   125.45 136.68   119.19 130.41
2021-09-09   119.41 130.62   119.39 130.59   256.90 268.11   118.84 130.05   124.43 135.64   118.16 129.37
2021-09-10   118.40 129.58   118.37 129.55   255.88 267.07   117.83 129.01   123.41 134.60   117.14 128.33
2021-09-11   117.38 128.55   117.35 128.52   254.87 266.03   116.81 127.98   122.40 133.56   116.13 127.29
2021-09-12   116.37 127.51   116.34 127.49   253.86 265.00   115.80 126.94   121.39 132.53   115.12 126.26
2021-09-13   115.36 126.48   115.34 126.46   252.85 263.97   114.79 125.91   120.38 131.50   114.11 125.23
2021-09-14   114.36 125.46   114.33 125.43   251.85 262.95   113.79 124.89   119.37 130.47   113.11 124.21
2021-09-15   113.36 124.44   113.33 124.41   250.85 261.92   112.79 123.87   118.38 129.45   112.11 123.19
2021-09-16   112.36 123.42   112.34 123.39   249.85 260.91   111.79 122.85   117.38 128.43   111.11 122.17
2021-09-17   111.37 122.40   111.35 122.38   248.86 259.89   110.80 121.83   116.39 127.42   110.12 121.15
2021-09-18   110.38 121.39   110.36 121.37   247.87 258.88   109.81 120.82   115.40 126.41   109.13 120.14
2021-09-19   109.40 120.39   109.37 120.36   246.89 257.87   108.83 119.82   114.42 125.40   108.15 119.14
2021-09-20   108.42 119.38   108.39 119.36   245.91 256.87   107.85 118.81   113.44 124.40   107.17 118.13
2021-09-21   107.44 118.38   107.42 118.36   244.93 255.87   106.87 117.81   112.46 123.40   106.19 117.13
2021-09-22   106.47 117.39   106.44 117.36   243.96 254.88   105.90 116.82   111.49 122.40   105.22 116.14
2021-09-23   105.50 116.40   105.48 116.37   242.99 253.88   104.93 115.83   110.52 121.41   104.25 115.15
2021-09-24   104.54 115.41   104.51 115.38   242.02 252.90   103.97 114.84   109.55 120.42   103.29 114.16
2021-09-25   103.58 114.42   103.55 114.40   241.06 251.91   103.01 113.85   108.59 119.44   102.32 113.17
2021-09-26   102.62 113.44   102.59 113.42   240.10 250.93   102.05 112.87   107.63 118.46   101.37 112.19
2021-09-27   101.66 112.47   101.64 112.44   239.15 249.95   101.09 111.90   106.68 117.48   100.41 111.21
2021-09-28   100.71 111.49   100.69 111.47   238.20 248.98   100.14 110.92   105.73 116.51    99.46 110.24
2021-09-29    99.76 110.52    99.74 110.50   237.25 248.01    99.19 109.95   104.78 115.54    98.51 109.27
2021-09-30    98.82 109.56    98.79 109.53   236.31 247.04    98.25 108.99   103.84 114.57    97.57 108.31
2021-10-01    97.88 108.59    97.85 108.57   235.37 246.08    97.31 108.02   102.89 113.61    96.63 107.34
2021-10-02    96.94 107.63    96.92 107.61   234.43 245.12    96.37 107.06   101.96 112.65    95.69 106.38
2021-10-03    96.01 106.68    95.98 106.65   233.49 244.17    95.44 106.11   101.02 111.69    94.76 105.43
2021-10-04    95.08 105.73    95.05 105.70   232.56 243.21    94.51 105.16   100.09 110.74    93.83 104.48
2021-10-05    94.15 104.78    94.12 104.75   231.64 242.26    93.58 104.21    99.16 109.79    92.90 103.53
2021-10-06    93.22 103.83    93.20 103.80   230.71 241.32    92.65 103.26    98.24 108.85    91.97 102.58
2021-10-07    92.30 102.89    92.27 102.86   229.79 240.38    91.73 102.32    97.32 107.90    91.05 101.64
2021-10-08    91.38 101.95    91.35 101.92   228.87 239.44    90.81 101.38    96.40 106.96    90.13 100.70
2021-10-09    90.46 101.01    90.44 100.99   227.95 238.50    89.89 100.44    95.48 106.03    89.21  99.76
2021-10-10    89.55 100.08    89.52 100.05   227.04 237.57    88.98  99.51    94.57 105.10    88.30  98.83
2021-10-11    88.64  99.15    88.61  99.12   226.13 236.64    88.07  98.58    93.65 104.17    87.39  97.90
2021-10-12    87.73  98.22    87.70  98.20   225.22 235.71    87.16  97.65    92.74 103.24    86.48  96.97
2021-10-13    86.82  97.30    86.80  97.27   224.31 234.79    86.25  96.73    91.84 102.31    85.57  96.05
2021-10-14    85.92  96.38    85.89  96.35   223.41 233.86    85.35  95.81    90.93 101.39    84.67  95.13
2021-10-15    85.02  95.46    84.99  95.43   222.50 232.94    84.45  94.89    90.03 100.47    83.77  94.21
2021-10-16    84.12  94.54    84.09  94.51   221.60 232.03    83.55  93.97    89.13  99.56    82.87  93.29
2021-10-17    83.22  93.63    83.19  93.60   220.70 231.11    82.65  93.06    88.23  98.64    81.97  92.38
2021-10-18    82.32  92.71    82.29  92.69   219.81 230.20    81.75  92.14    87.34  97.73    81.07  91.46
2021-10-19    81.43  91.80    81.40  91.78   218.91 229.29    80.86  91.23    86.44  96.82    80.18  90.55
2021-10-20    80.53  90.90    80.51  90.87   218.02 228.38    79.96  90.33    85.55  95.91    79.28  89.65
2021-10-21    79.64  89.99    79.62  89.97   217.13 227.48    79.07  89.42    84.66  95.01    78.39  88.74
2021-10-22    78.75  89.09    78.73  89.06   216.24 226.58    78.18  88.52    83.77  94.10    77.50  87.84
2021-10-23    77.86  88.19    77.84  88.16   215.35 225.68    77.29  87.62    82.88  93.20    76.61  86.94
2021-10-24    76.98  87.29    76.95  87.26   214.46 224.78    76.41  86.72    81.99  92.30    75.73  86.04
2021-10-25    76.09  86.39    76.06  86.36   213.58 223.88    75.52  85.82    81.10  91.41    74.84  85.14
2021-10-26    75.20  85.49    75.18  85.47   212.69 222.98    74.63  84.92    80.22  90.51    73.95  84.24
2021-10-27    74.32  84.60    74.29  84.57   211.81 222.09    73.75  84.03    79.33  89.61    73.07  83.35
2021-10-28    73.44  83.71    73.41  83.68   210.92 221.19    72.87  83.14    78.45  88.72    72.19  82.45
2021-10-29    72.55  82.81    72.53  82.79   210.04 220.30    71.98  82.24    77.57  87.83    71.30  81.56
2021-10-30    71.67  81.92    71.64  81.90   209.16 219.41    71.10  81.35    76.69  86.94    70.42  80.67
2021-10-31    70.79  81.03    70.76  81.01   208.28 218.52    70.22  80.46    75.80  86.05    69.54  79.78
2021-11-01    69.91  80.14    69.88  80.12   207.39 217.63    69.34  79.57    74.92  85.16    68.66  78.89
2021-11-02    69.03  79.26    69.00  79.23   206.51 216.74    68.46  78.69    74.04  84.27    67.77  78.00
2021-11-03    68.14  78.37    68.12  78.34   205.63 215.86    67.57  77.80    73.16  83.38    66.89  77.12
2021-11-04    67.26  77.48    67.24  77.46   204.75 214.97    66.69  76.91    72.28  82.50    66.01  76.23
2021-11-05    66.38  76.60    66.35  76.57   203.87 214.08    65.81  76.03    71.40  81.61    65.13  75.34
2021-11-06    65.50  75.71    65.47  75.68   202.99 213.20    64.93  75.14    70.51  80.72    64.25  74.46
2021-11-07    64.62  74.82    64.59  74.80   202.10 212.31    64.05  74.25    69.63  79.84    63.37  73.57
2021-11-08    63.73  73.94    63.71  73.91   201.22 211.43    63.16  73.37    68.75  78.95    62.48  72.69
2021-11-09    62.85  73.05    62.82  73.03   200.34 210.54    62.28  72.48    67.87  78.07    61.60  71.80
2021-11-10    61.97  72.17    61.94  72.14   199.45 209.66    61.40  71.60    66.98  77.18    60.72  70.92
2021-11-11    61.08  71.28    61.06  71.26   198.57 208.77    60.51  70.71    66.10  76.30    59.83  70.03
2021-11-12    60.20  70.40    60.17  70.37   197.68 207.88    59.63  69.83    65.21  75.41    58.95  69.15
2021-11-13    59.31  69.51    59.28  69.48   196.80 207.00    58.74  68.94    64.32  74.53    58.06  68.26
2021-11-14    58.42  68.62    58.39  68.60   195.91 206.11    57.85  68.05    63.44  73.64    57.17  67.37
2021-11-15    57.53  67.74    57.51  67.71   195.02 205.22    56.96  67.17    62.55  72.75    56.28  66.49
2021-11-16    56.64  66.85    56.61  66.82   194.13 204.34    56.07  66.28    61.66  71.86    55.39  65.60
2021-11-17    55.79  65.92    55.77  65.89   193.28 203.40    55.22  65.35    60.81  70.93    54.54  64.66
2021-11-18    55.19  64.73    55.17  64.71   192.68 202.22    54.62  64.16    60.21  69.75    53.94  63.48
2021-11-19    54.59  63.55    54.56  63.52   192.08 201.03    54.02  62.98    59.60  68.56    53.34  62.30
2021-11-20    53.98  62.36    53.96  62.33   191.47 199.85    53.41  61.79    59.00  67.38    52.73  61.11
2021-11-21    53.38  61.17    53.35  61.15   190.87 198.66    52.81  60.60    58.39  66.19    52.13  59.92
2021-11-22    52.77  59.99    52.74  59.96   190.26 197.47    52.20  59.42    57.78  65.00    51.52  58.74

2022-04-29   251.57 258.54   251.54 258.51    29.05  36.02   251.00 257.97   256.58 263.55   250.32 257.29
2022-04-30   250.43 257.96   250.40 257.93    27.91  35.45   249.86 257.39   255.44 262.97   249.18 256.71
2022-05-01   249.29 257.38   249.26 257.36    26.78  34.87   248.72 256.81   254.31 262.40   248.04 256.13
2022-05-02   248.15 256.81   248.13 256.78    25.64  34.30   247.58 256.24   253.17 261.83   246.90 255.56
2022-05-03   247.02 256.24   246.99 256.21    24.50  33.73   246.45 255.67   252.03 261.26   245.77 254.99
2022-05-04   245.88 255.67   245.85 255.64    23.37  33.16   245.31 255.10   250.90 260.69   244.63 254.42
2022-05-05   244.82 255.03   244.79 255.00    22.31  32.51   244.25 254.46   249.83 260.04   243.57 253.78
2022-05-06   243.97 254.17   243.94 254.15    21.46  31.66   243.40 253.60   248.98 259.19   242.72 252.92
2022-05-07   243.12 253.32   243.09 253.30    20.61  30.81   242.55 252.75   248.13 258.34   241.87 252.07
2022-05-08   242.27 252.47   242.24 252.45    19.76  29.96   241.70 251.90   247.29 257.49   241.02 251.22
2022-05-09   241.42 251.62   241.39 251.60    18.91  29.11   240.85 251.05   246.44 256.64   240.17 250.37
2022-05-10   240.57 250.77   240.55 250.75    18.06  28.26   240.00 250.20   245.59 255.79   239.32 249.52
2022-05-11   239.72 249.92   239.70 249.90    17.21  27.41   239.15 249.35   244.74 254.94   238.47 248.67
2022-05-12   238.87 249.07   238.85 249.05    16.36  26.56   238.30 248.50   243.89 254.09   237.62 247.82
2022-05-13   238.02 248.23   238.00 248.20    15.51  25.71   237.45 247.66   243.04 253.24   236.77 246.98
2022-05-14   237.17 247.38   237.15 247.35    14.66  24.87   236.60 246.81   242.19 252.39   235.92 246.13
2022-05-15   236.32 246.53   236.30 246.50    13.81  24.02   235.75 245.96   241.34 251.54   235.07 245.28
2022-05-16   235.47 245.68   235.44 245.65    12.96  23.17   234.90 245.11   240.49 250.70   234.22 244.43
2022-05-17   234.62 244.83   234.59 244.81    12.11  22.32   234.05 244.26   239.63 249.85   233.37 243.58
2022-05-18   233.76 243.98   233.74 243.96    11.25  21.47   233.19 243.41   238.78 249.00   232.51 242.73
2022-05-19   232.91 243.14   232.88 243.11    10.40  20.62   232.34 242.57   237.93 248.15   231.66 241.88
2022-05-20   232.05 242.29   232.03 242.26     9.54  19.77   231.48 241.72   237.07 247.30   230.80 241.03
2022-05-21   231.20 241.44   231.17 241.41     8.69  18.92   230.63 240.87   236.21 246.45   229.95 240.18
2022-05-22   230.34 240.58   230.31 240.56     7.83  18.07   229.77 240.01   235.36 245.60   229.09 239.33
2022-05-23   229.48 239.73   229.45 239.71     6.97  17.22   228.91 239.16   234.50 244.75   228.23 238.48
2022-05-24   228.62 238.88   228.59 238.85     6.11  16.37   228.05 238.31   233.63 243.89   227.37 237.63
2022-05-25   227.76 238.03   227.73 238.00     5.24  15.51   227.19 237.46   232.77 243.04   226.51 236.77
2022-05-26   226.89 237.17   226.86 237.14     4.38  14.66   226.32 236.60   231.91 242.19   225.64 235.92
2022-05-27   226.02 236.31   226.00 236.29     3.51  13.80   225.45 235.74   231.04 241.33   224.77 235.06
2022-05-28   225.16 235.46   225.13 235.43     2.64  12.94   224.59 234.89   230.17 240.47   223.90 234.20
2022-05-29   224.28 234.60   224.26 234.57     1.77  12.08   223.71 234.03   229.30 239.61   223.03 233.34
2022-05-30   223.41 233.73   223.39 233.71     0.90  11.22   222.84 233.16   228.43 238.75   222.16 232.48
2022-05-31   222.54 232.87   222.51 232.85     0.02  10.36   221.97 232.30   227.55 237.89   221.29 231.62
2022-06-01   221.66 232.01   221.63 231.98   359.15   9.49   221.09 231.44   226.67 237.02   220.41 230.76
2022-06-02   220.78 231.14   220.75 231.11   358.27   8.63   220.21 230.57   225.79 236.16   219.53 229.89
2022-06-03   219.89 230.27   219.87 230.24   357.38   7.76   219.32 229.70   224.91 235.29   218.64 229.02
2022-06-04   219.01 229.40   218.98 229.37   356.50   6.89   218.44 228.83   224.02 234.41   217.76 228.15
2022-06-05   218.12 228.53   218.09 228.50   355.61   6.01   217.55 227.96   223.14 233.54   216.87 227.28
2022-06-06   217.23 227.65   217.20 227.62   354.72   5.14   216.66 227.08   222.24 232.67   215.98 226.40
2022-06-07   216.33 226.77   216.31 226.75   353.82   4.26   215.76 226.20   221.35 231.79   215.08 225.52
2022-06-08   215.44 225.89   215.41 225.86   352.92   3.38   214.87 225.32   220.45 230.91   214.19 224.64
2022-06-09   214.54 225.01   214.51 224.98   352.02   2.49   213.97 224.44   219.55 230.02   213.29 223.76
2022-06-10   213.63 224.12   213.61 224.09   351.12   1.61   213.06 223.55   218.65 229.14   212.38 222.87
2022-06-11   212.72 223.23   212.70 223.20   350.21   0.72   212.15 222.66   217.74 228.25   211.47 221.98
2022-06-12   211.81 222.34   211.79 222.31   349.30 359.83   211.24 221.77   216.83 227.35   210.56 221.09
2022-06-13   210.90 221.44   210.87 221.42   348.39 358.93   210.33 220.87   215.91 226.46   209.65 220.19
2022-06-14   209.98 220.54   209.95 220.52   347.47 358.03   209.41 219.97   215.00 225.56   208.73 219.29
2022-06-15   209.06 219.64   209.03 219.62   346.55 357.13   208.49 219.07   214.07 224.66   207.81 218.39
2022-06-16   208.13 218.74   208.11 218.71   345.62 356.23   207.56 218.17   213.15 223.75   206.88 217.49
2022-06-17   207.21 217.83   207.18 217.80   344.69 355.32   206.64 217.26   212.22 222.84   205.95 216.58
2022-06-18   206.27 216.92   206.25 216.89   343.76 354.40   205.70 216.35   211.29 221.93   205.02 215.67
2022-06-19   205.34 216.00   205.31 215.97   342.82 353.49   204.77 215.43   210.35 221.02   204.08 214.75
2022-06-20   204.39 215.08   204.37 215.06   341.88 352.57   203.82 214.51   209.41 220.10   203.14 213.83
2022-06-21   203.45 214.16   203.42 214.13   340.94 351.65   202.88 213.59   208.47 219.17   202.20 212.91
2022-06-22   202.50 213.23   202.47 213.21   339.99 350.72   201.93 212.66   207.52 218.25   201.25 211.98
2022-06-23   201.55 212.30   201.52 212.27   339.04 349.79   200.98 211.73   206.56 217.32   200.30 211.05
2022-06-24   200.59 211.37   200.57 211.34   338.08 348.85   200.02 210.80   205.61 216.38   199.34 210.12
2022-06-25   199.63 210.43   199.60 210.40   337.12 347.91   199.06 209.86   204.65 215.44   198.38 209.18
2022-06-26   198.67 209.48   198.64 209.46   336.15 346.97   198.10 208.91   203.68 214.50   197.41 208.23
2022-06-27   197.70 208.54   197.67 208.51   335.18 346.03   197.13 207.97   202.71 213.55   196.45 207.29
2022-06-28   196.72 207.59   196.70 207.56   334.21 345.07   196.15 207.02   201.74 212.60   195.47 206.34
2022-06-29   195.74 206.63   195.72 206.61   333.23 344.12   195.17 206.06   200.76 211.65   194.49 205.38
2022-06-30   194.76 205.67   194.74 205.65   332.25 343.16   194.19 205.10   199.78 210.69   193.51 204.42
2022-07-01   193.78 204.71   193.75 204.68   331.26 342.20   193.21 204.14   198.79 209.73   192.53 203.46
2022-07-02   192.79 203.74   192.76 203.72   330.27 341.23   192.22 203.17   197.80 208.76   191.53 202.49
2022-07-03   191.79 202.77   191.76 202.74   329.28 340.26   191.22 202.20   196.81 207.79   190.54 201.52
2022-07-04   190.79 201.80   190.77 201.77   328.28 339.28   190.22 201.23   195.81 206.81   189.54 200.54
2022-07-05   189.79 200.82   189.76 200.79   327.28 338.30   189.22 200.25   194.80 205.83   188.54 199.56
2022-07-06   188.78 199.83   188.76 199.80   326.27 337.32   188.21 199.26   193.80 204.85   187.53 198.58
2022-07-07   187.77 198.84   187.74 198.82   325.26 336.33   187.20 198.27   192.79 203.86   186.52 197.59
2022-07-08   186.76 197.85   186.73 197.82   324.24 335.34   186.19 197.28   191.77 202.86   185.51 196.60
2022-07-09   185.74 196.85   185.71 196.83   323.22 334.34   185.17 196.28   190.75 201.87   184.49 195.60
2022-07-10   184.71 195.85   184.69 195.82   322.20 333.34   184.14 195.28   189.73 200.87   183.46 194.60
2022-07-11   183.69 194.85   183.66 194.82   321.17 332.33   183.12 194.28   188.70 199.86   182.44 193.60
2022-07-12   182.66 193.84   182.63 193.81   320.14 331.32   182.09 193.27   187.67 198.85   181.41 192.59
2022-07-13   181.62 192.82   181.60 192.80   319.11 330.31   181.05 192.25   186.64 197.84   180.37 191.57
2022-07-14   180.58 191.81   180.56 191.78   318.07 329.29   180.01 191.24   185.60 196.82   179.33 190.56
2022-07-15   179.54 190.79   179.52 190.76   317.03 328.27   178.97 190.22   184.56 195.80   178.29 189.53
2022-07-16   178.50 189.76   178.47 189.73   315.98 327.25   177.93 189.19   183.51 194.78   177.25 188.51
2022-07-17   177.45 188.73   177.42 188.70   314.94 326.22   176.88 188.16   182.46 193.75   176.20 187.48
2022-07-18   176.40 187.70   176.37 187.67   313.88 325.19   175.83 187.13   181.41 192.71   175.15 186.45
2022-07-19   175.34 186.66   175.32 186.64   312.83 324.15   174.77 186.09   180.36 191.68   174.09 185.41
2022-07-20   174.28 185.62   174.26 185.60   311.77 323.11   173.71 185.05   179.30 190.64   173.03 184.37
2022-07-21   173.22 184.58   173.20 184.55   310.71 322.07   172.65 184.01   178.24 189.59   171.97 183.33
2022-07-22   172.16 183.53   172.13 183.51   309.65 321.02   171.59 182.96   177.18 188.55   170.91 182.28
2022-07-23   171.09 182.48   171.07 182.45   308.58 319.97   170.52 181.91   176.11 187.50   169.84 181.23
2022-07-24   170.02 181.43   170.00 181.40   307.51 318.92   169.45 180.86   175.04 186.44   168.77 180.18
2022-07-25   168.95 180.37   168.93 180.35   306.44 317.86   168.38 179.80   173.97 185.39   167.70 179.12
2022-07-26   167.88 179.31   167.85 179.29   305.37 316.80   167.31 178.74   172.90 184.33   166.63 178.06
2022-07-27   166.80 178.25   166.78 178.22   304.29 315.74   166.23 177.68   171.82 183.27   165.55 177.00
2022-07-28   165.73 177.18   165.70 177.16   303.21 314.67   165.16 176.61   170.74 182.20   164.48 175.93
2022-07-29   164.65 176.12   164.62 176.09   302.13 313.60   164.08 175.55   169.66 181.13   163.40 174.87
2022-07-30   163.57 175.05   163.54 175.02   301.05 312.53   163.00 174.48   168.58 180.06   162.32 173.80
2022-07-31   162.48 173.97   162.46 173.95   299.97 311.46   161.91 173.40   167.50 178.99   161.23 172.72
2022-08-01   161.40 172.90   161.37 172.87   298.89 310.39   160.83 172.33   166.41 177.92   160.15 171.65
2022-08-02   160.31 171.82   160.29 171.80   297.80 309.31   159.74 171.25   165.33 176.84   159.06 170.57
2022-08-03   159.23 170.74   159.20 170.72   296.71 308.23   158.66 170.17   164.24 175.76   157.98 169.49
2022-08-04   158.14 169.66   158.11 169.64   295.63 307.15   157.57 169.09   163.16 174.68   156.89 168.41
2022-08-05   157.05 168.58   157.03 168.56   294.54 306.07   156.48 168.01   162.07 173.60   155.80 167.33
2022-08-06   155.96 167.50   155.94 167.47   293.45 304.99   155.39 166.93   160.98 172.51   154.71 166.25
2022-08-07   154.87 166.41   154.85 166.39   292.36 303.90   154.30 165.84   159.89 171.43   153.62 165.16
2022-08-08   153.78 165.33   153.76 165.30   291.27 302.82   153.21 164.76   158.80 170.34   152.53 164.08
2022-08-09   152.70 164.24   152.67 164.21   290.18 301.73   152.13 163.67   157.71 169.26   151.44 162.99
2022-08-10   151.61 163.15   151.58 163.13   289.09 300.64   151.04 162.58   156.62 168.17   150.36 161.90
2022-08-11   150.52 162.06   150.49 162.04   288.00 299.55   149.95 161.49   155.53 167.08   149.27 160.81
2022-08-12   149.43 160.98   149.40 160.95   286.92 298.46   148.86 160.41   154.44 165.99   148.18 159.73
2022-08-13   148.34 159.89   148.31 159.86   285.83 297.37   147.77 159.32   153.36 164.90   147.09 158.64
2022-08-14   147.25 158.80   147.23 158.77   284.74 296.28   146.68 158.23   152.27 163.81   146.00 157.55
2022-08-15   146.17 157.71   146.14 157.68   283.65 295.20   145.60 157.14   151.18 162.72   144.92 156.46
2022-08-16   145.08 156.62   145.06 156.59   282.57 294.11   144.51 156.05   150.10 161.63   143.83 155.37
2022-08-17   144.00 155.53   143.97 155.50   281.49 293.02   143.43 154.96   149.01 160.55   142.75 154.28
2022-08-18   142.92 154.44   142.89 154.42   280.40 291.93   142.35 153.87   147.93 159.46   141.66 153.19
2022-08-19   141.83 153.35   141.81 153.33   279.32 290.84   141.26 152.78   146.85 158.37   140.58 152.10
2022-08-20   140.75 152.27   140.73 152.24   278.24 289.75   140.18 151.70   145.77 157.28   139.50 151.02
2022-08-21   139.68 151.18   139.65 151.15   277.16 288.67   139.11 150.61   144.69 156.20   138.43 149.93
2022-08-22   138.60 150.10   138.58 150.07   276.09 287.58   138.03 149.53   143.62 155.11   137.35 148.85
2022-08-23   137.53 149.01   137.50 148.99   275.02 286.50   136.96 148.44   142.54 154.03   136.28 147.76
2022-08-24   136.46 147.93   136.43 147.90   273.94 285.42   135.89 147.36   141.47 152.95   135.21 146.68
2022-08-25   135.39 146.85   135.36 146.82   272.88 284.34   134.82 146.28   140.40 151.87   134.14 145.60
2022-08-26   134.32 145.77   134.29 145.74   271.81 283.26   133.75 145.20   139.34 150.79   133.07 144.52
2022-08-27   133.26 144.69   133.23 144.67   270.75 282.18   132.69 144.12   138.27 149.71   132.01 143.44
2022-08-28   132.20 143.62   132.17 143.59   269.68 281.11   131.63 143.05   137.21 148.63   130.95 142.37
2022-08-29   131.14 142.55   131.11 142.52   268.63 280.03   130.57 141.98   136.15 147.56   129.89 141.30
2022-08-30   130.08 141.48   130.06 141.45   267.57 278.96   129.51 140.91   135.10 146.49   128.83 140.23
2022-08-31   129.03 140.41   129.00 140.38   266.52 277.90   128.46 139.84   134.05 145.42   127.78 139.16
2022-09-01   127.98 139.34   127.95 139.32   265.47 276.83   127.41 138.77   133.00 144.36   126.73 138.09
2022-09-02   126.94 138.28   126.91 138.25   264.42 275.77   126.37 137.71   131.95 143.29   125.68 137.03
2022-09-03   125.89 137.22   125.87 137.19   263.38 274.71   125.32 136.65   130.91 142.23   124.64 135.97
2022-09-04   124.85 136.16   124.83 136.14   262.34 273.65   124.28 135.59   129.87 141.18   123.60 134.91
2022-09-05   123.82 135.11   123.79 135.08   261.30 272.59   123.25 134.54   128.83 140.12   122.57 133.86
2022-09-06   122.78 134.06   122.76 134.03   260.27 271.54   122.21 133.49   127.80 139.07   121.53 132.80
2022-09-07   121.76 133.01   121.73 132.98   259.24 270.49   121.19 132.44   126.77 138.02   120.50 131.76
2022-09-08   120.73 131.96   120.70 131.93   258.22 269.45   120.16 131.39   125.75 136.98   119.48 130.71
2022-09-09   119.71 130.92   119.68 130.89   257.20 268.41   119.14 130.35   124.72 135.93   118.46 129.67
2022-09-10   118.69 129.88   118.66 129.85   256.18 267.37   118.12 129.31   123.71 134.90   117.44 128.63
2022-09-11   117.68 128.84   117.65 128.82   255.16 266.33   117.11 128.27   122.69 133.86   116.43 127.59
2022-09-12   116.67 127.81   116.64 127.79   254.15 265.30   116.10 127.24   121.68 132.83   115.41 126.56
2022-09-13   115.66 126.78   115.63 126.76   253.15 264.27   115.09 126.21   120.67 131.80   114.41 125.53
2022-09-14   114.66 125.76   114.63 125.73   252.14 263.25   114.09 125.19   119.67 130.77   113.40 124.51
2022-09-15   113.66 124.74   113.63 124.71   251.14 262.23   113.09 124.17   118.67 129.75   112.41 123.49
2022-09-16   112.66 123.72   112.63 123.69   250.15 261.21   112.09 123.15   117.68 128.73   111.41 122.47
2022-09-17   111.67 122.71   111.64 122.68   249.16 260.19   111.10 122.14   116.68 127.72   110.42 121.45
2022-09-18   110.68 121.69   110.65 121.67   248.17 259.18   110.11 121.12   115.70 126.71   109.43 120.44
2022-09-19   109.70 120.69   109.67 120.66   247.18 258.18   109.13 120.12   114.71 125.70   108.45 119.44
2022-09-20   108.72 119.68   108.69 119.66   246.20 257.17   108.15 119.11   113.73 124.70   107.47 118.43
2022-09-21   107.74 118.68   107.71 118.66   245.23 256.17   107.17 118.11   112.75 123.70   106.49 117.43
2022-09-22   106.77 117.69   106.74 117.66   244.25 255.18   106.20 117.12   111.78 122.70   105.52 116.44
2022-09-23   105.80 116.70   105.77 116.67   243.28 254.18   105.23 116.13   110.81 121.71   104.55 115.45
2022-09-24   104.83 115.71   104.80 115.68   242.32 253.20   104.26 115.14   109.85 120.72   103.58 114.46
2022-09-25   103.87 114.72   103.84 114.70   241.36 252.21   103.30 114.15   108.88 119.74   102.62 113.47
2022-09-26   102.91 113.74   102.88 113.72   240.40 251.23   102.34 113.17   107.93 118.76   101.66 112.49
2022-09-27   101.96 112.76   101.93 112.74   239.44 250.25   101.39 112.19   106.97 117.78   100.70 111.51
2022-09-28   101.00 111.79   100.98 111.76   238.49 249.28   100.43 111.22   106.02 116.81    99.75 110.54
2022-09-29   100.06 110.82   100.03 110.79   237.54 248.31    99.49 110.25   105.07 115.83    98.80 109.57
2022-09-30    99.11 109.85    99.08 109.83   236.60 247.34    98.54 109.28   104.13 114.87    97.86 108.60
2022-10-01    98.17 108.89    98.14 108.86   235.66 246.38    97.60 108.32   103.18 113.90    96.92 107.64
2022-10-02    97.23 107.93    97.20 107.90   234.72 245.42    96.66 107.36   102.25 112.94    95.98 106.68
2022-10-03    96.30 106.97    96.27 106.95   233.78 244.46    95.73 106.40   101.31 111.99    95.04 105.72
2022-10-04    95.36 106.02    95.34 105.99   232.85 243.51    94.79 105.45   100.38 111.03    94.11 104.77
2022-10-05    94.43 105.07    94.41 105.04   231.92 242.56    93.86 104.50    99.45 110.08    93.18 103.82
2022-10-06    93.51 104.12    93.48 104.10   231.00 241.61    92.94 103.55    98.52 109.14    92.26 102.87
2022-10-07    92.58 103.18    92.56 103.15   230.07 240.67    92.01 102.61    97.60 108.19    91.33 101.93
2022-10-08    91.66 102.24    91.64 102.21   229.15 239.73    91.09 101.67    96.68 107.25    90.41 100.99
2022-10-09    90.75 101.30    90.72 101.27   228.23 238.79    90.18 100.73    95.76 106.32    89.50 100.05
2022-10-10    89.83 100.37    89.80 100.34   227.32 237.85    89.26  99.80    94.85 105.38    88.58  99.12
2022-10-11    88.92  99.43    88.89  99.41   226.41 236.92    88.35  98.86    93.93 104.45    87.67  98.18
2022-10-12    88.01  98.51    87.98  98.48   225.50 235.99    87.44  97.94    93.02 103.52    86.76  97.26
2022-10-13    87.10  97.58    87.07  97.55   224.59 235.07    86.53  97.01    92.11 102.60    85.85  96.33
2022-10-14    86.19  96.66    86.17  96.63   223.68 234.14    85.62  96.09    91.21 101.67    84.94  95.41
2022-10-15    85.29  95.74    85.26  95.71   222.78 233.22    84.72  95.17    90.31 100.75    84.04  94.49
2022-10-16    84.39  94.82    84.36  94.79   221.88 232.31    83.82  94.25    89.40  99.83    83.14  93.57
2022-10-17    83.49  93.90    83.46  93.88   220.98 231.39    82.92  93.33    88.50  98.92    82.24  92.65
2022-10-18    82.59  92.99    82.57  92.96   220.08 230.48    82.02  92.42    87.61  98.00    81.34  91.74
2022-10-19    81.70  92.08    81.67  92.05   219.18 229.57    81.13  91.51    86.71  97.09    80.44  90.83
2022-10-20    80.80  91.17    80.77  91.14   218.29 228.66    80.23  90.60    85.82  96.18    79.55  89.92
2022-10-21    79.91  90.26    79.88  90.24   217.40 227.75    79.34  89.69    84.92  95.28    78.66  89.01
2022-10-22    79.02  89.36    78.99  89.33   216.50 226.85    78.45  88.79    84.03  94.37    77.77  88.11
2022-10-23    78.13  88.45    78.10  88.43   215.61 225.94    77.56  87.88    83.14  93.47    76.88  87.20
2022-10-24    77.24  87.55    77.21  87.53   214.73 225.04    76.67  86.98    82.25  92.57    75.99  86.30
2022-10-25    76.35  86.65    76.32  86.63   213.84 224.14    75.78  86.08    81.37  91.67    75.10  85.40
2022-10-26    75.46  85.76    75.44  85.73   212.95 223.24    74.89  85.19    80.48  90.77    74.21  84.51
2022-10-27    74.58  84.86    74.55  84.83   212.06 222.35    74.01  84.29    79.59  89.88    73.33  83.61
2022-10-28    73.69  83.96    73.67  83.94   211.18 221.45    73.12  83.39    78.71  88.98    72.44  82.71
2022-10-29    72.81  83.07    72.78  83.04   210.30 220.56    72.24  82.50    77.82  88.09    71.56  81.82
2022-10-30    71.92  82.18    71.90  82.15   209.41 219.67    71.35  81.61    76.94  87.19    70.67  80.93
2022-10-31    71.04  81.29    71.01  81.26   208.53 218.77    70.47  80.72    76.06  86.30    69.79  80.04
2022-11-01    70.16  80.40    70.13  80.37   207.64 217.88    69.59  79.83    75.17  85.41    68.91  79.15
2022-11-02    69.27  79.51    69.25  79.48   206.76 216.99    68.70  78.94    74.29  84.52    68.02  78.26
2022-11-03    68.39  78.62    68.37  78.59   205.88 216.11    67.82  78.05    73.41  83.63    67.14  77.37
2022-11-04    67.51  77.73    67.48  77.70   205.00 215.22    66.94  77.16    72.52  82.74    66.26  76.48
2022-11-05    66.63  76.84    66.60  76.82   204.11 214.33    66.06  76.27    71.64  81.86    65.38  75.59
2022-11-06    65.74  75.95    65.72  75.93   203.23 213.44    65.17  75.38    70.76  80.97    64.49  74.70
2022-11-07    64.86  75.07    64.83  75.04   202.35 212.55    64.29  74.50    69.87  80.08    63.61  73.82
2022-11-08    63.98  74.18    63.95  74.15   201.46 211.67    63.41  73.61    68.99  79.20    62.72  72.93
2022-11-09    63.09  73.29    63.06  73.27   200.58 210.78    62.52  72.72    68.11  78.31    61.84  72.04
2022-11-10    62.21  72.41    62.18  72.38   199.69 209.89    61.64  71.84    67.22  77.42    60.95  71.16
2022-11-11    61.32  71.52    61.29  71.49   198.81 209.01    60.75  70.95    66.33  76.53    60.07  70.27
2022-11-12    60.43  70.63    60.41  70.61   197.92 208.12    59.86  70.06    65.45  75.65    59.18  69.38
2022-11-13    59.54  69.74    59.52  69.72   197.03 207.23    58.97  69.17    64.56  74.76    58.29  68.49
2022-11-14    58.65  68.86    58.63  68.83   196.14 206.34    58.08  68.29    63.67  73.87    57.40  67.60
2022-11-15    57.76  67.97    57.74  67.94   195.25 205.45    57.19  67.40    62.78  72.98    56.51  66.72
2022-11-16    56.87  67.08    56.84  67.05   194.36 204.56    56.30  66.51    61.89  72.09    55.62  65.83
2022-11-17    55.98  66.19    55.95  66.16   193.46 203.67    55.41  65.62    60.99  71.20    54.73  64.94
2022-11-18    55.33  65.04    55.31  65.02   192.82 202.53    54.76  64.47    60.35  70.06    54.08  63.79
2022-11-19    54.73  63.86    54.70  63.83   192.22 201.35    54.16  63.29    59.74  68.87    53.48  62.61
2022-11-20    54.12  62.67    54.10  62.64   191.61 200.16    53.55  62.10    59.14  67.69    52.87  61.42
2022-11-21    53.52  61.48    53.49  61.46   191.00 198.97    52.95  60.91    58.53  66.50    52.27  60.23
2022-11-22    52.91  60.29    52.88  60.27   190.40 197.78    52.34  59.72    57.92  65.31    51.66  59.04

2023-04-29   251.90 258.72   251.87 258.69    29.39  36.20   251.33 258.15   256.91 263.73   250.65 257.46
2023-04-30   250.76 258.14   250.73 258.11    28.25  35.62   250.19 257.57   255.77 263.15   249.51 256.89
2023-05-01   249.62 257.56   249.59 257.54    27.11  35.05   249.05 256.99   254.63 262.58   248.37 256.31
2023-05-02   248.48 256.99   248.45 256.96    25.97  34.47   247.91 256.42   253.49 262.00   247.23 255.74
2023-05-03   247.34 256.42   247.31 256.39    24.83  33.90   246.77 255.85   252.36 261.43   246.09 255.16
2023-05-04   246.20 255.84   246.18 255.82    23.69  33.33   245.63 255.27   251.22 260.86   244.95 254.59
2023-05-05   245.07 255.28   245.04 255.25    22.55  32.76   244.50 254.71   250.08 260.29   243.81 254.02
2023-05-06   244.21 254.42   244.19 254.39    21.70  31.91   243.64 253.85   249.23 259.44   242.96 253.17
2023-05-07   243.36 253.57   243.34 253.54    20.85  31.05   242.79 253.00   248.38 258.58   242.11 252.32
2023-05-08   242.51 252.72   242.49 252.69    20.00  30.20   241.94 252.15   247.53 257.73   241.26 251.46
2023-05-09   241.66 251.86   241.64 251.84    19.15  29.35   241.09 251.29   246.68 256.88   240.41 250.61
2023-05-10   240.81 251.01   240.79 250.99    18.30  28.50   240.24 250.44   245.83 256.03   239.56 249.76
2023-05-11   239.96 250.16   239.94 250.14    17.45  27.65   239.39 249.59   244.98 255.18   238.71 248.91
2023-05-12   239.11 249.31   239.08 249.29    16.60  26.80   238.54 248.74   244.13 254.33   237.86 248.06
2023-05-13   238.26 248.46   238.23 248.44    15.75  25.95   237.69 247.89   243.28 253.48   237.01 247.21
2023-05-14   237.41 247.61   237.38 247.59    14.90  25.10   236.84 247.04   242.42 252.63   236.16 246.36
2023-05-15   236.56 246.76   236.53 246.74    14.04  24.25   235.99 246.19   241.57 251.78   235.31 245.51
2023-05-16   235.70 245.91   235.68 245.89    13.19  23.40   235.13 245.34   240.72 250.93   234.45 244.66
2023-05-17   234.85 245.06   234.82 245.04    12.34  22.55   234.28 244.49   239.87 250.08   233.60 243.81
2023-05-18   234.00 244.21   233.97 244.19    11.48  21.70   233.43 243.64   239.01 249.23   232.74 242.96
2023-05-19   233.14 243.36   233.11 243.34    10.63  20.85   232.57 242.79   238.16 248.38   231.89 242.11
2023-05-20   232.28 242.51   232.26 242.49     9.77  20.00   231.71 241.94   237.30 247.53   231.03 241.26
2023-05-21   231.43 241.66   231.40 241.63     8.91  19.15   230.86 241.09   236.44 246.68   230.17 240.41
2023-05-22   230.57 240.81   230.54 240.78     8.05  18.30   230.00 240.24   235.58 245.82   229.31 239.56
2023-05-23   229.70 239.96   229.68 239.93     7.19  17.44   229.13 239.39   234.72 244.97   228.45 238.70
2023-05-24   228.84 239.10   228.82 239.07     6.33  16.59   228.27 238.53   233.86 244.12   227.59 237.85
2023-05-25   227.98 238.25   227.95 238.22     5.47  15.73   227.41 237.68   232.99 243.26   226.73 236.99
2023-05-26   227.11 237.39   227.09 237.36     4.60  14.88   226.54 236.82   232.13 242.40   225.86 236.14
2023-05-27   226.24 236.53   226.22 236.50     3.73  14.02   225.67 235.96   231.26 241.55   224.99 235.28
2023-05-28   225.37 235.67   225.35 235.65     2.86  13.16   224.80 235.10   230.39 240.69   224.12 234.42
2023-05-29   224.50 234.81   224.48 234.78     1.99  12.30   223.93 234.24   229.52 239.83   223.25 233.56
2023-05-30   223.63 233.95   223.60 233.92     1.12  11.44   223.06 233.38   228.64 238.96   222.38 232.70
2023-05-31   222.75 233.08   222.73 233.06     0.24  10.57   222.18 232.51   227.77 238.10   221.50 231.83
2023-06-01   221.87 232.22   221.85 232.19   359.36   9.71   221.30 231.65   226.89 237.23   220.62 230.97
2023-06-02   220.99 231.35   220.96 231.32   358.48   8.84   220.42 230.78   226.01 236.37   219.74 230.10
2023-06-03   220.11 230.48   220.08 230.45   357.59   7.97   219.54 229.91   225.12 235.50   218.86 229.23
2023-06-04   219.22 229.61   219.19 229.58   356.71   7.10   218.65 229.04   224.24 234.62   217.97 228.36
2023-06-05   218.33 228.73   218.30 228.71   355.82   6.22   217.76 228.16   223.35 233.75   217.08 227.48
2023-06-06   217.44 227.86   217.41 227.83   354.93   5.34   216.87 227.29   222.45 232.87   216.19 226.61
2023-06-07   216.54 226.98   216.52 226.95   354.03   4.46   215.97 226.41   221.56 231.99   215.29 225.73
2023-06-08   215.64 226.10   215.62 226.07   353.13   3.58   215.07 225.53   220.66 231.11   214.39 224.84
2023-06-09   214.74 225.21   214.72 225.18   352.23   2.70   214.17 224.64   219.76 230.23   213.49 223.96
2023-06-10   213.84 224.32   213.81 224.30   351.32   1.81   213.27 223.75   218.85 229.34   212.59 223.07
2023-06-11   212.93 223.43   212.90 223.41   350.42   0.92   212.36 222.86   217.94 228.45   211.68 222.18
2023-06-12   212.02 222.54   211.99 222.51   349.50   0.03   211.45 221.97   217.03 227.55   210.77 221.29
2023-06-13   211.10 221.64   211.08 221.62   348.59 359.13   210.53 221.07   216.12 226.66   209.85 220.39
2023-06-14   210.18 220.74   210.16 220.72   347.67 358.23   209.61 220.17   215.20 225.76   208.93 219.49
2023-06-15   209.26 219.84   209.23 219.81   346.75 357.33   208.69 219.27   214.28 224.86   208.01 218.59
2023-06-16   208.33 218.93   208.31 218.91   345.82 356.42   207.76 218.36   213.35 223.95   207.08 217.68
2023-06-17   207.41 218.03   207.38 218.00   344.89 355.51   206.84 217.46   212.42 223.04   206.15 216.77
2023-06-18   206.47 217.11   206.45 217.09   343.96 354.60   205.90 216.54   211.49 222.13   205.22 215.86
2023-06-19   205.53 216.20   205.51 216.17   343.02 353.68   204.96 215.63   210.55 221.21   204.28 214.95
2023-06-20   204.59 215.28   204.57 215.25   342.08 352.76   204.02 214.71   209.61 220.29   203.34 214.03
2023-06-21   203.65 214.35   203.62 214.33   341.14 351.84   203.08 213.78   208.66 219.37   202.40 213.10
2023-06-22   202.70 213.42   202.67 213.40   340.19 350.91   202.13 212.85   207.71 218.44   201.45 212.17
2023-06-23   201.75 212.49   201.72 212.47   339.23 349.98   201.18 211.92   206.76 217.51   200.49 211.24
2023-06-24   200.79 211.56   200.76 211.53   338.28 349.05   200.22 210.99   205.80 216.57   199.54 210.31
2023-06-25   199.83 210.62   199.80 210.59   337.31 348.11   199.26 210.05   204.84 215.63   198.58 209.37
2023-06-26   198.86 209.68   198.83 209.65   336.35 347.16   198.29 209.11   203.88 214.69   197.61 208.43
2023-06-27   197.89 208.73   197.87 208.70   335.38 346.22   197.32 208.16   202.91 213.75   196.64 207.48
2023-06-28   196.92 207.78   196.89 207.75   334.41 345.27   196.35 207.21   201.93 212.79   195.67 206.53
2023-06-29   195.94 206.82   195.91 206.80   333.43 344.31   195.37 206.25   200.96 211.84   194.69 205.57
2023-06-30   194.96 205.87   194.93 205.84   332.45 343.35   194.39 205.30   199.97 210.88   193.71 204.61
2023-07-01   193.97 204.90   193.95 204.88   331.46 342.39   193.40 204.33   198.99 209.92   192.72 203.65
2023-07-02   192.98 203.94   192.96 203.91   330.47 341.42   192.41 203.37   198.00 208.95   191.73 202.68
2023-07-03   191.99 202.96   191.96 202.94   329.48 340.45   191.42 202.39   197.00 207.98   190.74 201.71
2023-07-04   190.99 201.99   190.96 201.96   328.48 339.48   190.42 201.42   196.01 207.00   189.74 200.74
2023-07-05   189.99 201.01   189.96 200.98   327.48 338.50   189.42 200.44   195.00 206.02   188.74 199.76
2023-07-06   188.98 200.03   188.96 200.00   326.47 337.51   188.41 199.46   194.00 205.04   187.73 198.77
2023-07-07   187.97 199.04   187.94 199.01   325.46 336.53   187.40 198.47   192.99 204.05   186.72 197.79
2023-07-08   186.96 198.05   186.93 198.02   324.44 335.53   186.39 197.48   191.97 203.06   185.71 196.80
2023-07-09   185.94 197.05   185.91 197.02   323.43 334.54   185.37 196.48   190.95 202.07   184.69 195.80
2023-07-10   184.92 196.05   184.89 196.02   322.40 333.54   184.35 195.48   189.93 201.07   183.67 194.80
2023-07-11   183.89 195.05   183.87 195.02   321.38 332.53   183.32 194.48   188.91 200.06   182.64 193.80
2023-07-12   182.86 194.04   182.84 194.01   320.35 331.53   182.29 193.47   187.88 199.05   181.61 192.79
2023-07-13   181.83 193.03   181.80 193.00   319.32 330.51   181.26 192.46   186.84 198.04   180.58 191.78
2023-07-14   180.79 192.01   180.77 191.98   318.28 329.50   180.22 191.44   185.81 197.03   179.54 190.76
2023-07-15   179.75 190.99   179.73 190.96   317.24 328.48   179.18 190.42   184.77 196.01   178.50 189.74
2023-07-16   178.71 189.97   178.68 189.94   316.20 327.46   178.14 189.40   183.73 194.98   177.46 188.72
2023-07-17   177.66 188.94   177.64 188.91   315.15 326.43   177.09 188.37   182.68 193.96   176.41 187.69
2023-07-18   176.61 187.91   176.59 187.88   314.10 325.40   176.04 187.34   181.63 192.93   175.36 186.66
2023-07-19   175.56 186.88   175.53 186.85   313.05 324.36   174.99 186.31   180.58 191.89   174.31 185.62
2023-07-20   174.50 185.84   174.48 185.81   311.99 323.33   173.93 185.27   179.52 190.85   173.25 184.59
2023-07-21   173.45 184.80   173.42 184.77   310.93 322.28   172.88 184.23   178.46 189.81   172.20 183.55
2023-07-22   172.38 183.75   172.36 183.73   309.87 321.24   171.81 183.18   177.40 188.77   171.13 182.50
2023-07-23   171.32 182.70   171.29 182.68   308.81 320.19   170.75 182.13   176.34 187.72   170.07 181.45
2023-07-24   170.25 181.65   170.23 181.63   307.74 319.14   169.68 181.08   175.27 186.67   169.00 180.40
2023-07-25   169.19 180.60   169.16 180.57   306.67 318.09   168.62 180.03   174.20 185.61   167.93 179.35
2023-07-26   168.11 179.54   168.09 179.52   305.60 317.03   167.54 178.97   173.13 184.56   166.86 178.29
2023-07-27   167.04 178.48   167.01 178.46   304.53 315.97   166.47 177.91   172.06 183.50   165.79 177.23
2023-07-28   165.97 177.42   165.94 177.39   303.45 314.91   165.40 176.85   170.98 182.43   164.71 176.17
2023-07-29   164.89 176.35   164.86 176.33   302.38 313.84   164.32 175.78   169.90 181.37   163.64 175.10
2023-07-30   163.81 175.29   163.78 175.26   301.30 312.77   163.24 174.72   168.82 180.30   162.56 174.04
2023-07-31   162.73 174.22   162.70 174.19   300.22 311.70   162.16 173.65   167.74 179.23   161.48 172.97
2023-08-01   161.65 173.14   161.62 173.12   299.13 310.63   161.08 172.57   166.66 178.16   160.40 171.89
2023-08-02   160.56 172.07   160.54 172.04   298.05 309.56   159.99 171.50   165.58 177.09   159.31 170.82
2023-08-03   159.48 170.99   159.45 170.97   296.97 308.48   158.91 170.42   164.50 176.01   158.23 169.74
2023-08-04   158.40 169.92   158.37 169.89   295.88 307.40   157.83 169.35   163.41 174.93   157.14 168.67
2023-08-05   157.31 168.84   157.28 168.81   294.80 306.32   156.74 168.27   162.32 173.85   156.06 167.59
2023-08-06   156.22 167.76   156.20 167.73   293.71 305.24   155.65 167.19   161.24 172.77   154.97 166.50
2023-08-07   155.14 166.67   155.11 166.65   292.62 304.16   154.57 166.10   160.15 171.69   153.89 165.42
2023-08-08   154.05 165.59   154.02 165.56   291.54 303.08   153.48 165.02   159.06 170.61   152.80 164.34
2023-08-09   152.96 164.51   152.94 164.48   290.45 301.99   152.39 163.94   157.98 169.52   151.71 163.25
2023-08-10   151.88 163.42   151.85 163.39   289.36 300.91   151.31 162.85   156.89 168.44   150.62 162.17
2023-08-11   150.79 162.33   150.76 162.31   288.28 299.82   150.22 161.76   155.80 167.35   149.54 161.08
2023-08-12   149.70 161.25   149.68 161.22   287.19 298.74   149.13 160.68   154.72 166.26   148.45 160.00
2023-08-13   148.62 160.16   148.59 160.13   286.10 297.65   148.05 159.59   153.63 165.18   147.37 158.91
2023-08-14   147.53 159.07   147.51 159.05   285.02 296.56   146.96 158.50   152.55 164.09   146.28 157.82
2023-08-15   146.45 157.99   146.42 157.96   283.93 295.47   145.88 157.42   151.46 163.00   145.20 156.74
2023-08-16   145.36 156.90   145.34 156.87   282.85 294.39   144.79 156.33   150.38 161.92   144.11 155.65
2023-08-17   144.28 155.81   144.26 155.79   281.77 293.30   143.71 155.24   149.30 160.83   143.03 154.56
2023-08-18   143.20 154.73   143.17 154.70   280.69 292.21   142.63 154.16   148.22 159.74   141.95 153.48
2023-08-19   142.12 153.64   142.10 153.61   279.61 291.13   141.55 153.07   147.14 158.66   140.87 152.39
2023-08-20   141.04 152.56   141.02 152.53   278.53 290.04   140.47 151.99   146.06 157.57   139.79 151.31
2023-08-21   139.97 151.47   139.94 151.45   277.46 288.96   139.40 150.90   144.98 156.49   138.72 150.22
2023-08-22   138.89 150.39   138.87 150.36   276.38 287.88   138.32 149.82   143.91 155.40   137.64 149.14
2023-08-23   137.82 149.31   137.80 149.28   275.31 286.80   137.25 148.74   142.84 154.32   136.57 148.06
2023-08-24   136.75 148.23   136.73 148.20   274.24 285.71   136.18 147.66   141.77 153.24   135.50 146.98
2023-08-25   135.69 147.15   135.66 147.12   273.17 284.64   135.12 146.58   140.70 152.16   134.43 145.90
2023-08-26   134.62 146.07   134.59 146.05   272.11 283.56   134.05 145.50   139.64 151.09   133.37 144.82
2023-08-27   133.56 145.00   133.53 144.97   271.04 282.48   132.99 144.43   138.57 150.01   132.31 143.75
2023-08-28   132.50 143.92   132.47 143.90   269.98 281.41   131.93 143.35   137.51 148.94   131.25 142.67
2023-08-29   131.44 142.85   131.41 142.82   268.93 280.34   130.87 142.28   136.46 147.87   130.19 141.60
2023-08-30   130.39 141.78   130.36 141.76   267.87 279.27   129.82 141.21   135.40 146.80   129.14 140.53
2023-08-31   129.33 140.72   129.31 140.69   266.82 278.20   128.76 140.15   134.35 145.73   128.08 139.46
2023-09-01   128.29 139.65   128.26 139.62   265.77 277.14   127.72 139.08   133.30 144.67   127.04 138.40
2023-09-02   127.24 138.59   127.21 138.56   264.73 276.08   126.67 138.02   132.26 143.60   125.99 137.34
2023-09-03   126.20 137.53   126.17 137.50   263.69 275.02   125.63 136.96   131.21 142.54   124.95 136.28
2023-09-04   125.16 136.47   125.13 136.45   262.65 273.96   124.59 135.90   130.18 141.49   123.91 135.22
2023-09-05   124.12 135.42   124.10 135.39   261.61 272.91   123.55 134.85   129.14 140.43   122.87 134.17
2023-09-06   123.09 134.37   123.07 134.34   260.58 271.85   122.52 133.80   128.11 139.38   121.84 133.12
2023-09-07   122.06 133.32   122.04 133.29   259.55 270.81   121.49 132.75   127.08 138.33   120.81 132.07
2023-09-08   121.04 132.27   121.01 132.25   258.53 269.76   120.47 131.70   126.05 137.29   119.79 131.02
2023-09-09   120.02 131.23   119.99 131.21   257.50 268.72   119.45 130.66   125.03 136.25   118.77 129.98
2023-09-10   119.00 130.19   118.97 130.17   256.49 267.68   118.43 129.62   124.01 135.21   117.75 128.94
2023-09-11   117.99 129.16   117.96 129.13   255.47 266.65   117.42 128.59   123.00 134.17   116.73 127.91
2023-09-12   116.97 128.13   116.95 128.10   254.46 265.61   116.40 127.56   121.99 133.14   115.72 126.88
2023-09-13   115.97 127.10   115.94 127.07   253.46 264.59   115.40 126.53   120.98 132.11   114.72 125.85
2023-09-14   114.96 126.07   114.94 126.05   252.45 263.56   114.39 125.50   119.98 131.09   113.71 124.82
2023-09-15   113.96 125.05   113.94 125.03   251.45 262.54   113.39 124.48   118.98 130.07   112.71 123.80
2023-09-16   112.97 124.03   112.94 124.01   250.46 261.52   112.40 123.46   117.98 129.05   111.72 122.78
2023-09-17   111.98 123.02   111.95 122.99   249.46 260.51   111.41 122.45   116.99 128.03   110.73 121.77
2023-09-18   110.99 122.01   110.96 121.98   248.48 259.50   110.42 121.44   116.00 127.02   109.74 120.76
2023-09-19   110.00 121.00   109.98 120.97   247.49 258.49   109.43 120.43   115.02 126.02   108.75 119.75
2023-09-20   109.02 120.00   109.00 119.97   246.51 257.48   108.45 119.43   114.04 125.01   107.77 118.75
2023-09-21   108.05 119.00   108.02 118.97   245.53 256.48   107.48 118.43   113.06 124.01   106.79 117.75
2023-09-22   107.07 118.00   107.04 117.97   244.56 255.49   106.50 117.43   112.09 123.02   105.82 116.75
2023-09-23   106.10 117.01   106.07 116.98   243.59 254.49   105.53 116.44   111.12 122.02   104.85 115.76
2023-09-24   105.13 116.02   105.11 115.99   242.62 253.51   104.56 115.45   110.15 121.03   103.88 114.77
2023-09-25   104.17 115.03   104.15 115.01   241.66 252.52   103.60 114.46   109.19 120.05   102.92 113.78
2023-09-26   103.21 114.05   103.19 114.02   240.70 251.54   102.64 113.48   108.23 119.07   101.96 112.80
2023-09-27   102.26 113.07   102.23 113.04   239.74 250.56   101.69 112.50   107.27 118.09   101.01 111.82
2023-09-28   101.30 112.10   101.28 112.07   238.79 249.58   100.73 111.53   106.32 117.11   100.05 110.85
2023-09-29   100.35 111.12   100.33 111.10   237.84 248.61    99.78 110.55   105.37 116.14    99.10 109.87
2023-09-30    99.41 110.16    99.38 110.13   236.90 247.64    98.84 109.59   104.42 115.17    98.16 108.91
2023-10-01    98.47 109.19    98.44 109.17   235.95 246.68    97.90 108.62   103.48 114.21    97.21 107.94
2023-10-02    97.53 108.23    97.50 108.20   235.01 245.72    96.96 107.66   102.54 113.25    96.27 106.98
2023-10-03    96.59 107.27    96.56 107.25   234.08 244.76    96.02 106.70   101.60 112.29    95.34 106.02
2023-10-04    95.66 106.32    95.63 106.29   233.14 243.81    95.09 105.75   100.67 111.33    94.40 105.07
2023-10-05    94.73 105.37    94.70 105.34   232.21 242.85    94.16 104.80    99.74 110.38    93.47 104.12
2023-10-06    93.80 104.42    93.77 104.39   231.29 241.91    93.23 103.85    98.81 109.43    92.55 103.17
2023-10-07    92.87 103.47    92.85 103.45   230.36 240.96    92.30 102.90    97.89 108.49    91.62 102.22
2023-10-08    91.95 102.53    91.92 102.50   229.44 240.02    91.38 101.96    96.97 107.55    90.70 101.28
2023-10-09    91.03 101.59    91.01 101.57   228.52 239.08    90.46 101.02    96.05 106.61    89.78 100.34
2023-10-10    90.11 100.66    90.09 100.63   227.60 238.14    89.54 100.09    95.13 105.67    88.86  99.41
2023-10-11    89.20  99.72    89.17  99.70   226.69 237.21    88.63  99.15    94.22 104.74    87.95  98.47
2023-10-12    88.29  98.79    88.26  98.77   225.78 236.28    87.72  98.22    93.30 103.81    87.04  97.54
2023-10-13    87.38  97.87    87.35  97.84   224.87 235.35    86.81  97.30    92.39 102.88    86.13  96.61
2023-10-14    86.47  96.94    86.45  96.91   223.96 234.43    85.90  96.37    91.49 101.96    85.22  95.69
2023-10-15    85.57  96.02    85.54  95.99   223.05 233.51    85.00  95.45    90.58 101.03    84.32  94.77
2023-10-16    84.66  95.10    84.64  95.07   222.15 232.59    84.09  94.53    89.68 100.11    83.41  93.85
2023-10-17    83.76  94.18    83.74  94.15   221.25 231.67    83.19  93.61    88.78  99.20    82.51  92.93
2023-10-18    82.86  93.27    82.84  93.24   220.35 230.75    82.29  92.70    87.88  98.28    81.61  92.01
2023-10-19    81.96  92.35    81.94  92.33   219.45 229.84    81.39  91.78    86.98  97.37    80.71  91.10
2023-10-20    81.07  91.44    81.04  91.42   218.56 228.93    80.50  90.87    86.08  96.46    79.82  90.19
2023-10-21    80.17  90.53    80.15  90.51   217.66 228.02    79.60  89.96    85.19  95.55    78.92  89.28
2023-10-22    79.28  89.63    79.25  89.60   216.77 227.11    78.71  89.06    84.30  94.64    78.03  88.38
2023-10-23    78.39  88.72    78.36  88.69   215.88 226.21    77.82  88.15    83.40  93.74    77.14  87.47
2023-10-24    77.50  87.82    77.47  87.79   214.99 225.31    76.93  87.25    82.51  92.83    76.25  86.57
2023-10-25    76.61  86.92    76.58  86.89   214.10 224.40    76.04  86.35    81.62  91.93    75.36  85.67
2023-10-26    75.72  86.02    75.69  85.99   213.21 223.50    75.15  85.45    80.74  91.03    74.47  84.77
2023-10-27    74.83  85.12    74.81  85.09   212.32 222.61    74.26  84.55    79.85  90.13    73.58  83.87
2023-10-28    73.95  84.22    73.92  84.20   211.43 221.71    73.38  83.65    78.96  89.24    72.70  82.97
2023-10-29    73.06  83.33    73.03  83.30   210.55 220.81    72.49  82.76    78.08  88.34    71.81  82.08
2023-10-30    72.17  82.43    72.15  82.40   209.66 219.92    71.60  81.86    77.19  87.45    70.92  81.18
2023-10-31    71.29  81.54    71.26  81.51   208.78 219.03    70.72  80.97    76.30  86.55    70.04  80.29
2023-11-01    70.40  80.65    70.38  80.62   207.89 218.13    69.83  80.08    75.42  85.66    69.15  79.39
2023-11-02    69.52  79.75    69.49  79.73   207.01 217.24    68.95  79.18    74.53  84.77    68.27  78.50
2023-11-03    68.64  78.86    68.61  78.84   206.12 216.35    68.07  78.29    73.65  83.88    67.38  77.61
2023-11-04    67.75  77.97    67.72  77.95   205.24 215.46    67.18  77.40    72.77  82.99    66.50  76.72
2023-11-05    66.87  77.08    66.84  77.06   204.35 214.57    66.30  76.51    71.88  82.10    65.62  75.83
2023-11-06    65.98  76.19    65.95  76.17   203.47 213.68    65.41  75.62    71.00  81.21    64.73  74.94
2023-11-07    65.10  75.30    65.07  75.28   202.58 212.79    64.53  74.73    70.11  80.32    63.84  74.05
2023-11-08    64.21  74.42    64.18  74.39   201.70 211.90    63.64  73.85    69.23  79.43    62.96  73.16
2023-11-09    63.32  73.53    63.30  73.50   200.81 211.01    62.75  72.96    68.34  78.54    62.07  72.28
2023-11-10    62.44  72.64    62.41  72.61   199.92 210.13    61.87  72.07    67.45  77.65    61.19  71.39
2023-11-11    61.55  71.75    61.52  71.72   199.04 209.24    60.98  71.18    66.56  76.76    60.30  70.50
2023-11-12    60.66  70.86    60.63  70.83   198.15 208.35    60.09  70.29    65.68  75.88    59.41  69.61
2023-11-13    59.77  69.97    59.74  69.94   197.26 207.46    59.20  69.40    64.79  74.99    58.52  68.72
2023-11-14    58.88  69.08    58.85  69.05   196.37 206.57    58.31  68.51    63.89  74.10    57.63  67.83
2023-11-15    57.99  68.19    57.96  68.16   195.47 205.68    57.42  67.62    63.00  73.21    56.74  66.94
2023-11-16    57.09  67.30    57.07  67.27   194.58 204.79    56.52  66.73    62.11  72.31    55.84  66.05
2023-11-17    56.20  66.41    56.17  66.38   193.69 203.89    55.63  65.84    61.21  71.42    54.95  65.16
2023-11-18    55.47  65.35    55.44  65.32   192.95 202.84    54.90  64.78    60.48  70.36    54.22  64.10
2023-11-19    54.86  64.16    54.84  64.13   192.35 201.65    54.29  63.59    59.88  69.17    53.61  62.91
2023-11-20    54.26  62.97    54.23  62.94   191.74 200.46    53.69  62.40    59.27  67.98    53.01  61.72
2023-11-21    53.65  61.78    53.62  61.75   191.14 199.27    53.08  61.21    58.66  66.79    52.40  60.53
2023-11-22    53.04  60.59    53.01  60.56   190.53 198.07    52.47  60.02    58.05  65.60    51.79  59.34
2023-11-23    52.43  59.39    52.40  59.37   189.91 196.88    51.86  58.82    57.44  64.41    51.18  58.14
