
       Target
                ecliptic
RA      Dec     latitude
292.326  38.658  59.368

Checked interval [2020-01-01, 2023-12-31]
|           Window [days]                 |    Normal V3 PA [deg]    |
   Start           End         Duration         Start         End         RA            Dec     
 2020-04-15      2020-11-08       207.00     260.89820      63.42848     292.32648      38.65754 
 2021-04-15      2021-11-08       207.00     261.15319      63.67006     292.32648      38.65754 
 2022-04-15      2022-11-08       206.93     261.35247      63.90488     292.32648      38.65754 
 2023-04-16      2023-11-09       207.00     260.82640      63.26164     292.32648      38.65754 


                V3PA          NIRCam           NIRSpec         NIRISS           MIRI          FGS
   Date      min    max      min    max       min    max     min    max      min    max      min    max

2020-04-16   257.21 264.42   257.18 264.40    34.69  41.91   256.64 263.85   262.22 269.44   255.96 263.17
2020-04-17   256.06 263.89   256.03 263.86    33.55  41.38   255.49 263.32   261.08 268.90   254.81 262.64
2020-04-18   254.92 263.36   254.89 263.33    32.40  40.85   254.35 262.79   259.93 268.37   253.67 262.11
2020-04-19   253.77 262.83   253.75 262.80    31.26  40.32   253.20 262.26   258.79 267.85   252.52 261.58
2020-04-20   252.63 262.30   252.61 262.28    30.12  39.79   252.06 261.73   257.65 267.32   251.38 261.05
2020-04-21   251.53 261.74   251.50 261.71    29.02  39.23   250.96 261.17   256.55 266.75   250.28 260.49
2020-04-22   250.70 260.91   250.67 260.88    28.19  38.39   250.13 260.34   255.72 265.92   249.45 259.66
2020-04-23   249.87 260.07   249.84 260.05    27.36  37.56   249.30 259.50   254.89 265.09   248.62 258.82
2020-04-24   249.04 259.24   249.01 259.22    26.53  36.73   248.47 258.67   254.06 264.26   247.79 257.99
2020-04-25   248.21 258.41   248.18 258.39    25.70  35.90   247.64 257.84   253.23 263.43   246.96 257.16
2020-04-26   247.38 257.58   247.36 257.56    24.87  35.07   246.81 257.01   252.40 262.60   246.13 256.33
2020-04-27   246.55 256.75   246.53 256.73    24.04  34.24   245.98 256.18   251.57 261.77   245.30 255.50
2020-04-28   245.72 255.93   245.70 255.90    23.21  33.41   245.15 255.36   250.74 260.94   244.47 254.67
2020-04-29   244.89 255.10   244.87 255.07    22.38  32.59   244.32 254.53   249.91 260.11   243.64 253.85
2020-04-30   244.06 254.27   244.04 254.24    21.55  31.76   243.49 253.70   249.08 259.29   242.81 253.02
2020-05-01   243.23 253.44   243.21 253.42    20.72  30.93   242.66 252.87   248.25 258.46   241.98 252.19
2020-05-02   242.40 252.62   242.38 252.59    19.89  30.10   241.83 252.05   247.42 257.63   241.15 251.37
2020-05-03   241.57 251.79   241.54 251.76    19.06  29.28   241.00 251.22   246.59 256.80   240.32 250.54
2020-05-04   240.74 250.96   240.71 250.94    18.23  28.45   240.17 250.39   245.75 255.98   239.49 249.71
2020-05-05   239.90 250.13   239.88 250.11    17.39  27.62   239.33 249.56   244.92 255.15   238.65 248.88
2020-05-06   239.07 249.31   239.04 249.28    16.56  26.79   238.50 248.74   244.08 254.32   237.82 248.06
2020-05-07   238.23 248.48   238.21 248.45    15.72  25.97   237.66 247.91   243.25 253.49   236.98 247.23
2020-05-08   237.39 247.65   237.37 247.62    14.88  25.14   236.82 247.08   242.41 252.66   236.14 246.40
2020-05-09   236.55 246.82   236.53 246.79    14.04  24.31   235.98 246.25   241.57 251.83   235.30 245.57
2020-05-10   235.71 245.99   235.69 245.96    13.20  23.47   235.14 245.42   240.73 251.00   234.46 244.74
2020-05-11   234.87 245.16   234.84 245.13    12.36  22.64   234.30 244.59   239.89 250.17   233.62 243.90
2020-05-12   234.03 244.32   234.00 244.30    11.51  21.81   233.46 243.75   239.04 249.34   232.77 243.07
2020-05-13   233.18 243.49   233.15 243.46    10.67  20.97   232.61 242.92   238.19 248.50   231.93 242.24
2020-05-14   232.33 242.65   232.30 242.62     9.82  20.14   231.76 242.08   237.34 247.67   231.08 241.40
2020-05-15   231.48 241.81   231.45 241.79     8.96  19.30   230.91 241.24   236.49 246.83   230.23 240.56
2020-05-16   230.62 240.97   230.60 240.95     8.11  18.46   230.05 240.40   235.64 245.99   229.37 239.72
2020-05-17   229.77 240.13   229.74 240.10     7.25  17.62   229.20 239.56   234.78 245.15   228.52 238.88
2020-05-18   228.91 239.29   228.88 239.26     6.39  16.77   228.34 238.72   233.92 244.30   227.66 238.04
2020-05-19   228.04 238.44   228.02 238.41     5.53  15.93   227.47 237.87   233.06 243.46   226.79 237.19
2020-05-20   227.18 237.59   227.15 237.57     4.67  15.08   226.61 237.02   232.19 242.61   225.93 236.34
2020-05-21   226.31 236.74   226.29 236.72     3.80  14.23   225.74 236.17   231.33 241.76   225.06 235.49
2020-05-22   225.44 235.89   225.41 235.86     2.93  13.38   224.87 235.32   230.46 240.90   224.19 234.64
2020-05-23   224.57 235.03   224.54 235.01     2.05  12.52   224.00 234.46   229.58 240.05   223.31 233.78
2020-05-24   223.69 234.17   223.66 234.15     1.18  11.66   223.12 233.60   228.70 239.19   222.44 232.92
2020-05-25   222.81 233.31   222.78 233.29     0.29  10.80   222.24 232.74   227.82 238.33   221.56 232.06
2020-05-26   221.92 232.45   221.89 232.42   359.41   9.94   221.35 231.88   226.94 237.46   220.67 231.20
2020-05-27   221.03 231.58   221.01 231.55   358.52   9.07   220.46 231.01   226.05 236.60   219.78 230.33
2020-05-28   220.14 230.71   220.11 230.68   357.63   8.20   219.57 230.14   225.16 235.73   218.89 229.46
2020-05-29   219.24 229.84   219.22 229.81   356.73   7.32   218.67 229.27   224.26 234.85   217.99 228.58
2020-05-30   218.34 228.96   218.32 228.93   355.83   6.45   217.77 228.39   223.36 233.97   217.09 227.71
2020-05-31   217.44 228.08   217.41 228.05   354.93   5.56   216.87 227.51   222.45 233.09   216.19 226.83
2020-06-01   216.53 227.19   216.50 227.17   354.02   4.68   215.96 226.62   221.55 232.21   215.28 225.94
2020-06-02   215.62 226.30   215.59 226.28   353.10   3.79   215.05 225.73   220.63 231.32   214.37 225.05
2020-06-03   214.70 225.41   214.67 225.38   352.19   2.90   214.13 224.84   219.71 230.43   213.45 224.16
2020-06-04   213.78 224.51   213.75 224.49   351.27   2.00   213.21 223.94   218.79 229.53   212.53 223.26
2020-06-05   212.85 223.61   212.83 223.59   350.34   1.10   212.28 223.04   217.87 228.63   211.60 222.36
2020-06-06   211.92 222.71   211.89 222.68   349.41   0.19   211.35 222.14   216.94 227.72   210.67 221.46
2020-06-07   210.99 221.80   210.96 221.77   348.47 359.29   210.42 221.23   216.00 226.81   209.73 220.55
2020-06-08   210.04 220.88   210.02 220.86   347.53 358.37   209.47 220.31   215.06 225.90   208.79 219.63
2020-06-09   209.10 219.97   209.07 219.94   346.59 357.45   208.53 219.40   214.11 224.98   207.85 218.72
2020-06-10   208.15 219.04   208.12 219.02   345.64 356.53   207.58 218.47   213.16 224.06   206.90 217.79
2020-06-11   207.19 218.12   207.17 218.09   344.68 355.60   206.62 217.55   212.21 223.13   205.94 216.86
2020-06-12   206.23 217.18   206.21 217.16   343.72 354.67   205.66 216.61   211.25 222.20   204.98 215.93
2020-06-13   205.27 216.25   205.24 216.22   342.76 353.73   204.70 215.68   210.29 221.26   204.02 215.00
2020-06-14   204.30 215.30   204.27 215.28   341.79 352.79   203.73 214.73   209.32 220.32   203.05 214.05
2020-06-15   203.33 214.36   203.30 214.33   340.81 351.84   202.76 213.79   208.34 219.37   202.07 213.11
2020-06-16   202.34 213.41   202.32 213.38   339.83 350.89   201.77 212.84   207.36 218.42   201.09 212.15
2020-06-17   201.36 212.45   201.33 212.42   338.85 349.94   200.79 211.88   206.37 217.46   200.11 211.20
2020-06-18   200.37 211.49   200.34 211.46   337.86 348.97   199.80 210.92   205.38 216.50   199.12 210.24
2020-06-19   199.37 210.52   199.35 210.49   336.86 348.01   198.80 209.95   204.39 215.53   198.12 209.27
2020-06-20   198.37 209.55   198.35 209.52   335.86 347.03   197.80 208.98   203.39 214.56   197.12 208.30
2020-06-21   197.37 208.57   197.34 208.54   334.85 346.06   196.80 208.00   202.38 213.58   196.12 207.32
2020-06-22   196.36 207.59   196.33 207.56   333.84 345.07   195.79 207.02   201.37 212.60   195.10 206.34
2020-06-23   195.34 206.60   195.31 206.57   332.83 344.09   194.77 206.03   200.35 211.61   194.09 205.35
2020-06-24   194.32 205.60   194.29 205.58   331.81 343.09   193.75 205.03   199.33 210.62   193.07 204.35
2020-06-25   193.29 204.61   193.26 204.58   330.78 342.09   192.72 204.04   198.31 209.62   192.04 203.36
2020-06-26   192.26 203.60   192.23 203.58   329.75 341.09   191.69 203.03   197.27 208.62   191.01 202.35
2020-06-27   191.22 202.59   191.20 202.57   328.71 340.08   190.65 202.02   196.24 207.61   189.97 201.34
2020-06-28   190.18 201.58   190.16 201.55   327.67 339.07   189.61 201.01   195.20 206.59   188.93 200.33
2020-06-29   189.14 200.56   189.11 200.53   326.62 338.05   188.57 199.99   194.15 205.57   187.88 199.31
2020-06-30   188.08 199.53   188.06 199.51   325.57 337.02   187.51 198.96   193.10 204.55   186.83 198.28
2020-07-01   187.03 198.50   187.00 198.48   324.52 335.99   186.46 197.93   192.04 203.52   185.78 197.25
2020-07-02   185.97 197.47   185.94 197.44   323.46 334.96   185.40 196.90   190.98 202.48   184.72 196.22
2020-07-03   184.90 196.43   184.88 196.40   322.39 333.92   184.33 195.86   189.92 201.44   183.65 195.18
2020-07-04   183.83 195.38   183.81 195.36   321.32 332.87   183.26 194.81   188.85 200.40   182.58 194.13
2020-07-05   182.76 194.33   182.73 194.31   320.25 331.82   182.19 193.76   187.77 199.35   181.51 193.08
2020-07-06   181.68 193.28   181.65 193.25   319.17 330.77   181.11 192.71   186.70 198.29   180.43 192.03
2020-07-07   180.60 192.22   180.57 192.19   318.09 329.71   180.03 191.65   185.61 197.23   179.35 190.97
2020-07-08   179.51 191.15   179.49 191.13   317.00 328.64   178.94 190.58   184.53 196.17   178.26 189.90
2020-07-09   178.42 190.08   178.40 190.06   315.91 327.57   177.85 189.51   183.44 195.10   177.17 188.83
2020-07-10   177.33 189.01   177.30 188.99   314.82 326.50   176.76 188.44   182.35 194.03   176.08 187.76
2020-07-11   176.23 187.93   176.21 187.91   313.72 325.42   175.66 187.36   181.25 192.95   174.98 186.68
2020-07-12   175.13 186.85   175.11 186.83   312.62 324.34   174.56 186.28   180.15 191.87   173.88 185.60
2020-07-13   174.03 185.77   174.00 185.74   311.52 323.25   173.46 185.20   179.05 190.78   172.78 184.52
2020-07-14   172.93 184.68   172.90 184.65   310.41 322.17   172.36 184.11   177.94 189.69   171.67 183.43
2020-07-15   171.82 183.58   171.79 183.56   309.30 321.07   171.25 183.01   176.83 188.60   170.57 182.33
2020-07-16   170.71 182.49   170.68 182.46   308.19 319.98   170.14 181.92   175.72 187.50   169.46 181.24
2020-07-17   169.59 181.39   169.57 181.36   307.08 318.88   169.02 180.82   174.61 186.40   168.34 180.14
2020-07-18   168.48 180.29   168.45 180.26   305.97 317.77   167.91 179.72   173.49 185.30   167.23 179.04
2020-07-19   167.36 179.18   167.33 179.15   304.85 316.67   166.79 178.61   172.38 184.20   166.11 177.93
2020-07-20   166.24 178.07   166.22 178.05   303.73 315.56   165.67 177.50   171.26 183.09   164.99 176.82
2020-07-21   165.12 176.96   165.10 176.93   302.61 314.45   164.55 176.39   170.14 181.98   163.87 175.71
2020-07-22   164.00 175.85   163.98 175.82   301.49 313.34   163.43 175.28   169.02 180.86   162.75 174.60
2020-07-23   162.88 174.73   162.85 174.71   300.37 312.22   162.31 174.16   167.90 179.75   161.63 173.48
2020-07-24   161.76 173.62   161.73 173.59   299.24 311.10   161.19 173.05   166.77 178.63   160.51 172.37
2020-07-25   160.63 172.50   160.61 172.47   298.12 309.99   160.06 171.93   165.65 177.51   159.38 171.25
2020-07-26   159.51 171.38   159.48 171.35   297.00 308.87   158.94 170.81   164.53 176.39   158.26 170.13
2020-07-27   158.39 170.26   158.36 170.23   295.88 307.74   157.82 169.69   163.40 175.27   157.14 169.01
2020-07-28   157.27 169.13   157.24 169.11   294.75 306.62   156.70 168.56   162.28 174.15   156.01 167.88
2020-07-29   156.14 168.01   156.12 167.99   293.63 305.50   155.57 167.44   161.16 173.03   154.89 166.76
2020-07-30   155.02 166.89   155.00 166.86   292.51 304.38   154.45 166.32   160.04 171.90   153.77 165.64
2020-07-31   153.90 165.77   153.87 165.74   291.39 303.25   153.33 165.20   158.92 170.78   152.65 164.51
2020-08-01   152.78 164.64   152.76 164.62   290.27 302.13   152.21 164.07   157.80 169.66   151.53 163.39
2020-08-02   151.66 163.52   151.64 163.49   289.15 301.01   151.09 162.95   156.68 168.53   150.41 162.27
2020-08-03   150.55 162.40   150.52 162.37   288.04 299.88   149.98 161.83   155.56 167.41   149.30 161.15
2020-08-04   149.43 161.27   149.41 161.25   286.92 298.76   148.86 160.70   154.45 166.29   148.18 160.02
2020-08-05   148.32 160.15   148.29 160.13   285.81 297.64   147.75 159.58   153.34 165.17   147.07 158.90
2020-08-06   147.21 159.03   147.18 159.01   284.70 296.52   146.64 158.46   152.23 164.05   145.96 157.78
2020-08-07   146.10 157.92   146.08 157.89   283.59 295.40   145.53 157.35   151.12 162.93   144.85 156.66
2020-08-08   145.00 156.80   144.97 156.77   282.49 294.29   144.43 156.23   150.01 161.81   143.75 155.55
2020-08-09   143.90 155.68   143.87 155.66   281.38 293.17   143.33 155.11   148.91 160.70   142.65 154.43
2020-08-10   142.80 154.57   142.77 154.54   280.29 292.06   142.23 154.00   147.81 159.59   141.55 153.32
2020-08-11   141.70 153.46   141.68 153.43   279.19 290.95   141.13 152.89   146.72 158.48   140.45 152.21
2020-08-12   140.61 152.35   140.58 152.33   278.10 289.84   140.04 151.78   145.62 157.37   139.36 151.10
2020-08-13   139.52 151.25   139.49 151.22   277.01 288.73   138.95 150.68   144.54 156.26   138.27 149.99
2020-08-14   138.44 150.14   138.41 150.12   275.92 287.63   137.87 149.57   143.45 155.16   137.18 148.89
2020-08-15   137.35 149.04   137.33 149.02   274.84 286.53   136.78 148.47   142.37 154.06   136.10 147.79
2020-08-16   136.28 147.95   136.25 147.92   273.76 285.43   135.71 147.38   141.29 152.96   135.03 146.69
2020-08-17   135.20 146.85   135.18 146.83   272.69 284.34   134.63 146.28   140.22 151.87   133.95 145.60
2020-08-18   134.13 145.76   134.11 145.73   271.62 283.25   133.56 145.19   139.15 150.78   132.88 144.51
2020-08-19   133.07 144.67   133.04 144.65   270.56 282.16   132.50 144.10   138.08 149.69   131.82 143.42
2020-08-20   132.01 143.59   131.98 143.56   269.50 281.08   131.44 143.02   137.02 148.61   130.76 142.34
2020-08-21   130.95 142.51   130.93 142.49   268.44 280.00   130.38 141.94   135.97 147.53   129.70 141.26
2020-08-22   129.90 141.44   129.88 141.41   267.39 278.92   129.33 140.87   134.92 146.45   128.65 140.19
2020-08-23   128.85 140.37   128.83 140.34   266.34 277.85   128.28 139.80   133.87 145.38   127.60 139.11
2020-08-24   127.81 139.30   127.79 139.27   265.30 276.79   127.24 138.73   132.83 144.31   126.56 138.05
2020-08-25   126.78 138.24   126.75 138.21   264.26 275.72   126.21 137.67   131.79 143.25   125.52 136.98
2020-08-26   125.74 137.18   125.72 137.15   263.23 274.66   125.17 136.61   130.76 142.19   124.49 135.93
2020-08-27   124.72 136.12   124.69 136.10   262.20 273.61   124.15 135.55   129.73 141.14   123.46 134.87
2020-08-28   123.69 135.07   123.67 135.05   261.18 272.56   123.12 134.50   128.71 140.09   122.44 133.82
2020-08-29   122.68 134.03   122.65 134.00   260.16 271.52   122.11 133.46   127.69 139.04   121.42 132.78
2020-08-30   121.66 132.99   121.64 132.96   259.15 270.48   121.09 132.42   126.68 138.00   120.41 131.74
2020-08-31   120.65 131.95   120.63 131.93   258.14 269.44   120.08 131.38   125.67 136.97   119.40 130.70
2020-09-01   119.65 130.92   119.63 130.90   257.14 268.41   119.08 130.35   124.67 135.94   118.40 129.67
2020-09-02   118.65 129.90   118.63 129.87   256.14 267.38   118.08 129.33   123.67 134.91   117.40 128.65
2020-09-03   117.66 128.87   117.63 128.85   255.15 266.36   117.09 128.30   122.68 133.89   116.41 127.62
2020-09-04   116.67 127.86   116.65 127.83   254.16 265.35   116.10 127.29   121.69 132.87   115.42 126.61
2020-09-05   115.69 126.85   115.66 126.82   253.18 264.33   115.12 126.28   120.71 131.86   114.44 125.60
2020-09-06   114.71 125.84   114.69 125.81   252.20 263.33   114.14 125.27   119.73 130.86   113.46 124.59
2020-09-07   113.74 124.84   113.71 124.81   251.23 262.33   113.17 124.27   118.75 129.85   112.49 123.59
2020-09-08   112.77 123.84   112.74 123.82   250.26 261.33   112.20 123.27   117.79 128.86   111.52 122.59
2020-09-09   111.81 122.85   111.78 122.82   249.29 260.34   111.24 122.28   116.82 127.86   110.56 121.60
2020-09-10   110.85 121.86   110.82 121.84   248.33 259.35   110.28 121.29   115.86 126.88   109.60 120.61
2020-09-11   109.89 120.88   109.87 120.85   247.38 258.37   109.32 120.31   114.91 125.89   108.64 119.63
2020-09-12   108.94 119.90   108.92 119.88   246.43 257.39   108.37 119.33   113.96 124.92   107.69 118.65
2020-09-13   108.00 118.93   107.97 118.90   245.49 256.42   107.43 118.36   113.01 123.94   106.75 117.68
2020-09-14   107.06 117.96   107.03 117.93   244.55 255.45   106.49 117.39   112.07 122.98   105.81 116.71
2020-09-15   106.12 117.00   106.10 116.97   243.61 254.48   105.55 116.43   111.14 122.01   104.87 115.75
2020-09-16   105.19 116.04   105.16 116.01   242.68 253.53   104.62 115.47   110.20 121.05   103.94 114.79
2020-09-17   104.26 115.08   104.24 115.06   241.75 252.57   103.69 114.51   109.28 120.10   103.01 113.83
2020-09-18   103.34 114.13   103.31 114.11   240.83 251.62   102.77 113.56   108.35 119.15   102.09 112.88
2020-09-19   102.42 113.19   102.39 113.16   239.91 250.68   101.85 112.62   107.43 118.20   101.17 111.94
2020-09-20   101.50 112.25   101.48 112.22   238.99 249.73   100.93 111.68   106.52 117.26   100.25 111.00
2020-09-21   100.59 111.31   100.57 111.28   238.08 248.80   100.02 110.74   105.61 116.33    99.34 110.06
2020-09-22    99.68 110.38    99.66 110.35   237.17 247.86    99.11 109.81   104.70 115.39    98.43 109.13
2020-09-23    98.78 109.45    98.75 109.42   236.27 246.94    98.21 108.88   103.80 114.46    97.53 108.20
2020-09-24    97.88 108.52    97.85 108.50   235.37 246.01    97.31 107.95   102.90 113.54    96.63 107.27
2020-09-25    96.98 107.60    96.96 107.58   234.47 245.09    96.41 107.03   102.00 112.62    95.73 106.35
2020-09-26    96.09 106.69    96.06 106.66   233.58 244.17    95.52 106.12   101.10 111.70    94.84 105.44
2020-09-27    95.20 105.77    95.17 105.75   232.69 243.26    94.63 105.20   100.21 110.79    93.95 104.52
2020-09-28    94.31 104.86    94.29 104.84   231.80 242.35    93.74 104.29    99.33 109.88    93.06 103.61
2020-09-29    93.43 103.96    93.40 103.93   230.91 241.45    92.86 103.39    98.44 108.97    92.18 102.71
2020-09-30    92.55 103.06    92.52 103.03   230.03 240.54    91.98 102.49    97.56 108.07    91.30 101.81
2020-10-01    91.67 102.16    91.64 102.13   229.16 239.65    91.10 101.59    96.68 107.17    90.42 100.91
2020-10-02    90.79 101.26    90.77 101.24   228.28 238.75    90.22 100.69    95.81 106.28    89.54 100.01
2020-10-03    89.92 100.37    89.89 100.34   227.41 237.86    89.35  99.80    94.93 105.39    88.67  99.12
2020-10-04    89.05  99.48    89.02  99.45   226.54 236.97    88.48  98.91    94.06 104.50    87.80  98.23
2020-10-05    88.18  98.59    88.15  98.57   225.67 236.08    87.61  98.02    93.19 103.61    86.93  97.34
2020-10-06    87.31  97.71    87.29  97.68   224.80 235.20    86.74  97.14    92.33 102.73    86.06  96.46
2020-10-07    86.45  96.83    86.42  96.80   223.94 234.32    85.88  96.26    91.46 101.85    85.20  95.58
2020-10-08    85.59  95.95    85.56  95.93   223.07 233.44    85.02  95.38    90.60 100.97    84.34  94.70
2020-10-09    84.73  95.08    84.70  95.05   222.21 232.56    84.16  94.51    89.74 100.09    83.48  93.83
2020-10-10    83.87  94.20    83.84  94.18   221.35 231.69    83.30  93.63    88.88  99.22    82.62  92.95
2020-10-11    83.01  93.33    82.98  93.31   220.50 230.82    82.44  92.76    88.03  98.35    81.76  92.08
2020-10-12    82.15  92.46    82.13  92.44   219.64 229.95    81.58  91.89    87.17  97.48    80.90  91.21
2020-10-13    81.30  91.60    81.27  91.57   218.79 229.08    80.73  91.03    86.31  96.61    80.05  90.35
2020-10-14    80.45  90.73    80.42  90.70   217.93 228.22    79.88  90.16    85.46  95.75    79.20  89.48
2020-10-15    79.59  89.87    79.57  89.84   217.08 227.35    79.02  89.30    84.61  94.88    78.34  88.62
2020-10-16    78.74  89.01    78.72  88.98   216.23 226.49    78.17  88.44    83.76  94.02    77.49  87.76
2020-10-17    77.89  88.15    77.86  88.12   215.38 225.63    77.32  87.58    82.91  93.16    76.64  86.89
2020-10-18    77.04  87.29    77.01  87.26   214.53 224.77    76.47  86.72    82.06  92.30    75.79  86.04
2020-10-19    76.19  86.43    76.16  86.40   213.68 223.92    75.62  85.86    81.21  91.44    74.94  85.18
2020-10-20    75.34  85.57    75.32  85.55   212.83 223.06    74.77  85.00    80.36  90.59    74.09  84.32
2020-10-21    74.49  84.72    74.47  84.69   211.98 222.20    73.92  84.15    79.51  89.73    73.24  83.47
2020-10-22    73.64  83.86    73.62  83.84   211.13 221.35    73.07  83.29    78.66  88.88    72.39  82.61
2020-10-23    72.79  83.01    72.77  82.98   210.28 220.50    72.22  82.44    77.81  88.02    71.54  81.76
2020-10-24    71.95  82.15    71.92  82.13   209.43 219.64    71.38  81.58    76.96  87.17    70.69  80.90
2020-10-25    71.10  81.30    71.07  81.27   208.58 218.79    70.53  80.73    76.11  86.32    69.84  80.05
2020-10-26    70.25  80.45    70.22  80.42   207.73 217.94    69.68  79.88    75.26  85.46    68.99  79.20
2020-10-27    69.39  79.60    69.37  79.57   206.88 217.08    68.82  79.03    74.41  84.61    68.14  78.35
2020-10-28    68.54  78.74    68.52  78.72   206.03 216.23    67.97  78.17    73.56  83.76    67.29  77.49
2020-10-29    67.69  77.89    67.66  77.86   205.18 215.38    67.12  77.32    72.71  82.91    66.44  76.64
2020-10-30    66.84  77.04    66.81  77.01   204.33 214.53    66.27  76.47    71.85  82.05    65.59  75.79
2020-10-31    65.98  76.18    65.96  76.16   203.47 213.67    65.41  75.61    71.00  81.20    64.73  74.93
2020-11-01    65.13  75.33    65.10  75.30   202.61 212.82    64.56  74.76    70.14  80.35    63.88  74.08
2020-11-02    64.27  74.48    64.24  74.45   201.76 211.96    63.70  73.91    69.29  79.49    63.02  73.23
2020-11-03    63.49  73.54    63.46  73.52   200.98 211.03    62.92  72.97    68.51  78.56    62.24  72.29
2020-11-04    62.95  72.37    62.92  72.34   200.43 209.86    62.38  71.80    67.96  77.38    61.70  71.12
2020-11-05    62.40  71.19    62.38  71.17   199.89 208.68    61.83  70.62    67.42  76.21    61.15  69.94
2020-11-06    61.85  70.02    61.83  69.99   199.34 207.51    61.28  69.45    66.87  75.03    60.60  68.77
2020-11-07    61.30  68.84    61.28  68.82   198.79 206.33    60.73  68.27    66.32  73.86    60.05  67.59
2020-11-08    60.75  67.66    60.73  67.64   198.24 205.15    60.18  67.09    65.77  72.68    59.50  66.41

2021-04-16   257.56 264.58   257.53 264.56    35.04  42.07   256.99 264.01   262.57 269.60   256.31 263.33
2021-04-17   256.41 264.05   256.38 264.02    33.90  41.54   255.84 263.48   261.43 269.06   255.16 262.80
2021-04-18   255.27 263.52   255.24 263.49    32.75  41.01   254.70 262.95   260.28 268.53   254.02 262.27
2021-04-19   254.12 262.99   254.10 262.96    31.61  40.48   253.55 262.42   259.14 268.01   252.87 261.74
2021-04-20   252.98 262.46   252.95 262.44    30.47  39.95   252.41 261.89   258.00 267.48   251.73 261.21
2021-04-21   251.84 261.94   251.81 261.91    29.32  39.43   251.27 261.37   256.85 266.95   250.59 260.69
2021-04-22   250.95 261.16   250.93 261.13    28.44  38.65   250.38 260.59   255.97 266.17   249.70 259.91
2021-04-23   250.12 260.33   250.10 260.30    27.61  37.81   249.55 259.76   255.14 265.34   248.87 259.08
2021-04-24   249.29 259.49   249.27 259.47    26.78  36.98   248.72 258.92   254.31 264.51   248.04 258.24
2021-04-25   248.46 258.66   248.44 258.64    25.95  36.15   247.89 258.09   253.48 263.68   247.21 257.41
2021-04-26   247.63 257.83   247.61 257.81    25.12  35.32   247.06 257.26   252.65 262.85   246.38 256.58
2021-04-27   246.80 257.00   246.78 256.98    24.29  34.49   246.23 256.43   251.82 262.02   245.55 255.75
2021-04-28   245.97 256.18   245.95 256.15    23.46  33.66   245.40 255.61   250.99 261.19   244.72 254.92
2021-04-29   245.14 255.35   245.12 255.32    22.63  32.83   244.57 254.78   250.16 260.36   243.89 254.10
2021-04-30   244.31 254.52   244.29 254.49    21.80  32.01   243.74 253.95   249.33 259.53   243.06 253.27
2021-05-01   243.48 253.69   243.46 253.67    20.97  31.18   242.91 253.12   248.50 258.71   242.23 252.44
2021-05-02   242.65 252.86   242.63 252.84    20.14  30.35   242.08 252.29   247.67 257.88   241.40 251.61
2021-05-03   241.82 252.04   241.79 252.01    19.31  29.52   241.25 251.47   246.83 257.05   240.57 250.79
2021-05-04   240.99 251.21   240.96 251.18    18.47  28.70   240.42 250.64   246.00 256.22   239.74 249.96
2021-05-05   240.15 250.38   240.13 250.35    17.64  27.87   239.58 249.81   245.17 255.40   238.90 249.13
2021-05-06   239.32 249.55   239.29 249.53    16.80  27.04   238.75 248.98   244.33 254.57   238.07 248.30
2021-05-07   238.48 248.72   238.45 248.70    15.97  26.21   237.91 248.15   243.49 253.74   237.23 247.47
2021-05-08   237.64 247.89   237.61 247.87    15.13  25.38   237.07 247.32   242.66 252.91   236.39 246.64
2021-05-09   236.80 247.06   236.78 247.04    14.29  24.55   236.23 246.49   241.82 252.08   235.55 245.81
2021-05-10   235.96 246.23   235.93 246.20    13.45  23.72   235.39 245.66   240.98 251.25   234.71 244.98
2021-05-11   235.12 245.40   235.09 245.37    12.60  22.89   234.55 244.83   240.13 250.41   233.87 244.15
2021-05-12   234.27 244.56   234.24 244.54    11.76  22.05   233.70 243.99   239.29 249.58   233.02 243.31
2021-05-13   233.42 243.73   233.40 243.70    10.91  21.22   232.85 243.16   238.44 248.74   232.17 242.48
2021-05-14   232.57 242.89   232.55 242.87    10.06  20.38   232.00 242.32   237.59 247.91   231.32 241.64
2021-05-15   231.72 242.05   231.70 242.03     9.21  19.54   231.15 241.48   236.74 247.07   230.47 240.80
2021-05-16   230.87 241.21   230.84 241.19     8.36  18.70   230.30 240.64   235.88 246.23   229.62 239.96
2021-05-17   230.01 240.37   229.98 240.34     7.50  17.86   229.44 239.80   235.03 245.39   228.76 239.12
2021-05-18   229.15 239.53   229.12 239.50     6.64  17.01   228.58 238.96   234.17 244.54   227.90 238.28
2021-05-19   228.29 238.68   228.26 238.65     5.78  16.17   227.72 238.11   233.30 243.70   227.04 237.43
2021-05-20   227.42 237.83   227.40 237.81     4.91  15.32   226.85 237.26   232.44 242.85   226.17 236.58
2021-05-21   226.55 236.98   226.53 236.95     4.04  14.47   225.98 236.41   231.57 242.00   225.30 235.73
2021-05-22   225.68 236.13   225.66 236.10     3.17  13.61   225.11 235.56   230.70 241.14   224.43 234.88
2021-05-23   224.81 235.27   224.78 235.24     2.30  12.76   224.24 234.70   229.82 240.29   223.56 234.02
2021-05-24   223.93 234.41   223.90 234.39     1.42  11.90   223.36 233.84   228.95 239.43   222.68 233.16
2021-05-25   223.05 233.55   223.02 233.52     0.54  11.04   222.48 232.98   228.06 238.57   221.80 232.30
2021-05-26   222.16 232.68   222.14 232.66   359.65  10.17   221.59 232.11   227.18 237.70   220.91 231.43
2021-05-27   221.27 231.82   221.25 231.79   358.76   9.30   220.70 231.25   226.29 236.83   220.02 230.57
2021-05-28   220.38 230.95   220.35 230.92   357.87   8.43   219.81 230.38   225.40 235.96   219.13 229.69
2021-05-29   219.48 230.07   219.46 230.04   356.97   7.56   218.91 229.50   224.50 235.09   218.23 228.82
2021-05-30   218.58 229.19   218.56 229.17   356.07   6.68   218.01 228.62   223.60 234.21   217.33 227.94
2021-05-31   217.68 228.31   217.65 228.28   355.17   5.80   217.11 227.74   222.69 233.33   216.43 227.06
2021-06-01   216.77 227.43   216.74 227.40   354.26   4.91   216.20 226.86   221.78 232.44   215.52 226.17
2021-06-02   215.86 226.54   215.83 226.51   353.34   4.02   215.29 225.97   220.87 231.55   214.60 225.29
2021-06-03   214.94 225.64   214.91 225.62   352.43   3.13   214.37 225.07   219.95 230.66   213.69 224.39
2021-06-04   214.02 224.75   213.99 224.72   351.50   2.23   213.45 224.18   219.03 229.76   212.76 223.50
2021-06-05   213.09 223.84   213.06 223.82   350.58   1.33   212.52 223.27   218.10 228.86   211.84 222.59
2021-06-06   212.16 222.94   212.13 222.91   349.65   0.43   211.59 222.37   217.17 227.95   210.91 221.69
2021-06-07   211.22 222.03   211.20 222.00   348.71 359.52   210.65 221.46   216.24 227.04   209.97 220.78
2021-06-08   210.28 221.12   210.25 221.09   347.77 358.60   209.71 220.55   215.30 226.13   209.03 219.86
2021-06-09   209.34 220.20   209.31 220.17   346.82 357.68   208.77 219.63   214.35 225.21   208.08 218.95
2021-06-10   208.38 219.27   208.36 219.25   345.87 356.76   207.81 218.70   213.40 224.29   207.13 218.02
2021-06-11   207.43 218.34   207.40 218.32   344.92 355.83   206.86 217.77   212.44 223.36   206.18 217.09
2021-06-12   206.47 217.41   206.44 217.39   343.96 354.90   205.90 216.84   211.48 222.43   205.22 216.16
2021-06-13   205.50 216.47   205.48 216.45   342.99 353.96   204.93 215.90   210.52 221.49   204.25 215.22
2021-06-14   204.53 215.53   204.51 215.51   342.02 353.02   203.96 214.96   209.55 220.55   203.28 214.28
2021-06-15   203.56 214.59   203.53 214.56   341.05 352.07   202.99 214.02   208.57 219.60   202.31 213.33
2021-06-16   202.58 213.63   202.55 213.61   340.06 351.12   202.01 213.06   207.59 218.65   201.33 212.38
2021-06-17   201.59 212.68   201.56 212.65   339.08 350.16   201.02 212.11   206.61 217.69   200.34 211.42
2021-06-18   200.60 211.71   200.57 211.69   338.09 349.20   200.03 211.14   205.62 216.73   199.35 210.46
2021-06-19   199.60 210.75   199.58 210.72   337.09 348.23   199.03 210.18   204.62 215.76   198.35 209.49
2021-06-20   198.60 209.77   198.58 209.75   336.09 347.26   198.03 209.20   203.62 214.79   197.35 208.52
2021-06-21   197.60 208.79   197.57 208.77   335.08 346.28   197.03 208.22   202.61 213.81   196.35 207.54
2021-06-22   196.58 207.81   196.56 207.78   334.07 345.30   196.01 207.24   201.60 212.83   195.33 206.56
2021-06-23   195.57 206.82   195.54 206.80   333.06 344.31   195.00 206.25   200.58 211.84   194.32 205.57
2021-06-24   194.55 205.83   194.52 205.80   332.03 343.32   193.98 205.26   199.56 210.84   193.30 204.58
2021-06-25   193.52 204.83   193.49 204.80   331.01 342.32   192.95 204.26   198.53 209.84   192.27 203.58
2021-06-26   192.49 203.83   192.46 203.80   329.97 341.31   191.92 203.26   197.50 208.84   191.24 202.57
2021-06-27   191.45 202.82   191.42 202.79   328.94 340.30   190.88 202.25   196.47 207.83   190.20 201.56
2021-06-28   190.41 201.80   190.38 201.77   327.90 339.29   189.84 201.23   195.42 206.82   189.16 200.55
2021-06-29   189.36 200.78   189.33 200.75   326.85 338.27   188.79 200.21   194.38 205.80   188.11 199.53
2021-06-30   188.31 199.76   188.28 199.73   325.80 337.24   187.74 199.19   193.32 204.77   187.06 198.50
2021-07-01   187.25 198.72   187.23 198.70   324.74 336.21   186.68 198.15   192.27 203.74   186.00 197.47
2021-07-02   186.19 197.69   186.17 197.66   323.68 335.18   185.62 197.12   191.21 202.70   184.94 196.44
2021-07-03   185.13 196.65   185.10 196.62   322.61 334.14   184.56 196.08   190.14 201.66   183.88 195.40
2021-07-04   184.06 195.60   184.03 195.58   321.55 333.09   183.49 195.03   189.07 200.62   182.81 194.35
2021-07-05   182.98 194.55   182.96 194.53   320.47 332.04   182.41 193.98   188.00 199.57   181.73 193.30
2021-07-06   181.91 193.50   181.88 193.47   319.39 330.99   181.34 192.93   186.92 198.51   180.66 192.25
2021-07-07   180.82 192.44   180.80 192.41   318.31 329.93   180.25 191.87   185.84 197.45   179.57 191.19
2021-07-08   179.74 191.37   179.71 191.35   317.23 328.86   179.17 190.80   184.75 196.39   178.49 190.12
2021-07-09   178.65 190.31   178.62 190.28   316.14 327.79   178.08 189.74   183.66 195.32   177.40 189.06
2021-07-10   177.56 189.23   177.53 189.21   315.04 326.72   176.99 188.66   182.57 194.25   176.30 187.98
2021-07-11   176.46 188.16   176.43 188.13   313.95 325.64   175.89 187.59   181.47 193.17   175.21 186.91
2021-07-12   175.36 187.07   175.33 187.05   312.85 324.56   174.79 186.50   180.37 192.09   174.11 185.82
2021-07-13   174.26 185.99   174.23 185.96   311.74 323.48   173.69 185.42   179.27 191.00   173.01 184.74
2021-07-14   173.15 184.90   173.13 184.87   310.64 322.39   172.58 184.33   178.17 189.92   171.90 183.65
2021-07-15   172.04 183.81   172.02 183.78   309.53 321.30   171.47 183.24   177.06 188.82   170.79 182.56
2021-07-16   170.93 182.71   170.91 182.69   308.42 320.20   170.36 182.14   175.95 187.73   169.68 181.46
2021-07-17   169.82 181.61   169.79 181.59   307.31 319.10   169.25 181.04   174.84 186.63   168.57 180.36
2021-07-18   168.71 180.51   168.68 180.49   306.19 318.00   168.14 179.94   173.72 185.53   167.46 179.26
2021-07-19   167.59 179.41   167.56 179.38   305.08 316.89   167.02 178.84   172.61 184.42   166.34 178.16
2021-07-20   166.47 178.30   166.45 178.27   303.96 315.79   165.90 177.73   171.49 183.32   165.22 177.05
2021-07-21   165.35 177.19   165.33 177.16   302.84 314.68   164.78 176.62   170.37 182.21   164.10 175.94
2021-07-22   164.23 176.08   164.21 176.05   301.72 313.57   163.66 175.51   169.25 181.09   162.98 174.83
2021-07-23   163.11 174.96   163.09 174.94   300.60 312.45   162.54 174.39   168.13 179.98   161.86 173.71
2021-07-24   161.99 173.85   161.97 173.82   299.48 311.34   161.42 173.28   167.01 178.86   160.74 172.60
2021-07-25   160.87 172.73   160.84 172.70   298.36 310.22   160.30 172.16   165.89 177.75   159.62 171.48
2021-07-26   159.75 171.61   159.72 171.59   297.24 309.10   159.18 171.04   164.76 176.63   158.50 170.36
2021-07-27   158.63 170.49   158.60 170.47   296.11 307.98   158.06 169.92   163.64 175.51   157.38 169.24
2021-07-28   157.50 169.37   157.48 169.35   294.99 306.86   156.93 168.80   162.52 174.39   156.25 168.12
2021-07-29   156.38 168.25   156.36 168.22   293.87 305.74   155.81 167.68   161.40 173.27   155.13 167.00
2021-07-30   155.26 167.13   155.24 167.10   292.75 304.62   154.69 166.56   160.28 172.15   154.01 165.88
2021-07-31   154.14 166.01   154.12 165.98   291.63 303.50   153.57 165.44   159.16 171.02   152.89 164.76
2021-08-01   153.03 164.89   153.00 164.86   290.51 302.37   152.46 164.32   158.04 169.90   151.78 163.64
2021-08-02   151.91 163.76   151.88 163.74   289.40 301.25   151.34 163.19   156.92 168.78   150.66 162.51
2021-08-03   150.79 162.64   150.77 162.62   288.28 300.13   150.22 162.07   155.81 167.66   149.54 161.39
2021-08-04   149.68 161.52   149.66 161.50   287.17 299.01   149.11 160.95   154.70 166.54   148.43 160.27
2021-08-05   148.57 160.40   148.54 160.38   286.06 297.89   148.00 159.83   153.59 165.42   147.32 159.15
2021-08-06   147.46 159.29   147.44 159.26   284.95 296.77   146.89 158.72   152.48 164.30   146.21 158.03
2021-08-07   146.36 158.17   146.33 158.14   283.84 295.66   145.79 157.60   151.37 163.18   145.11 156.92
2021-08-08   145.25 157.05   145.23 157.03   282.74 294.54   144.68 156.48   150.27 162.07   144.00 155.80
2021-08-09   144.15 155.94   144.13 155.91   281.64 293.43   143.58 155.37   149.17 160.96   142.90 154.69
2021-08-10   143.05 154.83   143.03 154.80   280.54 292.32   142.48 154.26   148.07 159.84   141.80 153.58
2021-08-11   141.96 153.72   141.93 153.69   279.45 291.21   141.39 153.15   146.97 158.73   140.71 152.47
2021-08-12   140.87 152.61   140.84 152.59   278.36 290.10   140.30 152.04   145.88 157.63   139.62 151.36
2021-08-13   139.78 151.51   139.75 151.48   277.27 288.99   139.21 150.94   144.80 156.52   138.53 150.26
2021-08-14   138.70 150.41   138.67 150.38   276.18 287.89   138.13 149.84   143.71 155.42   137.45 149.16
2021-08-15   137.62 149.31   137.59 149.28   275.10 286.79   137.05 148.74   142.63 154.32   136.37 148.06
2021-08-16   136.54 148.21   136.51 148.18   274.03 285.70   135.97 147.64   141.56 153.23   135.29 146.96
2021-08-17   135.47 147.12   135.44 147.09   272.96 284.61   134.90 146.55   140.48 152.13   134.22 145.87
2021-08-18   134.40 146.03   134.37 146.00   271.89 283.52   133.83 145.46   139.41 151.04   133.15 144.78
2021-08-19   133.34 144.94   133.31 144.92   270.82 282.43   132.77 144.37   138.35 149.96   132.08 143.69
2021-08-20   132.28 143.86   132.25 143.84   269.76 281.35   131.71 143.29   137.29 148.88   131.03 142.61
2021-08-21   131.22 142.78   131.19 142.76   268.71 280.27   130.65 142.21   136.24 147.80   129.97 141.53
2021-08-22   130.17 141.71   130.14 141.68   267.66 279.20   129.60 141.14   135.19 146.72   128.92 140.46
2021-08-23   129.12 140.64   129.10 140.61   266.61 278.13   128.55 140.07   134.14 145.65   127.87 139.39
2021-08-24   128.08 139.57   128.06 139.55   265.57 277.06   127.51 139.00   133.10 144.59   126.83 138.32
2021-08-25   127.05 138.51   127.02 138.48   264.53 276.00   126.48 137.94   132.06 143.53   125.80 137.26
2021-08-26   126.01 137.45   125.99 137.43   263.50 274.94   125.44 136.88   131.03 142.47   124.76 136.20
2021-08-27   124.99 136.40   124.96 136.37   262.48 273.89   124.42 135.83   130.00 141.42   123.74 135.15
2021-08-28   123.97 135.35   123.94 135.32   261.45 272.84   123.40 134.78   128.98 140.37   122.71 134.10
2021-08-29   122.95 134.31   122.92 134.28   260.44 271.79   122.38 133.74   127.96 139.32   121.70 133.06
2021-08-30   121.94 133.27   121.91 133.24   259.42 270.75   121.37 132.70   126.95 138.28   120.69 132.02
2021-08-31   120.93 132.23   120.90 132.21   258.42 269.72   120.36 131.66   125.94 137.25   119.68 130.98
2021-09-01   119.93 131.20   119.90 131.18   257.41 268.69   119.36 130.63   124.94 136.22   118.68 129.95
2021-09-02   118.93 130.18   118.90 130.15   256.42 267.66   118.36 129.61   123.94 135.19   117.68 128.93
2021-09-03   117.94 129.16   117.91 129.13   255.42 266.64   117.37 128.59   122.95 134.17   116.69 127.91
2021-09-04   116.95 128.14   116.92 128.11   254.44 265.63   116.38 127.57   121.96 133.16   115.70 126.89
2021-09-05   115.97 127.13   115.94 127.10   253.45 264.62   115.40 126.56   120.98 132.14   114.71 125.88
2021-09-06   114.99 126.12   114.96 126.10   252.48 263.61   114.42 125.55   120.00 131.14   113.74 124.87
2021-09-07   114.01 125.12   113.99 125.09   251.50 262.61   113.44 124.55   119.03 130.14   112.76 123.87
2021-09-08   113.05 124.12   113.02 124.10   250.53 261.61   112.48 123.55   118.06 129.14   111.80 122.87
2021-09-09   112.08 123.13   112.06 123.11   249.57 260.62   111.51 122.56   117.10 128.15   110.83 121.88
2021-09-10   111.12 122.14   111.10 122.12   248.61 259.63   110.55 121.57   116.14 127.16   109.87 120.89
2021-09-11   110.17 121.16   110.14 121.14   247.66 258.65   109.60 120.59   115.18 126.18   108.92 119.91
2021-09-12   109.22 120.18   109.19 120.16   246.71 257.67   108.65 119.61   114.23 125.20   107.97 118.93
2021-09-13   108.27 119.21   108.25 119.19   245.76 256.70   107.70 118.64   113.29 124.23   107.02 117.96
2021-09-14   107.33 118.24   107.31 118.22   244.82 255.73   106.76 117.67   112.35 123.26   106.08 116.99
2021-09-15   106.40 117.28   106.37 117.25   243.88 254.77   105.83 116.71   111.41 122.29   105.15 116.03
2021-09-16   105.47 116.32   105.44 116.29   242.95 253.81   104.90 115.75   110.48 121.34   104.21 115.07
2021-09-17   104.54 115.37   104.51 115.34   242.02 252.85   103.97 114.80   109.55 120.38   103.29 114.12
2021-09-18   103.61 114.42   103.59 114.39   241.10 251.90   103.04 113.85   108.63 119.43   102.36 113.16
2021-09-19   102.69 113.47   102.67 113.44   240.18 250.96   102.12 112.90   107.71 118.48   101.44 112.22
2021-09-20   101.78 112.53   101.75 112.50   239.27 250.02   101.21 111.96   106.79 117.54   100.53 111.28
2021-09-21   100.87 111.59   100.84 111.56   238.35 249.08   100.30 111.02   105.88 116.61    99.62 110.34
2021-09-22    99.96 110.66    99.93 110.63   237.45 248.15    99.39 110.09   104.97 115.67    98.71 109.41
2021-09-23    99.05 109.73    99.03 109.70   236.54 247.22    98.48 109.16   104.07 114.74    97.80 108.48
2021-09-24    98.15 108.80    98.13 108.78   235.64 246.29    97.58 108.23   103.17 113.82    96.90 107.55
2021-09-25    97.26 107.88    97.23 107.86   234.74 245.37    96.69 107.31   102.27 112.90    96.00 106.63
2021-09-26    96.36 106.97    96.34 106.94   233.85 244.45    95.79 106.40   101.38 111.98    95.11 105.71
2021-09-27    95.47 106.05    95.44 106.03   232.96 243.54    94.90 105.48   100.49 111.07    94.22 104.80
2021-09-28    94.58 105.14    94.56 105.12   232.07 242.63    94.01 104.57    99.60 110.16    93.33 103.89
2021-09-29    93.70 104.24    93.67 104.21   231.19 241.72    93.13 103.67    98.71 109.25    92.45 102.99
2021-09-30    92.82 103.33    92.79 103.31   230.30 240.82    92.25 102.76    97.83 108.35    91.57 102.08
2021-10-01    91.94 102.43    91.91 102.41   229.43 239.92    91.37 101.86    96.95 107.45    90.69 101.18
2021-10-02    91.06 101.54    91.03 101.51   228.55 239.03    90.49 100.97    96.08 106.55    89.81 100.29
2021-10-03    90.19 100.64    90.16 100.62   227.67 238.13    89.62 100.07    95.20 105.66    88.94  99.39
2021-10-04    89.32  99.75    89.29  99.73   226.80 237.24    88.75  99.18    94.33 104.77    88.07  98.50
2021-10-05    88.45  98.87    88.42  98.84   225.93 236.35    87.88  98.30    93.46 103.88    87.20  97.62
2021-10-06    87.58  97.98    87.55  97.96   225.07 235.47    87.01  97.41    92.60 103.00    86.33  96.73
2021-10-07    86.72  97.10    86.69  97.08   224.20 234.59    86.15  96.53    91.73 102.12    85.46  95.85
2021-10-08    85.85  96.22    85.83  96.20   223.34 233.71    85.28  95.65    90.87 101.24    84.60  94.97
2021-10-09    84.99  95.35    84.96  95.32   222.48 232.83    84.42  94.78    90.01 100.36    83.74  94.10
2021-10-10    84.13  94.47    84.11  94.45   221.62 231.96    83.56  93.90    89.15  99.49    82.88  93.22
2021-10-11    83.27  93.60    83.25  93.57   220.76 231.09    82.70  93.03    88.29  98.62    82.02  92.35
2021-10-12    82.42  92.73    82.39  92.70   219.90 230.22    81.85  92.16    87.43  97.75    81.17  91.48
2021-10-13    81.56  91.86    81.54  91.84   219.05 229.35    80.99  91.29    86.58  96.88    80.31  90.61
2021-10-14    80.71  91.00    80.68  90.97   218.20 228.48    80.14  90.43    85.72  96.01    79.46  89.75
2021-10-15    79.85  90.13    79.83  90.11   217.34 227.62    79.28  89.56    84.87  95.15    78.60  88.88
2021-10-16    79.00  89.27    78.98  89.24   216.49 226.76    78.43  88.70    84.02  94.28    77.75  88.02
2021-10-17    78.15  88.41    78.12  88.38   215.64 225.90    77.58  87.84    83.17  93.42    76.90  87.16
2021-10-18    77.30  87.55    77.27  87.52   214.79 225.04    76.73  86.98    82.32  92.56    76.05  86.30
2021-10-19    76.45  86.69    76.42  86.66   213.94 224.18    75.88  86.12    81.46  91.70    75.20  85.44
2021-10-20    75.60  85.83    75.57  85.81   213.09 223.32    75.03  85.26    80.61  90.85    74.35  84.58
2021-10-21    74.75  84.98    74.72  84.95   212.24 222.46    74.18  84.41    79.76  89.99    73.50  83.72
2021-10-22    73.90  84.12    73.87  84.09   211.39 221.61    73.33  83.55    78.92  89.13    72.65  82.87
2021-10-23    73.05  83.26    73.02  83.24   210.54 220.75    72.48  82.69    78.07  88.28    71.80  82.01
2021-10-24    72.20  82.41    72.17  82.38   209.69 219.90    71.63  81.84    77.22  87.43    70.95  81.16
2021-10-25    71.35  81.56    71.32  81.53   208.84 219.04    70.78  80.99    76.36  86.57    70.10  80.31
2021-10-26    70.50  80.70    70.47  80.68   207.99 218.19    69.93  80.13    75.51  85.72    69.25  79.45
2021-10-27    69.65  79.85    69.62  79.82   207.13 217.34    69.08  79.28    74.66  84.86    68.40  78.60
2021-10-28    68.79  79.00    68.77  78.97   206.28 216.48    68.22  78.43    73.81  84.01    67.54  77.74
2021-10-29    67.94  78.14    67.92  78.12   205.43 215.63    67.37  77.57    72.96  83.16    66.69  76.89
2021-10-30    67.09  77.29    67.06  77.26   204.57 214.78    66.52  76.72    72.10  82.30    65.84  76.04
2021-10-31    66.23  76.43    66.21  76.41   203.72 213.92    65.66  75.86    71.25  81.45    64.98  75.18
2021-11-01    65.38  75.58    65.35  75.55   202.86 213.07    64.81  75.01    70.39  80.59    64.12  74.33
2021-11-02    64.52  74.72    64.49  74.70   202.00 212.21    63.95  74.15    69.53  79.74    63.27  73.47
2021-11-03    63.66  73.87    63.63  73.84   201.15 211.35    63.09  73.30    68.67  78.88    62.41  72.62
2021-11-04    63.10  72.71    63.07  72.68   200.58 210.20    62.53  72.14    68.11  77.73    61.85  71.46
2021-11-05    62.55  71.53    62.52  71.51   200.04 209.02    61.98  70.96    67.57  76.55    61.30  70.28
2021-11-06    62.00  70.36    61.98  70.33   199.49 207.85    61.43  69.79    67.02  75.37    60.75  69.11
2021-11-07    61.45  69.18    61.43  69.15   198.94 206.67    60.88  68.61    66.47  74.20    60.20  67.93
2021-11-08    60.90  68.00    60.87  67.97   198.39 205.49    60.33  67.43    65.92  73.02    59.65  66.75

2022-04-16   257.91 264.74   257.88 264.72    35.39  42.23   257.34 264.17   262.92 269.76   256.65 263.49
2022-04-17   256.76 264.21   256.73 264.18    34.25  41.70   256.19 263.64   261.77 269.22   255.51 262.96
2022-04-18   255.61 263.68   255.59 263.65    33.10  41.17   255.04 263.11   260.63 268.69   254.36 262.43
2022-04-19   254.47 263.15   254.44 263.12    31.96  40.64   253.90 262.58   259.48 268.17   253.22 261.90
2022-04-20   253.32 262.62   253.30 262.60    30.81  40.11   252.75 262.05   258.34 267.64   252.07 261.37
2022-04-21   252.18 262.10   252.15 262.07    29.67  39.59   251.61 261.53   257.20 267.11   250.93 260.85
2022-04-22   251.20 261.41   251.18 261.38    28.69  38.90   250.63 260.84   256.22 266.42   249.95 260.16
2022-04-23   250.37 260.58   250.34 260.55    27.86  38.06   249.80 260.01   255.39 265.59   249.12 259.32
2022-04-24   249.54 259.74   249.51 259.72    27.03  37.23   248.97 259.17   254.56 264.76   248.29 258.49
2022-04-25   248.71 258.91   248.68 258.88    26.20  36.40   248.14 258.34   253.73 263.93   247.46 257.66
2022-04-26   247.88 258.08   247.85 258.05    25.37  35.57   247.31 257.51   252.90 263.10   246.63 256.83
2022-04-27   247.05 257.25   247.02 257.22    24.54  34.74   246.48 256.68   252.07 262.27   245.80 256.00
2022-04-28   246.22 256.42   246.19 256.39    23.71  33.91   245.65 255.85   251.24 261.44   244.97 255.17
2022-04-29   245.39 255.59   245.36 255.57    22.88  33.08   244.82 255.02   250.40 260.61   244.14 254.34
2022-04-30   244.56 254.76   244.53 254.74    22.05  32.25   243.99 254.19   249.57 259.78   243.31 253.51
2022-05-01   243.73 253.93   243.70 253.91    21.21  31.42   243.16 253.36   248.74 258.95   242.48 252.68
2022-05-02   242.90 253.11   242.87 253.08    20.38  30.59   242.33 252.54   247.91 258.12   241.64 251.86
2022-05-03   242.06 252.28   242.04 252.25    19.55  29.77   241.49 251.71   247.08 257.29   240.81 251.03
2022-05-04   241.23 251.45   241.20 251.42    18.72  28.94   240.66 250.88   246.24 256.46   239.98 250.20
2022-05-05   240.39 250.62   240.37 250.59    17.88  28.11   239.82 250.05   245.41 255.64   239.14 249.37
2022-05-06   239.56 249.79   239.53 249.77    17.04  27.28   238.99 249.22   244.57 254.81   238.31 248.54
2022-05-07   238.72 248.96   238.69 248.94    16.21  26.45   238.15 248.39   243.74 253.98   237.47 247.71
2022-05-08   237.88 248.13   237.85 248.10    15.37  25.62   237.31 247.56   242.90 253.15   236.63 246.88
2022-05-09   237.04 247.30   237.01 247.27    14.53  24.79   236.47 246.73   242.06 252.31   235.79 246.05
2022-05-10   236.20 246.47   236.17 246.44    13.69  23.95   235.63 245.90   241.21 251.48   234.95 245.22
2022-05-11   235.35 245.63   235.33 245.61    12.84  23.12   234.78 245.06   240.37 250.65   234.10 244.38
2022-05-12   234.51 244.80   234.48 244.77    12.00  22.29   233.94 244.23   239.52 249.81   233.26 243.55
2022-05-13   233.66 243.96   233.63 243.94    11.15  21.45   233.09 243.39   238.68 248.98   232.41 242.71
2022-05-14   232.81 243.12   232.78 243.10    10.30  20.61   232.24 242.55   237.83 248.14   231.56 241.87
2022-05-15   231.96 242.29   231.93 242.26     9.44  19.77   231.39 241.72   236.97 247.30   230.71 241.03
2022-05-16   231.10 241.44   231.08 241.42     8.59  18.93   230.53 240.87   236.12 246.46   229.85 240.19
2022-05-17   230.24 240.60   230.22 240.58     7.73  18.09   229.67 240.03   235.26 245.62   228.99 239.35
2022-05-18   229.38 239.76   229.36 239.73     6.87  17.24   228.81 239.19   234.40 244.77   228.13 238.51
2022-05-19   228.52 238.91   228.49 238.88     6.01  16.40   227.95 238.34   233.54 243.92   227.27 237.66
2022-05-20   227.66 238.06   227.63 238.03     5.14  15.55   227.09 237.49   232.67 243.08   226.40 236.81
2022-05-21   226.79 237.21   226.76 237.18     4.27  14.70   226.22 236.64   231.80 242.22   225.54 235.96
2022-05-22   225.91 236.35   225.89 236.33     3.40  13.84   225.34 235.78   230.93 241.37   224.66 235.10
2022-05-23   225.04 235.50   225.01 235.47     2.53  12.98   224.47 234.93   230.05 240.51   223.79 234.25
2022-05-24   224.16 234.64   224.13 234.61     1.65  12.12   223.59 234.07   229.17 239.65   222.91 233.39
2022-05-25   223.28 233.77   223.25 233.75     0.76  11.26   222.71 233.20   228.29 238.79   222.03 232.52
2022-05-26   222.39 232.91   222.36 232.88   359.88  10.40   221.82 232.34   227.41 237.92   221.14 231.66
2022-05-27   221.50 232.04   221.47 232.01   358.99   9.53   220.93 231.47   226.52 237.06   220.25 230.79
2022-05-28   220.61 231.17   220.58 231.14   358.09   8.66   220.04 230.60   225.62 236.18   219.36 229.92
2022-05-29   219.71 230.29   219.68 230.27   357.20   7.78   219.14 229.72   224.73 235.31   218.46 229.04
2022-05-30   218.81 229.41   218.78 229.39   356.30   6.90   218.24 228.84   223.82 234.43   217.56 228.16
2022-05-31   217.90 228.53   217.88 228.50   355.39   6.02   217.33 227.96   222.92 233.55   216.65 227.28
2022-06-01   216.99 227.65   216.97 227.62   354.48   5.13   216.42 227.08   222.01 232.66   215.74 226.39
2022-06-02   216.08 226.76   216.05 226.73   353.57   4.24   215.51 226.19   221.09 231.77   214.83 225.50
2022-06-03   215.16 225.86   215.13 225.83   352.65   3.35   214.59 225.29   220.18 230.88   213.91 224.61
2022-06-04   214.24 224.96   214.21 224.94   351.73   2.45   213.67 224.39   219.25 229.98   212.99 223.71
2022-06-05   213.31 224.06   213.28 224.03   350.80   1.55   212.74 223.49   218.33 229.08   212.06 222.81
2022-06-06   212.38 223.16   212.35 223.13   349.87   0.64   211.81 222.59   217.39 228.17   211.13 221.90
2022-06-07   211.44 222.24   211.42 222.22   348.93 359.73   210.87 221.67   216.46 227.26   210.19 220.99
2022-06-08   210.50 221.33   210.47 221.30   347.99 358.82   209.93 220.76   215.52 226.34   209.25 220.08
2022-06-09   209.55 220.41   209.53 220.38   347.04 357.90   208.98 219.84   214.57 225.43   208.30 219.16
2022-06-10   208.60 219.49   208.58 219.46   346.09 356.97   208.03 218.92   213.62 224.50   207.35 218.24
2022-06-11   207.65 218.56   207.62 218.53   345.13 356.05   207.08 217.99   212.66 223.57   206.40 217.31
2022-06-12   206.69 217.62   206.66 217.60   344.17 355.11   206.12 217.05   211.70 222.64   205.43 216.37
2022-06-13   205.72 216.69   205.69 216.66   343.21 354.17   205.15 216.12   210.73 221.70   204.47 215.44
2022-06-14   204.75 215.74   204.72 215.72   342.24 353.23   204.18 215.17   209.76 220.76   203.50 214.49
2022-06-15   203.77 214.80   203.75 214.77   341.26 352.28   203.20 214.23   208.79 219.81   202.52 213.54
2022-06-16   202.79 213.84   202.76 213.82   340.28 351.33   202.22 213.27   207.81 218.86   201.54 212.59
2022-06-17   201.80 212.88   201.78 212.86   339.29 350.37   201.23 212.31   206.82 217.90   200.55 211.63
2022-06-18   200.81 211.92   200.79 211.89   338.30 349.41   200.24 211.35   205.83 216.94   199.56 210.67
2022-06-19   199.82 210.95   199.79 210.93   337.30 348.44   199.25 210.38   204.83 215.97   198.57 209.70
2022-06-20   198.81 209.98   198.79 209.95   336.30 347.47   198.24 209.41   203.83 214.99   197.56 208.73
2022-06-21   197.81 209.00   197.78 208.97   335.29 346.49   197.24 208.43   202.82 214.02   196.56 207.75
2022-06-22   196.80 208.02   196.77 207.99   334.28 345.50   196.23 207.45   201.81 213.03   195.54 206.77
2022-06-23   195.78 207.03   195.75 207.00   333.27 344.52   195.21 206.46   200.79 212.04   194.53 205.78
2022-06-24   194.76 206.03   194.73 206.01   332.24 343.52   194.19 205.46   199.77 211.05   193.50 204.78
2022-06-25   193.73 205.03   193.70 205.01   331.22 342.52   193.16 204.46   198.74 210.05   192.48 203.78
2022-06-26   192.70 204.03   192.67 204.00   330.18 341.52   192.13 203.46   197.71 209.04   191.45 202.78
2022-06-27   191.66 203.02   191.63 202.99   329.15 340.51   191.09 202.45   196.67 208.04   190.41 201.77
2022-06-28   190.62 202.00   190.59 201.98   328.10 339.49   190.05 201.43   195.63 207.02   189.37 200.75
2022-06-29   189.57 200.98   189.54 200.96   327.06 338.47   189.00 200.41   194.58 206.00   188.32 199.73
2022-06-30   188.52 199.96   188.49 199.93   326.01 337.45   187.95 199.39   193.53 204.97   187.27 198.71
2022-07-01   187.46 198.93   187.43 198.90   324.95 336.42   186.89 198.36   192.48 203.94   186.21 197.68
2022-07-02   186.40 197.89   186.37 197.87   323.89 335.38   185.83 197.32   191.42 202.91   185.15 196.64
2022-07-03   185.34 196.85   185.31 196.83   322.82 334.34   184.77 196.28   190.35 201.87   184.08 195.60
2022-07-04   184.27 195.81   184.24 195.78   321.75 333.30   183.70 195.24   189.28 200.82   183.01 194.56
2022-07-05   183.19 194.76   183.17 194.73   320.68 332.25   182.62 194.19   188.21 199.77   181.94 193.51
2022-07-06   182.11 193.70   182.09 193.68   319.60 331.19   181.54 193.13   187.13 198.72   180.86 192.45
2022-07-07   181.03 192.64   181.01 192.62   318.52 330.13   180.46 192.07   186.05 197.66   179.78 191.39
2022-07-08   179.95 191.58   179.92 191.55   317.43 329.07   179.38 191.01   184.96 196.60   178.70 190.33
2022-07-09   178.86 190.51   178.83 190.49   316.35 328.00   178.29 189.94   183.87 195.53   177.61 189.26
2022-07-10   177.77 189.44   177.74 189.41   315.25 326.93   177.20 188.87   182.78 194.46   176.52 188.19
2022-07-11   176.67 188.36   176.64 188.34   314.16 325.85   176.10 187.79   181.69 193.38   175.42 187.11
2022-07-12   175.57 187.28   175.54 187.26   313.06 324.77   175.00 186.71   180.59 192.30   174.32 186.03
2022-07-13   174.47 186.20   174.44 186.17   311.96 323.69   173.90 185.63   179.49 191.21   173.22 184.95
2022-07-14   173.37 185.11   173.34 185.09   310.85 322.60   172.80 184.54   178.38 190.13   172.11 183.86
2022-07-15   172.26 184.02   172.23 183.99   309.75 321.51   171.69 183.45   177.27 189.04   171.01 182.77
2022-07-16   171.15 182.93   171.12 182.90   308.64 320.41   170.58 182.36   176.16 187.94   169.90 181.68
2022-07-17   170.04 181.83   170.01 181.80   307.53 319.32   169.47 181.26   175.05 186.84   168.79 180.58
2022-07-18   168.93 180.73   168.90 180.70   306.41 318.22   168.36 180.16   173.94 185.74   167.67 179.48
2022-07-19   167.81 179.62   167.78 179.60   305.30 317.11   167.24 179.05   172.83 184.64   166.56 178.37
2022-07-20   166.69 178.52   166.67 178.49   304.18 316.01   166.12 177.95   171.71 183.53   165.44 177.27
2022-07-21   165.58 177.41   165.55 177.38   303.06 314.90   165.01 176.84   170.59 182.43   164.33 176.16
2022-07-22   164.46 176.30   164.43 176.27   301.95 313.79   163.89 175.73   169.47 181.32   163.21 175.05
2022-07-23   163.34 175.19   163.31 175.16   300.83 312.68   162.77 174.62   168.35 180.20   162.09 173.94
2022-07-24   162.22 174.07   162.19 174.05   299.71 311.56   161.65 173.50   167.23 179.09   160.97 172.82
2022-07-25   161.10 172.96   161.07 172.93   298.59 310.45   160.53 172.39   166.11 177.97   159.85 171.71
2022-07-26   159.98 171.84   159.95 171.82   297.47 309.33   159.41 171.27   164.99 176.86   158.73 170.59
2022-07-27   158.86 170.72   158.83 170.70   296.35 308.21   158.29 170.15   163.87 175.74   157.61 169.47
2022-07-28   157.74 169.61   157.71 169.58   295.23 307.09   157.17 169.04   162.75 174.62   156.49 168.35
2022-07-29   156.62 168.49   156.59 168.46   294.11 305.97   156.05 167.92   161.63 173.50   155.37 167.24
2022-07-30   155.50 167.37   155.47 167.34   292.99 304.85   154.93 166.80   160.52 172.38   154.25 166.12
2022-07-31   154.38 166.25   154.36 166.22   291.87 303.73   153.81 165.68   159.40 171.26   153.13 165.00
2022-08-01   153.27 165.13   153.24 165.10   290.75 302.61   152.70 164.56   158.28 170.14   152.02 163.88
2022-08-02   152.15 164.01   152.13 163.98   289.64 301.49   151.58 163.44   157.17 169.02   150.90 162.76
2022-08-03   151.04 162.89   151.01 162.86   288.53 300.38   150.47 162.32   156.05 167.90   149.79 161.64
2022-08-04   149.93 161.77   149.90 161.74   287.42 299.26   149.36 161.20   154.94 166.79   148.68 160.52
2022-08-05   148.82 160.65   148.79 160.63   286.31 298.14   148.25 160.08   153.83 165.67   147.57 159.40
2022-08-06   147.71 159.54   147.69 159.51   285.20 297.02   147.14 158.97   152.73 164.55   146.46 158.29
2022-08-07   146.61 158.42   146.58 158.39   284.10 295.91   146.04 157.85   151.62 163.44   145.36 157.17
2022-08-08   145.51 157.31   145.48 157.28   282.99 294.79   144.94 156.74   150.52 162.32   144.25 156.06
2022-08-09   144.41 156.20   144.38 156.17   281.89 293.68   143.84 155.63   149.42 161.21   143.16 154.95
2022-08-10   143.31 155.09   143.28 155.06   280.80 292.57   142.74 154.52   148.33 160.10   142.06 153.84
2022-08-11   142.22 153.98   142.19 153.95   279.70 291.47   141.65 153.41   147.23 158.99   140.97 152.73
2022-08-12   141.13 152.87   141.10 152.85   278.62 290.36   140.56 152.30   146.14 157.89   139.88 151.62
2022-08-13   140.04 151.77   140.01 151.74   277.53 289.26   139.47 151.20   145.06 156.79   138.79 150.52
2022-08-14   138.96 150.67   138.93 150.64   276.45 288.16   138.39 150.10   143.97 155.69   137.71 149.42
2022-08-15   137.88 149.57   137.85 149.55   275.37 287.06   137.31 149.00   142.90 154.59   136.63 148.32
2022-08-16   136.80 148.48   136.78 148.45   274.29 285.97   136.23 147.91   141.82 153.49   135.55 147.23
2022-08-17   135.73 147.39   135.71 147.36   273.22 284.88   135.16 146.82   140.75 152.40   134.48 146.14
2022-08-18   134.67 146.30   134.64 146.27   272.15 283.79   134.10 145.73   139.68 151.32   133.42 145.05
2022-08-19   133.60 145.22   133.58 145.19   271.09 282.70   133.03 144.65   138.62 150.23   132.35 143.96
2022-08-20   132.55 144.13   132.52 144.11   270.03 281.62   131.98 143.56   137.56 149.15   131.29 142.88
2022-08-21   131.49 143.06   131.46 143.03   268.98 280.55   130.92 142.49   136.51 148.07   130.24 141.81
2022-08-22   130.44 141.98   130.42 141.96   267.93 279.47   129.87 141.41   135.46 147.00   129.19 140.73
2022-08-23   129.40 140.92   129.37 140.89   266.88 278.40   128.83 140.35   134.41 145.93   128.15 139.66
2022-08-24   128.36 139.85   128.33 139.82   265.84 277.34   127.79 139.28   133.37 144.87   127.11 138.60
2022-08-25   127.32 138.79   127.29 138.76   264.81 276.28   126.75 138.22   132.34 143.80   126.07 137.54
2022-08-26   126.29 137.73   126.26 137.71   263.78 275.22   125.72 137.16   131.30 142.75   125.04 136.48
2022-08-27   125.26 136.68   125.24 136.65   262.75 274.17   124.69 136.11   130.28 141.70   124.01 135.43
2022-08-28   124.24 135.63   124.22 135.61   261.73 273.12   123.67 135.06   129.26 140.65   122.99 134.38
2022-08-29   123.23 134.59   123.20 134.56   260.71 272.08   122.66 134.02   128.24 139.60   121.97 133.34
2022-08-30   122.21 133.55   122.19 133.52   259.70 271.04   121.64 132.98   127.23 138.57   120.96 132.30
2022-08-31   121.21 132.52   121.18 132.49   258.69 270.00   120.64 131.95   126.22 137.53   119.96 131.27
2022-09-01   120.20 131.49   120.18 131.46   257.69 268.97   119.63 130.92   125.22 136.50   118.95 130.24
2022-09-02   119.21 130.46   119.18 130.43   256.69 267.95   118.64 129.89   124.22 135.48   117.96 129.21
2022-09-03   118.22 129.44   118.19 129.41   255.70 266.93   117.65 128.87   123.23 134.46   116.96 128.19
2022-09-04   117.23 128.43   117.20 128.40   254.72 265.91   116.66 127.86   122.24 133.44   115.98 127.17
2022-09-05   116.25 127.41   116.22 127.39   253.73 264.90   115.68 126.84   121.26 132.43   114.99 126.16
2022-09-06   115.27 126.41   115.24 126.38   252.75 263.90   114.70 125.84   120.28 131.42   114.02 125.16
2022-09-07   114.29 125.41   114.27 125.38   251.78 262.89   113.72 124.84   119.31 130.42   113.04 124.16
2022-09-08   113.33 124.41   113.30 124.38   250.81 261.90   112.76 123.84   118.34 129.43   112.08 123.16
2022-09-09   112.36 123.42   112.34 123.39   249.85 260.91   111.79 122.85   117.38 128.43   111.11 122.17
2022-09-10   111.40 122.43   111.38 122.41   248.89 259.92   110.83 121.86   116.42 127.45   110.15 121.18
2022-09-11   110.45 121.45   110.42 121.42   247.94 258.94   109.88 120.88   115.46 126.46   109.20 120.20
2022-09-12   109.50 120.47   109.47 120.45   246.99 257.96   108.93 119.90   114.51 125.49   108.25 119.22
2022-09-13   108.55 119.50   108.53 119.47   246.04 256.99   107.98 118.93   113.57 124.51   107.30 118.25
2022-09-14   107.61 118.53   107.59 118.50   245.10 256.02   107.04 117.96   112.63 123.55   106.36 117.28
2022-09-15   106.68 117.57   106.65 117.54   244.16 255.05   106.11 117.00   111.69 122.58   105.43 116.32
2022-09-16   105.74 116.61   105.72 116.58   243.23 254.09   105.17 116.04   110.76 121.62   104.49 115.36
2022-09-17   104.82 115.65   104.79 115.63   242.30 253.14   104.25 115.08   109.83 120.67   103.57 114.40
2022-09-18   103.89 114.70   103.87 114.67   241.38 252.19   103.32 114.13   108.91 119.72   102.64 113.45
2022-09-19   102.97 113.75   102.95 113.73   240.46 251.24   102.40 113.18   107.99 118.77   101.72 112.50
2022-09-20   102.06 112.81   102.03 112.79   239.54 250.30   101.49 112.24   107.07 117.83   100.81 111.56
2022-09-21   101.14 111.88   101.12 111.85   238.63 249.36   100.57 111.31   106.16 116.89    99.89 110.62
2022-09-22   100.24 110.94   100.21 110.92   237.72 248.43    99.67 110.37   105.25 115.96    98.98 109.69
2022-09-23    99.33 110.01    99.30 109.99   236.82 247.50    98.76 109.44   104.35 115.03    98.08 108.76
2022-09-24    98.43 109.09    98.40 109.06   235.92 246.57    97.86 108.52   103.44 114.10    97.18 107.84
2022-09-25    97.53 108.16    97.50 108.14   235.02 245.65    96.96 107.59   102.55 113.18    96.28 106.91
2022-09-26    96.64 107.25    96.61 107.22   234.12 244.73    96.07 106.68   101.65 112.26    95.39 106.00
2022-09-27    95.75 106.33    95.72 106.31   233.23 243.82    95.18 105.76   100.76 111.35    94.49 105.08
2022-09-28    94.86 105.42    94.83 105.40   232.34 242.91    94.29 104.85    99.87 110.44    93.61 104.17
2022-09-29    93.97 104.52    93.94 104.49   231.46 242.00    93.40 103.95    98.99 109.53    92.72 103.26
2022-09-30    93.09 103.61    93.06 103.58   230.58 241.10    92.52 103.04    98.10 108.63    91.84 102.36
2022-10-01    92.21 102.71    92.18 102.68   229.70 240.20    91.64 102.14    97.22 107.73    90.96 101.46
2022-10-02    91.33 101.81    91.31 101.79   228.82 239.30    90.76 101.24    96.35 106.83    90.08 100.56
2022-10-03    90.46 100.92    90.43 100.89   227.95 238.41    89.89 100.35    95.47 105.94    89.21  99.67
2022-10-04    89.59 100.03    89.56 100.00   227.07 237.52    89.02  99.46    94.60 105.04    88.33  98.78
2022-10-05    88.72  99.14    88.69  99.11   226.20 236.63    88.15  98.57    93.73 104.16    87.46  97.89
2022-10-06    87.85  98.26    87.82  98.23   225.34 235.74    87.28  97.69    92.86 103.27    86.60  97.01
2022-10-07    86.98  97.37    86.96  97.35   224.47 234.86    86.41  96.80    92.00 102.39    85.73  96.12
2022-10-08    86.12  96.49    86.09  96.47   223.61 233.98    85.55  95.92    91.13 101.51    84.87  95.24
2022-10-09    85.26  95.62    85.23  95.59   222.74 233.10    84.69  95.05    90.27 100.63    84.01  94.36
2022-10-10    84.40  94.74    84.37  94.71   221.88 232.23    83.83  94.17    89.41  99.76    83.15  93.49
2022-10-11    83.54  93.87    83.51  93.84   221.02 231.35    82.97  93.30    88.55  98.88    82.29  92.62
2022-10-12    82.68  93.00    82.65  92.97   220.17 230.48    82.11  92.43    87.69  98.01    81.43  91.75
2022-10-13    81.82  92.13    81.80  92.10   219.31 229.61    81.25  91.56    86.84  97.14    80.57  90.88
2022-10-14    80.97  91.26    80.94  91.23   218.46 228.75    80.40  90.69    85.98  96.28    79.72  90.01
2022-10-15    80.11  90.39    80.09  90.37   217.60 227.88    79.54  89.82    85.13  95.41    78.86  89.14
2022-10-16    79.26  89.53    79.23  89.50   216.75 227.02    78.69  88.96    84.28  94.55    78.01  88.28
2022-10-17    78.41  88.67    78.38  88.64   215.90 226.16    77.84  88.10    83.42  93.68    77.16  87.42
2022-10-18    77.56  87.81    77.53  87.78   215.04 225.29    76.99  87.24    82.57  92.82    76.31  86.56
2022-10-19    76.71  86.95    76.68  86.92   214.19 224.44    76.14  86.38    81.72  91.96    75.45  85.70
2022-10-20    75.85  86.09    75.83  86.06   213.34 223.58    75.28  85.52    80.87  91.10    74.60  84.84
2022-10-21    75.00  85.23    74.98  85.20   212.49 222.72    74.43  84.66    80.02  90.25    73.75  83.98
2022-10-22    74.15  84.37    74.13  84.35   211.64 221.86    73.58  83.80    79.17  89.39    72.90  83.12
2022-10-23    73.30  83.52    73.28  83.49   210.79 221.01    72.73  82.95    78.32  88.53    72.05  82.27
2022-10-24    72.45  82.66    72.42  82.64   209.94 220.15    71.88  82.09    77.47  87.68    71.20  81.41
2022-10-25    71.60  81.81    71.57  81.78   209.09 219.29    71.03  81.24    76.61  86.82    70.35  80.56
2022-10-26    70.75  80.95    70.72  80.93   208.23 218.44    70.18  80.38    75.76  85.97    69.50  79.70
2022-10-27    69.90  80.10    69.87  80.07   207.38 217.58    69.33  79.53    74.91  85.11    68.64  78.85
2022-10-28    69.04  79.24    69.02  79.22   206.53 216.73    68.47  78.67    74.06  84.26    67.79  77.99
2022-10-29    68.19  78.39    68.16  78.36   205.68 215.88    67.62  77.82    73.20  83.40    66.94  77.14
2022-10-30    67.33  77.53    67.31  77.51   204.82 215.02    66.76  76.96    72.35  82.55    66.08  76.28
2022-10-31    66.48  76.68    66.45  76.65   203.96 214.16    65.91  76.11    71.49  81.69    65.23  75.43
2022-11-01    65.62  75.82    65.59  75.79   203.11 213.31    65.05  75.25    70.63  80.84    64.37  74.57
2022-11-02    64.76  74.96    64.73  74.94   202.25 212.45    64.19  74.39    69.78  79.98    63.51  73.71
2022-11-03    63.90  74.11    63.87  74.08   201.39 211.60    63.33  73.54    68.91  79.12    62.65  72.86
2022-11-04    63.24  73.04    63.22  73.02   200.73 210.53    62.67  72.47    68.26  78.06    61.99  71.79
2022-11-05    62.70  71.87    62.67  71.84   200.18 209.36    62.13  71.30    67.71  76.88    61.44  70.62
2022-11-06    62.15  70.69    62.12  70.66   199.63 208.18    61.58  70.12    67.16  75.71    60.90  69.44
2022-11-07    61.60  69.51    61.57  69.48   199.08 207.00    61.03  68.94    66.61  74.53    60.35  68.26
2022-11-08    61.04  68.33    61.02  68.30   198.53 205.82    60.47  67.76    66.06  73.35    59.79  67.08

2023-04-17   257.11 264.38   257.08 264.35    34.60  41.86   256.54 263.81   262.12 269.39   255.86 263.12
2023-04-18   255.96 263.84   255.94 263.82    33.45  41.33   255.39 263.27   260.98 268.86   254.71 262.59
2023-04-19   254.82 263.32   254.79 263.29    32.30  40.80   254.25 262.75   259.83 268.33   253.56 262.06
2023-04-20   253.67 262.79   253.64 262.76    31.16  40.28   253.10 262.22   258.69 267.80   252.42 261.54
2023-04-21   252.53 262.26   252.50 262.24    30.01  39.75   251.96 261.69   257.54 267.28   251.27 261.01
2023-04-22   251.46 261.66   251.43 261.64    28.94  39.15   250.89 261.09   256.47 266.68   250.20 260.41
2023-04-23   250.62 260.83   250.60 260.80    28.11  38.32   250.05 260.26   255.64 265.84   249.37 259.58
2023-04-24   249.79 260.00   249.77 259.97    27.28  37.48   249.22 259.43   254.81 265.01   248.54 258.74
2023-04-25   248.96 259.16   248.93 259.14    26.45  36.65   248.39 258.59   253.98 264.18   247.71 257.91
2023-04-26   248.13 258.33   248.10 258.30    25.62  35.82   247.56 257.76   253.15 263.35   246.88 257.08
2023-04-27   247.30 257.50   247.27 257.47    24.79  34.99   246.73 256.93   252.31 262.51   246.05 256.25
2023-04-28   246.47 256.67   246.44 256.64    23.96  34.16   245.90 256.10   251.48 261.68   245.22 255.42
2023-04-29   245.64 255.84   245.61 255.81    23.12  33.33   245.07 255.27   250.65 260.85   244.39 254.59
2023-04-30   244.81 255.01   244.78 254.98    22.29  32.50   244.24 254.44   249.82 260.02   243.55 253.76
2023-05-01   243.97 254.18   243.95 254.15    21.46  31.67   243.40 253.61   248.99 259.20   242.72 252.93
2023-05-02   243.14 253.35   243.11 253.32    20.63  30.84   242.57 252.78   248.16 258.37   241.89 252.10
2023-05-03   242.31 252.52   242.28 252.50    19.79  30.01   241.74 251.95   247.32 257.54   241.06 251.27
2023-05-04   241.47 251.69   241.45 251.67    18.96  29.18   240.90 251.12   246.49 256.71   240.22 250.44
2023-05-05   240.64 250.86   240.61 250.84    18.12  28.35   240.07 250.29   245.65 255.88   239.39 249.61
2023-05-06   239.80 250.03   239.77 250.01    17.29  27.52   239.23 249.46   244.81 255.05   238.55 248.78
2023-05-07   238.96 249.20   238.93 249.17    16.45  26.69   238.39 248.63   243.98 254.22   237.71 247.95
2023-05-08   238.12 248.37   238.10 248.34    15.61  25.86   237.55 247.80   243.14 253.38   236.87 247.12
2023-05-09   237.28 247.54   237.25 247.51    14.77  25.02   236.71 246.97   242.30 252.55   236.03 246.29
2023-05-10   236.44 246.70   236.41 246.68    13.92  24.19   235.87 246.13   241.45 251.72   235.19 245.45
2023-05-11   235.59 245.87   235.57 245.84    13.08  23.36   235.02 245.30   240.61 250.88   234.34 244.62
2023-05-12   234.75 245.03   234.72 245.01    12.23  22.52   234.18 244.46   239.76 250.05   233.50 243.78
2023-05-13   233.90 244.20   233.87 244.17    11.38  21.68   233.33 243.63   238.91 249.21   232.65 242.95
2023-05-14   233.05 243.36   233.02 243.33    10.53  20.85   232.48 242.79   238.06 248.37   231.80 242.11
2023-05-15   232.19 242.52   232.17 242.49     9.68  20.00   231.62 241.95   237.21 247.53   230.94 241.27
2023-05-16   231.34 241.68   231.31 241.65     8.82  19.16   230.77 241.11   236.35 246.69   230.09 240.42
2023-05-17   230.48 240.83   230.45 240.81     7.97  18.32   229.91 240.26   235.49 245.85   229.23 239.58
2023-05-18   229.62 239.99   229.59 239.96     7.10  17.47   229.05 239.42   234.63 245.00   228.37 238.73
2023-05-19   228.75 239.14   228.73 239.11     6.24  16.63   228.18 238.57   233.77 244.15   227.50 237.89
2023-05-20   227.89 238.29   227.86 238.26     5.37  15.77   227.32 237.72   232.90 243.30   226.64 237.04
2023-05-21   227.02 237.43   226.99 237.41     4.50  14.92   226.45 236.86   232.03 242.45   225.77 236.18
2023-05-22   226.14 236.58   226.12 236.55     3.63  14.07   225.57 236.01   231.16 241.59   224.89 235.33
2023-05-23   225.27 235.72   225.24 235.70     2.75  13.21   224.70 235.15   230.28 240.74   224.02 234.47
2023-05-24   224.39 234.86   224.36 234.83     1.87  12.35   223.82 234.29   229.40 239.88   223.14 233.61
2023-05-25   223.50 234.00   223.48 233.97     0.99  11.49   222.93 233.43   228.52 239.01   222.25 232.75
2023-05-26   222.62 233.13   222.59 233.10     0.10  10.62   222.05 232.56   227.63 238.15   221.37 231.88
2023-05-27   221.73 232.26   221.70 232.24   359.21   9.75   221.16 231.69   226.74 237.28   220.48 231.01
2023-05-28   220.83 231.39   220.81 231.36   358.32   8.88   220.26 230.82   225.85 236.40   219.58 230.14
2023-05-29   219.93 230.51   219.91 230.49   357.42   8.00   219.36 229.94   224.95 235.53   218.68 229.26
2023-05-30   219.03 229.63   219.01 229.61   356.52   7.12   218.46 229.06   224.05 234.65   217.78 228.38
2023-05-31   218.13 228.75   218.10 228.72   355.61   6.24   217.56 228.18   223.14 233.76   216.88 227.50
2023-06-01   217.22 227.86   217.19 227.84   354.70   5.35   216.65 227.29   222.23 232.88   215.96 226.61
2023-06-02   216.30 226.97   216.27 226.95   353.79   4.46   215.73 226.40   221.32 231.99   215.05 225.72
2023-06-03   215.38 226.08   215.35 226.05   352.87   3.56   214.81 225.51   220.40 231.09   214.13 224.83
2023-06-04   214.46 225.18   214.43 225.15   351.95   2.67   213.89 224.61   219.47 230.19   213.21 223.93
2023-06-05   213.53 224.28   213.50 224.25   351.02   1.76   212.96 223.71   218.54 229.29   212.28 223.03
2023-06-06   212.60 223.37   212.57 223.34   350.08   0.86   212.03 222.80   217.61 228.38   211.35 222.12
2023-06-07   211.66 222.46   211.63 222.43   349.15 359.95   211.09 221.89   216.67 227.47   210.41 221.21
2023-06-08   210.72 221.54   210.69 221.52   348.20 359.03   210.15 220.97   215.73 226.56   209.47 220.29
2023-06-09   209.77 220.62   209.74 220.60   347.26 358.11   209.20 220.05   214.79 225.64   208.52 219.37
2023-06-10   208.82 219.70   208.79 219.67   346.31 357.18   208.25 219.13   213.83 224.71   207.57 218.45
2023-06-11   207.86 218.77   207.84 218.74   345.35 356.26   207.29 218.20   212.88 223.78   206.61 217.52
2023-06-12   206.90 217.83   206.87 217.81   344.39 355.32   206.33 217.26   211.92 222.85   205.65 216.58
2023-06-13   205.93 216.90   205.91 216.87   343.42 354.38   205.36 216.33   210.95 221.91   204.68 215.64
2023-06-14   204.96 215.95   204.94 215.92   342.45 353.44   204.39 215.38   209.98 220.97   203.71 214.70
2023-06-15   203.98 215.00   203.96 214.98   341.47 352.49   203.41 214.43   209.00 220.02   202.73 213.75
2023-06-16   203.00 214.05   202.98 214.02   340.49 351.54   202.43 213.48   208.02 219.06   201.75 212.80
2023-06-17   202.02 213.09   201.99 213.06   339.50 350.58   201.45 212.52   207.03 218.11   200.77 211.84
2023-06-18   201.02 212.13   201.00 212.10   338.51 349.61   200.45 211.56   206.04 217.14   199.77 210.88
2023-06-19   200.03 211.16   200.00 211.13   337.51 348.65   199.46 210.59   205.04 216.17   198.78 209.91
2023-06-20   199.02 210.18   199.00 210.16   336.51 347.67   198.45 209.61   204.04 215.20   197.77 208.93
2023-06-21   198.02 209.21   197.99 209.18   335.50 346.69   197.45 208.64   203.03 214.22   196.77 207.96
2023-06-22   197.00 208.22   196.98 208.20   334.49 345.71   196.43 207.65   202.02 213.24   195.75 206.97
2023-06-23   195.99 207.23   195.96 207.21   333.47 344.72   195.42 206.66   201.00 212.25   194.74 205.98
2023-06-24   194.96 206.24   194.94 206.21   332.45 343.73   194.39 205.67   199.98 211.25   193.71 204.99
2023-06-25   193.94 205.24   193.91 205.21   331.42 342.73   193.37 204.67   198.95 210.25   192.69 203.99
2023-06-26   192.90 204.23   192.88 204.21   330.39 341.72   192.33 203.66   197.92 209.25   191.65 202.98
2023-06-27   191.87 203.22   191.84 203.20   329.35 340.71   191.30 202.65   196.88 208.24   190.62 201.97
2023-06-28   190.83 202.21   190.80 202.18   328.31 339.70   190.26 201.64   195.84 207.22   189.57 200.96
2023-06-29   189.78 201.19   189.75 201.16   327.27 338.68   189.21 200.62   194.79 206.20   188.53 199.94
2023-06-30   188.73 200.16   188.70 200.14   326.21 337.65   188.16 199.59   193.74 205.18   187.48 198.91
2023-07-01   187.67 199.13   187.64 199.11   325.16 336.62   187.10 198.56   192.69 204.15   186.42 197.88
2023-07-02   186.61 198.10   186.58 198.07   324.10 335.59   186.04 197.53   191.63 203.11   185.36 196.85
2023-07-03   185.55 197.06   185.52 197.03   323.03 334.55   184.98 196.49   190.56 202.07   184.30 195.81
2023-07-04   184.48 196.01   184.45 195.99   321.96 333.50   183.91 195.44   189.49 201.03   183.23 194.76
2023-07-05   183.40 194.97   183.38 194.94   320.89 332.45   182.83 194.40   188.42 199.98   182.15 193.71
2023-07-06   182.33 193.91   182.30 193.89   319.81 331.40   181.76 193.34   187.34 198.93   181.08 192.66
2023-07-07   181.25 192.85   181.22 192.83   318.73 330.34   180.68 192.28   186.26 197.87   180.00 191.60
2023-07-08   180.16 191.79   180.14 191.76   317.65 329.28   179.59 191.22   185.18 196.81   178.91 190.54
2023-07-09   179.07 190.72   179.05 190.70   316.56 328.21   178.50 190.15   184.09 195.74   177.82 189.47
2023-07-10   177.98 189.65   177.96 189.63   315.47 327.14   177.41 189.08   183.00 194.67   176.73 188.40
2023-07-11   176.89 188.58   176.86 188.55   314.38 326.07   176.32 188.01   181.90 193.59   175.64 187.33
2023-07-12   175.79 187.50   175.77 187.47   313.28 324.99   175.22 186.93   180.81 192.51   174.54 186.25
2023-07-13   174.69 186.42   174.67 186.39   312.18 323.90   174.12 185.85   179.71 191.43   173.44 185.17
2023-07-14   173.59 185.33   173.56 185.30   311.08 322.82   173.02 184.76   178.60 190.35   172.34 184.08
2023-07-15   172.48 184.24   172.46 184.21   309.97 321.73   171.91 183.67   177.50 189.26   171.23 182.99
2023-07-16   171.38 183.15   171.35 183.12   308.86 320.64   170.81 182.58   176.39 188.16   170.13 181.90
2023-07-17   170.27 182.05   170.24 182.03   307.75 319.54   169.70 181.48   175.28 187.07   169.02 180.80
2023-07-18   169.16 180.95   169.13 180.93   306.64 318.44   168.59 180.38   174.17 185.97   167.90 179.70
2023-07-19   168.04 179.85   168.02 179.83   305.53 317.34   167.47 179.28   173.06 184.87   166.79 178.60
2023-07-20   166.93 178.75   166.90 178.72   304.42 316.24   166.36 178.18   171.94 183.76   165.68 177.50
2023-07-21   165.81 177.64   165.79 177.62   303.30 315.13   165.24 177.07   170.83 182.66   164.56 176.39
2023-07-22   164.70 176.54   164.67 176.51   302.18 314.02   164.13 175.97   169.71 181.55   163.45 175.28
2023-07-23   163.58 175.42   163.55 175.40   301.07 312.91   163.01 174.85   168.59 180.44   162.33 174.17
2023-07-24   162.46 174.31   162.43 174.29   299.95 311.80   161.89 173.74   167.48 179.33   161.21 173.06
2023-07-25   161.34 173.20   161.32 173.17   298.83 310.69   160.77 172.63   166.36 178.22   160.09 171.95
2023-07-26   160.22 172.09   160.20 172.06   297.71 309.57   159.65 171.52   165.24 177.10   158.97 170.83
2023-07-27   159.11 170.97   159.08 170.94   296.59 308.46   158.54 170.40   164.12 175.99   157.86 169.72
2023-07-28   157.99 169.85   157.96 169.83   295.48 307.34   157.42 169.28   163.00 174.87   156.74 168.60
2023-07-29   156.87 168.74   156.85 168.71   294.36 306.22   156.30 168.17   161.89 173.75   155.62 167.49
2023-07-30   155.76 167.62   155.73 167.59   293.24 305.11   155.19 167.05   160.77 172.63   154.50 166.37
2023-07-31   154.64 166.50   154.61 166.47   292.13 303.99   154.07 165.93   159.65 171.52   153.39 165.25
2023-08-01   153.53 165.38   153.50 165.36   291.01 302.87   152.96 164.81   158.54 170.40   152.27 164.13
2023-08-02   152.41 164.27   152.39 164.24   289.90 301.75   151.84 163.70   157.43 169.28   151.16 163.02
2023-08-03   151.30 163.15   151.27 163.12   288.79 300.64   150.73 162.58   156.32 168.16   150.05 161.90
2023-08-04   150.19 162.03   150.17 162.01   287.68 299.52   149.62 161.46   155.21 167.05   148.94 160.78
2023-08-05   149.08 160.92   149.06 160.89   286.57 298.41   148.51 160.35   154.10 165.93   147.83 159.67
2023-08-06   147.98 159.80   147.95 159.78   285.47 297.29   147.41 159.23   152.99 164.82   146.73 158.55
2023-08-07   146.88 158.69   146.85 158.66   284.36 296.18   146.31 158.12   151.89 163.71   145.63 157.44
2023-08-08   145.78 157.58   145.75 157.55   283.26 295.07   145.21 157.01   150.79 162.59   144.53 156.33
2023-08-09   144.68 156.47   144.65 156.44   282.17 293.96   144.11 155.90   149.69 161.48   143.43 155.22
2023-08-10   143.58 155.36   143.56 155.33   281.07 292.85   143.01 154.79   148.60 160.38   142.33 154.11
2023-08-11   142.49 154.26   142.47 154.23   279.98 291.74   141.92 153.69   147.51 159.27   141.24 153.00
2023-08-12   141.40 153.15   141.38 153.13   278.89 290.64   140.83 152.58   146.42 158.17   140.15 151.90
2023-08-13   140.32 152.05   140.29 152.02   277.81 289.54   139.75 151.48   145.34 157.07   139.07 150.80
2023-08-14   139.24 150.95   139.21 150.93   276.73 288.44   138.67 150.38   144.25 155.97   137.99 149.70
2023-08-15   138.16 149.86   138.13 149.83   275.65 287.34   137.59 149.29   143.18 154.87   136.91 148.61
2023-08-16   137.09 148.76   137.06 148.74   274.57 286.25   136.52 148.19   142.10 153.78   135.84 147.51
2023-08-17   136.02 147.67   135.99 147.65   273.50 285.16   135.45 147.10   141.03 152.69   134.77 146.42
2023-08-18   134.95 146.59   134.92 146.56   272.44 284.08   134.38 146.02   139.97 151.60   133.70 145.34
2023-08-19   133.89 145.50   133.86 145.48   271.38 282.99   133.32 144.93   138.90 150.52   132.64 144.25
2023-08-20   132.83 144.43   132.81 144.40   270.32 281.91   132.26 143.86   137.85 149.44   131.58 143.17
2023-08-21   131.78 143.35   131.75 143.32   269.27 280.84   131.21 142.78   136.79 148.36   130.53 142.10
2023-08-22   130.73 142.28   130.70 142.25   268.22 279.77   130.16 141.71   135.75 147.29   129.48 141.03
2023-08-23   129.69 141.21   129.66 141.18   267.17 278.70   129.12 140.64   134.70 146.22   128.44 139.96
2023-08-24   128.65 140.15   128.62 140.12   266.13 277.63   128.08 139.58   133.66 145.16   127.40 138.89
2023-08-25   127.61 139.09   127.58 139.06   265.10 276.57   127.04 138.52   132.63 144.10   126.36 137.83
2023-08-26   126.58 138.03   126.55 138.00   264.07 275.52   126.01 137.46   131.60 143.04   125.33 136.78
2023-08-27   125.56 136.98   125.53 136.95   263.04 274.47   124.99 136.41   130.57 141.99   124.30 135.73
2023-08-28   124.53 135.93   124.51 135.90   262.02 273.42   123.96 135.36   129.55 140.95   123.28 134.68
2023-08-29   123.52 134.89   123.49 134.86   261.01 272.38   122.95 134.32   128.53 139.90   122.27 133.64
2023-08-30   122.51 133.85   122.48 133.82   259.99 271.34   121.94 133.28   127.52 138.86   121.26 132.60
2023-08-31   121.50 132.82   121.47 132.79   258.99 270.30   120.93 132.25   126.52 137.83   120.25 131.56
2023-09-01   120.50 131.79   120.47 131.76   257.99 269.27   119.93 131.22   125.51 136.80   119.25 130.54
2023-09-02   119.50 130.76   119.47 130.74   256.99 268.25   118.93 130.19   124.52 135.78   118.25 129.51
2023-09-03   118.51 129.74   118.48 129.72   256.00 267.23   117.94 129.17   123.52 134.76   117.26 128.49
2023-09-04   117.52 128.73   117.50 128.70   255.01 266.21   116.95 128.16   122.54 133.74   116.27 127.48
2023-09-05   116.54 127.72   116.51 127.69   254.03 265.20   115.97 127.15   121.55 132.73   115.29 126.46
2023-09-06   115.56 126.71   115.53 126.68   253.05 264.20   114.99 126.14   120.58 131.72   114.31 125.46
2023-09-07   114.59 125.71   114.56 125.68   252.08 263.20   114.02 125.14   119.60 130.72   113.34 124.46
2023-09-08   113.62 124.71   113.59 124.68   251.11 262.20   113.05 124.14   118.64 129.73   112.37 123.46
2023-09-09   112.66 123.72   112.63 123.69   250.14 261.21   112.09 123.15   117.67 128.73   111.41 122.47
2023-09-10   111.70 122.73   111.67 122.71   249.18 260.22   111.13 122.16   116.71 127.75   110.45 121.48
2023-09-11   110.74 121.75   110.72 121.72   248.23 259.24   110.17 121.18   115.76 126.76   109.49 120.50
2023-09-12   109.79 120.77   109.77 120.74   247.28 258.26   109.22 120.20   114.81 125.79   108.54 119.52
2023-09-13   108.85 119.80   108.82 119.77   246.33 257.29   108.28 119.23   113.86 124.81   107.60 118.55
2023-09-14   107.90 118.83   107.88 118.80   245.39 256.32   107.33 118.26   112.92 123.84   106.65 117.58
2023-09-15   106.97 117.86   106.94 117.84   244.46 255.35   106.40 117.29   111.98 122.88   105.72 116.61
2023-09-16   106.03 116.90   106.01 116.88   243.52 254.39   105.46 116.33   111.05 121.92   104.78 115.65
2023-09-17   105.11 115.95   105.08 115.92   242.59 253.44   104.54 115.38   110.12 120.96   103.86 114.70
2023-09-18   104.18 115.00   104.16 114.97   241.67 252.48   103.61 114.43   109.20 120.01   102.93 113.75
2023-09-19   103.26 114.05   103.23 114.02   240.75 251.54   102.69 113.48   108.28 119.07   102.01 112.80
2023-09-20   102.34 113.11   102.32 113.08   239.83 250.60   101.77 112.54   107.36 118.12   101.09 111.86
2023-09-21   101.43 112.17   101.40 112.14   238.92 249.66   100.86 111.60   106.45 117.18   100.18 110.92
2023-09-22   100.52 111.23   100.50 111.21   238.01 248.72    99.95 110.66   105.54 116.25    99.27 109.98
2023-09-23    99.62 110.30    99.59 110.28   237.10 247.79    99.05 109.73   104.63 115.32    98.37 109.05
2023-09-24    98.71 109.38    98.69 109.35   236.20 246.87    98.14 108.81   103.73 114.39    97.46 108.13
2023-09-25    97.81 108.46    97.79 108.43   235.30 245.94    97.24 107.89   102.83 113.47    96.56 107.20
2023-09-26    96.92 107.54    96.89 107.51   234.41 245.02    96.35 106.97   101.93 112.55    95.67 106.29
2023-09-27    96.03 106.62    96.00 106.59   233.51 244.11    95.46 106.05   101.04 111.64    94.78 105.37
2023-09-28    95.14 105.71    95.11 105.68   232.62 243.20    94.57 105.14   100.15 110.72    93.89 104.46
2023-09-29    94.25 104.80    94.22 104.77   231.74 242.29    93.68 104.23    99.27 109.82    93.00 103.55
2023-09-30    93.37 103.90    93.34 103.87   230.86 241.38    92.80 103.33    98.38 108.91    92.12 102.65
2023-10-01    92.49 102.99    92.46 102.97   229.97 240.48    91.92 102.42    97.50 108.01    91.24 101.74
2023-10-02    91.61 102.10    91.58 102.07   229.10 239.58    91.04 101.53    96.62 107.11    90.36 100.85
2023-10-03    90.73 101.20    90.71 101.17   228.22 238.69    90.16 100.63    95.75 106.22    89.48  99.95
2023-10-04    89.86 100.31    89.83 100.28   227.35 237.80    89.29  99.74    94.87 105.32    88.61  99.06
2023-10-05    88.99  99.42    88.96  99.39   226.48 236.91    88.42  98.85    94.00 104.43    87.74  98.17
2023-10-06    88.12  98.53    88.09  98.51   225.61 236.02    87.55  97.96    93.14 103.55    86.87  97.28
2023-10-07    87.25  97.65    87.23  97.62   224.74 235.14    86.68  97.08    92.27 102.66    86.00  96.40
2023-10-08    86.39  96.77    86.36  96.74   223.88 234.26    85.82  96.20    91.40 101.78    85.14  95.52
2023-10-09    85.52  95.89    85.50  95.86   223.01 233.38    84.95  95.32    90.54 100.90    84.27  94.64
2023-10-10    84.66  95.01    84.64  94.99   222.15 232.50    84.09  94.44    89.68 100.03    83.41  93.76
2023-10-11    83.80  94.14    83.78  94.11   221.29 231.62    83.23  93.57    88.82  99.15    82.55  92.89
2023-10-12    82.94  93.27    82.92  93.24   220.43 230.75    82.37  92.70    87.96  98.28    81.69  92.01
2023-10-13    82.09  92.39    82.06  92.37   219.57 229.88    81.52  91.82    87.10  97.41    80.84  91.14
2023-10-14    81.23  91.53    81.20  91.50   218.72 229.01    80.66  90.96    86.25  96.54    79.98  90.28
2023-10-15    80.38  90.66    80.35  90.63   217.86 228.15    79.81  90.09    85.39  95.67    79.12  89.41
2023-10-16    79.52  89.79    79.49  89.77   217.01 227.28    78.95  89.22    84.54  94.81    78.27  88.54
2023-10-17    78.67  88.93    78.64  88.90   216.15 226.42    78.10  88.36    83.68  93.94    77.42  87.68
2023-10-18    77.81  88.07    77.79  88.04   215.30 225.55    77.24  87.50    82.83  93.08    76.56  86.82
2023-10-19    76.96  87.21    76.93  87.18   214.45 224.69    76.39  86.64    81.98  92.22    75.71  85.96
2023-10-20    76.11  86.35    76.08  86.32   213.60 223.83    75.54  85.78    81.12  91.36    74.86  85.09
2023-10-21    75.26  85.49    75.23  85.46   212.74 222.97    74.69  84.92    80.27  90.50    74.01  84.24
2023-10-22    74.40  84.63    74.38  84.60   211.89 222.12    73.83  84.06    79.42  89.64    73.15  83.38
2023-10-23    73.55  83.77    73.53  83.74   211.04 221.26    72.98  83.20    78.57  88.79    72.30  82.52
2023-10-24    72.70  82.91    72.67  82.89   210.19 220.40    72.13  82.34    77.72  87.93    71.45  81.66
2023-10-25    71.85  82.06    71.82  82.03   209.33 219.54    71.28  81.49    76.86  87.07    70.60  80.81
2023-10-26    70.99  81.20    70.97  81.17   208.48 218.69    70.42  80.63    76.01  86.21    69.74  79.95
2023-10-27    70.14  80.34    70.11  80.32   207.63 217.83    69.57  79.77    75.16  85.36    68.89  79.09
2023-10-28    69.29  79.49    69.26  79.46   206.77 216.97    68.72  78.92    74.30  84.50    68.04  78.24
2023-10-29    68.43  78.63    68.40  78.60   205.92 216.12    67.86  78.06    73.45  83.65    67.18  77.38
2023-10-30    67.57  77.77    67.55  77.75   205.06 215.26    67.00  77.20    72.59  82.79    66.32  76.52
2023-10-31    66.72  76.92    66.69  76.89   204.20 214.40    66.15  76.35    71.73  81.93    65.47  75.67
2023-11-01    65.86  76.06    65.83  76.03   203.35 213.55    65.29  75.49    70.87  81.08    64.61  74.81
2023-11-02    65.00  75.20    64.97  75.18   202.49 212.69    64.43  74.63    70.01  80.22    63.75  73.95
2023-11-03    64.14  74.34    64.11  74.32   201.62 211.83    63.57  73.77    69.15  79.36    62.89  73.09
2023-11-04    63.38  73.38    63.35  73.35   200.87 210.86    62.81  72.81    68.40  78.39    62.13  72.12
2023-11-05    62.83  72.20    62.81  72.17   200.32 209.68    62.26  71.63    67.85  77.21    61.58  70.95
2023-11-06    62.28  71.02    62.26  70.99   199.77 208.50    61.71  70.45    67.30  76.03    61.03  69.77
2023-11-07    61.73  69.84    61.71  69.81   199.22 207.32    61.16  69.27    66.75  74.85    60.48  68.59
2023-11-08    61.18  68.65    61.15  68.63   198.67 206.14    60.61  68.08    66.19  73.67    59.93  67.40
2023-11-09    60.62  67.47    60.60  67.44   198.11 204.96    60.05  66.90    65.64  72.49    59.37  66.22
