
       Target
                ecliptic
RA      Dec     latitude
295.298  46.920  66.315

Checked interval [2020-01-01, 2023-12-31]
|           Window [days]                 |    Normal V3 PA [deg]    |
   Start           End         Duration         Start         End         RA            Dec     
 2020-04-23      2020-11-21       212.05     256.65190      53.10249     295.29789      46.92043 
 2021-04-24      2021-11-22       212.00     256.03117      52.46076     295.29789      46.92043 
 2022-04-24      2022-11-22       212.00     256.29656      52.69133     295.29789      46.92043 
 2023-04-24      2023-11-22       212.00     256.56481      52.91257     295.29789      46.92043 


                V3PA          NIRCam           NIRSpec         NIRISS           MIRI          FGS
   Date      min    max      min    max       min    max     min    max      min    max      min    max

2020-04-24   253.13 260.00   253.10 259.97    30.61  37.49   252.56 259.43   258.14 265.01   251.88 258.75
2020-04-25   252.00 259.35   251.97 259.32    29.49  36.84   251.43 258.78   257.01 264.36   250.75 258.10
2020-04-26   250.87 258.70   250.84 258.67    28.36  36.19   250.30 258.13   255.89 263.71   249.62 257.45
2020-04-27   249.74 258.05   249.72 258.03    27.23  35.54   249.17 257.48   254.76 263.07   248.49 256.80
2020-04-28   248.62 257.41   248.59 257.38    26.10  34.89   248.05 256.84   253.63 262.42   247.37 256.16
2020-04-29   247.49 256.76   247.47 256.74    24.98  34.25   246.92 256.19   252.51 261.78   246.24 255.51
2020-04-30   246.37 256.12   246.34 256.09    23.85  33.61   245.80 255.55   251.38 261.14   245.12 254.87
2020-05-01   245.26 255.47   245.23 255.44    22.74  32.95   244.69 254.90   250.27 260.48   244.01 254.21
2020-05-02   244.38 254.58   244.35 254.56    21.86  32.07   243.81 254.01   249.39 259.60   243.12 253.33
2020-05-03   243.50 253.70   243.47 253.67    20.98  31.19   242.93 253.13   248.51 258.72   242.24 252.45
2020-05-04   242.62 252.82   242.59 252.79    20.10  30.31   242.05 252.25   247.63 257.83   241.37 251.57
2020-05-05   241.74 251.94   241.71 251.91    19.22  29.43   241.17 251.37   246.75 256.95   240.49 250.69
2020-05-06   240.86 251.06   240.83 251.03    18.35  28.55   240.29 250.49   245.87 256.07   239.61 249.81
2020-05-07   239.98 250.18   239.95 250.15    17.47  27.67   239.41 249.61   244.99 255.19   238.73 248.93
2020-05-08   239.10 249.30   239.07 249.27    16.59  26.79   238.53 248.73   244.12 254.32   237.85 248.05
2020-05-09   238.22 248.42   238.20 248.40    15.71  25.91   237.65 247.85   243.24 253.44   236.97 247.17
2020-05-10   237.34 247.54   237.32 247.52    14.83  25.03   236.77 246.97   242.36 252.56   236.09 246.29
2020-05-11   236.46 246.67   236.44 246.64    13.95  24.15   235.89 246.10   241.48 251.68   235.21 245.42
2020-05-12   235.58 245.79   235.56 245.76    13.07  23.28   235.01 245.22   240.60 250.80   234.33 244.54
2020-05-13   234.70 244.91   234.68 244.89    12.19  22.40   234.13 244.34   239.72 249.93   233.45 243.66
2020-05-14   233.82 244.03   233.80 244.01    11.31  21.52   233.25 243.46   238.84 249.05   232.57 242.78
2020-05-15   232.94 243.16   232.92 243.13    10.43  20.64   232.37 242.59   237.96 248.17   231.69 241.91
2020-05-16   232.06 242.28   232.03 242.25     9.55  19.77   231.49 241.71   237.08 247.29   230.81 241.03
2020-05-17   231.18 241.40   231.15 241.37     8.67  18.89   230.61 240.83   236.19 246.42   229.93 240.15
2020-05-18   230.30 240.52   230.27 240.50     7.78  18.01   229.73 239.95   235.31 245.54   229.04 239.27
2020-05-19   229.41 239.64   229.38 239.62     6.90  17.13   228.84 239.07   234.43 244.66   228.16 238.39
2020-05-20   228.53 238.76   228.50 238.74     6.01  16.25   227.96 238.19   233.54 243.78   227.27 237.51
2020-05-21   227.64 237.88   227.61 237.86     5.13  15.37   227.07 237.31   232.65 242.90   226.39 236.63
2020-05-22   226.75 237.00   226.73 236.97     4.24  14.49   226.18 236.43   231.77 242.02   225.50 235.75
2020-05-23   225.86 236.12   225.84 236.09     3.35  13.61   225.29 235.55   230.88 241.13   224.61 234.87
2020-05-24   224.97 235.24   224.95 235.21     2.46  12.72   224.40 234.67   229.99 240.25   223.72 233.99
2020-05-25   224.08 234.35   224.05 234.33     1.57  11.84   223.51 233.78   229.10 239.37   222.83 233.10
2020-05-26   223.19 233.47   223.16 233.44     0.68  10.95   222.62 232.90   228.20 238.48   221.94 232.22
2020-05-27   222.29 232.58   222.27 232.55   359.78  10.07   221.72 232.01   227.31 237.60   221.04 231.33
2020-05-28   221.40 231.69   221.37 231.67   358.88   9.18   220.83 231.12   226.41 236.71   220.15 230.44
2020-05-29   220.50 230.80   220.47 230.78   357.99   8.29   219.93 230.23   225.51 235.82   219.25 229.55
2020-05-30   219.60 229.91   219.57 229.89   357.09   7.40   219.03 229.34   224.61 234.93   218.35 228.66
2020-05-31   218.70 229.02   218.67 229.00   356.18   6.51   218.13 228.45   223.71 234.04   217.45 227.77
2020-06-01   217.79 228.13   217.77 228.10   355.28   5.62   217.22 227.56   222.81 233.14   216.54 226.88
2020-06-02   216.89 227.23   216.86 227.21   354.37   4.72   216.32 226.66   221.90 232.25   215.64 225.98
2020-06-03   215.98 226.34   215.95 226.31   353.47   3.82   215.41 225.77   220.99 231.35   214.73 225.09
2020-06-04   215.07 225.44   215.04 225.41   352.55   2.93   214.50 224.87   220.08 230.45   213.82 224.19
2020-06-05   214.15 224.54   214.13 224.51   351.64   2.02   213.58 223.97   219.17 229.55   212.90 223.29
2020-06-06   213.24 223.63   213.21 223.61   350.73   1.12   212.67 223.06   218.26 228.65   211.99 222.38
2020-06-07   212.32 222.73   212.30 222.70   349.81   0.22   211.75 222.16   217.34 227.75   211.07 221.48
2020-06-08   211.40 221.82   211.38 221.80   348.89 359.31   210.83 221.25   216.42 226.84   210.15 220.57
2020-06-09   210.48 220.91   210.45 220.89   347.97 358.40   209.91 220.34   215.50 225.93   209.23 219.66
2020-06-10   209.56 220.00   209.53 219.98   347.04 357.49   208.99 219.43   214.57 225.02   208.30 218.75
2020-06-11   208.63 219.09   208.60 219.06   346.12 356.58   208.06 218.52   213.64 224.10   207.38 217.84
2020-06-12   207.70 218.17   207.67 218.15   345.19 355.66   207.13 217.60   212.71 223.19   206.45 216.92
2020-06-13   206.76 217.25   206.74 217.23   344.25 354.74   206.19 216.68   211.78 222.27   205.51 216.00
2020-06-14   205.83 216.33   205.80 216.31   343.32 353.82   205.26 215.76   210.84 221.35   204.58 215.08
2020-06-15   204.89 215.41   204.86 215.38   342.38 352.90   204.32 214.84   209.91 220.42   203.64 214.16
2020-06-16   203.95 214.48   203.92 214.46   341.44 351.97   203.38 213.91   208.96 219.50   202.70 213.23
2020-06-17   203.01 213.55   202.98 213.53   340.49 351.04   202.44 212.98   208.02 218.57   201.75 212.30
2020-06-18   202.06 212.62   202.03 212.59   339.55 350.11   201.49 212.05   207.07 217.64   200.81 211.37
2020-06-19   201.11 211.69   201.08 211.66   338.60 349.17   200.54 211.12   206.12 216.70   199.86 210.44
2020-06-20   200.15 210.75   200.13 210.72   337.64 348.24   199.58 210.18   205.17 215.76   198.90 209.50
2020-06-21   199.20 209.81   199.17 209.78   336.69 347.30   198.63 209.24   204.21 214.82   197.95 208.56
2020-06-22   198.24 208.86   198.21 208.84   335.73 346.35   197.67 208.29   203.25 213.88   196.99 207.61
2020-06-23   197.28 207.92   197.25 207.89   334.76 345.41   196.71 207.35   202.29 212.93   196.03 206.67
2020-06-24   196.31 206.97   196.29 206.94   333.80 344.46   195.74 206.40   201.33 211.98   195.06 205.72
2020-06-25   195.34 206.02   195.32 205.99   332.83 343.50   194.77 205.45   200.36 211.03   194.09 204.77
2020-06-26   194.37 205.06   194.35 205.03   331.86 342.55   193.80 204.49   199.39 210.08   193.12 203.81
2020-06-27   193.40 204.10   193.37 204.08   330.88 341.59   192.83 203.53   198.41 209.12   192.15 202.85
2020-06-28   192.42 203.14   192.39 203.11   329.91 340.63   191.85 202.57   197.43 208.16   191.17 201.89
2020-06-29   191.44 202.18   191.41 202.15   328.93 339.66   190.87 201.61   196.45 207.19   190.19 200.93
2020-06-30   190.45 201.21   190.43 201.18   327.94 338.70   189.88 200.64   195.47 206.22   189.20 199.96
2020-07-01   189.47 200.24   189.44 200.21   326.96 337.72   188.90 199.67   194.48 205.25   188.22 198.99
2020-07-02   188.48 199.26   188.45 199.24   325.97 336.75   187.91 198.69   193.49 204.28   187.23 198.01
2020-07-03   187.48 198.29   187.46 198.26   324.97 335.77   186.91 197.72   192.50 203.30   186.23 197.03
2020-07-04   186.49 197.31   186.46 197.28   323.98 334.79   185.92 196.74   191.50 202.32   185.24 196.05
2020-07-05   185.49 196.32   185.46 196.29   322.98 333.81   184.92 195.75   190.50 201.34   184.24 195.07
2020-07-06   184.49 195.33   184.46 195.31   321.97 332.82   183.92 194.76   189.50 200.35   183.24 194.08
2020-07-07   183.48 194.34   183.46 194.32   320.97 331.83   182.91 193.77   188.50 199.36   182.23 193.09
2020-07-08   182.47 193.35   182.45 193.33   319.96 330.84   181.90 192.78   187.49 198.37   181.22 192.10
2020-07-09   181.46 192.36   181.44 192.33   318.95 329.84   180.89 191.79   186.48 197.37   180.21 191.11
2020-07-10   180.45 191.36   180.42 191.33   317.94 328.84   179.88 190.79   185.47 196.37   179.20 190.11
2020-07-11   179.43 190.36   179.41 190.33   316.92 327.84   178.86 189.79   184.45 195.37   178.18 189.10
2020-07-12   178.41 189.35   178.39 189.32   315.90 326.84   177.84 188.78   183.43 194.37   177.16 188.10
2020-07-13   177.39 188.34   177.37 188.32   314.88 325.83   176.82 187.77   182.41 193.36   176.14 187.09
2020-07-14   176.37 187.33   176.34 187.31   313.86 324.82   175.80 186.76   181.38 192.35   175.12 186.08
2020-07-15   175.34 186.32   175.32 186.29   312.83 323.81   174.77 185.75   180.36 191.33   174.09 185.07
2020-07-16   174.31 185.30   174.29 185.28   311.80 322.79   173.74 184.73   179.33 190.32   173.06 184.05
2020-07-17   173.28 184.28   173.26 184.26   310.77 321.77   172.71 183.71   178.30 189.30   172.03 183.03
2020-07-18   172.25 183.26   172.22 183.24   309.74 320.75   171.68 182.69   177.27 188.28   171.00 182.01
2020-07-19   171.21 182.24   171.19 182.21   308.70 319.73   170.64 181.67   176.23 187.25   169.96 180.99
2020-07-20   170.18 181.21   170.15 181.19   307.66 318.70   169.61 180.64   175.19 186.23   168.93 179.96
2020-07-21   169.14 180.18   169.11 180.16   306.63 317.67   168.57 179.61   174.15 185.20   167.89 178.93
2020-07-22   168.10 179.15   168.07 179.13   305.58 316.64   167.53 178.58   173.11 184.17   166.85 177.90
2020-07-23   167.05 178.12   167.03 178.09   304.54 315.61   166.48 177.55   172.07 183.13   165.80 176.87
2020-07-24   166.01 177.08   165.98 177.06   303.50 314.57   165.44 176.51   171.03 182.10   164.76 175.83
2020-07-25   164.96 176.05   164.94 176.02   302.45 313.53   164.39 175.48   169.98 181.06   163.71 174.80
2020-07-26   163.92 175.01   163.89 174.98   301.40 312.50   163.35 174.44   168.93 180.02   162.67 173.76
2020-07-27   162.87 173.97   162.84 173.94   300.36 311.45   162.30 173.40   167.88 178.98   161.62 172.72
2020-07-28   161.82 172.92   161.79 172.90   299.31 310.41   161.25 172.35   166.83 177.94   160.57 171.67
2020-07-29   160.77 171.88   160.74 171.85   298.26 309.37   160.20 171.31   165.78 176.90   159.52 170.63
2020-07-30   159.72 170.83   159.69 170.81   297.20 308.32   159.15 170.26   164.73 175.85   158.47 169.58
2020-07-31   158.66 169.79   158.64 169.76   296.15 307.28   158.09 169.22   163.68 174.80   157.41 168.54
2020-08-01   157.61 168.74   157.58 168.71   295.10 306.23   157.04 168.17   162.63 173.75   156.36 167.49
2020-08-02   156.56 167.69   156.53 167.66   294.04 305.18   155.99 167.12   161.57 172.71   155.31 166.44
2020-08-03   155.50 166.64   155.48 166.61   292.99 304.13   154.93 166.07   160.52 171.65   154.25 165.39
2020-08-04   154.45 165.59   154.42 165.56   291.94 303.08   153.88 165.02   159.46 170.60   153.20 164.34
2020-08-05   153.39 164.54   153.37 164.51   290.88 302.02   152.82 163.97   158.41 169.55   152.14 163.28
2020-08-06   152.34 163.48   152.31 163.46   289.83 300.97   151.77 162.91   157.35 168.50   151.09 162.23
2020-08-07   151.28 162.43   151.26 162.40   288.77 299.92   150.71 161.86   156.30 167.44   150.03 161.18
2020-08-08   150.23 161.37   150.20 161.35   287.72 298.86   149.66 160.80   155.24 166.39   148.98 160.12
2020-08-09   149.18 160.32   149.15 160.29   286.66 297.81   148.61 159.75   154.19 165.34   147.92 159.07
2020-08-10   148.12 159.27   148.09 159.24   285.61 296.75   147.55 158.70   153.14 164.28   146.87 158.01
2020-08-11   147.07 158.21   147.04 158.18   284.56 295.70   146.50 157.64   152.08 163.23   145.82 156.96
2020-08-12   146.01 157.16   145.99 157.13   283.50 294.64   145.44 156.59   151.03 162.17   144.76 155.90
2020-08-13   144.96 156.10   144.94 156.07   282.45 293.59   144.39 155.53   149.98 161.12   143.71 154.85
2020-08-14   143.91 155.05   143.88 155.02   281.40 292.53   143.34 154.48   148.93 160.06   142.66 153.80
2020-08-15   142.86 153.99   142.83 153.97   280.35 291.48   142.29 153.42   147.88 159.01   141.61 152.74
2020-08-16   141.81 152.94   141.78 152.91   279.30 290.43   141.24 152.37   146.83 157.95   140.56 151.69
2020-08-17   140.76 151.88   140.74 151.86   278.25 289.37   140.19 151.31   145.78 156.90   139.51 150.63
2020-08-18   139.72 150.83   139.69 150.81   277.20 288.32   139.15 150.26   144.73 155.85   138.46 149.58
2020-08-19   138.67 149.78   138.64 149.75   276.16 287.27   138.10 149.21   143.68 154.79   137.42 148.53
2020-08-20   137.62 148.73   137.60 148.70   275.11 286.22   137.05 148.16   142.64 153.74   136.37 147.48
2020-08-21   136.58 147.68   136.56 147.65   274.07 285.17   136.01 147.11   141.60 152.69   135.33 146.43
2020-08-22   135.54 146.63   135.51 146.60   273.03 284.12   134.97 146.06   140.56 151.64   134.29 145.38
2020-08-23   134.50 145.58   134.47 145.55   271.99 283.07   133.93 145.01   139.52 150.60   133.25 144.33
2020-08-24   133.46 144.53   133.44 144.51   270.95 282.02   132.89 143.96   138.48 149.55   132.21 143.28
2020-08-25   132.43 143.49   132.40 143.46   269.91 280.98   131.86 142.92   137.44 148.50   131.18 142.24
2020-08-26   131.39 142.45   131.37 142.42   268.88 279.93   130.82 141.88   136.41 147.46   130.14 141.19
2020-08-27   130.36 141.40   130.33 141.38   267.85 278.89   129.79 140.83   135.38 146.42   129.11 140.15
2020-08-28   129.33 140.36   129.30 140.34   266.82 277.85   128.76 139.79   134.35 145.38   128.08 139.11
2020-08-29   128.30 139.32   128.28 139.30   265.79 276.81   127.73 138.75   133.32 144.34   127.05 138.07
2020-08-30   127.28 138.29   127.25 138.26   264.76 275.77   126.71 137.72   132.29 143.30   126.03 137.03
2020-08-31   126.25 137.25   126.23 137.22   263.74 274.74   125.68 136.68   131.27 142.27   125.00 136.00
2020-09-01   125.23 136.22   125.20 136.19   262.72 273.70   124.66 135.65   130.25 141.23   123.98 134.97
2020-09-02   124.21 135.18   124.19 135.16   261.70 272.67   123.64 134.61   129.23 140.20   122.96 133.93
2020-09-03   123.20 134.16   123.17 134.13   260.68 271.64   122.63 133.59   128.21 139.17   121.95 132.90
2020-09-04   122.18 133.13   122.16 133.10   259.67 270.62   121.61 132.56   127.20 138.14   120.93 131.88
2020-09-05   121.17 132.10   121.14 132.08   258.66 269.59   120.60 131.53   126.19 137.12   119.92 130.85
2020-09-06   120.16 131.08   120.13 131.05   257.65 268.57   119.59 130.51   125.18 136.09   118.91 129.83
2020-09-07   119.15 130.06   119.13 130.03   256.64 267.55   118.58 129.49   124.17 135.07   117.90 128.81
2020-09-08   118.15 129.04   118.12 129.01   255.64 266.53   117.58 128.47   123.17 134.06   116.90 127.79
2020-09-09   117.15 128.02   117.12 128.00   254.64 265.51   116.58 127.45   122.17 133.04   115.90 126.77
2020-09-10   116.15 127.01   116.12 126.98   253.64 264.50   115.58 126.44   121.17 132.03   114.90 125.76
2020-09-11   115.16 126.00   115.13 125.97   252.64 263.49   114.59 125.43   120.17 131.02   113.90 124.75
2020-09-12   114.16 124.99   114.14 124.96   251.65 262.48   113.59 124.42   119.18 130.01   112.91 123.74
2020-09-13   113.17 123.99   113.14 123.96   250.66 261.47   112.60 123.42   118.19 129.00   111.92 122.73
2020-09-14   112.18 122.98   112.16 122.95   249.67 260.47   111.61 122.41   117.20 128.00   110.93 121.73
2020-09-15   111.20 121.98   111.17 121.95   248.69 259.47   110.63 121.41   116.21 127.00   109.95 120.73
2020-09-16   110.22 120.98   110.19 120.96   247.70 258.47   109.65 120.41   115.23 126.00   108.96 119.73
2020-09-17   109.24 119.99   109.21 119.96   246.72 257.47   108.67 119.42   114.25 125.00   107.98 118.74
2020-09-18   108.26 118.99   108.23 118.97   245.75 256.48   107.69 118.42   113.27 124.01   107.01 117.74
2020-09-19   107.28 118.00   107.26 117.98   244.77 255.49   106.71 117.43   112.30 123.02   106.03 116.75
2020-09-20   106.31 117.01   106.28 116.99   243.80 254.50   105.74 116.44   111.33 122.03   105.06 115.76
2020-09-21   105.34 116.03   105.32 116.00   242.83 253.52   104.77 115.46   110.36 121.04   104.09 114.78
2020-09-22   104.38 115.05   104.35 115.02   241.86 252.53   103.81 114.48   109.39 120.06   103.12 113.79
2020-09-23   103.41 114.07   103.38 114.04   240.90 251.55   102.84 113.50   108.43 119.08   102.16 112.81
2020-09-24   102.45 113.09   102.42 113.06   239.94 250.58   101.88 112.52   107.46 118.10   101.20 111.84
2020-09-25   101.49 112.11   101.46 112.09   238.98 249.60   100.92 111.54   106.50 117.13   100.24 110.86
2020-09-26   100.53 111.14   100.51 111.11   238.02 248.63    99.96 110.57   105.55 116.16    99.28 109.89
2020-09-27    99.58 110.17    99.55 110.14   237.07 247.66    99.01 109.60   104.59 115.19    98.33 108.92
2020-09-28    98.63 109.20    98.60 109.18   236.11 246.69    98.06 108.63   103.64 114.22    97.38 107.95
2020-09-29    97.68 108.24    97.65 108.21   235.16 245.72    97.11 107.67   102.69 113.25    96.43 106.99
2020-09-30    96.73 107.27    96.70 107.25   234.22 244.76    96.16 106.70   101.74 112.29    95.48 106.02
2020-10-01    95.78 106.31    95.76 106.29   233.27 243.80    95.21 105.74   100.80 111.33    94.53 105.06
2020-10-02    94.84 105.36    94.82 105.33   232.33 242.84    94.27 104.79    99.86 110.37    93.59 104.11
2020-10-03    93.90 104.40    93.87 104.37   231.39 241.89    93.33 103.83    98.92 109.42    92.65 103.15
2020-10-04    92.96 103.45    92.94 103.42   230.45 240.94    92.39 102.88    97.98 108.46    91.71 102.20
2020-10-05    92.03 102.50    92.00 102.47   229.51 239.98    91.46 101.93    97.04 107.51    90.77 101.25
2020-10-06    91.09 101.55    91.06 101.52   228.58 239.04    90.52 100.98    96.11 106.56    89.84 100.30
2020-10-07    90.16 100.60    90.13 100.58   227.65 238.09    89.59 100.03    95.17 105.62    88.91  99.35
2020-10-08    89.23  99.66    89.20  99.63   226.71 237.15    88.66  99.09    94.24 104.67    87.98  98.41
2020-10-09    88.30  98.72    88.27  98.69   225.79 236.20    87.73  98.15    93.31 103.73    87.05  97.46
2020-10-10    87.37  97.77    87.34  97.75   224.86 235.26    86.80  97.20    92.39 102.79    86.12  96.52
2020-10-11    86.44  96.84    86.42  96.81   223.93 234.32    85.87  96.27    91.46 101.85    85.19  95.59
2020-10-12    85.52  95.90    85.49  95.87   223.01 233.39    84.95  95.33    90.54 100.91    84.27  94.65
2020-10-13    84.60  94.96    84.57  94.94   222.08 232.45    84.03  94.39    89.61  99.98    83.35  93.71
2020-10-14    83.68  94.03    83.65  94.01   221.16 231.52    83.11  93.46    88.69  99.05    82.43  92.78
2020-10-15    82.76  93.10    82.73  93.07   220.24 230.59    82.19  92.53    87.77  98.12    81.51  91.85
2020-10-16    81.84  92.17    81.81  92.14   219.32 229.66    81.27  91.60    86.85  97.19    80.59  90.92
2020-10-17    80.92  91.24    80.89  91.22   218.41 228.73    80.35  90.67    85.93  96.26    79.67  89.99
2020-10-18    80.00  90.32    79.98  90.29   217.49 227.80    79.43  89.75    85.02  95.33    78.75  89.07
2020-10-19    79.09  89.39    79.06  89.36   216.57 226.88    78.52  88.82    84.10  94.41    77.84  88.14
2020-10-20    78.17  88.47    78.15  88.44   215.66 225.95    77.60  87.90    83.19  93.48    76.92  87.22
2020-10-21    77.26  87.54    77.23  87.52   214.75 225.03    76.69  86.97    82.27  92.56    76.01  86.29
2020-10-22    76.35  86.62    76.32  86.60   213.83 224.11    75.78  86.05    81.36  91.64    75.10  85.37
2020-10-23    75.43  85.70    75.41  85.68   212.92 223.19    74.86  85.13    80.45  90.72    74.18  84.45
2020-10-24    74.52  84.78    74.50  84.76   212.01 222.27    73.95  84.21    79.54  89.80    73.27  83.53
2020-10-25    73.61  83.86    73.58  83.84   211.10 221.35    73.04  83.29    78.63  88.88    72.36  82.61
2020-10-26    72.70  82.95    72.67  82.92   210.19 220.43    72.13  82.38    77.72  87.96    71.45  81.70
2020-10-27    71.79  82.03    71.76  82.00   209.28 219.52    71.22  81.46    76.80  87.05    70.54  80.78
2020-10-28    70.88  81.11    70.85  81.09   208.37 218.60    70.31  80.54    75.89  86.13    69.63  79.86
2020-10-29    69.97  80.20    69.94  80.17   207.46 217.69    69.40  79.63    74.98  85.21    68.72  78.95
2020-10-30    69.06  79.28    69.03  79.26   206.55 216.77    68.49  78.71    74.07  84.30    67.81  78.03
2020-10-31    68.15  78.37    68.12  78.34   205.64 215.86    67.58  77.80    73.16  83.38    66.90  77.12
2020-11-01    67.24  77.45    67.21  77.43   204.73 214.94    66.67  76.88    72.25  82.47    65.99  76.20
2020-11-02    66.33  76.54    66.30  76.51   203.82 214.03    65.76  75.97    71.34  81.56    65.08  75.29
2020-11-03    65.42  75.63    65.39  75.60   202.91 213.11    64.85  75.06    70.43  80.64    64.17  74.38
2020-11-04    64.51  74.71    64.48  74.69   201.99 212.20    63.94  74.14    69.52  79.73    63.26  73.46
2020-11-05    63.60  73.80    63.57  73.77   201.08 211.29    63.03  73.23    68.61  78.81    62.35  72.55
2020-11-06    62.68  72.89    62.66  72.86   200.17 210.37    62.11  72.32    67.70  77.90    61.43  71.64
2020-11-07    61.77  71.97    61.74  71.95   199.26 209.46    61.20  71.40    66.79  76.99    60.52  70.72
2020-11-08    60.86  71.06    60.83  71.03   198.34 208.55    60.29  70.49    65.87  76.07    59.61  69.81
2020-11-09    59.94  70.14    59.92  70.12   197.43 207.63    59.37  69.57    64.96  75.16    58.69  68.89
2020-11-10    59.03  69.23    59.00  69.20   196.52 206.72    58.46  68.66    64.04  74.24    57.78  67.98
2020-11-11    58.11  68.31    58.09  68.29   195.60 205.80    57.54  67.74    63.13  73.33    56.86  67.06
2020-11-12    57.19  67.40    57.17  67.37   194.68 204.88    56.62  66.83    62.21  72.41    55.94  66.15
2020-11-13    56.28  66.48    56.25  66.45   193.76 203.97    55.71  65.91    61.29  71.50    55.02  65.23
2020-11-14    55.36  65.56    55.33  65.54   192.84 203.05    54.79  64.99    60.37  70.58    54.10  64.31
2020-11-15    54.43  64.64    54.41  64.62   191.92 202.13    53.86  64.07    59.45  69.66    53.18  63.39
2020-11-16    53.74  63.50    53.71  63.47   191.22 200.99    53.17  62.93    58.75  68.52    52.48  62.25
2020-11-17    53.06  62.33    53.04  62.30   190.55 199.82    52.49  61.76    58.08  67.34    51.81  61.08
2020-11-18    52.39  61.16    52.36  61.13   189.87 198.64    51.82  60.59    57.40  66.17    51.14  59.91
2020-11-19    51.71  59.98    51.68  59.96   189.20 197.47    51.14  59.41    56.72  65.00    50.46  58.73
2020-11-20    51.03  58.81    51.00  58.78   188.52 196.30    50.46  58.24    56.04  63.82    49.78  57.56
2020-11-21    50.35  57.63    50.32  57.61   187.83 195.12    49.78  57.06    55.36  62.65    49.10  56.38

2021-04-25   252.34 259.55   252.31 259.52    29.83  37.03   251.77 258.98   257.35 264.56   251.09 258.30
2021-04-26   251.21 258.90   251.18 258.87    28.70  36.38   250.64 258.33   256.22 263.91   249.96 257.65
2021-04-27   250.08 258.25   250.06 258.22    27.57  35.74   249.51 257.68   255.10 263.26   248.83 257.00
2021-04-28   248.95 257.60   248.93 257.58    26.44  35.09   248.38 257.03   253.97 262.62   247.70 256.35
2021-04-29   247.83 256.96   247.80 256.93    25.31  34.45   247.26 256.39   252.84 261.97   246.58 255.71
2021-04-30   246.70 256.32   246.67 256.29    24.19  33.80   246.13 255.75   251.72 261.33   245.45 255.07
2021-05-01   245.57 255.68   245.55 255.65    23.06  33.16   245.00 255.11   250.59 260.69   244.32 254.42
2021-05-02   244.64 254.85   244.61 254.82    22.13  32.33   244.07 254.28   249.65 259.86   243.39 253.60
2021-05-03   243.76 253.96   243.73 253.94    21.25  31.45   243.19 253.39   248.77 258.98   242.51 252.71
2021-05-04   242.88 253.08   242.85 253.05    20.37  30.57   242.31 252.51   247.89 258.10   241.63 251.83
2021-05-05   242.00 252.20   241.97 252.17    19.48  29.69   241.43 251.63   247.01 257.21   240.75 250.95
2021-05-06   241.12 251.32   241.09 251.29    18.61  28.81   240.55 250.75   246.13 256.33   239.87 250.07
2021-05-07   240.24 250.44   240.21 250.41    17.73  27.93   239.67 249.87   245.25 255.45   238.99 249.19
2021-05-08   239.36 249.56   239.33 249.53    16.85  27.05   238.79 248.99   244.37 254.57   238.11 248.31
2021-05-09   238.48 248.68   238.45 248.65    15.97  26.17   237.91 248.11   243.49 253.69   237.23 247.43
2021-05-10   237.60 247.80   237.57 247.77    15.09  25.29   237.03 247.23   242.61 252.82   236.35 246.55
2021-05-11   236.72 246.92   236.69 246.90    14.21  24.41   236.15 246.35   241.73 251.94   235.47 245.67
2021-05-12   235.84 246.04   235.81 246.02    13.33  23.53   235.27 245.47   240.85 251.06   234.59 244.79
2021-05-13   234.96 245.16   234.93 245.14    12.45  22.65   234.39 244.59   239.97 250.18   233.71 243.91
2021-05-14   234.08 244.29   234.05 244.26    11.56  21.77   233.51 243.72   239.09 249.30   232.83 243.04
2021-05-15   233.19 243.41   233.17 243.38    10.68  20.89   232.62 242.84   238.21 248.42   231.94 242.16
2021-05-16   232.31 242.53   232.29 242.50     9.80  20.02   231.74 241.96   237.33 247.54   231.06 241.28
2021-05-17   231.43 241.65   231.40 241.62     8.92  19.14   230.86 241.08   236.44 246.66   230.18 240.40
2021-05-18   230.54 240.77   230.52 240.74     8.03  18.26   229.97 240.20   235.56 245.78   229.29 239.52
2021-05-19   229.66 239.89   229.63 239.86     7.15  17.38   229.09 239.32   234.67 244.90   228.41 238.64
2021-05-20   228.77 239.01   228.75 238.98     6.26  16.50   228.20 238.44   233.79 244.02   227.52 237.76
2021-05-21   227.89 238.13   227.86 238.10     5.37  15.62   227.32 237.56   232.90 243.14   226.64 236.88
2021-05-22   227.00 237.25   226.97 237.22     4.48  14.73   226.43 236.68   232.01 242.26   225.75 235.99
2021-05-23   226.11 236.36   226.08 236.34     3.60  13.85   225.54 235.79   231.12 241.38   224.86 235.11
2021-05-24   225.22 235.48   225.19 235.45     2.70  12.97   224.65 234.91   230.23 240.49   223.97 234.23
2021-05-25   224.32 234.59   224.30 234.57     1.81  12.08   223.75 234.02   229.34 239.61   223.07 233.34
2021-05-26   223.43 233.71   223.40 233.68     0.92  11.20   222.86 233.14   228.45 238.72   222.18 232.46
2021-05-27   222.53 232.82   222.51 232.79     0.02  10.31   221.96 232.25   227.55 237.84   221.28 231.57
2021-05-28   221.64 231.93   221.61 231.91   359.12   9.42   221.07 231.36   226.65 236.95   220.39 230.68
2021-05-29   220.74 231.04   220.71 231.02   358.22   8.53   220.17 230.47   225.75 236.06   219.49 229.79
2021-05-30   219.84 230.15   219.81 230.12   357.32   7.64   219.27 229.58   224.85 235.17   218.59 228.90
2021-05-31   218.93 229.26   218.91 229.23   356.42   6.75   218.36 228.69   223.95 234.27   217.68 228.01
2021-06-01   218.03 228.36   218.00 228.34   355.52   5.85   217.46 227.79   223.04 233.38   216.78 227.11
2021-06-02   217.12 227.47   217.10 227.44   354.61   4.95   216.55 226.90   222.14 232.48   215.87 226.22
2021-06-03   216.21 226.57   216.19 226.54   353.70   4.06   215.64 226.00   221.23 231.58   214.96 225.32
2021-06-04   215.30 225.67   215.27 225.64   352.79   3.16   214.73 225.10   220.32 230.68   214.05 224.42
2021-06-05   214.39 224.77   214.36 224.74   351.87   2.26   213.82 224.20   219.40 229.78   213.14 223.52
2021-06-06   213.47 223.86   213.45 223.84   350.96   1.35   212.90 223.29   218.49 228.88   212.22 222.61
2021-06-07   212.55 222.96   212.53 222.93   350.04   0.45   211.98 222.39   217.57 227.97   211.30 221.71
2021-06-08   211.63 222.05   211.61 222.02   349.12 359.54   211.06 221.48   216.65 227.07   210.38 220.80
2021-06-09   210.71 221.14   210.68 221.11   348.20 358.63   210.14 220.57   215.72 226.16   209.46 219.89
2021-06-10   209.78 220.23   209.76 220.20   347.27 357.72   209.21 219.66   214.80 225.24   208.53 218.98
2021-06-11   208.85 219.31   208.83 219.29   346.34 356.80   208.28 218.74   213.87 224.33   207.60 218.06
2021-06-12   207.92 218.40   207.90 218.37   345.41 355.88   207.35 217.83   212.94 223.41   206.67 217.15
2021-06-13   206.99 217.48   206.96 217.45   344.48 354.96   206.42 216.91   212.01 222.49   205.74 216.23
2021-06-14   206.05 216.55   206.03 216.53   343.54 354.04   205.48 215.98   211.07 221.57   204.80 215.30
2021-06-15   205.11 215.63   205.09 215.60   342.60 353.12   204.54 215.06   210.13 220.64   203.86 214.38
2021-06-16   204.17 214.70   204.15 214.68   341.66 352.19   203.60 214.13   209.19 219.72   202.92 213.45
2021-06-17   203.23 213.77   203.20 213.75   340.71 351.26   202.66 213.20   208.24 218.79   201.98 212.52
2021-06-18   202.28 212.84   202.25 212.81   339.77 350.33   201.71 212.27   207.29 217.85   201.03 211.59
2021-06-19   201.33 211.90   201.30 211.88   338.81 349.39   200.76 211.33   206.34 216.92   200.08 210.65
2021-06-20   200.37 210.96   200.35 210.94   337.86 348.45   199.80 210.39   205.39 215.98   199.12 209.71
2021-06-21   199.42 210.02   199.39 210.00   336.90 347.51   198.85 209.45   204.43 215.04   198.17 208.77
2021-06-22   198.46 209.08   198.43 209.05   335.94 346.57   197.89 208.51   203.47 214.09   197.21 207.83
2021-06-23   197.49 208.13   197.47 208.11   334.98 345.62   196.92 207.56   202.51 213.15   196.24 206.88
2021-06-24   196.53 207.18   196.50 207.16   334.01 344.67   195.96 206.61   201.54 212.20   195.28 205.93
2021-06-25   195.56 206.23   195.53 206.20   333.05 343.72   194.99 205.66   200.57 211.24   194.31 204.98
2021-06-26   194.59 205.27   194.56 205.25   332.07 342.76   194.02 204.70   199.60 210.29   193.34 204.02
2021-06-27   193.61 204.31   193.58 204.29   331.10 341.80   193.04 203.74   198.63 209.33   192.36 203.06
2021-06-28   192.63 203.35   192.61 203.32   330.12 340.84   192.06 202.78   197.65 208.37   191.38 202.10
2021-06-29   191.65 202.39   191.62 202.36   329.14 339.87   191.08 201.82   196.67 207.40   190.40 201.13
2021-06-30   190.67 201.42   190.64 201.39   328.15 338.90   190.10 200.85   195.68 206.43   189.42 200.17
2021-07-01   189.68 200.45   189.65 200.42   327.17 337.93   189.11 199.88   194.69 205.46   188.43 199.19
2021-07-02   188.69 199.47   188.66 199.44   326.18 336.96   188.12 198.90   193.70 204.49   187.44 198.22
2021-07-03   187.69 198.49   187.67 198.47   325.18 335.98   187.12 197.92   192.71 203.51   186.44 197.24
2021-07-04   186.70 197.51   186.67 197.49   324.19 335.00   186.13 196.94   191.71 202.53   185.45 196.26
2021-07-05   185.70 196.53   185.67 196.50   323.19 334.02   185.13 195.96   190.71 201.54   184.45 195.28
2021-07-06   184.70 195.54   184.67 195.51   322.18 333.03   184.13 194.97   189.71 200.56   183.45 194.29
2021-07-07   183.69 194.55   183.66 194.52   321.18 332.04   183.12 193.98   188.71 199.57   182.44 193.30
2021-07-08   182.68 193.56   182.66 193.53   320.17 331.05   182.11 192.99   187.70 198.57   181.43 192.31
2021-07-09   181.67 192.56   181.65 192.54   319.16 330.05   181.10 191.99   186.69 197.58   180.42 191.31
2021-07-10   180.66 191.56   180.63 191.54   318.15 329.05   180.09 190.99   185.67 196.58   179.41 190.31
2021-07-11   179.64 190.56   179.62 190.53   317.13 328.05   179.07 189.99   184.66 195.58   178.39 189.31
2021-07-12   178.62 189.56   178.60 189.53   316.11 327.04   178.05 188.99   183.64 194.57   177.37 188.31
2021-07-13   177.60 188.55   177.58 188.52   315.09 326.04   177.03 187.98   182.62 193.56   176.35 187.30
2021-07-14   176.58 187.54   176.55 187.51   314.07 325.03   176.01 186.97   181.59 192.55   175.33 186.29
2021-07-15   175.55 186.53   175.53 186.50   313.04 324.01   174.98 185.96   180.57 191.54   174.30 185.28
2021-07-16   174.52 185.51   174.50 185.48   312.01 323.00   173.95 184.94   179.54 190.53   173.27 184.26
2021-07-17   173.49 184.49   173.47 184.47   310.98 321.98   172.92 183.92   178.51 189.51   172.24 183.24
2021-07-18   172.46 183.47   172.44 183.45   309.95 320.96   171.89 182.90   177.48 188.49   171.21 182.22
2021-07-19   171.43 182.45   171.40 182.42   308.91 319.94   170.86 181.88   176.44 187.46   170.18 181.20
2021-07-20   170.39 181.42   170.36 181.40   307.88 318.91   169.82 180.85   175.41 186.44   169.14 180.17
2021-07-21   169.35 180.40   169.33 180.37   306.84 317.88   168.78 179.83   174.37 185.41   168.10 179.14
2021-07-22   168.31 179.37   168.29 179.34   305.80 316.85   167.74 178.80   173.33 184.38   167.06 178.11
2021-07-23   167.27 178.33   167.24 178.31   304.76 315.82   166.70 177.76   172.29 183.35   166.02 177.08
2021-07-24   166.23 177.30   166.20 177.27   303.71 314.79   165.66 176.73   171.24 182.31   164.98 176.05
2021-07-25   165.18 176.26   165.16 176.24   302.67 313.75   164.61 175.69   170.20 181.28   163.93 175.01
2021-07-26   164.14 175.23   164.11 175.20   301.62 312.71   163.57 174.66   169.15 180.24   162.89 173.98
2021-07-27   163.09 174.19   163.06 174.16   300.58 311.67   162.52 173.62   168.11 179.20   161.84 172.94
2021-07-28   162.04 173.15   162.02 173.12   299.53 310.63   161.47 172.58   167.06 178.16   160.79 171.89
2021-07-29   160.99 172.10   160.97 172.08   298.48 309.59   160.42 171.53   166.01 177.12   159.74 170.85
2021-07-30   159.94 171.06   159.92 171.03   297.43 308.55   159.37 170.49   164.96 176.07   158.69 169.81
2021-07-31   158.89 170.01   158.86 169.99   296.38 307.50   158.32 169.44   163.91 175.03   157.64 168.76
2021-08-01   157.84 168.97   157.81 168.94   295.33 306.45   157.27 168.40   162.85 173.98   156.59 167.72
2021-08-02   156.79 167.92   156.76 167.89   294.28 305.41   156.22 167.35   161.80 172.93   155.54 166.67
2021-08-03   155.74 166.87   155.71 166.84   293.22 304.36   155.17 166.30   160.75 171.88   154.48 165.62
2021-08-04   154.68 165.82   154.66 165.79   292.17 303.31   154.11 165.25   159.70 170.83   153.43 164.57
2021-08-05   153.63 164.77   153.60 164.74   291.12 302.26   153.06 164.20   158.64 169.78   152.38 163.52
2021-08-06   152.58 163.72   152.55 163.69   290.06 301.21   152.01 163.15   157.59 168.73   151.33 162.47
2021-08-07   151.52 162.67   151.50 162.64   289.01 300.15   150.95 162.10   156.54 167.68   150.27 161.42
2021-08-08   150.47 161.61   150.44 161.59   287.96 299.10   149.90 161.04   155.49 166.63   149.22 160.36
2021-08-09   149.42 160.56   149.39 160.53   286.90 298.05   148.85 159.99   154.43 165.58   148.17 159.31
2021-08-10   148.36 159.51   148.34 159.48   285.85 297.00   147.79 158.94   153.38 164.52   147.11 158.26
2021-08-11   147.31 158.45   147.29 158.43   284.80 295.94   146.74 157.88   152.33 163.47   146.06 157.20
2021-08-12   146.26 157.40   146.24 157.38   283.75 294.89   145.69 156.83   151.28 162.42   145.01 156.15
2021-08-13   145.21 156.35   145.18 156.32   282.70 293.84   144.64 155.78   150.23 161.36   143.96 155.10
2021-08-14   144.16 155.30   144.13 155.27   281.65 292.78   143.59 154.73   149.18 160.31   142.91 154.05
2021-08-15   143.11 154.24   143.09 154.22   280.60 291.73   142.54 153.67   148.13 159.26   141.86 152.99
2021-08-16   142.06 153.19   142.04 153.16   279.55 290.68   141.49 152.62   147.08 158.21   140.81 151.94
2021-08-17   141.02 152.14   140.99 152.11   278.51 289.63   140.45 151.57   146.03 157.15   139.77 150.89
2021-08-18   139.97 151.09   139.95 151.06   277.46 288.58   139.40 150.52   144.99 156.10   138.72 149.84
2021-08-19   138.93 150.04   138.90 150.01   276.42 287.53   138.36 149.47   143.94 155.05   137.68 148.79
2021-08-20   137.88 148.99   137.86 148.96   275.37 286.48   137.31 148.42   142.90 154.00   136.63 147.74
2021-08-21   136.84 147.94   136.82 147.91   274.33 285.43   136.27 147.37   141.86 152.96   135.59 146.69
2021-08-22   135.80 146.89   135.78 146.87   273.29 284.38   135.23 146.32   140.82 151.91   134.55 145.64
2021-08-23   134.77 145.85   134.74 145.82   272.25 283.33   134.20 145.28   139.78 150.86   133.51 144.60
2021-08-24   133.73 144.80   133.70 144.77   271.22 282.29   133.16 144.23   138.74 149.82   132.48 143.55
2021-08-25   132.69 143.76   132.67 143.73   270.18 281.24   132.12 143.19   137.71 148.77   131.44 142.51
2021-08-26   131.66 142.71   131.63 142.69   269.15 280.20   131.09 142.14   136.68 147.73   130.41 141.46
2021-08-27   130.63 141.67   130.60 141.65   268.12 279.16   130.06 141.10   135.65 146.69   129.38 140.42
2021-08-28   129.60 140.63   129.57 140.61   267.09 278.12   129.03 140.06   134.62 145.65   128.35 139.38
2021-08-29   128.57 139.60   128.55 139.57   266.06 277.08   128.00 139.03   133.59 144.61   127.32 138.35
2021-08-30   127.55 138.56   127.52 138.53   265.04 276.05   126.98 137.99   132.57 143.58   126.30 137.31
2021-08-31   126.53 137.53   126.50 137.50   264.02 275.01   125.96 136.96   131.54 142.54   125.28 136.28
2021-09-01   125.51 136.49   125.48 136.47   262.99 273.98   124.94 135.92   130.52 141.51   124.26 135.24
2021-09-02   124.49 135.46   124.46 135.44   261.98 272.95   123.92 134.89   129.50 140.48   123.24 134.21
2021-09-03   123.47 134.44   123.45 134.41   260.96 271.92   122.90 133.87   128.49 139.45   122.22 133.18
2021-09-04   122.46 133.41   122.43 133.38   259.95 270.90   121.89 132.84   127.48 138.42   121.21 132.16
2021-09-05   121.45 132.39   121.42 132.36   258.94 269.87   120.88 131.82   126.47 137.40   120.20 131.13
2021-09-06   120.44 131.36   120.42 131.34   257.93 268.85   119.87 130.79   125.46 136.38   119.19 130.11
2021-09-07   119.44 130.34   119.41 130.32   256.92 267.83   118.87 129.77   124.45 135.36   118.19 129.09
2021-09-08   118.43 129.33   118.41 129.30   255.92 266.81   117.86 128.76   123.45 134.34   117.18 128.08
2021-09-09   117.43 128.31   117.41 128.28   254.92 265.80   116.86 127.74   122.45 133.33   116.18 127.06
2021-09-10   116.44 127.30   116.41 127.27   253.92 264.79   115.87 126.73   121.45 132.31   115.18 126.05
2021-09-11   115.44 126.29   115.41 126.26   252.93 263.78   114.87 125.72   120.46 131.30   114.19 125.04
2021-09-12   114.45 125.28   114.42 125.25   251.93 262.77   113.88 124.71   119.46 130.30   113.20 124.03
2021-09-13   113.46 124.27   113.43 124.25   250.94 261.76   112.89 123.70   118.47 129.29   112.21 123.02
2021-09-14   112.47 123.27   112.44 123.24   249.96 260.76   111.90 122.70   117.49 128.29   111.22 122.02
2021-09-15   111.49 122.27   111.46 122.24   248.97 259.76   110.92 121.70   116.50 127.29   110.23 121.02
2021-09-16   110.50 121.27   110.48 121.25   247.99 258.76   109.93 120.70   115.52 126.29   109.25 120.02
2021-09-17   109.52 120.28   109.50 120.25   247.01 257.76   108.95 119.71   114.54 125.29   108.27 119.03
2021-09-18   108.55 119.28   108.52 119.26   246.03 256.77   107.98 118.71   113.56 124.30   107.30 118.03
2021-09-19   107.57 118.29   107.55 118.27   245.06 255.78   107.00 117.72   112.59 123.31   106.32 117.04
2021-09-20   106.60 117.31   106.57 117.28   244.09 254.79   106.03 116.74   111.62 122.32   105.35 116.06
2021-09-21   105.63 116.32   105.60 116.29   243.12 253.81   105.06 115.75   110.65 121.34   104.38 115.07
2021-09-22   104.66 115.34   104.64 115.31   242.15 252.83   104.09 114.77   109.68 120.35   103.41 114.09
2021-09-23   103.70 114.36   103.67 114.33   241.19 251.85   103.13 113.79   108.72 119.37   102.45 113.11
2021-09-24   102.74 113.38   102.71 113.35   240.23 250.87   102.17 112.81   107.75 118.40   101.49 112.13
2021-09-25   101.78 112.41   101.75 112.38   239.27 249.89   101.21 111.84   106.79 117.42   100.53 111.16
2021-09-26   100.82 111.43   100.80 111.41   238.31 248.92   100.25 110.86   105.84 116.45    99.57 110.18
2021-09-27    99.87 110.46    99.84 110.44   237.36 247.95    99.30 109.89   104.88 115.48    98.62 109.21
2021-09-28    98.92 109.50    98.89 109.47   236.40 246.98    98.35 108.93   103.93 114.51    97.66 108.24
2021-09-29    97.97 108.53    97.94 108.50   235.45 246.02    97.40 107.96   102.98 113.55    96.72 107.28
2021-09-30    97.02 107.57    96.99 107.54   234.51 245.05    96.45 107.00   102.03 112.58    95.77 106.32
2021-10-01    96.07 106.61    96.05 106.58   233.56 244.09    95.50 106.04   101.09 111.62    94.82 105.36
2021-10-02    95.13 105.65    95.10 105.62   232.62 243.14    94.56 105.08   100.14 110.66    93.88 104.40
2021-10-03    94.19 104.69    94.16 104.67   231.68 242.18    93.62 104.12    99.20 109.71    92.94 103.44
2021-10-04    93.25 103.74    93.22 103.71   230.74 241.23    92.68 103.17    98.26 108.75    92.00 102.49
2021-10-05    92.31 102.79    92.29 102.76   229.80 240.28    91.74 102.22    97.33 107.80    91.06 101.54
2021-10-06    91.38 101.84    91.35 101.81   228.86 239.33    90.81 101.27    96.39 106.85    90.13 100.59
2021-10-07    90.44 100.89    90.42 100.87   227.93 238.38    89.87 100.32    95.46 105.91    89.19  99.64
2021-10-08    89.51  99.95    89.49  99.92   227.00 237.43    88.94  99.38    94.53 104.96    88.26  98.70
2021-10-09    88.58  99.00    88.56  98.98   226.07 236.49    88.01  98.43    93.60 104.02    87.33  97.75
2021-10-10    87.65  98.06    87.63  98.04   225.14 235.55    87.08  97.49    92.67 103.08    86.40  96.81
2021-10-11    86.73  97.12    86.70  97.10   224.22 234.61    86.16  96.55    91.74 102.14    85.48  95.87
2021-10-12    85.80  96.19    85.78  96.16   223.29 233.67    85.23  95.62    90.82 101.20    84.55  94.94
2021-10-13    84.88  95.25    84.85  95.22   222.37 232.74    84.31  94.68    89.90 100.27    83.63  94.00
2021-10-14    83.96  94.32    83.93  94.29   221.45 231.80    83.39  93.75    88.97  99.33    82.71  93.07
2021-10-15    83.04  93.38    83.01  93.36   220.52 230.87    82.47  92.81    88.05  98.40    81.79  92.13
2021-10-16    82.12  92.45    82.09  92.43   219.60 229.94    81.55  91.88    87.13  97.47    80.87  91.20
2021-10-17    81.20  91.53    81.17  91.50   218.69 229.01    80.63  90.96    86.21  96.54    79.95  90.27
2021-10-18    80.28  90.60    80.26  90.57   217.77 228.08    79.71  90.03    85.30  95.61    79.03  89.35
2021-10-19    79.37  89.67    79.34  89.64   216.85 227.16    78.80  89.10    84.38  94.69    78.11  88.42
2021-10-20    78.45  88.75    78.42  88.72   215.94 226.23    77.88  88.18    83.46  93.76    77.20  87.50
2021-10-21    77.54  87.82    77.51  87.80   215.02 225.31    76.97  87.25    82.55  92.84    76.28  86.57
2021-10-22    76.62  86.90    76.59  86.87   214.11 224.39    76.05  86.33    81.64  91.92    75.37  85.65
2021-10-23    75.71  85.98    75.68  85.95   213.20 223.47    75.14  85.41    80.72  90.99    74.46  84.73
2021-10-24    74.80  85.06    74.77  85.03   212.28 222.55    74.23  84.49    79.81  90.07    73.54  83.81
2021-10-25    73.88  84.14    73.86  84.11   211.37 221.63    73.31  83.57    78.90  89.15    72.63  82.89
2021-10-26    72.97  83.22    72.94  83.19   210.46 220.71    72.40  82.65    77.99  88.23    71.72  81.97
2021-10-27    72.06  82.30    72.03  82.28   209.55 219.79    71.49  81.73    77.07  87.32    70.81  81.05
2021-10-28    71.15  81.38    71.12  81.36   208.64 218.87    70.58  80.81    76.16  86.40    69.90  80.13
2021-10-29    70.24  80.47    70.21  80.44   207.72 217.96    69.67  79.90    75.25  85.48    68.99  79.22
2021-10-30    69.33  79.55    69.30  79.53   206.81 217.04    68.76  78.98    74.34  84.57    68.08  78.30
2021-10-31    68.42  78.64    68.39  78.61   205.90 216.12    67.85  78.07    73.43  83.65    67.16  77.39
2021-11-01    67.50  77.72    67.48  77.69   204.99 215.21    66.93  77.15    72.52  82.74    66.25  76.47
2021-11-02    66.59  76.81    66.57  76.78   204.08 214.29    66.02  76.24    71.61  81.82    65.34  75.55
2021-11-03    65.68  75.89    65.65  75.86   203.17 213.38    65.11  75.32    70.70  80.91    64.43  74.64
2021-11-04    64.77  74.98    64.74  74.95   202.26 212.46    64.20  74.41    69.78  79.99    63.52  73.72
2021-11-05    63.86  74.06    63.83  74.03   201.34 211.55    63.29  73.49    68.87  79.08    62.61  72.81
2021-11-06    62.94  73.15    62.92  73.12   200.43 210.63    62.37  72.58    67.96  78.16    61.69  71.89
2021-11-07    62.03  72.23    62.00  72.20   199.52 209.72    61.46  71.66    67.04  77.25    60.78  70.98
2021-11-08    61.11  71.31    61.09  71.29   198.60 208.80    60.54  70.74    66.13  76.33    59.86  70.06
2021-11-09    60.20  70.40    60.17  70.37   197.69 207.89    59.63  69.83    65.21  75.41    58.95  69.15
2021-11-10    59.28  69.48    59.26  69.46   196.77 206.97    58.71  68.91    64.30  74.50    58.03  68.23
2021-11-11    58.37  68.57    58.34  68.54   195.85 206.05    57.80  68.00    63.38  73.58    57.11  67.32
2021-11-12    57.45  67.65    57.42  67.62   194.93 205.14    56.88  67.08    62.46  72.66    56.20  66.40
2021-11-13    56.53  66.73    56.50  66.70   194.01 204.22    55.96  66.16    61.54  71.75    55.28  65.48
2021-11-14    55.61  65.81    55.58  65.79   193.09 203.30    55.04  65.24    60.62  70.83    54.36  64.56
2021-11-15    54.68  64.89    54.66  64.87   192.17 202.38    54.11  64.32    59.70  69.91    53.43  63.64
2021-11-16    53.91  63.82    53.88  63.80   191.39 201.31    53.34  63.25    58.92  68.84    52.66  62.57
2021-11-17    53.23  62.65    53.21  62.62   190.72 200.14    52.66  62.08    58.25  67.67    51.98  61.40
2021-11-18    52.56  61.48    52.53  61.45   190.04 198.96    51.99  60.91    57.57  66.49    51.31  60.23
2021-11-19    51.88  60.30    51.85  60.28   189.37 197.79    51.31  59.73    56.89  65.32    50.63  59.05
2021-11-20    51.20  59.13    51.17  59.10   188.68 196.61    50.63  58.56    56.21  64.14    49.95  57.88
2021-11-21    50.51  57.95    50.49  57.92   188.00 195.44    49.94  57.38    55.53  62.97    49.26  56.70
2021-11-22    49.83  56.77    49.80  56.75   187.32 194.26    49.26  56.20    54.84  61.79    48.58  55.52

2022-04-25   252.67 259.74   252.65 259.72    30.16  37.23   252.10 259.17   257.69 264.76   251.42 258.49
2022-04-26   251.54 259.09   251.52 259.07    29.03  36.58   250.97 258.52   256.56 264.11   250.29 257.84
2022-04-27   250.41 258.44   250.39 258.42    27.90  35.93   249.84 257.87   255.43 263.46   249.16 257.19
2022-04-28   249.28 257.80   249.26 257.77    26.77  35.29   248.71 257.23   254.30 262.81   248.03 256.55
2022-04-29   248.15 257.15   248.13 257.13    25.64  34.64   247.58 256.58   253.17 262.17   246.90 255.90
2022-04-30   247.03 256.51   247.00 256.48    24.51  34.00   246.46 255.94   252.04 261.53   245.78 255.26
2022-05-01   245.90 255.87   245.87 255.84    23.39  33.36   245.33 255.30   250.91 260.88   244.65 254.62
2022-05-02   244.90 255.10   244.87 255.08    22.38  32.59   244.33 254.53   249.91 260.12   243.64 253.85
2022-05-03   244.01 254.22   243.99 254.19    21.50  31.71   243.44 253.65   249.03 259.23   242.76 252.97
2022-05-04   243.13 253.34   243.11 253.31    20.62  30.82   242.56 252.77   248.15 258.35   241.88 252.08
2022-05-05   242.25 252.45   242.22 252.43    19.74  29.94   241.68 251.88   247.27 257.47   241.00 251.20
2022-05-06   241.37 251.57   241.34 251.54    18.86  29.06   240.80 251.00   246.39 256.59   240.12 250.32
2022-05-07   240.49 250.69   240.46 250.66    17.98  28.18   239.92 250.12   245.50 255.70   239.24 249.44
2022-05-08   239.61 249.81   239.58 249.78    17.10  27.30   239.04 249.24   244.62 254.82   238.36 248.56
2022-05-09   238.73 248.93   238.70 248.90    16.22  26.42   238.16 248.36   243.74 253.94   237.48 247.68
2022-05-10   237.85 248.05   237.82 248.02    15.33  25.54   237.28 247.48   242.86 253.06   236.60 246.80
2022-05-11   236.97 247.17   236.94 247.14    14.45  24.66   236.40 246.60   241.98 252.18   235.71 245.92
2022-05-12   236.08 246.29   236.06 246.26    13.57  23.78   235.51 245.72   241.10 251.30   234.83 245.04
2022-05-13   235.20 245.41   235.18 245.38    12.69  22.90   234.63 244.84   240.22 250.42   233.95 244.16
2022-05-14   234.32 244.53   234.29 244.50    11.81  22.02   233.75 243.96   239.33 249.54   233.07 243.28
2022-05-15   233.44 243.65   233.41 243.62    10.92  21.14   232.87 243.08   238.45 248.66   232.19 242.40
2022-05-16   232.55 242.77   232.53 242.74    10.04  20.26   231.98 242.20   237.57 247.78   231.30 241.52
2022-05-17   231.67 241.89   231.64 241.86     9.16  19.38   231.10 241.32   236.68 246.90   230.42 240.64
2022-05-18   230.78 241.01   230.76 240.98     8.27  18.49   230.21 240.44   235.80 246.02   229.53 239.76
2022-05-19   229.90 240.13   229.87 240.10     7.38  17.61   229.33 239.56   234.91 245.14   228.65 238.87
2022-05-20   229.01 239.24   228.98 239.22     6.50  16.73   228.44 238.67   234.02 244.26   227.76 237.99
2022-05-21   228.12 238.36   228.09 238.33     5.61  15.85   227.55 237.79   233.14 243.38   226.87 237.11
2022-05-22   227.23 237.48   227.20 237.45     4.72  14.96   226.66 236.91   232.25 242.49   225.98 236.23
2022-05-23   226.34 236.59   226.31 236.57     3.83  14.08   225.77 236.02   231.36 241.61   225.09 235.34
2022-05-24   225.45 235.71   225.42 235.68     2.94  13.20   224.88 235.14   230.46 240.72   224.20 234.46
2022-05-25   224.55 234.82   224.53 234.80     2.04  12.31   223.98 234.25   229.57 239.84   223.30 233.57
2022-05-26   223.66 233.93   223.63 233.91     1.15  11.42   223.09 233.36   228.67 238.95   222.41 232.68
2022-05-27   222.76 233.05   222.74 233.02     0.25  10.53   222.19 232.48   227.78 238.06   221.51 231.80
2022-05-28   221.86 232.16   221.84 232.13   359.35   9.64   221.29 231.59   226.88 237.17   220.61 230.91
2022-05-29   220.96 231.27   220.94 231.24   358.45   8.75   220.39 230.70   225.98 236.28   219.71 230.01
2022-05-30   220.06 230.37   220.03 230.35   357.55   7.86   219.49 229.80   225.08 235.39   218.81 229.12
2022-05-31   219.16 229.48   219.13 229.45   356.64   6.97   218.59 228.91   224.17 234.49   217.91 228.23
2022-06-01   218.25 228.58   218.22 228.56   355.74   6.07   217.68 228.01   223.27 233.60   217.00 227.33
2022-06-02   217.34 227.69   217.32 227.66   354.83   5.17   216.77 227.12   222.36 232.70   216.09 226.43
2022-06-03   216.43 226.79   216.41 226.76   353.92   4.27   215.86 226.22   221.45 231.80   215.18 225.54
2022-06-04   215.52 225.89   215.49 225.86   353.01   3.37   214.95 225.32   220.53 230.90   214.27 224.63
2022-06-05   214.60 224.98   214.58 224.96   352.09   2.47   214.03 224.41   219.62 230.00   213.35 223.73
2022-06-06   213.69 224.08   213.66 224.05   351.17   1.57   213.12 223.51   218.70 229.09   212.44 222.83
2022-06-07   212.77 223.17   212.74 223.14   350.26   0.66   212.20 222.60   217.78 228.19   211.52 221.92
2022-06-08   211.85 222.26   211.82 222.24   349.33 359.75   211.28 221.69   216.86 227.28   210.60 221.01
2022-06-09   210.92 221.35   210.90 221.32   348.41 358.84   210.35 220.78   215.94 226.37   209.67 220.10
2022-06-10   209.99 220.44   209.97 220.41   347.48 357.92   209.42 219.87   215.01 225.45   208.74 219.19
2022-06-11   209.07 219.52   209.04 219.49   346.55 357.01   208.50 218.95   214.08 224.54   207.81 218.27
2022-06-12   208.13 218.60   208.11 218.58   345.62 356.09   207.56 218.03   213.15 223.62   206.88 217.35
2022-06-13   207.20 217.68   207.17 217.66   344.69 355.17   206.63 217.11   212.21 222.70   205.95 216.43
2022-06-14   206.26 216.76   206.23 216.73   343.75 354.25   205.69 216.19   211.28 221.77   205.01 215.51
2022-06-15   205.32 215.83   205.29 215.81   342.81 353.32   204.75 215.26   210.34 220.85   204.07 214.58
2022-06-16   204.38 214.90   204.35 214.88   341.86 352.39   203.81 214.33   209.39 219.92   203.13 213.65
2022-06-17   203.43 213.97   203.40 213.95   340.92 351.46   202.86 213.40   208.45 218.99   202.18 212.72
2022-06-18   202.48 213.04   202.46 213.01   339.97 350.53   201.91 212.47   207.50 218.05   201.23 211.79
2022-06-19   201.53 212.10   201.50 212.08   339.02 349.59   200.96 211.53   206.54 217.12   200.28 210.85
2022-06-20   200.57 211.16   200.55 211.14   338.06 348.65   200.00 210.59   205.59 216.18   199.32 209.91
2022-06-21   199.62 210.22   199.59 210.20   337.10 347.71   199.05 209.65   204.63 215.24   198.37 208.97
2022-06-22   198.66 209.28   198.63 209.25   336.14 346.76   198.09 208.71   203.67 214.29   197.41 208.03
2022-06-23   197.69 208.33   197.67 208.30   335.18 345.82   197.12 207.76   202.71 213.34   196.44 207.08
2022-06-24   196.73 207.38   196.70 207.35   334.21 344.87   196.16 206.81   201.74 212.39   195.47 206.13
2022-06-25   195.76 206.42   195.73 206.40   333.24 343.91   195.19 205.85   200.77 211.44   194.50 205.17
2022-06-26   194.78 205.47   194.76 205.44   332.27 342.95   194.21 204.90   199.80 210.48   193.53 204.22
2022-06-27   193.81 204.51   193.78 204.48   331.29 341.99   193.24 203.94   198.82 209.52   192.56 203.26
2022-06-28   192.83 203.54   192.80 203.52   330.32 341.03   192.26 202.97   197.84 208.56   191.58 202.29
2022-06-29   191.85 202.58   191.82 202.55   329.33 340.07   191.28 202.01   196.86 207.59   190.60 201.33
2022-06-30   190.86 201.61   190.83 201.58   328.35 339.10   190.29 201.04   195.88 206.62   189.61 200.36
2022-07-01   189.87 200.64   189.85 200.61   327.36 338.12   189.30 200.07   194.89 205.65   188.62 199.39
2022-07-02   188.88 199.66   188.86 199.64   326.37 337.15   188.31 199.09   193.90 204.68   187.63 198.41
2022-07-03   187.89 198.68   187.86 198.66   325.38 336.17   187.32 198.11   192.90 203.70   186.64 197.43
2022-07-04   186.89 197.70   186.87 197.68   324.38 335.19   186.32 197.13   191.91 202.72   185.64 196.45
2022-07-05   185.89 196.72   185.87 196.69   323.38 334.21   185.32 196.15   190.91 201.73   184.64 195.47
2022-07-06   184.89 195.73   184.86 195.71   322.38 333.22   184.32 195.16   189.91 200.75   183.64 194.48
2022-07-07   183.89 194.74   183.86 194.72   321.37 332.23   183.32 194.17   188.90 199.76   182.63 193.49
2022-07-08   182.88 193.75   182.85 193.72   320.36 331.24   182.31 193.18   187.89 198.77   181.63 192.50
2022-07-09   181.87 192.75   181.84 192.73   319.35 330.24   181.30 192.18   186.88 197.77   180.62 191.50
2022-07-10   180.85 191.76   180.83 191.73   318.34 329.24   180.28 191.19   185.87 196.77   179.60 190.51
2022-07-11   179.84 190.75   179.81 190.73   317.33 328.24   179.27 190.18   184.85 195.77   178.59 189.50
2022-07-12   178.82 189.75   178.79 189.72   316.31 327.24   178.25 189.18   183.84 194.77   177.57 188.50
2022-07-13   177.80 188.74   177.77 188.72   315.29 326.23   177.23 188.17   182.82 193.76   176.55 187.49
2022-07-14   176.78 187.73   176.75 187.71   314.26 325.22   176.21 187.16   181.79 192.75   175.53 186.48
2022-07-15   175.75 186.72   175.73 186.70   313.24 324.21   175.18 186.15   180.77 191.74   174.50 185.47
2022-07-16   174.72 185.71   174.70 185.68   312.21 323.20   174.15 185.14   179.74 190.72   173.47 184.46
2022-07-17   173.70 184.69   173.67 184.66   311.18 322.18   173.13 184.12   178.71 189.71   172.44 183.44
2022-07-18   172.66 183.67   172.64 183.64   310.15 321.16   172.09 183.10   177.68 188.69   171.41 182.42
2022-07-19   171.63 182.65   171.60 182.62   309.12 320.14   171.06 182.08   176.65 187.66   170.38 181.40
2022-07-20   170.60 181.63   170.57 181.60   308.08 319.11   170.03 181.06   175.61 186.64   169.34 180.37
2022-07-21   169.56 180.60   169.53 180.57   307.05 318.09   168.99 180.03   174.57 185.61   168.31 179.35
2022-07-22   168.52 179.57   168.49 179.54   306.01 317.06   167.95 179.00   173.54 184.59   167.27 178.32
2022-07-23   167.48 178.54   167.45 178.51   304.97 316.03   166.91 177.97   172.50 183.56   166.23 177.29
2022-07-24   166.44 177.51   166.41 177.48   303.93 315.00   165.87 176.94   171.45 182.52   165.19 176.26
2022-07-25   165.40 176.47   165.37 176.45   302.88 313.96   164.83 175.90   170.41 181.49   164.14 175.22
2022-07-26   164.35 175.44   164.32 175.41   301.84 312.93   163.78 174.87   169.37 180.45   163.10 174.19
2022-07-27   163.31 174.40   163.28 174.37   300.79 311.89   162.74 173.83   168.32 179.42   162.06 173.15
2022-07-28   162.26 173.36   162.23 173.33   299.75 310.85   161.69 172.79   167.27 178.38   161.01 172.11
2022-07-29   161.21 172.32   161.19 172.29   298.70 309.81   160.64 171.75   166.23 177.34   159.96 171.07
2022-07-30   160.16 171.28   160.14 171.25   297.65 308.77   159.59 170.71   165.18 176.29   158.91 170.03
2022-07-31   159.11 170.23   159.09 170.21   296.60 307.72   158.54 169.66   164.13 175.25   157.86 168.98
2022-08-01   158.07 169.19   158.04 169.16   295.55 306.68   157.50 168.62   163.08 174.20   156.81 167.94
2022-08-02   157.02 168.14   156.99 168.12   294.50 305.63   156.45 167.57   162.03 173.16   155.76 166.89
2022-08-03   155.96 167.10   155.94 167.07   293.45 304.58   155.39 166.53   160.98 172.11   154.71 165.85
2022-08-04   154.91 166.05   154.89 166.02   292.40 303.54   154.34 165.48   159.93 171.06   153.66 164.80
2022-08-05   153.86 165.00   153.84 164.97   291.35 302.49   153.29 164.43   158.88 170.02   152.61 163.75
2022-08-06   152.81 163.95   152.79 163.93   290.30 301.44   152.24 163.38   157.83 168.97   151.56 162.70
2022-08-07   151.76 162.90   151.73 162.88   289.25 300.39   151.19 162.33   156.78 167.92   150.51 161.65
2022-08-08   150.71 161.85   150.68 161.83   288.20 299.34   150.14 161.28   155.72 166.87   149.46 160.60
2022-08-09   149.66 160.80   149.63 160.77   287.15 298.29   149.09 160.23   154.67 165.82   148.41 159.55
2022-08-10   148.61 159.75   148.58 159.72   286.10 297.24   148.04 159.18   153.62 164.77   147.36 158.50
2022-08-11   147.56 158.70   147.53 158.67   285.05 296.19   146.99 158.13   152.57 163.71   146.31 157.45
2022-08-12   146.51 157.65   146.48 157.62   284.00 295.14   145.94 157.08   151.52 162.66   145.26 156.40
2022-08-13   145.46 156.60   145.43 156.57   282.95 294.08   144.89 156.03   150.48 161.61   144.21 155.35
2022-08-14   144.41 155.55   144.39 155.52   281.90 293.03   143.84 154.98   149.43 160.56   143.16 154.30
2022-08-15   143.37 154.50   143.34 154.47   280.85 291.98   142.80 153.93   148.38 159.51   142.12 153.25
2022-08-16   142.32 153.45   142.29 153.42   279.81 290.93   141.75 152.88   147.33 158.46   141.07 152.19
2022-08-17   141.27 152.40   141.25 152.37   278.76 289.88   140.70 151.83   146.29 157.41   140.02 151.15
2022-08-18   140.23 151.35   140.20 151.32   277.72 288.83   139.66 150.78   145.25 156.36   138.98 150.10
2022-08-19   139.19 150.30   139.16 150.27   276.68 287.79   138.62 149.73   144.20 155.31   137.94 149.05
2022-08-20   138.15 149.25   138.12 149.22   275.63 286.74   137.58 148.68   143.16 154.27   136.90 148.00
2022-08-21   137.11 148.20   137.08 148.18   274.59 285.69   136.54 147.63   142.12 153.22   135.86 146.95
2022-08-22   136.07 147.16   136.04 147.13   273.56 284.65   135.50 146.59   141.08 152.17   134.82 145.91
2022-08-23   135.03 146.11   135.01 146.09   272.52 283.60   134.46 145.54   140.05 151.13   133.78 144.86
2022-08-24   134.00 145.07   133.97 145.04   271.49 282.56   133.43 144.50   139.01 150.09   132.75 143.82
2022-08-25   132.96 144.03   132.94 144.00   270.45 281.52   132.39 143.46   137.98 149.04   131.71 142.78
2022-08-26   131.93 142.99   131.91 142.96   269.42 280.48   131.36 142.42   136.95 148.00   130.68 141.74
2022-08-27   130.90 141.95   130.88 141.92   268.39 279.44   130.33 141.38   135.92 146.96   129.65 140.70
2022-08-28   129.88 140.91   129.85 140.88   267.36 278.40   129.31 140.34   134.89 145.93   128.63 139.66
2022-08-29   128.85 139.87   128.82 139.85   266.34 277.36   128.28 139.30   133.87 144.89   127.60 138.62
2022-08-30   127.83 138.84   127.80 138.81   265.32 276.33   127.26 138.27   132.84 143.86   126.58 137.59
2022-08-31   126.81 137.81   126.78 137.78   264.29 275.29   126.24 137.24   131.82 142.82   125.56 136.56
2022-09-01   125.79 136.78   125.76 136.75   263.28 274.26   125.22 136.21   130.80 141.79   124.54 135.53
2022-09-02   124.77 135.75   124.74 135.72   262.26 273.23   124.20 135.18   129.79 140.76   123.52 134.50
2022-09-03   123.76 134.72   123.73 134.69   261.24 272.21   123.19 134.15   128.77 139.74   122.51 133.47
2022-09-04   122.74 133.69   122.72 133.67   260.23 271.18   122.17 133.12   127.76 138.71   121.49 132.44
2022-09-05   121.73 132.67   121.71 132.65   259.22 270.16   121.16 132.10   126.75 137.69   120.48 131.42
2022-09-06   120.73 131.65   120.70 131.62   258.22 269.14   120.16 131.08   125.74 136.67   119.48 130.40
2022-09-07   119.72 130.63   119.70 130.61   257.21 268.12   119.15 130.06   124.74 135.65   118.47 129.38
2022-09-08   118.72 129.62   118.69 129.59   256.21 267.10   118.15 129.05   123.74 134.63   117.47 128.37
2022-09-09   117.72 128.60   117.69 128.58   255.21 266.09   117.15 128.03   122.74 133.62   116.47 127.35
2022-09-10   116.72 127.59   116.70 127.56   254.21 265.08   116.15 127.02   121.74 132.60   115.47 126.34
2022-09-11   115.73 126.58   115.70 126.55   253.22 264.07   115.16 126.01   120.74 131.60   114.48 125.33
2022-09-12   114.74 125.57   114.71 125.55   252.22 263.06   114.17 125.00   119.75 130.59   113.49 124.32
2022-09-13   113.75 124.57   113.72 124.54   251.23 262.06   113.18 124.00   118.76 129.58   112.50 123.32
2022-09-14   112.76 123.57   112.73 123.54   250.25 261.05   112.19 123.00   117.78 128.58   111.51 122.31
2022-09-15   111.78 122.57   111.75 122.54   249.26 260.05   111.21 122.00   116.79 127.58   110.53 121.31
2022-09-16   110.79 121.57   110.77 121.54   248.28 259.06   110.22 121.00   115.81 126.58   109.54 120.32
2022-09-17   109.82 120.57   109.79 120.55   247.30 258.06   109.25 120.00   114.83 125.59   108.56 119.32
2022-09-18   108.84 119.58   108.81 119.55   246.33 257.07   108.27 119.01   113.85 124.60   107.59 118.33
2022-09-19   107.86 118.59   107.84 118.56   245.35 256.08   107.29 118.02   112.88 123.61   106.61 117.34
2022-09-20   106.89 117.60   106.87 117.58   244.38 255.09   106.32 117.03   111.91 122.62   105.64 116.35
2022-09-21   105.92 116.62   105.90 116.59   243.41 254.11   105.35 116.05   110.94 121.63   104.67 115.37
2022-09-22   104.96 115.64   104.93 115.61   242.44 253.12   104.39 115.07   109.97 120.65   103.71 114.38
2022-09-23   103.99 114.66   103.97 114.63   241.48 252.14   103.42 114.09   109.01 119.67   102.74 113.40
2022-09-24   103.03 113.68   103.00 113.65   240.52 251.16   102.46 113.11   108.05 118.69   101.78 112.43
2022-09-25   102.07 112.70   102.04 112.68   239.56 250.19   101.50 112.13   107.09 117.72   100.82 111.45
2022-09-26   101.11 111.73   101.09 111.70   238.60 249.22   100.54 111.16   106.13 116.74    99.86 110.48
2022-09-27   100.16 110.76   100.13 110.73   237.65 248.25    99.59 110.19   105.17 115.77    98.91 109.51
2022-09-28    99.21 109.79    99.18 109.76   236.69 247.28    98.64 109.22   104.22 114.81    97.96 108.54
2022-09-29    98.26 108.83    98.23 108.80   235.74 246.31    97.69 108.26   103.27 113.84    97.01 107.57
2022-09-30    97.31 107.86    97.28 107.84   234.80 245.35    96.74 107.29   102.32 112.88    96.06 106.61
2022-10-01    96.36 106.90    96.34 106.88   233.85 244.39    95.79 106.33   101.38 111.92    95.11 105.65
2022-10-02    95.42 105.94    95.39 105.92   232.91 243.43    94.85 105.37   100.43 110.96    94.17 104.69
2022-10-03    94.48 104.99    94.45 104.96   231.97 242.47    93.91 104.42    99.49 110.00    93.23 103.74
2022-10-04    93.54 104.03    93.51 104.01   231.03 241.52    92.97 103.46    98.55 109.05    92.29 102.78
2022-10-05    92.60 103.08    92.57 103.05   230.09 240.57    92.03 102.51    97.62 108.10    91.35 101.83
2022-10-06    91.66 102.13    91.64 102.10   229.15 239.62    91.09 101.56    96.68 107.15    90.41 100.88
2022-10-07    90.73 101.18    90.70 101.16   228.22 238.67    90.16 100.61    95.75 106.20    89.48  99.93
2022-10-08    89.80 100.24    89.77 100.21   227.29 237.72    89.23  99.67    94.81 105.25    88.55  98.99
2022-10-09    88.87  99.29    88.84  99.27   226.36 236.78    88.30  98.72    93.88 104.31    87.62  98.04
2022-10-10    87.94  98.35    87.91  98.32   225.43 235.84    87.37  97.78    92.95 103.37    86.69  97.10
2022-10-11    87.01  97.41    86.99  97.38   224.50 234.90    86.44  96.84    92.03 102.43    85.76  96.16
2022-10-12    86.09  96.47    86.06  96.45   223.57 233.96    85.52  95.90    91.10 101.49    84.84  95.22
2022-10-13    85.16  95.54    85.14  95.51   222.65 233.02    84.59  94.97    90.18 100.55    83.91  94.29
2022-10-14    84.24  94.60    84.21  94.57   221.73 232.09    83.67  94.03    89.25  99.62    82.99  93.35
2022-10-15    83.32  93.67    83.29  93.64   220.80 231.16    82.75  93.10    88.33  98.68    82.07  92.42
2022-10-16    82.40  92.74    82.37  92.71   219.88 230.22    81.83  92.17    87.41  97.75    81.15  91.49
2022-10-17    81.48  91.81    81.45  91.78   218.96 229.29    80.91  91.24    86.49  96.82    80.23  90.56
2022-10-18    80.56  90.88    80.53  90.85   218.05 228.36    79.99  90.31    85.57  95.89    79.31  89.63
2022-10-19    79.64  89.95    79.61  89.92   217.13 227.44    79.07  89.38    84.66  94.97    78.39  88.70
2022-10-20    78.72  89.02    78.70  89.00   216.21 226.51    78.15  88.45    83.74  94.04    77.47  87.77
2022-10-21    77.81  88.10    77.78  88.07   215.30 225.59    77.24  87.53    82.82  93.11    76.56  86.85
2022-10-22    76.89  87.17    76.87  87.15   214.38 224.66    76.32  86.60    81.91  92.19    75.64  85.92
2022-10-23    75.98  86.25    75.95  86.23   213.47 223.74    75.41  85.68    80.99  91.27    74.73  85.00
2022-10-24    75.07  85.33    75.04  85.30   212.55 222.82    74.50  84.76    80.08  90.35    73.81  84.08
2022-10-25    74.15  84.41    74.13  84.38   211.64 221.90    73.58  83.84    79.17  89.42    72.90  83.16
2022-10-26    73.24  83.49    73.21  83.46   210.73 220.98    72.67  82.92    78.25  88.50    71.99  82.24
2022-10-27    72.33  82.57    72.30  82.54   209.81 220.06    71.76  82.00    77.34  87.59    71.08  81.32
2022-10-28    71.41  81.65    71.39  81.62   208.90 219.14    70.84  81.08    76.43  86.67    70.16  80.40
2022-10-29    70.50  80.73    70.47  80.71   207.99 218.22    69.93  80.16    75.52  85.75    69.25  79.48
2022-10-30    69.59  79.82    69.56  79.79   207.08 217.30    69.02  79.25    74.60  84.83    68.34  78.56
2022-10-31    68.68  78.90    68.65  78.87   206.16 216.39    68.11  78.33    73.69  83.91    67.43  77.65
2022-11-01    67.76  77.98    67.74  77.95   205.25 215.47    67.19  77.41    72.78  83.00    66.51  76.73
2022-11-02    66.85  77.06    66.82  77.04   204.34 214.55    66.28  76.49    71.87  82.08    65.60  75.81
2022-11-03    65.94  76.15    65.91  76.12   203.43 213.64    65.37  75.58    70.95  81.16    64.69  74.90
2022-11-04    65.02  75.23    65.00  75.21   202.51 212.72    64.45  74.66    70.04  80.25    63.77  73.98
2022-11-05    64.11  74.32    64.08  74.29   201.60 211.80    63.54  73.75    69.13  79.33    62.86  73.06
2022-11-06    63.20  73.40    63.17  73.37   200.68 210.89    62.63  72.83    68.21  78.41    61.95  72.15
2022-11-07    62.28  72.48    62.25  72.46   199.77 209.97    61.71  71.91    67.30  77.50    61.03  71.23
2022-11-08    61.37  71.57    61.34  71.54   198.85 209.05    60.80  71.00    66.38  76.58    60.11  70.31
2022-11-09    60.45  70.65    60.42  70.62   197.94 208.14    59.88  70.08    65.46  75.66    59.20  69.40
2022-11-10    59.53  69.73    59.50  69.70   197.02 207.22    58.96  69.16    64.55  74.75    58.28  68.48
2022-11-11    58.61  68.81    58.59  68.79   196.10 206.30    58.04  68.24    63.63  73.83    57.36  67.56
2022-11-12    57.69  67.89    57.67  67.87   195.18 205.38    57.12  67.32    62.71  72.91    56.44  66.64
2022-11-13    56.77  66.97    56.74  66.95   194.26 204.46    56.20  66.40    61.79  71.99    55.52  65.72
2022-11-14    55.85  66.05    55.82  66.03   193.34 203.54    55.28  65.48    60.86  71.07    54.60  64.80
2022-11-15    54.92  65.13    54.90  65.11   192.41 202.62    54.35  64.56    59.94  70.15    53.67  63.88
2022-11-16    54.07  64.14    54.04  64.11   191.56 201.63    53.50  63.57    59.09  69.15    52.82  62.89
2022-11-17    53.40  62.96    53.37  62.94   190.88 200.45    52.83  62.39    58.41  67.98    52.14  61.71
2022-11-18    52.72  61.79    52.69  61.76   190.21 199.28    52.15  61.22    57.73  66.80    51.47  60.54
2022-11-19    52.04  60.61    52.01  60.59   189.53 198.10    51.47  60.04    57.05  65.63    50.79  59.36
2022-11-20    51.36  59.44    51.33  59.41   188.84 196.92    50.79  58.87    56.37  64.45    50.11  58.18
2022-11-21    50.67  58.26    50.65  58.23   188.16 195.74    50.10  57.69    55.69  63.27    49.42  57.01
2022-11-22    49.99  57.08    49.96  57.05   187.48 194.56    49.42  56.51    55.00  62.09    48.74  55.83

2023-04-25   253.01 259.94   252.98 259.92    30.49  37.43   252.44 259.37   258.02 264.96   251.76 258.69
2023-04-26   251.88 259.29   251.85 259.27    29.36  36.78   251.31 258.72   256.89 264.31   250.62 258.04
2023-04-27   250.74 258.64   250.72 258.62    28.23  36.13   250.17 258.07   255.76 263.66   249.49 257.39
2023-04-28   249.61 258.00   249.59 257.97    27.10  35.48   249.04 257.43   254.63 263.01   248.36 256.75
2023-04-29   248.48 257.35   248.46 257.32    25.97  34.84   247.91 256.78   253.50 262.37   247.23 256.10
2023-04-30   247.35 256.71   247.33 256.68    24.84  34.19   246.78 256.14   252.37 261.72   246.10 255.46
2023-05-01   246.22 256.06   246.20 256.04    23.71  33.55   245.65 255.49   251.24 261.08   244.97 254.81
2023-05-02   245.15 255.36   245.13 255.34    22.64  32.85   244.58 254.79   250.17 260.38   243.90 254.11
2023-05-03   244.27 254.48   244.24 254.45    21.76  31.96   243.70 253.91   249.29 259.49   243.02 253.23
2023-05-04   243.39 253.59   243.36 253.57    20.88  31.08   242.82 253.02   248.40 258.61   242.14 252.34
2023-05-05   242.51 252.71   242.48 252.68    19.99  30.20   241.94 252.14   247.52 257.72   241.25 251.46
2023-05-06   241.62 251.82   241.60 251.80    19.11  29.31   241.05 251.25   246.64 256.84   240.37 250.57
2023-05-07   240.74 250.94   240.71 250.92    18.23  28.43   240.17 250.37   245.76 255.96   239.49 249.69
2023-05-08   239.86 250.06   239.83 250.03    17.35  27.55   239.29 249.49   244.87 255.07   238.61 248.81
2023-05-09   238.98 249.18   238.95 249.15    16.46  26.66   238.41 248.61   243.99 254.19   237.73 247.93
2023-05-10   238.09 248.30   238.07 248.27    15.58  25.78   237.52 247.73   243.11 253.31   236.84 247.04
2023-05-11   237.21 247.41   237.19 247.39    14.70  24.90   236.64 246.84   242.23 252.43   235.96 246.16
2023-05-12   236.33 246.53   236.30 246.51    13.82  24.02   235.76 245.96   241.34 251.55   235.08 245.28
2023-05-13   235.45 245.65   235.42 245.63    12.93  23.14   234.88 245.08   240.46 250.67   234.20 244.40
2023-05-14   234.56 244.77   234.54 244.74    12.05  22.26   233.99 244.20   239.58 249.79   233.31 243.52
2023-05-15   233.68 243.89   233.65 243.86    11.17  21.38   233.11 243.32   238.69 248.90   232.43 242.64
2023-05-16   232.79 243.01   232.77 242.98    10.28  20.50   232.22 242.44   237.81 248.02   231.54 241.76
2023-05-17   231.91 242.13   231.88 242.10     9.39  19.61   231.34 241.56   236.92 247.14   230.66 240.87
2023-05-18   231.02 241.24   230.99 241.22     8.51  18.73   230.45 240.67   236.04 246.26   229.77 239.99
2023-05-19   230.13 240.36   230.11 240.33     7.62  17.85   229.56 239.79   235.15 245.38   228.88 239.11
2023-05-20   229.24 239.48   229.22 239.45     6.73  16.96   228.67 238.91   234.26 244.49   227.99 238.23
2023-05-21   228.35 238.59   228.33 238.57     5.84  16.08   227.78 238.02   233.37 243.61   227.10 237.34
2023-05-22   227.46 237.71   227.44 237.68     4.95  15.20   226.89 237.14   232.48 242.72   226.21 236.46
2023-05-23   226.57 236.82   226.54 236.80     4.06  14.31   226.00 236.25   231.59 241.84   225.32 235.57
2023-05-24   225.68 235.94   225.65 235.91     3.16  13.42   225.11 235.37   230.69 240.95   224.43 234.69
2023-05-25   224.78 235.05   224.76 235.02     2.27  12.54   224.21 234.48   229.80 240.06   223.53 233.80
2023-05-26   223.89 234.16   223.86 234.13     1.37  11.65   223.32 233.59   228.90 239.18   222.64 232.91
2023-05-27   222.99 233.27   222.96 233.24     0.48  10.76   222.42 232.70   228.00 238.29   221.74 232.02
2023-05-28   222.09 232.38   222.06 232.35   359.58   9.87   221.52 231.81   227.10 237.39   220.84 231.13
2023-05-29   221.19 231.49   221.16 231.46   358.67   8.97   220.62 230.92   226.20 236.50   219.94 230.24
2023-05-30   220.28 230.59   220.26 230.57   357.77   8.08   219.71 230.02   225.30 235.61   219.03 229.34
2023-05-31   219.38 229.70   219.35 229.67   356.86   7.19   218.81 229.13   224.39 234.71   218.13 228.45
2023-06-01   218.47 228.80   218.44 228.77   355.96   6.29   217.90 228.23   223.49 233.82   217.22 227.55
2023-06-02   217.56 227.90   217.53 227.88   355.05   5.39   216.99 227.33   222.58 232.92   216.31 226.65
2023-06-03   216.65 227.00   216.62 226.98   354.14   4.49   216.08 226.43   221.66 232.02   215.40 225.75
2023-06-04   215.74 226.10   215.71 226.07   353.22   3.59   215.17 225.53   220.75 231.11   214.48 224.85
2023-06-05   214.82 225.20   214.79 225.17   352.31   2.68   214.25 224.63   219.83 230.21   213.57 223.94
2023-06-06   213.90 224.29   213.87 224.26   351.39   1.78   213.33 223.72   218.92 229.30   212.65 223.04
2023-06-07   212.98 223.38   212.95 223.35   350.47   0.87   212.41 222.81   218.00 228.40   211.73 222.13
2023-06-08   212.06 222.47   212.03 222.44   349.54 359.96   211.49 221.90   217.07 227.49   210.81 221.22
2023-06-09   211.13 221.56   211.11 221.53   348.62 359.05   210.56 220.99   216.15 226.57   209.88 220.31
2023-06-10   210.20 220.64   210.18 220.62   347.69 358.13   209.63 220.07   215.22 225.66   208.95 219.39
2023-06-11   209.27 219.73   209.25 219.70   346.76 357.21   208.70 219.16   214.29 224.74   208.02 218.48
2023-06-12   208.34 218.81   208.31 218.78   345.83 356.29   207.77 218.24   213.36 223.82   207.09 217.56
2023-06-13   207.40 217.89   207.38 217.86   344.89 355.37   206.83 217.32   212.42 222.90   206.15 216.63
2023-06-14   206.47 216.96   206.44 216.93   343.95 354.45   205.90 216.39   211.48 221.98   205.21 215.71
2023-06-15   205.52 216.03   205.50 216.01   343.01 353.52   204.95 215.46   210.54 221.05   204.27 214.78
2023-06-16   204.58 215.11   204.55 215.08   342.07 352.59   204.01 214.54   209.60 220.12   203.33 213.85
2023-06-17   203.63 214.17   203.61 214.15   341.12 351.66   203.06 213.60   208.65 219.19   202.38 212.92
2023-06-18   202.68 213.24   202.66 213.21   340.17 350.73   202.11 212.67   207.70 218.25   201.43 211.99
2023-06-19   201.73 212.30   201.70 212.27   339.22 349.79   201.16 211.73   206.75 217.32   200.48 211.05
2023-06-20   200.77 211.36   200.75 211.33   338.26 348.85   200.20 210.79   205.79 216.38   199.52 210.11
2023-06-21   199.82 210.42   199.79 210.39   337.30 347.91   199.25 209.85   204.83 215.43   198.57 209.17
2023-06-22   198.85 209.47   198.83 209.45   336.34 346.96   198.28 208.90   203.87 214.49   197.60 208.22
2023-06-23   197.89 208.52   197.86 208.50   335.38 346.01   197.32 207.95   202.91 213.54   196.64 207.27
2023-06-24   196.92 207.57   196.90 207.55   334.41 345.06   196.35 207.00   201.94 212.59   195.67 206.32
2023-06-25   195.95 206.62   195.93 206.59   333.44 344.11   195.38 206.05   200.97 211.63   194.70 205.37
2023-06-26   194.98 205.66   194.95 205.63   332.47 343.15   194.41 205.09   199.99 210.68   193.73 204.41
2023-06-27   194.00 204.70   193.98 204.67   331.49 342.19   193.43 204.13   199.02 209.72   192.75 203.45
2023-06-28   193.02 203.74   193.00 203.71   330.51 341.23   192.45 203.17   198.04 208.75   191.77 202.49
2023-06-29   192.04 202.77   192.02 202.75   329.53 340.26   191.47 202.20   197.06 207.79   190.79 201.52
2023-06-30   191.06 201.80   191.03 201.78   328.54 339.29   190.49 201.23   196.07 206.82   189.81 200.55
2023-07-01   190.07 200.83   190.04 200.80   327.56 338.32   189.50 200.26   195.08 205.85   188.82 199.58
2023-07-02   189.08 199.86   189.05 199.83   326.57 337.34   188.51 199.29   194.09 204.87   187.83 198.61
2023-07-03   188.09 198.88   188.06 198.85   325.57 336.37   187.52 198.31   193.10 203.89   186.83 197.63
2023-07-04   187.09 197.90   187.06 197.87   324.58 335.39   186.52 197.33   192.10 202.91   185.84 196.65
2023-07-05   186.09 196.91   186.06 196.89   323.58 334.40   185.52 196.34   191.11 201.93   184.84 195.66
2023-07-06   185.09 195.93   185.06 195.90   322.58 333.42   184.52 195.36   190.10 200.94   183.84 194.68
2023-07-07   184.08 194.94   184.06 194.91   321.57 332.43   183.51 194.37   189.10 199.95   182.83 193.69
2023-07-08   183.08 193.95   183.05 193.92   320.56 331.43   182.51 193.38   188.09 198.96   181.83 192.70
2023-07-09   182.07 192.95   182.04 192.93   319.55 330.44   181.50 192.38   187.08 197.97   180.82 191.70
2023-07-10   181.06 191.95   181.03 191.93   318.54 329.44   180.49 191.38   186.07 196.97   179.80 190.70
2023-07-11   180.04 190.95   180.01 190.93   317.53 328.44   179.47 190.38   185.06 195.97   178.79 189.70
2023-07-12   179.02 189.95   179.00 189.92   316.51 327.44   178.45 189.38   184.04 194.97   177.77 188.70
2023-07-13   178.00 188.95   177.98 188.92   315.49 326.43   177.43 188.38   183.02 193.96   176.75 187.69
2023-07-14   176.98 187.94   176.96 187.91   314.47 325.43   176.41 187.37   182.00 192.95   175.73 186.69
2023-07-15   175.96 186.93   175.93 186.90   313.45 324.41   175.39 186.36   180.98 191.94   174.71 185.68
2023-07-16   174.93 185.91   174.91 185.89   312.42 323.40   174.36 185.34   179.95 190.93   173.68 184.66
2023-07-17   173.91 184.90   173.88 184.87   311.39 322.39   173.34 184.33   178.92 189.91   172.66 183.65
2023-07-18   172.88 183.88   172.85 183.85   310.36 321.37   172.31 183.31   177.89 188.90   171.63 182.63
2023-07-19   171.85 182.86   171.82 182.83   309.33 320.35   171.28 182.29   176.86 187.88   170.59 181.61
2023-07-20   170.81 181.84   170.79 181.81   308.30 319.33   170.24 181.27   175.83 186.85   169.56 180.59
2023-07-21   169.78 180.81   169.75 180.79   307.26 318.30   169.21 180.24   174.79 185.83   168.53 179.56
2023-07-22   168.74 179.79   168.71 179.76   306.23 317.28   168.17 179.22   173.76 184.80   167.49 178.54
2023-07-23   167.70 178.76   167.68 178.73   305.19 316.25   167.13 178.19   172.72 183.77   166.45 177.51
2023-07-24   166.66 177.73   166.64 177.70   304.15 315.22   166.09 177.16   171.68 182.74   165.41 176.48
2023-07-25   165.62 176.70   165.59 176.67   303.11 314.18   165.05 176.13   170.64 181.71   164.37 175.45
2023-07-26   164.58 175.66   164.55 175.64   302.07 313.15   164.01 175.09   169.59 180.68   163.33 174.41
2023-07-27   163.54 174.63   163.51 174.60   301.02 312.11   162.97 174.06   168.55 179.64   162.29 173.38
2023-07-28   162.49 173.59   162.47 173.56   299.98 311.08   161.92 173.02   167.51 178.61   161.24 172.34
2023-07-29   161.45 172.55   161.42 172.53   298.93 310.04   160.88 171.98   166.46 177.57   160.20 171.30
2023-07-30   160.40 171.51   160.37 171.49   297.89 309.00   159.83 170.94   165.42 176.53   159.15 170.26
2023-07-31   159.35 170.47   159.33 170.44   296.84 307.96   158.78 169.90   164.37 175.49   158.10 169.22
2023-08-01   158.31 169.43   158.28 169.40   295.79 306.92   157.74 168.86   163.32 174.44   157.06 168.18
2023-08-02   157.26 168.38   157.23 168.36   294.75 305.87   156.69 167.81   162.27 173.40   156.01 167.13
2023-08-03   156.21 167.34   156.18 167.31   293.70 304.83   155.64 166.77   161.23 172.36   154.96 166.09
2023-08-04   155.16 166.29   155.13 166.27   292.65 303.78   154.59 165.72   160.18 171.31   153.91 165.04
2023-08-05   154.11 165.25   154.09 165.22   291.60 302.74   153.54 164.68   159.13 170.26   152.86 164.00
2023-08-06   153.06 164.20   153.04 164.17   290.55 301.69   152.49 163.63   158.08 169.22   151.81 162.95
2023-08-07   152.01 163.15   151.99 163.13   289.50 300.64   151.44 162.58   157.03 168.17   150.76 161.90
2023-08-08   150.97 162.11   150.94 162.08   288.45 299.59   150.40 161.54   155.98 167.12   149.71 160.86
2023-08-09   149.92 161.06   149.89 161.03   287.40 298.54   149.35 160.49   154.93 166.07   148.67 159.81
2023-08-10   148.87 160.01   148.84 159.98   286.36 297.50   148.30 159.44   153.88 165.02   147.62 158.76
2023-08-11   147.82 158.96   147.79 158.93   285.31 296.45   147.25 158.39   152.84 163.98   146.57 157.71
2023-08-12   146.77 157.91   146.75 157.88   284.26 295.40   146.20 157.34   151.79 162.93   145.52 156.66
2023-08-13   145.73 156.86   145.70 156.84   283.21 294.35   145.16 156.29   150.74 161.88   144.48 155.61
2023-08-14   144.68 155.81   144.65 155.79   282.17 293.30   144.11 155.24   149.70 160.83   143.43 154.56
2023-08-15   143.64 154.77   143.61 154.74   281.12 292.25   143.07 154.20   148.65 159.78   142.39 153.51
2023-08-16   142.59 153.72   142.57 153.69   280.08 291.20   142.02 153.15   147.61 158.73   141.34 152.47
2023-08-17   141.55 152.67   141.52 152.64   279.04 290.16   140.98 152.10   146.56 157.68   140.30 151.42
2023-08-18   140.51 151.62   140.48 151.60   277.99 289.11   139.94 151.05   145.52 156.64   139.26 150.37
2023-08-19   139.47 150.58   139.44 150.55   276.95 288.06   138.90 150.01   144.48 155.59   138.22 149.33
2023-08-20   138.43 149.53   138.40 149.50   275.91 287.02   137.86 148.96   143.44 154.55   137.18 148.28
2023-08-21   137.39 148.49   137.36 148.46   274.88 285.97   136.82 147.92   142.40 153.50   136.14 147.23
2023-08-22   136.35 147.44   136.33 147.42   273.84 284.93   135.78 146.87   141.37 152.46   135.10 146.19
2023-08-23   135.32 146.40   135.29 146.37   272.80 283.89   134.75 145.83   140.33 151.41   134.07 145.15
2023-08-24   134.28 145.36   134.26 145.33   271.77 282.84   133.71 144.79   139.30 150.37   133.03 144.11
2023-08-25   133.25 144.32   133.23 144.29   270.74 281.80   132.68 143.75   138.27 149.33   132.00 143.07
2023-08-26   132.22 143.28   132.20 143.25   269.71 280.76   131.65 142.71   137.24 148.29   130.97 142.03
2023-08-27   131.19 142.24   131.17 142.21   268.68 279.73   130.62 141.67   136.21 147.25   129.94 140.99
2023-08-28   130.17 141.20   130.14 141.18   267.65 278.69   129.60 140.63   135.18 146.22   128.92 139.95
2023-08-29   129.14 140.17   129.12 140.14   266.63 277.66   128.57 139.60   134.16 145.18   127.89 138.92
2023-08-30   128.12 139.14   128.09 139.11   265.61 276.62   127.55 138.57   133.14 144.15   126.87 137.88
2023-08-31   127.10 138.10   127.07 138.08   264.59 275.59   126.53 137.53   132.12 143.12   125.85 136.85
2023-09-01   126.08 137.07   126.06 137.05   263.57 274.56   125.51 136.50   131.10 142.09   124.83 135.82
2023-09-02   125.07 136.05   125.04 136.02   262.56 273.53   124.50 135.48   130.08 141.06   123.82 134.80
2023-09-03   124.05 135.02   124.03 134.99   261.54 272.51   123.48 134.45   129.07 140.04   122.80 133.77
2023-09-04   123.04 134.00   123.02 133.97   260.53 271.48   122.47 133.43   128.06 139.01   121.79 132.75
2023-09-05   122.03 132.97   122.01 132.95   259.52 270.46   121.46 132.40   127.05 137.99   120.78 131.72
2023-09-06   121.03 131.95   121.00 131.93   258.52 269.44   120.46 131.38   126.04 136.97   119.78 130.70
2023-09-07   120.02 130.94   120.00 130.91   257.51 268.42   119.45 130.37   125.04 135.95   118.77 129.69
2023-09-08   119.02 129.92   119.00 129.89   256.51 267.41   118.45 129.35   124.04 134.94   117.77 128.67
2023-09-09   118.02 128.91   118.00 128.88   255.51 266.39   117.45 128.34   123.04 133.92   116.77 127.66
2023-09-10   117.03 127.90   117.00 127.87   254.51 265.38   116.46 127.33   122.04 132.91   115.78 126.64
2023-09-11   116.03 126.89   116.01 126.86   253.52 264.37   115.46 126.32   121.05 131.90   114.78 125.64
2023-09-12   115.04 125.88   115.01 125.85   252.53 263.37   114.47 125.31   120.06 130.89   113.79 124.63
2023-09-13   114.05 124.87   114.02 124.85   251.54 262.36   113.48 124.30   119.07 129.89   112.80 123.62
2023-09-14   113.06 123.87   113.04 123.85   250.55 261.36   112.49 123.30   118.08 128.89   111.81 122.62
2023-09-15   112.08 122.87   112.05 122.85   249.57 260.36   111.51 122.30   117.09 127.89   110.83 121.62
2023-09-16   111.10 121.88   111.07 121.85   248.59 259.36   110.53 121.31   116.11 126.89   109.85 120.62
2023-09-17   110.12 120.88   110.09 120.85   247.61 258.37   109.55 120.31   115.13 125.90   108.87 119.63
2023-09-18   109.14 119.89   109.12 119.86   246.63 257.38   108.57 119.32   114.16 124.90   107.89 118.64
2023-09-19   108.17 118.90   108.14 118.87   245.66 256.39   107.60 118.33   113.18 123.91   106.92 117.65
2023-09-20   107.20 117.91   107.17 117.88   244.68 255.40   106.63 117.34   112.21 122.93   105.94 116.66
2023-09-21   106.23 116.93   106.20 116.90   243.71 254.41   105.66 116.36   111.24 121.94   104.98 115.67
2023-09-22   105.26 115.94   105.23 115.92   242.75 253.43   104.69 115.37   110.27 120.96   104.01 114.69
2023-09-23   104.29 114.96   104.27 114.94   241.78 252.45   103.72 114.39   109.31 119.98   103.04 113.71
2023-09-24   103.33 113.98   103.31 113.96   240.82 251.47   102.76 113.41   108.35 119.00   102.08 112.73
2023-09-25   102.37 113.01   102.35 112.98   239.86 250.50   101.80 112.44   107.39 118.02   101.12 111.76
2023-09-26   101.42 112.04   101.39 112.01   238.90 249.52   100.85 111.47   106.43 117.05   100.16 110.78
2023-09-27   100.46 111.06   100.43 111.04   237.95 248.55    99.89 110.49   105.48 116.08    99.21 109.81
2023-09-28    99.51 110.10    99.48 110.07   236.99 247.58    98.94 109.53   104.52 115.11    98.26 108.84
2023-09-29    98.56 109.13    98.53 109.10   236.04 246.62    97.99 108.56   103.57 114.14    97.31 107.88
2023-09-30    97.61 108.17    97.58 108.14   235.09 245.65    97.04 107.60   102.62 113.18    96.36 106.91
2023-10-01    96.66 107.20    96.63 107.18   234.15 244.69    96.09 106.63   101.68 112.22    95.41 105.95
2023-10-02    95.72 106.24    95.69 106.22   233.20 243.73    95.15 105.67   100.73 111.26    94.47 104.99
2023-10-03    94.77 105.29    94.75 105.26   232.26 242.77    94.20 104.72    99.79 110.30    93.52 104.04
2023-10-04    93.83 104.33    93.81 104.31   231.32 241.82    93.26 103.76    98.85 109.35    92.58 103.08
2023-10-05    92.89 103.38    92.87 103.35   230.38 240.87    92.32 102.81    97.91 108.39    91.64 102.13
2023-10-06    91.96 102.43    91.93 102.40   229.45 239.92    91.39 101.86    96.97 107.44    90.71 101.18
2023-10-07    91.02 101.48    91.00 101.45   228.51 238.97    90.45 100.91    96.04 106.49    89.77 100.23
2023-10-08    90.09 100.53    90.06 100.51   227.58 238.02    89.52  99.96    95.10 105.55    88.84  99.28
2023-10-09    89.16  99.59    89.13  99.56   226.65 237.07    88.59  99.02    94.17 104.60    87.91  98.34
2023-10-10    88.23  98.64    88.20  98.62   225.72 236.13    87.66  98.07    93.24 103.66    86.98  97.39
2023-10-11    87.30  97.70    87.27  97.68   224.79 235.19    86.73  97.13    92.31 102.72    86.05  96.45
2023-10-12    86.37  96.76    86.35  96.74   223.86 234.25    85.80  96.19    91.39 101.78    85.12  95.51
2023-10-13    85.45  95.82    85.42  95.80   222.93 233.31    84.88  95.25    90.46 100.84    84.20  94.57
2023-10-14    84.52  94.89    84.50  94.86   222.01 232.38    83.95  94.32    89.54  99.90    83.27  93.64
2023-10-15    83.60  93.95    83.57  93.93   221.09 231.44    83.03  93.38    88.61  98.97    82.35  92.70
2023-10-16    82.68  93.02    82.65  92.99   220.16 230.51    82.11  92.45    87.69  98.04    81.43  91.77
2023-10-17    81.76  92.09    81.73  92.06   219.24 229.58    81.19  91.52    86.77  97.10    80.51  90.84
2023-10-18    80.84  91.16    80.81  91.13   218.32 228.65    80.27  90.59    85.85  96.17    79.59  89.91
2023-10-19    79.92  90.23    79.89  90.20   217.40 227.72    79.35  89.66    84.93  95.24    78.67  88.98
2023-10-20    79.00  89.30    78.97  89.28   216.49 226.79    78.43  88.73    84.01  94.32    77.75  88.05
2023-10-21    78.08  88.37    78.06  88.35   215.57 225.86    77.51  87.80    83.10  93.39    76.83  87.12
2023-10-22    77.17  87.45    77.14  87.42   214.65 224.94    76.60  86.88    82.18  92.46    75.91  86.20
2023-10-23    76.25  86.52    76.22  86.50   213.74 224.01    75.68  85.95    81.26  91.54    75.00  85.27
2023-10-24    75.33  85.60    75.31  85.57   212.82 223.09    74.76  85.03    80.35  90.62    74.08  84.35
2023-10-25    74.42  84.68    74.39  84.65   211.91 222.17    73.85  84.11    79.43  89.69    73.17  83.43
2023-10-26    73.50  83.76    73.48  83.73   210.99 221.24    72.93  83.19    78.52  88.77    72.25  82.51
2023-10-27    72.59  82.84    72.56  82.81   210.08 220.32    72.02  82.27    77.61  87.85    71.34  81.59
2023-10-28    71.68  81.92    71.65  81.89   209.16 219.40    71.11  81.35    76.69  86.93    70.42  80.66
2023-10-29    70.76  81.00    70.74  80.97   208.25 218.48    70.19  80.43    75.78  86.01    69.51  79.74
2023-10-30    69.85  80.08    69.82  80.05   207.34 217.56    69.28  79.51    74.86  85.09    68.60  78.83
2023-10-31    68.93  79.16    68.91  79.13   206.42 216.64    68.36  78.59    73.95  84.17    67.68  77.91
2023-11-01    68.02  78.24    67.99  78.21   205.51 215.73    67.45  77.67    73.03  83.25    66.77  76.99
2023-11-02    67.11  77.32    67.08  77.29   204.59 214.81    66.54  76.75    72.12  82.34    65.85  76.07
2023-11-03    66.19  76.40    66.16  76.38   203.68 213.89    65.62  75.83    71.21  81.42    64.94  75.15
2023-11-04    65.28  75.48    65.25  75.46   202.76 212.97    64.71  74.91    70.29  80.50    64.02  74.23
2023-11-05    64.36  74.57    64.33  74.54   201.85 212.05    63.79  74.00    69.38  79.58    63.11  73.31
2023-11-06    63.44  73.65    63.42  73.62   200.93 211.13    62.87  73.08    68.46  78.66    62.19  72.40
2023-11-07    62.53  72.73    62.50  72.70   200.01 210.22    61.96  72.16    67.54  77.74    61.28  71.48
2023-11-08    61.61  71.81    61.58  71.78   199.10 209.30    61.04  71.24    66.62  76.83    60.36  70.56
2023-11-09    60.69  70.89    60.66  70.86   198.18 208.38    60.12  70.32    65.71  75.91    59.44  69.64
2023-11-10    59.77  69.97    59.75  69.95   197.26 207.46    59.20  69.40    64.79  74.99    58.52  68.72
2023-11-11    58.85  69.05    58.83  69.03   196.34 206.54    58.28  68.48    63.87  74.07    57.60  67.80
2023-11-12    57.93  68.13    57.90  68.10   195.42 205.62    57.36  67.56    62.95  73.15    56.68  66.88
2023-11-13    57.01  67.21    56.98  67.18   194.49 204.70    56.44  66.64    62.02  72.23    55.76  65.96
2023-11-14    56.08  66.29    56.06  66.26   193.57 203.78    55.51  65.72    61.10  71.30    54.83  65.04
2023-11-15    55.16  65.37    55.13  65.34   192.65 202.85    54.59  64.80    60.17  70.38    53.91  64.11
2023-11-16    54.23  64.44    54.21  64.41   191.72 201.93    53.66  63.87    59.25  69.46    52.98  63.19
2023-11-17    53.55  63.27    53.53  63.24   191.04 200.76    52.98  62.70    58.57  68.28    52.30  62.02
2023-11-18    52.87  62.09    52.85  62.06   190.36 199.58    52.30  61.52    57.89  67.11    51.62  60.84
2023-11-19    52.19  60.91    52.17  60.89   189.68 198.40    51.62  60.34    57.21  65.93    50.94  59.66
2023-11-20    51.51  59.73    51.48  59.71   189.00 197.22    50.94  59.16    56.53  64.75    50.26  58.48
2023-11-21    50.83  58.55    50.80  58.53   188.31 196.04    50.26  57.98    55.84  63.57    49.57  57.30
2023-11-22    50.14  57.37    50.11  57.34   187.63 194.86    49.57  56.80    55.15  62.39    48.89  56.12
