
       Target
                ecliptic
RA      Dec     latitude
296.697  46.372  65.409

Checked interval [2020-01-01, 2023-12-31]
|           Window [days]                 |    Normal V3 PA [deg]    |
   Start           End         Duration         Start         End         RA            Dec     
 2020-04-25      2020-11-23       211.95     255.78051      52.40788     296.69728      46.37170 
 2021-04-26      2021-11-23       211.00     255.20930      52.64420     296.69728      46.37170 
 2022-04-26      2022-11-23       211.00     255.47119      52.87126     296.69728      46.37170 
 2023-04-26      2023-11-23       211.03     255.73566      53.05876     296.69728      46.37170 


                V3PA          NIRCam           NIRSpec         NIRISS           MIRI          FGS
   Date      min    max      min    max       min    max     min    max      min    max      min    max

2020-04-26   252.32 259.16   252.29 259.13    29.80  36.65   251.75 258.59   257.33 264.17   251.07 257.91
2020-04-27   251.19 258.52   251.16 258.50    28.67  36.01   250.62 257.95   256.20 263.54   249.94 257.27
2020-04-28   250.06 257.89   250.03 257.86    27.55  35.38   249.49 257.32   255.07 262.90   248.81 256.64
2020-04-29   248.93 257.26   248.90 257.23    26.42  34.75   248.36 256.69   253.94 262.27   247.68 256.01
2020-04-30   247.80 256.63   247.77 256.60    25.29  34.12   247.23 256.06   252.82 261.64   246.55 255.38
2020-05-01   246.67 256.00   246.65 255.97    24.16  33.49   246.10 255.43   251.69 261.02   245.42 254.75
2020-05-02   245.55 255.37   245.52 255.35    23.03  32.86   244.98 254.80   250.56 260.39   244.30 254.12
2020-05-03   244.48 254.69   244.45 254.66    21.97  32.18   243.91 254.12   249.50 259.70   243.23 253.44
2020-05-04   243.61 253.81   243.58 253.79    21.09  31.30   243.04 253.24   248.62 258.83   242.36 252.56
2020-05-05   242.73 252.94   242.71 252.91    20.22  30.43   242.16 252.37   247.75 257.95   241.48 251.69
2020-05-06   241.86 252.06   241.83 252.04    19.35  29.55   241.29 251.49   246.88 257.08   240.61 250.81
2020-05-07   240.99 251.19   240.96 251.16    18.48  28.68   240.42 250.62   246.00 256.21   239.74 249.94
2020-05-08   240.12 250.32   240.09 250.29    17.60  27.80   239.55 249.75   245.13 255.33   238.87 249.07
2020-05-09   239.24 249.44   239.22 249.42    16.73  26.93   238.67 248.87   244.26 254.46   237.99 248.19
2020-05-10   238.37 248.57   238.35 248.55    15.86  26.06   237.80 248.00   243.39 253.59   237.12 247.32
2020-05-11   237.50 247.70   237.47 247.67    14.99  25.19   236.93 247.13   242.52 252.72   236.25 246.45
2020-05-12   236.63 246.83   236.60 246.80    14.12  24.32   236.06 246.26   241.64 251.85   235.38 245.58
2020-05-13   235.75 245.96   235.73 245.93    13.24  23.45   235.18 245.39   240.77 250.97   234.50 244.71
2020-05-14   234.88 245.09   234.86 245.06    12.37  22.58   234.31 244.52   239.90 250.10   233.63 243.84
2020-05-15   234.01 244.22   233.98 244.19    11.50  21.70   233.44 243.65   239.02 249.23   232.76 242.97
2020-05-16   233.13 243.35   233.11 243.32    10.62  20.83   232.56 242.78   238.15 248.36   231.88 242.10
2020-05-17   232.26 242.47   232.23 242.45     9.75  19.96   231.69 241.90   237.27 247.49   231.01 241.22
2020-05-18   231.38 241.60   231.36 241.58     8.87  19.09   230.81 241.03   236.40 246.62   230.13 240.35
2020-05-19   230.51 240.73   230.48 240.70     7.99  18.22   229.94 240.16   235.52 245.75   229.26 239.48
2020-05-20   229.63 239.86   229.60 239.83     7.12  17.35   229.06 239.29   234.64 244.87   228.38 238.61
2020-05-21   228.75 238.99   228.72 238.96     6.24  16.47   228.18 238.42   233.76 244.00   227.50 237.73
2020-05-22   227.87 238.11   227.84 238.09     5.36  15.60   227.30 237.54   232.88 243.13   226.62 236.86
2020-05-23   226.99 237.24   226.96 237.21     4.48  14.72   226.42 236.67   232.00 242.25   225.74 235.99
2020-05-24   226.11 236.36   226.08 236.34     3.59  13.85   225.54 235.79   231.12 241.38   224.86 235.11
2020-05-25   225.22 235.49   225.20 235.46     2.71  12.97   224.65 234.92   230.24 240.50   223.97 234.23
2020-05-26   224.34 234.61   224.31 234.58     1.82  12.10   223.77 234.04   229.35 239.62   223.09 233.36
2020-05-27   223.45 233.73   223.42 233.70     0.94  11.22   222.88 233.16   228.46 238.75   222.20 232.48
2020-05-28   222.56 232.85   222.53 232.82     0.05  10.34   221.99 232.28   227.58 237.87   221.31 231.60
2020-05-29   221.67 231.97   221.64 231.94   359.16   9.46   221.10 231.40   226.69 236.98   220.42 230.72
2020-05-30   220.78 231.09   220.75 231.06   358.27   8.57   220.21 230.52   225.79 236.10   219.53 229.84
2020-05-31   219.88 230.20   219.86 230.18   357.37   7.69   219.31 229.63   224.90 235.22   218.63 228.95
2020-06-01   218.99 229.32   218.96 229.29   356.47   6.80   218.42 228.75   224.00 234.33   217.74 228.07
2020-06-02   218.09 228.43   218.06 228.40   355.58   5.92   217.52 227.86   223.10 233.44   216.84 227.18
2020-06-03   217.19 227.54   217.16 227.51   354.68   5.03   216.62 226.97   222.20 232.56   215.94 226.29
2020-06-04   216.29 226.65   216.26 226.62   353.77   4.14   215.72 226.08   221.30 231.66   215.03 225.40
2020-06-05   215.38 225.76   215.35 225.73   352.87   3.24   214.81 225.19   220.40 230.77   214.13 224.51
2020-06-06   214.47 224.86   214.45 224.83   351.96   2.35   213.90 224.29   219.49 229.88   213.22 223.61
2020-06-07   213.56 223.96   213.54 223.94   351.05   1.45   212.99 223.39   218.58 228.98   212.31 222.71
2020-06-08   212.65 223.07   212.62 223.04   350.14   0.55   212.08 222.50   217.67 228.08   211.40 221.81
2020-06-09   211.74 222.16   211.71 222.14   349.22 359.65   211.17 221.59   216.75 227.18   210.48 220.91
2020-06-10   210.82 221.26   210.79 221.23   348.30 358.75   210.25 220.69   215.83 226.28   209.57 220.01
2020-06-11   209.90 220.35   209.87 220.33   347.38 357.84   209.33 219.78   214.91 225.37   208.65 219.10
2020-06-12   208.97 219.45   208.95 219.42   346.46 356.93   208.40 218.88   213.99 224.46   207.72 218.19
2020-06-13   208.05 218.53   208.02 218.51   345.53 356.02   207.48 217.96   213.06 223.55   206.80 217.28
2020-06-14   207.12 217.62   207.09 217.59   344.61 355.11   206.55 217.05   212.13 222.64   205.87 216.37
2020-06-15   206.19 216.70   206.16 216.68   343.67 354.19   205.62 216.13   211.20 221.72   204.94 215.45
2020-06-16   205.25 215.78   205.23 215.76   342.74 353.27   204.68 215.21   210.27 220.80   204.00 214.53
2020-06-17   204.31 214.86   204.29 214.84   341.80 352.35   203.74 214.29   209.33 219.88   203.06 213.61
2020-06-18   203.37 213.94   203.35 213.91   340.86 351.42   202.80 213.37   208.39 218.95   202.12 212.69
2020-06-19   202.43 213.01   202.40 212.98   339.92 350.50   201.86 212.44   207.44 218.02   201.18 211.76
2020-06-20   201.48 212.08   201.45 212.05   338.97 349.57   200.91 211.51   206.50 217.09   200.23 210.83
2020-06-21   200.53 211.14   200.50 211.12   338.02 348.63   199.96 210.57   205.55 216.16   199.28 209.89
2020-06-22   199.58 210.21   199.55 210.18   337.06 347.69   199.01 209.64   204.59 215.22   198.33 208.96
2020-06-23   198.62 209.27   198.59 209.24   336.11 346.75   198.05 208.70   203.63 214.28   197.37 208.02
2020-06-24   197.66 208.32   197.63 208.30   335.15 345.81   197.09 207.75   202.67 213.34   196.41 207.07
2020-06-25   196.69 207.38   196.67 207.35   334.18 344.86   196.12 206.81   201.71 212.39   195.44 206.13
2020-06-26   195.73 206.43   195.70 206.40   333.22 343.91   195.16 205.86   200.74 211.44   194.48 205.18
2020-06-27   194.76 205.47   194.73 205.45   332.24 342.96   194.19 204.90   199.77 210.49   193.51 204.22
2020-06-28   193.78 204.52   193.76 204.49   331.27 342.01   193.21 203.95   198.80 209.53   192.53 203.27
2020-06-29   192.81 203.56   192.78 203.53   330.29 341.05   192.24 202.99   197.82 208.57   191.56 202.31
2020-06-30   191.83 202.60   191.80 202.57   329.31 340.08   191.26 202.03   196.84 207.61   190.58 201.34
2020-07-01   190.84 201.63   190.82 201.60   328.33 339.12   190.27 201.06   195.86 206.64   189.59 200.38
2020-07-02   189.86 200.66   189.83 200.63   327.34 338.15   189.29 200.09   194.87 205.67   188.60 199.41
2020-07-03   188.86 199.69   188.84 199.66   326.35 337.17   188.29 199.12   193.88 204.70   187.61 198.44
2020-07-04   187.87 198.71   187.84 198.68   325.36 336.20   187.30 198.14   192.89 203.72   186.62 197.46
2020-07-05   186.87 197.73   186.85 197.70   324.36 335.22   186.30 197.16   191.89 202.74   185.62 196.48
2020-07-06   185.87 196.75   185.85 196.72   323.36 334.23   185.30 196.18   190.89 201.76   184.62 195.50
2020-07-07   184.87 195.76   184.84 195.73   322.36 333.25   184.30 195.19   189.89 200.77   183.62 194.51
2020-07-08   183.86 194.77   183.84 194.74   321.35 332.26   183.29 194.20   188.88 199.78   182.61 193.52
2020-07-09   182.85 193.78   182.83 193.75   320.34 331.26   182.28 193.21   187.87 198.79   181.60 192.53
2020-07-10   181.84 192.78   181.81 192.75   319.33 330.27   181.27 192.21   186.86 197.79   180.59 191.53
2020-07-11   180.82 191.78   180.80 191.75   318.31 329.27   180.25 191.21   185.84 196.79   179.57 190.53
2020-07-12   179.81 190.78   179.78 190.75   317.29 328.26   179.24 190.21   184.82 195.79   178.56 189.53
2020-07-13   178.78 189.77   178.76 189.74   316.27 327.26   178.21 189.20   183.80 194.79   177.53 188.52
2020-07-14   177.76 188.76   177.73 188.73   315.25 326.25   177.19 188.19   182.77 193.78   176.51 187.51
2020-07-15   176.73 187.75   176.71 187.72   314.22 325.24   176.16 187.18   181.75 192.76   175.48 186.50
2020-07-16   175.70 186.73   175.68 186.71   313.19 324.22   175.13 186.16   180.72 191.75   174.45 185.48
2020-07-17   174.67 185.71   174.64 185.69   312.16 323.20   174.10 185.14   179.68 190.73   173.42 184.46
2020-07-18   173.63 184.69   173.61 184.67   311.12 322.18   173.06 184.12   178.65 189.71   172.38 183.44
2020-07-19   172.60 183.67   172.57 183.64   310.08 321.16   172.03 183.10   177.61 188.68   171.35 182.42
2020-07-20   171.56 182.64   171.53 182.61   309.04 320.13   170.99 182.07   176.57 187.66   170.31 181.39
2020-07-21   170.51 181.61   170.49 181.58   308.00 319.10   169.94 181.04   175.53 186.63   169.26 180.36
2020-07-22   169.47 180.58   169.44 180.55   306.96 318.07   168.90 180.01   174.49 185.59   168.22 179.33
2020-07-23   168.42 179.54   168.40 179.52   305.91 317.03   167.85 178.97   173.44 184.56   167.17 178.29
2020-07-24   167.38 178.51   167.35 178.48   304.86 315.99   166.81 177.94   172.39 183.52   166.13 177.26
2020-07-25   166.33 177.47   166.30 177.44   303.81 314.95   165.76 176.90   171.34 182.48   165.08 176.22
2020-07-26   165.27 176.43   165.25 176.40   302.76 313.91   164.70 175.86   170.29 181.44   164.02 175.17
2020-07-27   164.22 175.38   164.19 175.35   301.71 312.87   163.65 174.81   169.24 180.40   162.97 174.13
2020-07-28   163.17 174.34   163.14 174.31   300.65 311.82   162.60 173.77   168.18 179.35   161.92 173.08
2020-07-29   162.11 173.29   162.08 173.26   299.60 310.77   161.54 172.72   167.13 178.30   160.86 172.04
2020-07-30   161.05 172.24   161.03 172.21   298.54 309.73   160.48 171.67   166.07 177.25   159.80 170.99
2020-07-31   160.00 171.19   159.97 171.16   297.48 308.67   159.43 170.62   165.01 176.20   158.74 169.94
2020-08-01   158.94 170.13   158.91 170.11   296.42 307.62   158.37 169.56   163.95 175.15   157.69 168.88
2020-08-02   157.88 169.08   157.85 169.05   295.36 306.57   157.31 168.51   162.89 174.09   156.63 167.83
2020-08-03   156.82 168.02   156.79 168.00   294.30 305.51   156.25 167.45   161.83 173.04   155.56 166.77
2020-08-04   155.75 166.97   155.73 166.94   293.24 304.45   155.18 166.40   160.77 171.98   154.50 165.72
2020-08-05   154.69 165.91   154.67 165.88   292.18 303.40   154.12 165.34   159.71 170.92   153.44 164.66
2020-08-06   153.63 164.85   153.60 164.82   291.12 302.34   153.06 164.28   158.65 169.86   152.38 163.60
2020-08-07   152.57 163.79   152.54 163.76   290.06 301.28   152.00 163.22   157.58 168.80   151.32 162.54
2020-08-08   151.51 162.73   151.48 162.70   288.99 300.22   150.94 162.16   156.52 167.74   150.25 161.48
2020-08-09   150.44 161.67   150.42 161.64   287.93 299.15   149.87 161.10   155.46 166.68   149.19 160.42
2020-08-10   149.38 160.61   149.35 160.58   286.87 298.09   148.81 160.04   154.40 165.62   148.13 159.35
2020-08-11   148.32 159.54   148.29 159.52   285.81 297.03   147.75 158.97   153.33 164.56   147.07 158.29
2020-08-12   147.26 158.48   147.23 158.45   284.75 295.97   146.69 157.91   152.27 163.50   146.01 157.23
2020-08-13   146.20 157.42   146.17 157.39   283.68 294.91   145.63 156.85   151.21 162.43   144.95 156.17
2020-08-14   145.14 156.36   145.11 156.33   282.62 293.84   144.57 155.79   150.15 161.37   143.89 155.10
2020-08-15   144.08 155.29   144.05 155.27   281.57 292.78   143.51 154.72   149.09 160.31   142.83 154.04
2020-08-16   143.02 154.23   142.99 154.20   280.51 291.72   142.45 153.66   148.03 159.25   141.77 152.98
2020-08-17   141.96 153.17   141.94 153.14   279.45 290.66   141.39 152.60   146.98 158.18   140.71 151.92
2020-08-18   140.91 152.11   140.88 152.08   278.39 289.60   140.34 151.54   145.92 157.12   139.65 150.86
2020-08-19   139.85 151.05   139.82 151.02   277.34 288.54   139.28 150.48   144.87 156.06   138.60 149.80
2020-08-20   138.80 149.99   138.77 149.96   276.28 287.48   138.23 149.42   143.81 155.00   137.55 148.74
2020-08-21   137.75 148.93   137.72 148.90   275.23 286.42   137.18 148.36   142.76 153.94   136.49 147.68
2020-08-22   136.69 147.87   136.67 147.84   274.18 285.36   136.12 147.30   141.71 152.89   135.44 146.62
2020-08-23   135.65 146.81   135.62 146.79   273.13 284.30   135.08 146.24   140.66 151.83   134.40 145.56
2020-08-24   134.60 145.76   134.57 145.73   272.09 283.25   134.03 145.19   139.61 150.77   133.35 144.51
2020-08-25   133.55 144.70   133.53 144.68   271.04 282.19   132.98 144.13   138.57 149.72   132.30 143.45
2020-08-26   132.51 143.65   132.48 143.62   270.00 281.14   131.94 143.08   137.53 148.67   131.26 142.40
2020-08-27   131.47 142.60   131.44 142.57   268.96 280.09   130.90 142.03   136.48 147.61   130.22 141.35
2020-08-28   130.43 141.55   130.40 141.52   267.92 279.04   129.86 140.98   135.45 146.56   129.18 140.30
2020-08-29   129.39 140.50   129.37 140.47   266.88 277.99   128.82 139.93   134.41 145.52   128.14 139.25
2020-08-30   128.36 139.45   128.33 139.43   265.85 276.94   127.79 138.88   133.37 144.47   127.11 138.20
2020-08-31   127.33 138.41   127.30 138.38   264.81 275.90   126.76 137.84   132.34 143.43   126.08 137.16
2020-09-01   126.30 137.37   126.27 137.34   263.78 274.86   125.73 136.80   131.31 142.38   125.05 136.12
2020-09-02   125.27 136.33   125.24 136.30   262.76 273.81   124.70 135.76   130.28 141.34   124.02 135.08
2020-09-03   124.24 135.29   124.22 135.26   261.73 272.78   123.67 134.72   129.26 140.30   122.99 134.04
2020-09-04   123.22 134.25   123.20 134.23   260.71 271.74   122.65 133.68   128.24 139.27   121.97 133.00
2020-09-05   122.20 133.22   122.18 133.19   259.69 270.71   121.63 132.65   127.22 138.23   120.95 131.97
2020-09-06   121.19 132.19   121.16 132.16   258.67 269.67   120.62 131.62   126.20 137.20   119.94 130.94
2020-09-07   120.17 131.16   120.15 131.13   257.66 268.65   119.60 130.59   125.19 136.17   118.92 129.91
2020-09-08   119.16 130.13   119.13 130.10   256.65 267.62   118.59 129.56   124.18 135.15   117.91 128.88
2020-09-09   118.15 129.11   118.13 129.08   255.64 266.59   117.58 128.54   123.17 134.12   116.90 127.86
2020-09-10   117.15 128.09   117.12 128.06   254.63 265.57   116.58 127.52   122.16 133.10   115.90 126.83
2020-09-11   116.14 127.07   116.12 127.04   253.63 264.55   115.57 126.50   121.16 132.08   114.89 125.82
2020-09-12   115.14 126.05   115.12 126.02   252.63 263.54   114.57 125.48   120.16 131.07   113.89 124.80
2020-09-13   114.15 125.04   114.12 125.01   251.63 262.52   113.58 124.47   119.16 130.05   112.90 123.79
2020-09-14   113.15 124.03   113.13 124.00   250.64 261.51   112.58 123.46   118.17 129.04   111.90 122.77
2020-09-15   112.16 123.02   112.13 122.99   249.65 260.50   111.59 122.45   117.18 128.03   110.91 121.77
2020-09-16   111.17 122.01   111.15 121.98   248.66 259.50   110.60 121.44   116.19 127.03   109.92 120.76
2020-09-17   110.19 121.01   110.16 120.98   247.67 258.50   109.62 120.44   115.20 126.02   108.94 119.76
2020-09-18   109.20 120.01   109.18 119.98   246.69 257.50   108.63 119.44   114.22 125.02   107.95 118.76
2020-09-19   108.22 119.01   108.20 118.99   245.71 256.50   107.65 118.44   113.24 124.03   106.97 117.76
2020-09-20   107.25 118.02   107.22 117.99   244.73 255.50   106.68 117.45   112.26 123.03   106.00 116.77
2020-09-21   106.27 117.03   106.25 117.00   243.76 254.51   105.70 116.46   111.29 122.04   105.02 115.78
2020-09-22   105.30 116.04   105.28 116.01   242.79 253.52   104.73 115.47   110.32 121.05   104.05 114.79
2020-09-23   104.33 115.05   104.31 115.03   241.82 252.54   103.76 114.48   109.35 120.07   103.08 113.80
2020-09-24   103.37 114.07   103.34 114.04   240.86 251.56   102.80 113.50   108.38 119.08   102.12 112.82
2020-09-25   102.41 113.09   102.38 113.06   239.89 250.58   101.84 112.52   107.42 118.10   101.15 111.84
2020-09-26   101.45 112.11   101.42 112.08   238.93 249.60   100.88 111.54   106.46 117.13   100.19 110.86
2020-09-27   100.49 111.14   100.46 111.11   237.98 248.62    99.92 110.57   105.50 116.15    99.24 109.89
2020-09-28    99.53 110.17    99.51 110.14   237.02 247.65    98.96 109.60   104.55 115.18    98.28 108.91
2020-09-29    98.58 109.20    98.55 109.17   236.07 246.68    98.01 108.63   103.60 114.21    97.33 107.95
2020-09-30    97.63 108.23    97.60 108.20   235.12 245.72    97.06 107.66   102.65 113.24    96.38 106.98
2020-10-01    96.68 107.27    96.66 107.24   234.17 244.75    96.11 106.70   101.70 112.28    95.43 106.02
2020-10-02    95.74 106.31    95.71 106.28   233.23 243.79    95.17 105.74   100.75 111.32    94.49 105.05
2020-10-03    94.80 105.35    94.77 105.32   232.28 242.83    94.23 104.78    99.81 110.36    93.55 104.10
2020-10-04    93.86 104.39    93.83 104.36   231.35 241.88    93.29 103.82    98.87 109.41    92.61 103.14
2020-10-05    92.92 103.44    92.89 103.41   230.41 240.92    92.35 102.87    97.94 108.45    91.67 102.19
2020-10-06    91.98 102.49    91.96 102.46   229.47 239.97    91.41 101.92    97.00 107.50    90.73 101.24
2020-10-07    91.05 101.54    91.03 101.51   228.54 239.03    90.48 100.97    96.07 106.55    89.80 100.29
2020-10-08    90.12 100.59    90.09 100.57   227.61 238.08    89.55 100.02    95.14 105.61    88.87  99.34
2020-10-09    89.19  99.65    89.17  99.62   226.68 237.14    88.62  99.08    94.21 104.66    87.94  98.40
2020-10-10    88.26  98.71    88.24  98.68   225.75 236.19    87.69  98.14    93.28 103.72    87.01  97.46
2020-10-11    87.34  97.77    87.31  97.74   224.83 235.26    86.77  97.20    92.35 102.78    86.09  96.52
2020-10-12    86.42  96.83    86.39  96.80   223.90 234.32    85.85  96.26    91.43 101.85    85.17  95.58
2020-10-13    85.49  95.90    85.47  95.87   222.98 233.38    84.92  95.33    90.51 100.91    84.24  94.64
2020-10-14    84.57  94.96    84.55  94.94   222.06 232.45    84.00  94.39    89.59  99.98    83.32  93.71
2020-10-15    83.66  94.03    83.63  94.00   221.14 231.52    83.09  93.46    88.67  99.05    82.41  92.78
2020-10-16    82.74  93.10    82.71  93.08   220.23 230.59    82.17  92.53    87.75  98.12    81.49  91.85
2020-10-17    81.82  92.17    81.80  92.15   219.31 229.66    81.25  91.60    86.84  97.19    80.57  90.92
2020-10-18    80.91  91.25    80.88  91.22   218.40 228.74    80.34  90.68    85.93  96.26    79.66  90.00
2020-10-19    80.00  90.33    79.97  90.30   217.48 227.81    79.43  89.76    85.01  95.34    78.75  89.07
2020-10-20    79.09  89.40    79.06  89.38   216.57 226.89    78.52  88.83    84.10  94.42    77.83  88.15
2020-10-21    78.17  88.48    78.15  88.46   215.66 225.97    77.60  87.91    83.19  93.50    76.92  87.23
2020-10-22    77.27  87.56    77.24  87.54   214.75 225.05    76.70  86.99    82.28  92.58    76.01  86.31
2020-10-23    76.36  86.64    76.33  86.62   213.84 224.13    75.79  86.07    81.37  91.66    75.11  85.39
2020-10-24    75.45  85.73    75.42  85.70   212.94 223.21    74.88  85.16    80.46  90.74    74.20  84.48
2020-10-25    74.54  84.81    74.51  84.78   212.03 222.30    73.97  84.24    79.56  89.83    73.29  83.56
2020-10-26    73.63  83.90    73.61  83.87   211.12 221.38    73.06  83.33    78.65  88.91    72.38  82.65
2020-10-27    72.73  82.98    72.70  82.96   210.22 220.47    72.16  82.41    77.74  88.00    71.48  81.73
2020-10-28    71.82  82.07    71.80  82.04   209.31 219.56    71.25  81.50    76.84  87.09    70.57  80.82
2020-10-29    70.92  81.16    70.89  81.13   208.41 218.65    70.35  80.59    75.93  86.17    69.67  79.91
2020-10-30    70.01  80.25    69.99  80.22   207.50 217.73    69.44  79.68    75.03  85.26    68.76  79.00
2020-10-31    69.11  79.34    69.08  79.31   206.60 216.82    68.54  78.77    74.12  84.35    67.86  78.09
2020-11-01    68.20  78.43    68.18  78.40   205.69 215.91    67.63  77.86    73.22  83.44    66.95  77.18
2020-11-02    67.30  77.52    67.27  77.49   204.79 215.00    66.73  76.95    72.31  82.53    66.05  76.27
2020-11-03    66.39  76.61    66.37  76.58   203.88 214.10    65.82  76.04    71.41  81.62    65.14  75.36
2020-11-04    65.49  75.70    65.46  75.67   202.98 213.19    64.92  75.13    70.50  80.71    64.24  74.45
2020-11-05    64.58  74.79    64.56  74.76   202.07 212.28    64.01  74.22    69.60  79.81    63.33  73.54
2020-11-06    63.68  73.88    63.65  73.86   201.16 211.37    63.11  73.31    68.69  78.90    62.43  72.63
2020-11-07    62.77  72.97    62.74  72.95   200.26 210.46    62.20  72.40    67.79  77.99    61.52  71.72
2020-11-08    61.86  72.07    61.84  72.04   199.35 209.55    61.29  71.50    66.88  77.08    60.61  70.81
2020-11-09    60.96  71.16    60.93  71.13   198.44 208.64    60.39  70.59    65.97  76.17    59.71  69.91
2020-11-10    60.05  70.25    60.02  70.22   197.54 207.74    59.48  69.68    65.06  75.26    58.80  69.00
2020-11-11    59.14  69.34    59.11  69.31   196.63 206.83    58.57  68.77    64.15  74.35    57.89  68.09
2020-11-12    58.23  68.43    58.20  68.40   195.72 205.92    57.66  67.86    63.24  73.44    56.98  67.18
2020-11-13    57.32  67.52    57.29  67.49   194.80 205.01    56.75  66.95    62.33  72.53    56.07  66.27
2020-11-14    56.40  66.61    56.38  66.58   193.89 204.09    55.83  66.04    61.42  71.62    55.15  65.36
2020-11-15    55.49  65.70    55.46  65.67   192.98 203.18    54.92  65.13    60.51  70.71    54.24  64.44
2020-11-16    54.57  64.78    54.55  64.76   192.06 202.27    54.00  64.21    59.59  69.80    53.32  63.53
2020-11-17    53.80  63.73    53.77  63.70   191.29 201.21    53.23  63.16    58.81  68.74    52.55  62.48
2020-11-18    53.14  62.55    53.11  62.53   190.63 200.04    52.57  61.98    58.16  67.57    51.89  61.30
2020-11-19    52.48  61.38    52.45  61.35   189.97 198.86    51.91  60.81    57.50  66.39    51.23  60.13
2020-11-20    51.82  60.20    51.79  60.17   189.31 197.69    51.25  59.63    56.83  65.22    50.57  58.95
2020-11-21    51.16  59.02    51.13  59.00   188.64 196.51    50.59  58.45    56.17  64.04    49.90  57.77
2020-11-22    50.49  57.84    50.46  57.82   187.98 195.33    49.92  57.27    55.50  62.86    49.24  56.59
2020-11-23    49.82  56.66    49.79  56.64   187.31 194.15    49.25  56.09    54.84  61.68    48.57  55.41

2021-04-27   251.53 258.72   251.50 258.69    29.01  36.20   250.96 258.15   256.54 263.73   250.28 257.47
2021-04-28   250.40 258.08   250.37 258.06    27.88  35.57   249.83 257.51   255.41 263.10   249.14 256.83
2021-04-29   249.27 257.45   249.24 257.42    26.75  34.94   248.70 256.88   254.28 262.47   248.01 256.20
2021-04-30   248.14 256.82   248.11 256.79    25.62  34.31   247.57 256.25   253.15 261.84   246.89 255.57
2021-05-01   247.01 256.19   246.98 256.17    24.50  33.68   246.44 255.62   252.02 261.21   245.76 254.94
2021-05-02   245.88 255.57   245.85 255.54    23.37  33.05   245.31 255.00   250.89 260.58   244.63 254.31
2021-05-03   244.75 254.94   244.72 254.91    22.24  32.43   244.18 254.37   249.77 259.96   243.50 253.69
2021-05-04   243.87 254.07   243.84 254.05    21.35  31.56   243.30 253.50   248.88 259.09   242.62 252.82
2021-05-05   242.99 253.20   242.97 253.17    20.48  30.68   242.42 252.63   248.01 258.21   241.74 251.95
2021-05-06   242.12 252.32   242.09 252.30    19.61  29.81   241.55 251.75   247.13 257.34   240.87 251.07
2021-05-07   241.25 251.45   241.22 251.42    18.73  28.93   240.68 250.88   246.26 256.46   240.00 250.20
2021-05-08   240.37 250.57   240.35 250.55    17.86  28.06   239.80 250.00   245.39 255.59   239.12 249.32
2021-05-09   239.50 249.70   239.47 249.67    16.99  27.19   238.93 249.13   244.52 254.72   238.25 248.45
2021-05-10   238.63 248.83   238.60 248.80    16.11  26.31   238.06 248.26   243.64 253.84   237.38 247.58
2021-05-11   237.75 247.95   237.73 247.93    15.24  25.44   237.18 247.38   242.77 252.97   236.50 246.70
2021-05-12   236.88 247.08   236.85 247.06    14.37  24.57   236.31 246.51   241.90 252.10   235.63 245.83
2021-05-13   236.01 246.21   235.98 246.18    13.49  23.70   235.44 245.64   241.02 251.23   234.76 244.96
2021-05-14   235.13 245.34   235.11 245.31    12.62  22.83   234.56 244.77   240.15 250.35   233.88 244.09
2021-05-15   234.26 244.47   234.23 244.44    11.75  21.95   233.69 243.90   239.27 249.48   233.01 243.22
2021-05-16   233.38 243.59   233.36 243.57    10.87  21.08   232.81 243.02   238.40 248.61   232.13 242.34
2021-05-17   232.51 242.72   232.48 242.70     9.99  20.21   231.94 242.15   237.52 247.74   231.26 241.47
2021-05-18   231.63 241.85   231.60 241.82     9.12  19.34   231.06 241.28   236.65 246.86   230.38 240.60
2021-05-19   230.75 240.98   230.73 240.95     8.24  18.46   230.18 240.41   235.77 245.99   229.50 239.73
2021-05-20   229.87 240.10   229.85 240.08     7.36  17.59   229.30 239.53   234.89 245.12   228.62 238.85
2021-05-21   228.99 239.23   228.97 239.20     6.48  16.72   228.42 238.66   234.01 244.24   227.74 237.98
2021-05-22   228.11 238.35   228.09 238.33     5.60  15.84   227.54 237.78   233.13 243.37   226.86 237.10
2021-05-23   227.23 237.48   227.21 237.45     4.72  14.97   226.66 236.91   232.25 242.49   225.98 236.23
2021-05-24   226.35 236.60   226.32 236.58     3.84  14.09   225.78 236.03   231.36 241.62   225.10 235.35
2021-05-25   225.46 235.73   225.44 235.70     2.95  13.21   224.89 235.16   230.48 240.74   224.21 234.47
2021-05-26   224.58 234.85   224.55 234.82     2.06  12.33   224.01 234.28   229.59 239.86   223.33 233.60
2021-05-27   223.69 233.97   223.66 233.94     1.18  11.45   223.12 233.40   228.70 238.98   222.44 232.72
2021-05-28   222.80 233.09   222.77 233.06     0.29  10.57   222.23 232.52   227.81 238.10   221.55 231.84
2021-05-29   221.91 232.20   221.88 232.18   359.40   9.69   221.34 231.63   226.92 237.22   220.66 230.95
2021-05-30   221.01 231.32   220.99 231.29   358.50   8.81   220.44 230.75   226.03 236.34   219.76 230.07
2021-05-31   220.12 230.44   220.09 230.41   357.61   7.92   219.55 229.87   225.13 235.45   218.87 229.19
2021-06-01   219.22 229.55   219.20 229.52   356.71   7.04   218.65 228.98   224.24 234.56   217.97 228.30
2021-06-02   218.32 228.66   218.30 228.63   355.81   6.15   217.75 228.09   223.34 233.68   217.07 227.41
2021-06-03   217.42 227.77   217.39 227.74   354.91   5.26   216.85 227.20   222.44 232.79   216.17 226.52
2021-06-04   216.52 226.88   216.49 226.85   354.01   4.37   215.95 226.31   221.53 231.89   215.27 225.63
2021-06-05   215.61 225.99   215.59 225.96   353.10   3.47   215.04 225.42   220.63 231.00   214.36 224.73
2021-06-06   214.70 225.09   214.68 225.06   352.19   2.58   214.13 224.52   219.72 230.10   213.45 223.84
2021-06-07   213.79 224.19   213.77 224.16   351.28   1.68   213.22 223.62   218.81 229.21   212.54 222.94
2021-06-08   212.88 223.29   212.85 223.26   350.37   0.78   212.31 222.72   217.89 228.31   211.63 222.04
2021-06-09   211.96 222.39   211.94 222.36   349.45 359.88   211.39 221.82   216.98 227.40   210.71 221.14
2021-06-10   211.04 221.48   211.02 221.46   348.53 358.97   210.47 220.91   216.06 226.50   209.79 220.23
2021-06-11   210.12 220.58   210.10 220.55   347.61 358.06   209.55 220.01   215.14 225.59   208.87 219.33
2021-06-12   209.20 219.67   209.17 219.64   346.69 357.15   208.63 219.10   214.21 224.68   207.95 218.42
2021-06-13   208.27 218.75   208.24 218.73   345.76 356.24   207.70 218.18   213.29 223.77   207.02 217.50
2021-06-14   207.34 217.84   207.32 217.81   344.83 355.33   206.77 217.27   212.36 222.86   206.09 216.59
2021-06-15   206.41 216.92   206.38 216.90   343.90 354.41   205.84 216.35   211.42 221.94   205.16 215.67
2021-06-16   205.47 216.00   205.45 215.98   342.96 353.49   204.90 215.43   210.49 221.02   204.22 214.75
2021-06-17   204.53 215.08   204.51 215.05   342.02 352.57   203.96 214.51   209.55 220.09   203.28 213.83
2021-06-18   203.59 214.15   203.57 214.13   341.08 351.64   203.02 213.58   208.61 219.17   202.34 212.90
2021-06-19   202.65 213.23   202.62 213.20   340.13 350.71   202.08 212.66   207.66 218.24   201.40 211.97
2021-06-20   201.70 212.29   201.67 212.27   339.19 349.78   201.13 211.72   206.71 217.31   200.45 211.04
2021-06-21   200.75 211.36   200.72 211.33   338.23 348.85   200.18 210.79   205.76 216.37   199.50 210.11
2021-06-22   199.79 210.42   199.77 210.39   337.28 347.91   199.22 209.85   204.81 215.44   198.54 209.17
2021-06-23   198.83 209.48   198.81 209.45   336.32 346.97   198.26 208.91   203.85 214.50   197.58 208.23
2021-06-24   197.87 208.54   197.85 208.51   335.36 346.02   197.30 207.97   202.89 213.55   196.62 207.29
2021-06-25   196.91 207.59   196.88 207.56   334.40 345.08   196.34 207.02   201.92 212.60   195.66 206.34
2021-06-26   195.94 206.64   195.91 206.61   333.43 344.13   195.37 206.07   200.96 211.65   194.69 205.39
2021-06-27   194.97 205.68   194.94 205.66   332.46 343.17   194.40 205.11   199.99 210.70   193.72 204.43
2021-06-28   194.00 204.73   193.97 204.70   331.48 342.21   193.43 204.16   199.01 209.74   192.74 203.48
2021-06-29   193.02 203.77   192.99 203.74   330.51 341.25   192.45 203.20   198.03 208.78   191.77 202.52
2021-06-30   192.04 202.80   192.01 202.78   329.52 340.29   191.47 202.23   197.05 207.82   190.79 201.55
2021-07-01   191.05 201.84   191.03 201.81   328.54 339.32   190.48 201.27   196.07 206.85   189.80 200.59
2021-07-02   190.07 200.87   190.04 200.84   327.55 338.35   189.50 200.30   195.08 205.88   188.81 199.62
2021-07-03   189.07 199.89   189.05 199.87   326.56 337.38   188.50 199.32   194.09 204.91   187.82 198.64
2021-07-04   188.08 198.92   188.05 198.89   325.57 336.40   187.51 198.35   193.10 203.93   186.83 197.67
2021-07-05   187.08 197.94   187.06 197.91   324.57 335.42   186.51 197.37   192.10 202.95   185.83 196.69
2021-07-06   186.08 196.95   186.06 196.93   323.57 334.44   185.51 196.38   191.10 201.97   184.83 195.70
2021-07-07   185.08 195.97   185.05 195.94   322.57 333.45   184.51 195.40   190.09 200.98   183.83 194.71
2021-07-08   184.07 194.98   184.05 194.95   321.56 332.46   183.50 194.41   189.09 199.99   182.82 193.72
2021-07-09   183.06 193.98   183.04 193.96   320.55 331.47   182.49 193.41   188.08 199.00   181.81 192.73
2021-07-10   182.05 192.99   182.02 192.96   319.54 330.47   181.48 192.42   187.06 198.00   180.80 191.73
2021-07-11   181.03 191.99   181.01 191.96   318.52 329.47   180.46 191.42   186.05 197.00   179.78 190.73
2021-07-12   180.02 190.98   179.99 190.96   317.50 328.47   179.45 190.41   185.03 196.00   178.76 189.73
2021-07-13   178.99 189.98   178.97 189.95   316.48 327.46   178.42 189.41   184.01 194.99   177.74 188.73
2021-07-14   177.97 188.97   177.94 188.94   315.46 326.46   177.40 188.40   182.98 193.98   176.72 187.72
2021-07-15   176.94 187.96   176.92 187.93   314.43 325.44   176.37 187.39   181.96 192.97   175.69 186.70
2021-07-16   175.91 186.94   175.89 186.91   313.40 324.43   175.34 186.37   180.93 191.96   174.66 185.69
2021-07-17   174.88 185.92   174.85 185.90   312.37 323.41   174.31 185.35   179.90 190.94   173.63 184.67
2021-07-18   173.85 184.90   173.82 184.88   311.33 322.39   173.28 184.33   178.86 189.92   172.60 183.65
2021-07-19   172.81 183.88   172.78 183.85   310.30 321.37   172.24 183.31   177.83 188.89   171.56 182.63
2021-07-20   171.77 182.85   171.74 182.83   309.26 320.34   171.20 182.28   176.79 187.87   170.52 181.60
2021-07-21   170.73 181.82   170.70 181.80   308.22 319.31   170.16 181.25   175.74 186.84   169.48 180.57
2021-07-22   169.69 180.79   169.66 180.77   307.17 318.28   169.12 180.22   174.70 185.81   168.44 179.54
2021-07-23   168.64 179.76   168.61 179.73   306.13 317.25   168.07 179.19   173.66 184.77   167.39 178.51
2021-07-24   167.59 178.72   167.57 178.70   305.08 316.21   167.02 178.15   172.61 183.74   166.34 177.47
2021-07-25   166.55 177.68   166.52 177.66   304.03 315.17   165.98 177.11   171.56 182.70   165.29 176.43
2021-07-26   165.50 176.64   165.47 176.62   302.98 314.13   164.93 176.07   170.51 181.66   164.24 175.39
2021-07-27   164.44 175.60   164.42 175.57   301.93 313.09   163.87 175.03   169.46 180.62   163.19 174.35
2021-07-28   163.39 174.56   163.36 174.53   300.88 312.04   162.82 173.99   168.41 179.57   162.14 173.31
2021-07-29   162.34 173.51   162.31 173.48   299.82 311.00   161.77 172.94   167.35 178.53   161.09 172.26
2021-07-30   161.28 172.46   161.25 172.44   298.77 309.95   160.71 171.89   166.30 177.48   160.03 171.21
2021-07-31   160.22 171.41   160.20 171.39   297.71 308.90   159.65 170.84   165.24 176.43   158.97 170.16
2021-08-01   159.17 170.36   159.14 170.33   296.65 307.85   158.60 169.79   164.18 175.38   157.92 169.11
2021-08-02   158.11 169.31   158.08 169.28   295.59 306.80   157.54 168.74   163.12 174.32   156.86 168.06
2021-08-03   157.05 168.25   157.02 168.23   294.54 305.74   156.48 167.68   162.06 173.27   155.80 167.00
2021-08-04   155.99 167.20   155.96 167.17   293.48 304.69   155.42 166.63   161.00 172.21   154.74 165.95
2021-08-05   154.93 166.14   154.90 166.12   292.42 303.63   154.36 165.57   159.94 171.16   153.68 164.89
2021-08-06   153.87 165.09   153.84 165.06   291.36 302.57   153.30 164.52   158.88 170.10   152.62 163.83
2021-08-07   152.81 164.03   152.78 164.00   290.30 301.51   152.24 163.46   157.82 169.04   151.56 162.78
2021-08-08   151.75 162.97   151.72 162.94   289.23 300.46   151.18 162.40   156.76 167.98   150.50 161.72
2021-08-09   150.69 161.91   150.66 161.88   288.17 299.40   150.12 161.34   155.70 166.92   149.44 160.66
2021-08-10   149.63 160.85   149.60 160.82   287.11 298.34   149.06 160.28   154.64 165.86   148.38 159.60
2021-08-11   148.57 159.79   148.54 159.76   286.05 297.28   148.00 159.22   153.58 164.80   147.32 158.54
2021-08-12   147.51 158.73   147.48 158.70   284.99 296.22   146.94 158.16   152.52 163.74   146.26 157.48
2021-08-13   146.45 157.67   146.42 157.64   283.94 295.16   145.88 157.10   151.46 162.68   145.20 156.42
2021-08-14   145.39 156.61   145.36 156.58   282.88 294.09   144.82 156.04   150.40 161.62   144.14 155.36
2021-08-15   144.33 155.55   144.31 155.52   281.82 293.03   143.76 154.98   149.35 160.56   143.08 154.30
2021-08-16   143.28 154.49   143.25 154.46   280.76 291.97   142.71 153.92   148.29 159.50   142.02 153.24
2021-08-17   142.22 153.43   142.19 153.40   279.71 290.91   141.65 152.86   147.23 158.44   140.97 152.18
2021-08-18   141.16 152.37   141.14 152.34   278.65 289.85   140.59 151.80   146.18 157.38   139.91 151.12
2021-08-19   140.11 151.31   140.09 151.28   277.60 288.80   139.54 150.74   145.13 156.32   138.86 150.06
2021-08-20   139.06 150.25   139.03 150.22   276.55 287.74   138.49 149.68   144.07 155.27   137.81 149.00
2021-08-21   138.01 149.19   137.98 149.17   275.50 286.68   137.44 148.62   143.02 154.21   136.76 147.94
2021-08-22   136.96 148.14   136.93 148.11   274.45 285.62   136.39 147.57   141.98 153.15   135.71 146.89
2021-08-23   135.91 147.08   135.89 147.05   273.40 284.57   135.34 146.51   140.93 152.10   134.66 145.83
2021-08-24   134.87 146.03   134.84 146.00   272.35 283.51   134.30 145.46   139.88 151.04   133.62 144.78
2021-08-25   133.82 144.97   133.80 144.95   271.31 282.46   133.25 144.40   138.84 149.99   132.57 143.72
2021-08-26   132.78 143.92   132.76 143.90   270.27 281.41   132.21 143.35   137.80 148.94   131.53 142.67
2021-08-27   131.74 142.87   131.72 142.85   269.23 280.36   131.17 142.30   136.76 147.89   130.49 141.62
2021-08-28   130.70 141.82   130.68 141.80   268.19 279.31   130.13 141.25   135.72 146.84   129.45 140.57
2021-08-29   129.67 140.78   129.64 140.75   267.16 278.26   129.10 140.21   134.68 145.79   128.42 139.53
2021-08-30   128.64 139.73   128.61 139.71   266.12 277.22   128.07 139.16   133.65 144.75   127.38 138.48
2021-08-31   127.60 138.69   127.58 138.66   265.09 276.18   127.03 138.12   132.62 143.70   126.35 137.44
2021-09-01   126.58 137.65   126.55 137.62   264.06 275.14   126.01 137.08   131.59 142.66   125.32 136.40
2021-09-02   125.55 136.61   125.52 136.58   263.04 274.10   124.98 136.04   130.56 141.62   124.30 135.36
2021-09-03   124.53 135.57   124.50 135.55   262.01 273.06   123.96 135.00   129.54 140.59   123.27 134.32
2021-09-04   123.50 134.54   123.48 134.51   260.99 272.02   122.93 133.97   128.52 139.55   122.25 133.29
2021-09-05   122.49 133.50   122.46 133.48   259.97 270.99   121.92 132.93   127.50 138.52   121.23 132.25
2021-09-06   121.47 132.47   121.44 132.45   258.96 269.96   120.90 131.90   126.48 137.49   120.22 131.22
2021-09-07   120.46 131.44   120.43 131.42   257.94 268.93   119.89 130.87   125.47 136.46   119.21 130.19
2021-09-08   119.45 130.42   119.42 130.39   256.93 267.91   118.88 129.85   124.46 135.43   118.19 129.17
2021-09-09   118.44 129.40   118.41 129.37   255.93 266.88   117.87 128.83   123.45 134.41   117.19 128.14
2021-09-10   117.43 128.37   117.41 128.35   254.92 265.86   116.86 127.80   122.45 133.39   116.18 127.12
2021-09-11   116.43 127.36   116.40 127.33   253.92 264.84   115.86 126.79   121.45 132.37   115.18 126.11
2021-09-12   115.43 126.34   115.40 126.31   252.92 263.83   114.86 125.77   120.45 131.36   114.18 125.09
2021-09-13   114.43 125.33   114.41 125.30   251.92 262.82   113.86 124.76   119.45 130.34   113.18 124.08
2021-09-14   113.44 124.32   113.41 124.29   250.93 261.80   112.87 123.75   118.46 129.33   112.19 123.07
2021-09-15   112.45 123.31   112.42 123.28   249.94 260.80   111.88 122.74   117.46 128.32   111.20 122.06
2021-09-16   111.46 122.30   111.43 122.28   248.95 259.79   110.89 121.73   116.48 127.32   110.21 121.05
2021-09-17   110.48 121.30   110.45 121.28   247.96 258.79   109.91 120.73   115.49 126.32   109.23 120.05
2021-09-18   109.49 120.30   109.47 120.28   246.98 257.79   108.92 119.73   114.51 125.32   108.24 119.05
2021-09-19   108.51 119.31   108.49 119.28   246.00 256.79   107.94 118.74   113.53 124.32   107.26 118.06
2021-09-20   107.54 118.31   107.51 118.29   245.02 255.80   106.97 117.74   112.55 123.33   106.29 117.06
2021-09-21   106.56 117.32   106.54 117.29   244.05 254.81   105.99 116.75   111.58 122.34   105.31 116.07
2021-09-22   105.59 116.33   105.57 116.31   243.08 253.82   105.02 115.76   110.61 121.35   104.34 115.08
2021-09-23   104.62 115.35   104.60 115.32   242.11 252.83   104.05 114.78   109.64 120.36   103.37 114.10
2021-09-24   103.66 114.36   103.63 114.34   241.15 251.85   103.09 113.79   108.67 119.38   102.41 113.11
2021-09-25   102.70 113.38   102.67 113.36   240.18 250.87   102.13 112.81   107.71 118.40   101.44 112.13
2021-09-26   101.74 112.41   101.71 112.38   239.22 249.89   101.17 111.84   106.75 117.42   100.48 111.16
2021-09-27   100.78 111.43   100.75 111.40   238.27 248.92   100.21 110.86   105.79 116.45    99.53 110.18
2021-09-28    99.82 110.46    99.80 110.43   237.31 247.95    99.25 109.89   104.84 115.47    98.57 109.21
2021-09-29    98.87 109.49    98.84 109.46   236.36 246.98    98.30 108.92   103.89 114.51    97.62 108.24
2021-09-30    97.92 108.52    97.89 108.50   235.41 246.01    97.35 107.95   102.94 113.54    96.67 107.27
2021-10-01    96.97 107.56    96.95 107.53   234.46 245.05    96.40 106.99   101.99 112.57    95.72 106.31
2021-10-02    96.03 106.60    96.00 106.57   233.52 244.09    95.46 106.03   101.04 111.61    94.78 105.35
2021-10-03    95.09 105.64    95.06 105.61   232.57 243.13    94.52 105.07   100.10 110.65    93.84 104.39
2021-10-04    94.15 104.68    94.12 104.66   231.63 242.17    93.58 104.11    99.16 109.70    92.89 103.43
2021-10-05    93.21 103.73    93.18 103.70   230.69 241.22    92.64 103.16    98.22 108.74    91.96 102.48
2021-10-06    92.27 102.78    92.25 102.75   229.76 240.27    91.70 102.21    97.29 107.79    91.02 101.53
2021-10-07    91.34 101.83    91.31 101.80   228.83 239.32    90.77 101.26    96.35 106.84    90.09 100.58
2021-10-08    90.41 100.88    90.38 100.86   227.89 238.37    89.84 100.31    95.42 105.90    89.16  99.63
2021-10-09    89.48  99.94    89.45  99.91   226.96 237.42    88.91  99.37    94.49 104.95    88.23  98.69
2021-10-10    88.55  99.00    88.52  98.97   226.04 236.48    87.98  98.43    93.56 104.01    87.30  97.74
2021-10-11    87.62  98.06    87.60  98.03   225.11 235.54    87.05  97.49    92.64 103.07    86.37  96.80
2021-10-12    86.70  97.12    86.67  97.09   224.19 234.60    86.13  96.55    91.71 102.13    85.45  95.87
2021-10-13    85.78  96.18    85.75  96.15   223.26 233.67    85.21  95.61    90.79 101.20    84.53  94.93
2021-10-14    84.86  95.25    84.83  95.22   222.34 232.73    84.29  94.68    89.87 100.26    83.61  94.00
2021-10-15    83.94  94.32    83.91  94.29   221.42 231.80    83.37  93.75    88.95  99.33    82.69  93.06
2021-10-16    83.02  93.39    82.99  93.36   220.51 230.87    82.45  92.82    88.03  98.40    81.77  92.13
2021-10-17    82.10  92.46    82.08  92.43   219.59 229.94    81.53  91.89    87.12  97.47    80.85  91.21
2021-10-18    81.19  91.53    81.16  91.50   218.68 229.02    80.62  90.96    86.20  96.55    79.94  90.28
2021-10-19    80.27  90.61    80.25  90.58   217.76 228.09    79.70  90.04    85.29  95.62    79.02  89.35
2021-10-20    79.36  89.68    79.33  89.66   216.85 227.17    78.79  89.11    84.38  94.70    78.11  88.43
2021-10-21    78.45  88.76    78.42  88.73   215.94 226.25    77.88  88.19    83.46  93.77    77.20  87.51
2021-10-22    77.54  87.84    77.51  87.81   215.03 225.33    76.97  87.27    82.55  92.85    76.29  86.59
2021-10-23    76.63  86.92    76.60  86.89   214.12 224.41    76.06  86.35    81.64  91.93    75.38  85.67
2021-10-24    75.72  86.00    75.69  85.98   213.21 223.49    75.15  85.43    80.74  91.02    74.47  84.75
2021-10-25    74.81  85.08    74.79  85.06   212.30 222.57    74.24  84.51    79.83  90.10    73.56  83.83
2021-10-26    73.90  84.17    73.88  84.14   211.39 221.66    73.33  83.60    78.92  89.18    72.65  82.92
2021-10-27    73.00  83.25    72.97  83.23   210.48 220.74    72.43  82.68    78.01  88.27    71.75  82.00
2021-10-28    72.09  82.34    72.06  82.31   209.58 219.83    71.52  81.77    77.11  87.36    70.84  81.09
2021-10-29    71.18  81.43    71.16  81.40   208.67 218.91    70.61  80.86    76.20  86.44    69.93  80.18
2021-10-30    70.28  80.51    70.25  80.49   207.77 218.00    69.71  79.94    75.29  85.53    69.03  79.26
2021-10-31    69.37  79.60    69.35  79.58   206.86 217.09    68.80  79.03    74.39  84.62    68.12  78.35
2021-11-01    68.47  78.69    68.44  78.67   205.95 216.18    67.90  78.12    73.48  83.71    67.22  77.44
2021-11-02    67.56  77.78    67.53  77.75   205.05 215.27    66.99  77.21    72.58  82.80    66.31  76.53
2021-11-03    66.65  76.87    66.63  76.84   204.14 214.36    66.08  76.30    71.67  81.89    65.40  75.62
2021-11-04    65.75  75.96    65.72  75.93   203.24 213.45    65.18  75.39    70.76  80.98    64.50  74.71
2021-11-05    64.84  75.05    64.82  75.02   202.33 212.54    64.27  74.48    69.86  80.07    63.59  73.80
2021-11-06    63.93  74.14    63.91  74.11   201.42 211.63    63.36  73.57    68.95  79.16    62.68  72.89
2021-11-07    63.03  73.23    63.00  73.20   200.51 210.72    62.46  72.66    68.04  78.25    61.78  71.98
2021-11-08    62.12  72.32    62.09  72.29   199.61 209.81    61.55  71.75    67.13  77.34    60.87  71.07
2021-11-09    61.21  71.41    61.18  71.38   198.70 208.90    60.64  70.84    66.23  76.43    59.96  70.16
2021-11-10    60.30  70.50    60.27  70.47   197.79 207.99    59.73  69.93    65.32  75.52    59.05  69.25
2021-11-11    59.39  69.59    59.36  69.56   196.88 207.08    58.82  69.02    64.41  74.61    58.14  68.34
2021-11-12    58.48  68.68    58.45  68.65   195.97 206.17    57.91  68.11    63.49  73.69    57.23  67.43
2021-11-13    57.57  67.77    57.54  67.74   195.05 205.25    57.00  67.20    62.58  72.78    56.31  66.52
2021-11-14    56.65  66.85    56.63  66.83   194.14 204.34    56.08  66.28    61.67  71.87    55.40  65.60
2021-11-15    55.74  65.94    55.71  65.92   193.22 203.43    55.17  65.37    60.75  70.96    54.49  64.69
2021-11-16    54.82  65.03    54.79  65.00   192.31 202.52    54.25  64.46    59.84  70.04    53.57  63.78
2021-11-17    53.97  64.05    53.94  64.02   191.45 201.54    53.40  63.48    58.98  69.07    52.71  62.80
2021-11-18    53.31  62.87    53.28  62.85   190.79 200.36    52.74  62.30    58.32  67.89    52.06  61.62
2021-11-19    52.65  61.70    52.62  61.67   190.13 199.18    52.08  61.13    57.66  66.71    51.39  60.45
2021-11-20    51.98  60.52    51.96  60.49   189.47 198.01    51.41  59.95    57.00  65.53    50.73  59.27
2021-11-21    51.32  59.34    51.29  59.31   188.80 196.83    50.75  58.77    56.33  64.35    50.07  58.09
2021-11-22    50.65  58.16    50.62  58.13   188.14 195.65    50.08  57.59    55.67  63.17    49.40  56.91
2021-11-23    49.98  56.98    49.95  56.95   187.47 194.46    49.41  56.41    55.00  61.99    48.73  55.73

2022-04-27   251.86 258.91   251.83 258.88    29.35  36.40   251.29 258.34   256.87 263.92   250.61 257.66
2022-04-28   250.73 258.27   250.70 258.25    28.21  35.76   250.16 257.70   255.74 263.29   249.47 257.02
2022-04-29   249.59 257.64   249.57 257.61    27.08  35.13   249.02 257.07   254.61 262.66   248.34 256.39
2022-04-30   248.46 257.01   248.44 256.98    25.95  34.50   247.89 256.44   253.48 262.03   247.21 255.76
2022-05-01   247.33 256.38   247.31 256.35    24.82  33.87   246.76 255.81   252.35 261.40   246.08 255.13
2022-05-02   246.20 255.75   246.18 255.73    23.69  33.24   245.63 255.18   251.22 260.77   244.95 254.50
2022-05-03   245.07 255.13   245.05 255.10    22.56  32.62   244.50 254.56   250.09 260.14   243.82 253.88
2022-05-04   244.12 254.33   244.09 254.30    21.61  31.81   243.55 253.76   249.13 259.34   242.87 253.08
2022-05-05   243.24 253.45   243.22 253.42    20.73  30.94   242.67 252.88   248.26 258.46   241.99 252.20
2022-05-06   242.37 252.57   242.34 252.55    19.86  30.06   241.80 252.00   247.39 257.59   241.12 251.32
2022-05-07   241.50 251.70   241.47 251.67    18.98  29.18   240.93 251.13   246.51 256.71   240.24 250.45
2022-05-08   240.62 250.82   240.59 250.80    18.11  28.31   240.05 250.25   245.64 255.84   239.37 249.57
2022-05-09   239.75 249.95   239.72 249.92    17.23  27.43   239.18 249.38   244.76 254.96   238.50 248.70
2022-05-10   238.87 249.07   238.85 249.05    16.36  26.56   238.30 248.50   243.89 254.09   237.62 247.82
2022-05-11   238.00 248.20   237.97 248.17    15.49  25.69   237.43 247.63   243.01 253.21   236.75 246.95
2022-05-12   237.12 247.33   237.10 247.30    14.61  24.81   236.55 246.76   242.14 252.34   235.87 246.07
2022-05-13   236.25 246.45   236.22 246.43    13.74  23.94   235.68 245.88   241.26 251.47   235.00 245.20
2022-05-14   235.37 245.58   235.35 245.55    12.86  23.07   234.80 245.01   240.39 250.59   234.12 244.33
2022-05-15   234.50 244.71   234.47 244.68    11.99  22.19   233.93 244.14   239.51 249.72   233.25 243.46
2022-05-16   233.62 243.83   233.60 243.81    11.11  21.32   233.05 243.26   238.64 248.85   232.37 242.58
2022-05-17   232.74 242.96   232.72 242.93    10.23  20.45   232.17 242.39   237.76 247.97   231.49 241.71
2022-05-18   231.87 242.09   231.84 242.06     9.35  19.57   231.30 241.52   236.88 247.10   230.62 240.83
2022-05-19   230.99 241.21   230.96 241.18     8.48  18.70   230.42 240.64   236.00 246.23   229.74 239.96
2022-05-20   230.11 240.34   230.08 240.31     7.60  17.82   229.54 239.77   235.12 245.35   228.86 239.09
2022-05-21   229.23 239.46   229.20 239.43     6.71  16.95   228.66 238.89   234.24 244.48   227.98 238.21
2022-05-22   228.35 238.58   228.32 238.56     5.83  16.07   227.78 238.01   233.36 243.60   227.09 237.33
2022-05-23   227.46 237.71   227.44 237.68     4.95  15.20   226.89 237.14   232.48 242.72   226.21 236.46
2022-05-24   226.58 236.83   226.55 236.80     4.07  14.32   226.01 236.26   231.59 241.85   225.33 235.58
2022-05-25   225.69 235.95   225.67 235.93     3.18  13.44   225.12 235.38   230.71 240.97   224.44 234.70
2022-05-26   224.80 235.07   224.78 235.05     2.29  12.56   224.23 234.50   229.82 240.09   223.55 233.82
2022-05-27   223.91 234.19   223.89 234.16     1.40  11.68   223.34 233.62   228.93 239.21   222.66 232.94
2022-05-28   223.02 233.31   223.00 233.28     0.51  10.80   222.45 232.74   228.04 238.32   221.77 232.06
2022-05-29   222.13 232.43   222.11 232.40   359.62   9.91   221.56 231.86   227.15 237.44   220.88 231.18
2022-05-30   221.24 231.54   221.21 231.51   358.72   9.03   220.67 230.97   226.25 236.56   219.99 230.29
2022-05-31   220.34 230.66   220.31 230.63   357.83   8.14   219.77 230.09   225.36 235.67   219.09 229.40
2022-06-01   219.44 229.77   219.42 229.74   356.93   7.25   218.87 229.20   224.46 234.78   218.19 228.52
2022-06-02   218.54 228.88   218.52 228.85   356.03   6.37   217.97 228.31   223.56 233.89   217.29 227.63
2022-06-03   217.64 227.99   217.61 227.96   355.13   5.47   217.07 227.42   222.65 233.00   216.39 226.74
2022-06-04   216.73 227.09   216.71 227.07   354.22   4.58   216.16 226.52   221.75 232.11   215.48 225.84
2022-06-05   215.83 226.20   215.80 226.17   353.31   3.69   215.26 225.63   220.84 231.21   214.58 224.95
2022-06-06   214.92 225.30   214.89 225.27   352.41   2.79   214.35 224.73   219.93 230.32   213.67 224.05
2022-06-07   214.01 224.40   213.98 224.38   351.49   1.89   213.44 223.83   219.02 229.42   212.75 223.15
2022-06-08   213.09 223.50   213.06 223.47   350.58   0.99   212.52 222.93   218.11 228.52   211.84 222.25
2022-06-09   212.17 222.60   212.15 222.57   349.66   0.08   211.60 222.03   217.19 227.61   210.92 221.35
2022-06-10   211.25 221.69   211.23 221.67   348.74 359.18   210.68 221.12   216.27 226.71   210.00 220.44
2022-06-11   210.33 220.78   210.31 220.76   347.82 358.27   209.76 220.21   215.35 225.80   209.08 219.53
2022-06-12   209.41 219.87   209.38 219.85   346.89 357.36   208.84 219.30   214.42 224.89   208.16 218.62
2022-06-13   208.48 218.96   208.45 218.93   345.97 356.45   207.91 218.39   213.49 223.97   207.23 217.71
2022-06-14   207.55 218.04   207.52 218.02   345.03 355.53   206.98 217.47   212.56 223.06   206.30 216.79
2022-06-15   206.61 217.13   206.59 217.10   344.10 354.61   206.04 216.56   211.63 222.14   205.36 215.87
2022-06-16   205.68 216.20   205.65 216.18   343.16 353.69   205.11 215.63   210.69 221.22   204.43 214.95
2022-06-17   204.74 215.28   204.71 215.25   342.22 352.77   204.17 214.71   209.75 220.30   203.49 214.03
2022-06-18   203.79 214.35   203.77 214.33   341.28 351.84   203.22 213.78   208.81 219.37   202.54 213.10
2022-06-19   202.85 213.42   202.82 213.40   340.34 350.91   202.28 212.85   207.86 218.44   201.60 212.17
2022-06-20   201.90 212.49   201.87 212.46   339.39 349.98   201.33 211.92   206.91 217.51   200.65 211.24
2022-06-21   200.95 211.56   200.92 211.53   338.43 349.04   200.38 210.99   205.96 216.57   199.70 210.30
2022-06-22   199.99 210.62   199.96 210.59   337.48 348.10   199.42 210.05   205.01 215.63   198.74 209.37
2022-06-23   199.03 209.68   199.01 209.65   336.52 347.16   198.46 209.11   204.05 214.69   197.78 208.42
2022-06-24   198.07 208.73   198.04 208.70   335.56 346.22   197.50 208.16   203.09 213.75   196.82 207.48
2022-06-25   197.11 207.78   197.08 207.76   334.59 345.27   196.54 207.21   202.12 212.80   195.85 206.53
2022-06-26   196.14 206.83   196.11 206.81   333.62 344.32   195.57 206.26   201.15 211.85   194.89 205.58
2022-06-27   195.17 205.88   195.14 205.85   332.65 343.36   194.60 205.31   200.18 210.89   193.91 204.63
2022-06-28   194.19 204.92   194.16 204.89   331.68 342.41   193.62 204.35   199.21 209.94   192.94 203.67
2022-06-29   193.21 203.96   193.19 203.93   330.70 341.45   192.64 203.39   198.23 208.97   191.96 202.71
2022-06-30   192.23 203.00   192.20 202.97   329.72 340.48   191.66 202.43   197.25 208.01   190.98 201.74
2022-07-01   191.25 202.03   191.22 202.00   328.73 339.52   190.68 201.46   196.26 207.04   190.00 200.78
2022-07-02   190.26 201.06   190.23 201.03   327.75 338.54   189.69 200.49   195.27 206.07   189.01 199.81
2022-07-03   189.27 200.08   189.24 200.06   326.76 337.57   188.70 199.51   194.28 205.10   188.02 198.83
2022-07-04   188.27 199.11   188.25 199.08   325.76 336.59   187.70 198.54   193.29 204.12   187.02 197.86
2022-07-05   187.28 198.13   187.25 198.10   324.76 335.61   186.71 197.56   192.29 203.14   186.03 196.88
2022-07-06   186.28 197.14   186.25 197.12   323.76 334.63   185.71 196.57   191.29 202.16   185.03 195.89
2022-07-07   185.27 196.16   185.25 196.13   322.76 333.64   184.70 195.59   190.29 201.17   184.02 194.91
2022-07-08   184.27 195.17   184.24 195.14   321.75 332.65   183.70 194.60   189.28 200.18   183.02 193.92
2022-07-09   183.26 194.17   183.23 194.15   320.74 331.66   182.69 193.60   188.27 199.19   182.01 192.92
2022-07-10   182.24 193.18   182.22 193.15   319.73 330.67   181.67 192.61   187.26 198.19   180.99 191.93
2022-07-11   181.23 192.18   181.20 192.15   318.72 329.67   180.66 191.61   186.24 197.19   179.98 190.93
2022-07-12   180.21 191.18   180.19 191.15   317.70 328.66   179.64 190.61   185.23 196.19   178.96 189.93
2022-07-13   179.19 190.17   179.16 190.14   316.68 327.66   178.62 189.60   184.21 195.19   177.94 188.92
2022-07-14   178.17 189.16   178.14 189.14   315.66 326.65   177.60 188.59   183.18 194.18   176.92 187.91
2022-07-15   177.14 188.15   177.12 188.13   314.63 325.64   176.57 187.58   182.16 193.17   175.89 186.90
2022-07-16   176.11 187.14   176.09 187.11   313.60 324.63   175.54 186.57   181.13 192.15   174.86 185.89
2022-07-17   175.08 186.12   175.06 186.09   312.57 323.61   174.51 185.55   180.10 191.14   173.83 184.87
2022-07-18   174.05 185.10   174.02 185.08   311.54 322.59   173.48 184.53   179.06 190.12   172.80 183.85
2022-07-19   173.01 184.08   172.99 184.05   310.50 321.57   172.44 183.51   178.03 189.09   171.76 182.83
2022-07-20   171.98 183.05   171.95 183.03   309.46 320.54   171.41 182.48   176.99 188.07   170.73 181.80
2022-07-21   170.94 182.03   170.91 182.00   308.42 319.51   170.37 181.46   175.95 187.04   169.69 180.78
2022-07-22   169.89 181.00   169.87 180.97   307.38 318.49   169.32 180.43   174.91 186.01   168.64 179.75
2022-07-23   168.85 179.97   168.82 179.94   306.34 317.45   168.28 179.40   173.87 184.98   167.60 178.71
2022-07-24   167.81 178.93   167.78 178.90   305.29 316.42   167.24 178.36   172.82 183.95   166.56 177.68
2022-07-25   166.76 177.89   166.73 177.87   304.25 315.38   166.19 177.32   171.77 182.91   165.51 176.64
2022-07-26   165.71 176.86   165.68 176.83   303.20 314.34   165.14 176.29   170.73 181.87   164.46 175.61
2022-07-27   164.66 175.82   164.63 175.79   302.15 313.30   164.09 175.25   169.68 180.83   163.41 174.56
2022-07-28   163.61 174.77   163.58 174.75   301.10 312.26   163.04 174.20   168.62 179.79   162.36 173.52
2022-07-29   162.56 173.73   162.53 173.70   300.04 311.22   161.99 173.16   167.57 178.74   161.31 172.48
2022-07-30   161.50 172.68   161.48 172.66   298.99 310.17   160.93 172.11   166.52 177.70   160.25 171.43
2022-07-31   160.45 171.63   160.42 171.61   297.94 309.12   159.88 171.06   165.46 176.65   159.20 170.38
2022-08-01   159.39 170.59   159.37 170.56   296.88 308.07   158.82 170.02   164.41 175.60   158.14 169.33
2022-08-02   158.34 169.53   158.31 169.51   295.82 307.02   157.77 168.96   163.35 174.55   157.09 168.28
2022-08-03   157.28 168.48   157.25 168.46   294.77 305.97   156.71 167.91   162.29 173.50   156.03 167.23
2022-08-04   156.22 167.43   156.20 167.40   293.71 304.92   155.65 166.86   161.24 172.44   154.97 166.18
2022-08-05   155.16 166.38   155.14 166.35   292.65 303.86   154.59 165.81   160.18 171.39   153.91 165.12
2022-08-06   154.11 165.32   154.08 165.29   291.59 302.81   153.54 164.75   159.12 170.34   152.85 164.07
2022-08-07   153.05 164.26   153.02 164.24   290.53 301.75   152.48 163.69   158.06 169.28   151.80 163.01
2022-08-08   151.99 163.21   151.96 163.18   289.48 300.70   151.42 162.64   157.00 168.22   150.74 161.96
2022-08-09   150.93 162.15   150.90 162.12   288.42 299.64   150.36 161.58   155.95 167.17   149.68 160.90
2022-08-10   149.87 161.09   149.85 161.07   287.36 298.58   149.30 160.52   154.89 166.11   148.62 159.84
2022-08-11   148.81 160.03   148.79 160.01   286.30 297.52   148.24 159.46   153.83 165.05   147.56 158.78
2022-08-12   147.76 158.98   147.73 158.95   285.24 296.46   147.19 158.41   152.77 163.99   146.51 157.73
2022-08-13   146.70 157.92   146.67 157.89   284.19 295.41   146.13 157.35   151.71 162.93   145.45 156.67
2022-08-14   145.64 156.86   145.62 156.83   283.13 294.35   145.07 156.29   150.66 161.87   144.39 155.61
2022-08-15   144.59 155.80   144.56 155.77   282.07 293.29   144.02 155.23   149.60 160.82   143.34 154.55
2022-08-16   143.53 154.74   143.51 154.72   281.02 292.23   142.96 154.17   148.55 159.76   142.28 153.49
2022-08-17   142.48 153.68   142.45 153.66   279.97 291.17   141.91 153.11   147.49 158.70   141.23 152.43
2022-08-18   141.43 152.63   141.40 152.60   278.91 290.11   140.86 152.06   146.44 157.64   140.17 151.38
2022-08-19   140.37 151.57   140.35 151.54   277.86 289.06   139.80 151.00   145.39 156.59   139.12 150.32
2022-08-20   139.32 150.51   139.30 150.49   276.81 288.00   138.75 149.94   144.34 155.53   138.07 149.26
2022-08-21   138.28 149.46   138.25 149.43   275.76 286.95   137.71 148.89   143.29 154.47   137.02 148.21
2022-08-22   137.23 148.40   137.20 148.38   274.72 285.89   136.66 147.83   142.24 153.42   135.98 147.15
2022-08-23   136.18 147.35   136.16 147.32   273.67 284.84   135.61 146.78   141.20 152.37   134.93 146.10
2022-08-24   135.14 146.30   135.11 146.27   272.63 283.79   134.57 145.73   140.15 151.31   133.89 145.05
2022-08-25   134.10 145.25   134.07 145.22   271.58 282.74   133.53 144.68   139.11 150.26   132.85 144.00
2022-08-26   133.06 144.20   133.03 144.17   270.54 281.69   132.49 143.63   138.07 149.21   131.81 142.95
2022-08-27   132.02 143.15   131.99 143.12   269.50 280.64   131.45 142.58   137.03 148.16   130.77 141.90
2022-08-28   130.98 142.10   130.95 142.08   268.47 279.59   130.41 141.53   136.00 147.12   129.73 140.85
2022-08-29   129.95 141.06   129.92 141.03   267.43 278.54   129.38 140.49   134.96 146.07   128.70 139.81
2022-08-30   128.91 140.01   128.89 139.99   266.40 277.50   128.34 139.44   133.93 145.03   127.66 138.76
2022-08-31   127.89 138.97   127.86 138.95   265.37 276.46   127.32 138.40   132.90 143.99   126.63 137.72
2022-09-01   126.86 137.93   126.83 137.91   264.35 275.42   126.29 137.36   131.87 142.95   125.61 136.68
2022-09-02   125.83 136.89   125.81 136.87   263.32 274.38   125.26 136.32   130.85 141.91   124.58 135.64
2022-09-03   124.81 135.86   124.78 135.83   262.30 273.35   124.24 135.29   129.83 140.87   123.56 134.61
2022-09-04   123.79 134.82   123.76 134.80   261.28 272.31   123.22 134.25   128.80 139.84   122.54 133.57
2022-09-05   122.77 133.79   122.75 133.77   260.26 271.28   122.20 133.22   127.79 138.81   121.52 132.54
2022-09-06   121.76 132.76   121.73 132.74   259.24 270.25   121.19 132.19   126.77 137.78   120.51 131.51
2022-09-07   120.74 131.74   120.72 131.71   258.23 269.22   120.17 131.17   125.76 136.75   119.49 130.49
2022-09-08   119.73 130.71   119.71 130.68   257.22 268.20   119.16 130.14   124.75 135.73   118.48 129.46
2022-09-09   118.73 129.69   118.70 129.66   256.21 267.18   118.16 129.12   123.74 134.70   117.48 128.44
2022-09-10   117.72 128.67   117.70 128.64   255.21 266.16   117.15 128.10   122.74 133.68   116.47 127.42
2022-09-11   116.72 127.65   116.69 127.62   254.21 265.14   116.15 127.08   121.74 132.67   115.47 126.40
2022-09-12   115.72 126.64   115.70 126.61   253.21 264.12   115.15 126.07   120.74 131.65   114.47 125.39
2022-09-13   114.73 125.62   114.70 125.60   252.21 263.11   114.16 125.05   119.74 130.64   113.48 124.37
2022-09-14   113.73 124.61   113.71 124.59   251.22 262.10   113.16 124.04   118.75 129.63   112.48 123.36
2022-09-15   112.74 123.61   112.72 123.58   250.23 261.09   112.17 123.04   117.76 128.62   111.49 122.36
2022-09-16   111.75 122.60   111.73 122.58   249.24 260.09   111.18 122.03   116.77 127.62   110.50 121.35
2022-09-17   110.77 121.60   110.74 121.57   248.26 259.09   110.20 121.03   115.78 126.61   109.52 120.35
2022-09-18   109.79 120.60   109.76 120.57   247.27 258.09   109.22 120.03   114.80 125.62   108.54 119.35
2022-09-19   108.81 119.60   108.78 119.58   246.30 257.09   108.24 119.03   113.82 124.62   107.56 118.35
2022-09-20   107.83 118.61   107.80 118.58   245.32 256.10   107.26 118.04   112.85 123.63   106.58 117.36
2022-09-21   106.86 117.62   106.83 117.59   244.34 255.11   106.29 117.05   111.87 122.63   105.61 116.37
2022-09-22   105.89 116.63   105.86 116.60   243.37 254.12   105.32 116.06   110.90 121.65   104.64 115.38
2022-09-23   104.92 115.64   104.89 115.62   242.41 253.13   104.35 115.07   109.93 120.66   103.67 114.39
2022-09-24   103.95 114.66   103.93 114.64   241.44 252.15   103.38 114.09   108.97 119.68   102.70 113.41
2022-09-25   102.99 113.68   102.96 113.65   240.48 251.17   102.42 113.11   108.00 118.70   101.74 112.43
2022-09-26   102.03 112.70   102.00 112.68   239.52 250.19   101.46 112.13   107.04 117.72   100.78 111.45
2022-09-27   101.07 111.73   101.04 111.70   238.56 249.22   100.50 111.16   106.09 116.74    99.82 110.48
2022-09-28   100.12 110.76   100.09 110.73   237.60 248.24    99.55 110.19   105.13 115.77    98.86 109.51
2022-09-29    99.16 109.79    99.14 109.76   236.65 247.27    98.59 109.22   104.18 114.80    97.91 108.54
2022-09-30    98.21 108.82    98.19 108.79   235.70 246.31    97.64 108.25   103.23 113.83    96.96 107.57
2022-10-01    97.26 107.86    97.24 107.83   234.75 245.34    96.69 107.29   102.28 112.87    96.01 106.60
2022-10-02    96.32 106.89    96.29 106.87   233.81 244.38    95.75 106.32   101.33 111.91    95.07 105.64
2022-10-03    95.38 105.93    95.35 105.91   232.86 243.42    94.81 105.36   100.39 110.95    94.12 104.68
2022-10-04    94.43 104.98    94.41 104.95   231.92 242.46    93.86 104.41    99.45 109.99    93.18 103.73
2022-10-05    93.50 104.02    93.47 104.00   230.98 241.51    92.93 103.45    98.51 109.04    92.25 102.77
2022-10-06    92.56 103.07    92.53 103.04   230.05 240.56    91.99 102.50    97.57 108.09    91.31 101.82
2022-10-07    91.63 102.12    91.60 102.09   229.11 239.61    91.06 101.55    96.64 107.14    90.37 100.87
2022-10-08    90.69 101.17    90.67 101.15   228.18 238.66    90.12 100.60    95.71 106.19    89.44  99.92
2022-10-09    89.76 100.23    89.74 100.20   227.25 237.71    89.19  99.66    94.78 105.24    88.51  98.98
2022-10-10    88.83  99.28    88.81  99.26   226.32 236.77    88.26  98.71    93.85 104.30    87.58  98.03
2022-10-11    87.91  98.34    87.88  98.32   225.39 235.83    87.34  97.77    92.92 103.36    86.66  97.09
2022-10-12    86.98  97.40    86.96  97.38   224.47 234.89    86.41  96.83    92.00 102.42    85.73  96.15
2022-10-13    86.06  96.47    86.03  96.44   223.55 233.95    85.49  95.90    91.07 101.48    84.81  95.22
2022-10-14    85.14  95.53    85.11  95.51   222.62 233.02    84.57  94.96    90.15 100.55    83.89  94.28
2022-10-15    84.22  94.60    84.19  94.57   221.70 232.09    83.65  94.03    89.23  99.61    82.97  93.35
2022-10-16    83.30  93.67    83.27  93.64   220.78 231.15    82.73  93.10    88.31  98.68    82.05  92.42
2022-10-17    82.38  92.74    82.35  92.71   219.87 230.23    81.81  92.17    87.40  97.75    81.13  91.49
2022-10-18    81.46  91.81    81.44  91.78   218.95 229.30    80.89  91.24    86.48  96.82    80.21  90.56
2022-10-19    80.55  90.88    80.52  90.86   218.04 228.37    79.98  90.31    85.56  95.90    79.30  89.63
2022-10-20    79.63  89.96    79.61  89.93   217.12 227.45    79.06  89.39    84.65  94.97    78.38  88.71
2022-10-21    78.72  89.04    78.70  89.01   216.21 226.52    78.15  88.47    83.74  94.05    77.47  87.78
2022-10-22    77.81  88.11    77.78  88.09   215.30 225.60    77.24  87.54    82.83  93.13    76.56  86.86
2022-10-23    76.90  87.19    76.87  87.17   214.39 224.68    76.33  86.62    81.91  92.21    75.65  85.94
2022-10-24    75.99  86.27    75.96  86.25   213.48 223.76    75.42  85.70    81.00  91.29    74.74  85.02
2022-10-25    75.08  85.35    75.05  85.33   212.57 222.84    74.51  84.78    80.09  90.37    73.83  84.10
2022-10-26    74.17  84.44    74.14  84.41   211.66 221.92    73.60  83.87    79.19  89.45    72.92  83.19
2022-10-27    73.26  83.52    73.24  83.49   210.75 221.01    72.69  82.95    78.28  88.54    72.01  82.27
2022-10-28    72.35  82.61    72.33  82.58   209.84 220.09    71.78  82.04    77.37  87.62    71.10  81.35
2022-10-29    71.45  81.69    71.42  81.66   208.93 219.18    70.88  81.12    76.46  86.71    70.20  80.44
2022-10-30    70.54  80.78    70.51  80.75   208.03 218.26    69.97  80.21    75.55  85.79    69.29  79.53
2022-10-31    69.63  79.86    69.61  79.84   207.12 217.35    69.06  79.29    74.65  84.88    68.38  78.61
2022-11-01    68.72  78.95    68.70  78.92   206.21 216.44    68.15  78.38    73.74  83.97    67.47  77.70
2022-11-02    67.82  78.04    67.79  78.01   205.30 215.53    67.25  77.47    72.83  83.05    66.57  76.79
2022-11-03    66.91  77.13    66.88  77.10   204.40 214.61    66.34  76.56    71.93  82.14    65.66  75.88
2022-11-04    66.00  76.22    65.98  76.19   203.49 213.70    65.43  75.65    71.02  81.23    64.75  74.96
2022-11-05    65.09  75.30    65.07  75.28   202.58 212.79    64.52  74.73    70.11  80.32    63.84  74.05
2022-11-06    64.19  74.39    64.16  74.37   201.67 211.88    63.62  73.82    69.20  79.41    62.94  73.14
2022-11-07    63.28  73.48    63.25  73.45   200.76 210.97    62.71  72.91    68.29  78.50    62.03  72.23
2022-11-08    62.37  72.57    62.34  72.54   199.85 210.06    61.80  72.00    67.38  77.59    61.12  71.32
2022-11-09    61.46  71.66    61.43  71.63   198.94 209.15    60.89  71.09    66.47  76.67    60.21  70.41
2022-11-10    60.55  70.75    60.52  70.72   198.03 208.23    59.98  70.18    65.56  75.76    59.30  69.50
2022-11-11    59.63  69.83    59.61  69.81   197.12 207.32    59.06  69.26    64.65  74.85    58.38  68.58
2022-11-12    58.72  68.92    58.69  68.90   196.21 206.41    58.15  68.35    63.74  73.94    57.47  67.67
2022-11-13    57.81  68.01    57.78  67.98   195.29 205.50    57.24  67.44    62.82  73.02    56.56  66.76
2022-11-14    56.89  67.09    56.87  67.07   194.38 204.58    56.32  66.52    61.91  72.11    55.64  65.84
2022-11-15    55.98  66.18    55.95  66.15   193.46 203.67    55.41  65.61    60.99  71.20    54.73  64.93
2022-11-16    55.06  65.26    55.03  65.24   192.55 202.75    54.49  64.69    60.07  70.28    53.81  64.01
2022-11-17    54.14  64.35    54.11  64.32   191.63 201.84    53.57  63.78    59.15  69.36    52.89  63.10
2022-11-18    53.46  63.19    53.44  63.16   190.95 200.67    52.89  62.62    58.48  68.20    52.21  61.93
2022-11-19    52.80  62.01    52.78  61.98   190.29 199.49    52.23  61.44    57.82  67.02    51.55  60.76
2022-11-20    52.14  60.83    52.11  60.80   189.63 198.31    51.57  60.26    57.15  65.84    50.89  59.58
2022-11-21    51.47  59.65    51.45  59.62   188.96 197.13    50.90  59.08    56.49  64.66    50.22  58.40
2022-11-22    50.80  58.46    50.78  58.44   188.29 195.95    50.23  57.89    55.82  63.48    49.55  57.21
2022-11-23    50.13  57.28    50.11  57.25   187.62 194.77    49.56  56.71    55.15  62.30    48.88  56.03

2023-04-27   252.19 259.10   252.16 259.08    29.68  36.59   251.62 258.53   257.21 264.12   250.94 257.85
2023-04-28   251.06 258.47   251.03 258.44    28.54  35.96   250.49 257.90   256.07 263.48   249.81 257.22
2023-04-29   249.92 257.84   249.90 257.81    27.41  35.32   249.35 257.27   254.94 262.85   248.67 256.58
2023-04-30   248.79 257.20   248.76 257.18    26.28  34.69   248.22 256.63   253.81 262.22   247.54 255.95
2023-05-01   247.66 256.57   247.63 256.55    25.15  34.06   247.09 256.00   252.67 261.59   246.41 255.32
2023-05-02   246.53 255.95   246.50 255.92    24.01  33.43   245.96 255.38   251.54 260.96   245.28 254.69
2023-05-03   245.39 255.32   245.37 255.29    22.88  32.81   244.82 254.75   250.41 260.33   244.14 254.07
2023-05-04   244.37 254.58   244.35 254.56    21.86  32.07   243.80 254.01   249.39 259.60   243.12 253.33
2023-05-05   243.50 253.70   243.47 253.68    20.99  31.19   242.93 253.13   248.51 258.72   242.25 252.45
2023-05-06   242.62 252.83   242.60 252.80    20.11  30.31   242.05 252.26   247.64 257.84   241.37 251.57
2023-05-07   241.75 251.95   241.72 251.92    19.23  29.44   241.18 251.38   246.76 256.96   240.50 250.70
2023-05-08   240.87 251.07   240.84 251.04    18.36  28.56   240.30 250.50   245.89 256.09   239.62 249.82
2023-05-09   240.00 250.20   239.97 250.17    17.48  27.68   239.43 249.63   245.01 255.21   238.74 248.94
2023-05-10   239.12 249.32   239.09 249.29    16.61  26.81   238.55 248.75   244.13 254.33   237.87 248.07
2023-05-11   238.24 248.44   238.22 248.42    15.73  25.93   237.67 247.87   243.26 253.46   236.99 247.19
2023-05-12   237.37 247.57   237.34 247.54    14.86  25.06   236.80 247.00   242.38 252.58   236.12 246.32
2023-05-13   236.49 246.69   236.47 246.67    13.98  24.18   235.92 246.12   241.51 251.71   235.24 245.44
2023-05-14   235.62 245.82   235.59 245.79    13.10  23.31   235.05 245.25   240.63 250.84   234.36 244.57
2023-05-15   234.74 244.95   234.71 244.92    12.23  22.43   234.17 244.38   239.75 249.96   233.49 243.69
2023-05-16   233.86 244.07   233.83 244.04    11.35  21.56   233.29 243.50   238.88 249.09   232.61 242.82
2023-05-17   232.98 243.20   232.96 243.17    10.47  20.68   232.41 242.63   238.00 248.21   231.73 241.94
2023-05-18   232.10 242.32   232.08 242.29     9.59  19.81   231.53 241.75   237.12 247.34   230.85 241.07
2023-05-19   231.22 241.44   231.20 241.42     8.71  18.93   230.65 240.87   236.24 246.46   229.97 240.19
2023-05-20   230.34 240.57   230.32 240.54     7.83  18.06   229.77 240.00   235.36 245.58   229.09 239.32
2023-05-21   229.46 239.69   229.43 239.67     6.95  17.18   228.89 239.12   234.47 244.71   228.21 238.44
2023-05-22   228.58 238.81   228.55 238.79     6.06  16.30   228.01 238.24   233.59 243.83   227.33 237.56
2023-05-23   227.69 237.94   227.67 237.91     5.18  15.42   227.12 237.37   232.71 242.95   226.44 236.69
2023-05-24   226.81 237.06   226.78 237.03     4.29  14.54   226.24 236.49   231.82 242.07   225.56 235.81
2023-05-25   225.92 236.18   225.89 236.15     3.41  13.66   225.35 235.61   230.93 241.19   224.67 234.93
2023-05-26   225.03 235.30   225.00 235.27     2.52  12.78   224.46 234.73   230.04 240.31   223.78 234.05
2023-05-27   224.14 234.41   224.11 234.39     1.63  11.90   223.57 233.84   229.15 239.43   222.89 233.16
2023-05-28   223.25 233.53   223.22 233.50     0.73  11.02   222.68 232.96   228.26 238.55   222.00 232.28
2023-05-29   222.35 232.65   222.33 232.62   359.84  10.13   221.78 232.08   227.37 237.66   221.10 231.40
2023-05-30   221.46 231.76   221.43 231.73   358.95   9.25   220.89 231.19   226.47 236.78   220.21 230.51
2023-05-31   220.56 230.87   220.53 230.85   358.05   8.36   219.99 230.30   225.58 235.89   219.31 229.62
2023-06-01   219.66 229.98   219.63 229.96   357.15   7.47   219.09 229.41   224.68 235.00   218.41 228.73
2023-06-02   218.76 229.09   218.73 229.07   356.25   6.58   218.19 228.52   223.77 234.11   217.51 227.84
2023-06-03   217.86 228.20   217.83 228.17   355.34   5.69   217.29 227.63   222.87 233.22   216.60 226.95
2023-06-04   216.95 227.31   216.92 227.28   354.44   4.79   216.38 226.74   221.96 232.32   215.70 226.06
2023-06-05   216.04 226.41   216.01 226.38   353.53   3.90   215.47 225.84   221.06 231.42   214.79 225.16
2023-06-06   215.13 225.51   215.10 225.49   352.62   3.00   214.56 224.94   220.15 230.53   213.88 224.26
2023-06-07   214.22 224.61   214.19 224.58   351.70   2.10   213.65 224.04   219.23 229.63   212.97 223.36
2023-06-08   213.30 223.71   213.27 223.68   350.79   1.20   212.73 223.14   218.32 228.72   212.05 222.46
2023-06-09   212.38 222.80   212.36 222.78   349.87   0.29   211.81 222.23   217.40 227.82   211.13 221.55
2023-06-10   211.46 221.90   211.44 221.87   348.95 359.38   210.89 221.33   216.48 226.91   210.21 220.65
2023-06-11   210.54 220.99   210.51 220.96   348.03 358.48   209.97 220.42   215.55 226.00   209.29 219.74
2023-06-12   209.61 220.08   209.59 220.05   347.10 357.56   209.04 219.51   214.63 225.09   208.36 218.83
2023-06-13   208.68 219.16   208.66 219.14   346.17 356.65   208.11 218.59   213.70 224.18   207.43 217.91
2023-06-14   207.75 218.25   207.72 218.22   345.24 355.73   207.18 217.68   212.77 223.26   206.50 216.99
2023-06-15   206.82 217.33   206.79 217.30   344.30 354.81   206.25 216.76   211.83 222.34   205.57 216.07
2023-06-16   205.88 216.40   205.85 216.38   343.37 353.89   205.31 215.83   210.89 221.42   204.63 215.15
2023-06-17   204.94 215.48   204.91 215.45   342.43 352.97   204.37 214.91   209.95 220.49   203.69 214.23
2023-06-18   203.99 214.55   203.97 214.52   341.48 352.04   203.42 213.98   209.01 219.57   202.74 213.30
2023-06-19   203.05 213.62   203.02 213.59   340.54 351.11   202.48 213.05   208.06 218.64   201.80 212.37
2023-06-20   202.10 212.69   202.07 212.66   339.59 350.17   201.53 212.12   207.11 217.70   200.85 211.44
2023-06-21   201.14 211.75   201.12 211.72   338.63 349.24   200.57 211.18   206.16 216.77   199.89 210.50
2023-06-22   200.19 210.81   200.16 210.79   337.68 348.30   199.62 210.24   205.20 215.83   198.94 209.56
2023-06-23   199.23 209.87   199.20 209.84   336.72 347.36   198.66 209.30   204.24 214.88   197.98 208.62
2023-06-24   198.27 208.92   198.24 208.90   335.75 346.41   197.70 208.35   203.28 213.94   197.02 207.67
2023-06-25   197.30 207.98   197.28 207.95   334.79 345.46   196.73 207.41   202.32 212.99   196.05 206.73
2023-06-26   196.33 207.02   196.31 207.00   333.82 344.51   195.76 206.45   201.35 212.04   195.08 205.77
2023-06-27   195.36 206.07   195.33 206.04   332.85 343.56   194.79 205.50   200.38 211.09   194.11 204.82
2023-06-28   194.39 205.11   194.36 205.09   331.87 342.60   193.82 204.54   199.40 210.13   193.14 203.86
2023-06-29   193.41 204.15   193.38 204.13   330.90 341.64   192.84 203.58   198.42 209.17   192.16 202.90
2023-06-30   192.43 203.19   192.40 203.16   329.91 340.68   191.86 202.62   197.44 208.20   191.18 201.94
2023-07-01   191.44 202.22   191.42 202.19   328.93 339.71   190.87 201.65   196.46 207.24   190.19 200.97
2023-07-02   190.45 201.25   190.43 201.22   327.94 338.74   189.88 200.68   195.47 206.27   189.20 200.00
2023-07-03   189.46 200.28   189.44 200.25   326.95 337.76   188.89 199.71   194.48 205.29   188.21 199.03
2023-07-04   188.47 199.30   188.44 199.27   325.96 336.79   187.90 198.73   193.49 204.32   187.22 198.05
2023-07-05   187.47 198.32   187.45 198.29   324.96 335.81   186.90 197.75   192.49 203.34   186.22 197.07
2023-07-06   186.47 197.34   186.45 197.31   323.96 334.83   185.90 196.77   191.49 202.35   185.22 196.09
2023-07-07   185.47 196.35   185.44 196.33   322.96 333.84   184.90 195.78   190.49 201.37   184.22 195.10
2023-07-08   184.47 195.36   184.44 195.34   321.95 332.85   183.90 194.79   189.48 200.38   183.22 194.11
2023-07-09   183.46 194.37   183.43 194.34   320.94 331.86   182.89 193.80   188.47 199.39   182.21 193.12
2023-07-10   182.45 193.38   182.42 193.35   319.93 330.86   181.88 192.81   187.46 198.39   181.20 192.13
2023-07-11   181.43 192.38   181.41 192.35   318.92 329.87   180.86 191.81   186.45 197.39   180.18 191.13
2023-07-12   180.42 191.38   180.39 191.35   317.90 328.86   179.85 190.81   185.43 196.39   179.16 190.13
2023-07-13   179.40 190.37   179.37 190.35   316.88 327.86   178.83 189.80   184.41 195.39   178.15 189.12
2023-07-14   178.37 189.37   178.35 189.34   315.86 326.85   177.80 188.80   183.39 194.38   177.12 188.12
2023-07-15   177.35 188.36   177.32 188.33   314.84 325.84   176.78 187.79   182.36 193.37   176.10 187.11
2023-07-16   176.32 187.34   176.30 187.32   313.81 324.83   175.75 186.77   181.34 192.36   175.07 186.09
2023-07-17   175.29 186.33   175.27 186.30   312.78 323.82   174.72 185.76   180.31 191.34   174.04 185.08
2023-07-18   174.26 185.31   174.24 185.28   311.75 322.80   173.69 184.74   179.28 190.33   173.01 184.06
2023-07-19   173.23 184.29   173.20 184.26   310.72 321.78   172.66 183.72   178.24 189.31   171.98 183.04
2023-07-20   172.19 183.27   172.17 183.24   309.68 320.75   171.62 182.70   177.21 188.28   170.94 182.02
2023-07-21   171.15 182.24   171.13 182.22   308.64 319.73   170.58 181.67   176.17 187.26   169.90 180.99
2023-07-22   170.12 181.21   170.09 181.19   307.60 318.70   169.55 180.64   175.13 186.23   168.86 179.96
2023-07-23   169.07 180.18   169.05 180.16   306.56 317.67   168.50 179.61   174.09 185.20   167.82 178.93
2023-07-24   168.03 179.15   168.00 179.13   305.52 316.64   167.46 178.58   173.05 184.17   166.78 177.90
2023-07-25   166.99 178.12   166.96 178.09   304.47 315.61   166.42 177.55   172.00 183.13   165.73 176.87
2023-07-26   165.94 177.08   165.91 177.05   303.43 314.57   165.37 176.51   170.95 182.10   164.69 175.83
2023-07-27   164.89 176.04   164.86 176.02   302.38 313.53   164.32 175.47   169.91 181.06   163.64 174.79
2023-07-28   163.84 175.00   163.82 174.98   301.33 312.49   163.27 174.43   168.86 180.02   162.59 173.75
2023-07-29   162.79 173.96   162.77 173.93   300.28 311.45   162.22 173.39   167.81 178.98   161.54 172.71
2023-07-30   161.74 172.92   161.71 172.89   299.23 310.40   161.17 172.35   166.76 177.93   160.49 171.67
2023-07-31   160.69 171.87   160.66 171.84   298.18 309.36   160.12 171.30   165.70 176.89   159.44 170.62
2023-08-01   159.63 170.82   159.61 170.80   297.12 308.31   159.06 170.25   164.65 175.84   158.38 169.57
2023-08-02   158.58 169.78   158.55 169.75   296.07 307.26   158.01 169.21   163.60 174.79   157.33 168.53
2023-08-03   157.53 168.73   157.50 168.70   295.01 306.21   156.96 168.16   162.54 173.74   156.27 167.48
2023-08-04   156.47 167.68   156.44 167.65   293.96 305.16   155.90 167.11   161.49 172.69   155.22 166.42
2023-08-05   155.41 166.62   155.39 166.60   292.90 304.11   154.84 166.05   160.43 171.64   154.16 165.37
2023-08-06   154.36 165.57   154.33 165.54   291.85 303.06   153.79 165.00   159.37 170.59   153.11 164.32
2023-08-07   153.30 164.52   153.28 164.49   290.79 302.00   152.73 163.95   158.32 169.53   152.05 163.27
2023-08-08   152.25 163.46   152.22 163.44   289.73 300.95   151.68 162.89   157.26 168.48   151.00 162.21
2023-08-09   151.19 162.41   151.16 162.38   288.68 299.90   150.62 161.84   156.20 167.42   149.94 161.16
2023-08-10   150.13 161.35   150.11 161.33   287.62 298.84   149.56 160.78   155.15 166.37   148.88 160.10
2023-08-11   149.08 160.30   149.05 160.27   286.57 297.78   148.51 159.73   154.09 165.31   147.83 159.05
2023-08-12   148.02 159.24   148.00 159.21   285.51 296.73   147.45 158.67   153.04 164.26   146.77 157.99
2023-08-13   146.97 158.18   146.94 158.16   284.45 295.67   146.40 157.61   151.98 163.20   145.72 156.93
2023-08-14   145.91 157.13   145.89 157.10   283.40 294.62   145.34 156.56   150.93 162.14   144.66 155.88
2023-08-15   144.86 156.07   144.83 156.05   282.35 293.56   144.29 155.50   149.87 161.09   143.61 154.82
2023-08-16   143.81 155.02   143.78 154.99   281.29 292.50   143.24 154.45   148.82 160.03   142.56 153.77
2023-08-17   142.75 153.96   142.73 153.93   280.24 291.45   142.18 153.39   147.77 158.98   141.50 152.71
2023-08-18   141.70 152.90   141.68 152.88   279.19 290.39   141.13 152.33   146.72 157.92   140.45 151.65
2023-08-19   140.65 151.85   140.63 151.82   278.14 289.34   140.08 151.28   145.67 156.87   139.40 150.60
2023-08-20   139.61 150.80   139.58 150.77   277.09 288.28   139.04 150.23   144.62 155.81   138.35 149.55
2023-08-21   138.56 149.74   138.53 149.72   276.05 287.23   137.99 149.17   143.57 154.76   137.31 148.49
2023-08-22   137.51 148.69   137.49 148.66   275.00 286.18   136.94 148.12   142.53 153.70   136.26 147.44
2023-08-23   136.47 147.64   136.44 147.61   273.96 285.13   135.90 147.07   141.48 152.65   135.22 146.39
2023-08-24   135.43 146.59   135.40 146.56   272.91 284.07   134.86 146.02   140.44 151.60   134.18 145.34
2023-08-25   134.39 145.54   134.36 145.51   271.87 283.03   133.82 144.97   139.40 150.55   133.13 144.29
2023-08-26   133.35 144.49   133.32 144.46   270.83 281.98   132.78 143.92   138.36 149.51   132.10 143.24
2023-08-27   132.31 143.44   132.28 143.42   269.80 280.93   131.74 142.87   137.32 148.46   131.06 142.19
2023-08-28   131.27 142.40   131.25 142.37   268.76 279.89   130.70 141.83   136.29 147.41   130.02 141.15
2023-08-29   130.24 141.35   130.22 141.33   267.73 278.84   129.67 140.78   135.26 146.37   128.99 140.10
2023-08-30   129.21 140.31   129.18 140.29   266.70 277.80   128.64 139.74   134.23 145.33   127.96 139.06
2023-08-31   128.18 139.27   128.16 139.24   265.67 276.76   127.61 138.70   133.20 144.29   126.93 138.02
2023-09-01   127.16 138.23   127.13 138.21   264.64 275.72   126.59 137.66   132.17 143.25   125.90 136.98
2023-09-02   126.13 137.20   126.11 137.17   263.62 274.68   125.56 136.63   131.15 142.21   124.88 135.94
2023-09-03   125.11 136.16   125.08 136.13   262.60 273.65   124.54 135.59   130.13 141.18   123.86 134.91
2023-09-04   124.09 135.13   124.06 135.10   261.58 272.62   123.52 134.56   129.11 140.14   122.84 133.88
2023-09-05   123.07 134.10   123.05 134.07   260.56 271.58   122.50 133.53   128.09 139.11   121.82 132.85
2023-09-06   122.06 133.07   122.03 133.04   259.55 270.56   121.49 132.50   127.07 138.08   120.81 131.82
2023-09-07   121.05 132.04   121.02 132.02   258.53 269.53   120.48 131.47   126.06 137.06   119.80 130.79
2023-09-08   120.04 131.02   120.01 130.99   257.53 268.51   119.47 130.45   125.05 136.03   118.79 129.77
2023-09-09   119.03 130.00   119.00 129.97   256.52 267.48   118.46 129.43   124.05 135.01   117.78 128.75
2023-09-10   118.03 128.98   118.00 128.95   255.51 266.46   117.46 128.41   123.04 133.99   116.78 127.73
2023-09-11   117.03 127.96   117.00 127.93   254.51 265.45   116.46 127.39   122.04 132.97   115.78 126.71
2023-09-12   116.03 126.94   116.00 126.92   253.51 264.43   115.46 126.37   121.04 131.96   114.78 125.69
2023-09-13   115.03 125.93   115.01 125.91   252.52 263.42   114.46 125.36   120.05 130.95   113.78 124.68
2023-09-14   114.04 124.92   114.01 124.90   251.53 262.41   113.47 124.35   119.05 129.94   112.79 123.67
2023-09-15   113.05 123.92   113.02 123.89   250.54 261.40   112.48 123.35   118.06 128.93   111.80 122.67
2023-09-16   112.06 122.91   112.03 122.88   249.55 260.40   111.49 122.34   117.08 127.93   110.81 121.66
2023-09-17   111.08 121.91   111.05 121.88   248.56 259.40   110.51 121.34   116.09 126.92   109.82 120.66
2023-09-18   110.09 120.91   110.07 120.88   247.58 258.40   109.52 120.34   115.11 125.93   108.84 119.66
2023-09-19   109.11 119.91   109.09 119.89   246.60 257.40   108.54 119.34   114.13 124.93   107.86 118.66
2023-09-20   108.14 118.92   108.11 118.89   245.62 256.41   107.57 118.35   113.15 123.93   106.89 117.67
2023-09-21   107.16 117.93   107.14 117.90   244.65 255.42   106.59 117.36   112.18 122.94   105.91 116.68
2023-09-22   106.19 116.94   106.16 116.91   243.68 254.43   105.62 116.37   111.21 121.95   104.94 115.69
2023-09-23   105.22 115.95   105.20 115.93   242.71 253.44   104.65 115.38   110.24 120.97   103.97 114.70
2023-09-24   104.26 114.97   104.23 114.94   241.74 252.46   103.69 114.40   109.27 119.99   103.00 113.72
2023-09-25   103.29 113.99   103.27 113.96   240.78 251.48   102.72 113.42   108.31 119.00   102.04 112.74
2023-09-26   102.33 113.01   102.30 112.98   239.82 250.50   101.76 112.44   107.35 118.03   101.08 111.76
2023-09-27   101.37 112.04   101.35 112.01   238.86 249.52   100.80 111.47   106.39 117.05   100.12 110.78
2023-09-28   100.42 111.06   100.39 111.04   237.90 248.55    99.85 110.49   105.43 116.08    99.17 109.81
2023-09-29    99.46 110.09    99.44 110.07   236.95 247.58    98.89 109.52   104.48 115.11    98.21 108.84
2023-09-30    98.51 109.12    98.49 109.10   236.00 246.61    97.94 108.55   103.53 114.14    97.26 107.87
2023-10-01    97.56 108.16    97.54 108.13   235.05 245.65    96.99 107.59   102.58 113.17    96.31 106.91
2023-10-02    96.62 107.20    96.59 107.17   234.10 244.68    96.05 106.63   101.63 112.21    95.37 105.94
2023-10-03    95.67 106.24    95.65 106.21   233.16 243.72    95.10 105.67   100.69 111.25    94.42 104.98
2023-10-04    94.73 105.28    94.70 105.25   232.22 242.76    94.16 104.71    99.75 110.29    93.48 104.03
2023-10-05    93.79 104.32    93.76 104.29   231.28 241.81    93.22 103.75    98.81 109.34    92.54 103.07
2023-10-06    92.85 103.37    92.83 103.34   230.34 240.86    92.28 102.80    97.87 108.38    91.60 102.12
2023-10-07    91.92 102.42    91.89 102.39   229.40 239.90    91.35 101.85    96.93 107.43    90.67 101.17
2023-10-08    90.98 101.47    90.96 101.44   228.47 238.96    90.41 100.90    96.00 106.48    89.73 100.22
2023-10-09    90.05 100.52    90.03 100.49   227.54 238.01    89.48  99.95    95.07 105.54    88.80  99.27
2023-10-10    89.12  99.58    89.10  99.55   226.61 237.06    88.55  99.01    94.14 104.59    87.87  98.33
2023-10-11    88.19  98.63    88.17  98.61   225.68 236.12    87.62  98.06    93.21 103.65    86.94  97.38
2023-10-12    87.27  97.69    87.24  97.67   224.75 235.18    86.70  97.12    92.28 102.71    86.02  96.44
2023-10-13    86.34  96.76    86.32  96.73   223.83 234.24    85.77  96.19    91.36 101.77    85.09  95.50
2023-10-14    85.42  95.82    85.39  95.79   222.91 233.31    84.85  95.25    90.43 100.83    84.17  94.57
2023-10-15    84.50  94.88    84.47  94.86   221.98 232.37    83.93  94.31    89.51  99.90    83.25  93.63
2023-10-16    83.58  93.95    83.55  93.92   221.06 231.44    83.01  93.38    88.59  98.97    82.33  92.70
2023-10-17    82.66  93.02    82.63  92.99   220.15 230.51    82.09  92.45    87.67  98.04    81.41  91.77
2023-10-18    81.74  92.09    81.71  92.06   219.23 229.58    81.17  91.52    86.76  97.11    80.49  90.84
2023-10-19    80.82  91.16    80.80  91.14   218.31 228.65    80.25  90.59    85.84  96.18    79.57  89.91
2023-10-20    79.91  90.24    79.88  90.21   217.40 227.72    79.34  89.67    84.92  95.25    78.66  88.99
2023-10-21    78.99  89.31    78.97  89.28   216.48 226.80    78.42  88.74    84.01  94.33    77.74  88.06
2023-10-22    78.08  88.39    78.05  88.36   215.57 225.87    77.51  87.82    83.10  93.40    76.83  87.14
2023-10-23    77.17  87.46    77.14  87.44   214.66 224.95    76.60  86.89    82.18  92.48    75.92  86.21
2023-10-24    76.26  86.54    76.23  86.52   213.74 224.03    75.69  85.97    81.27  91.56    75.01  85.29
2023-10-25    75.35  85.62    75.32  85.60   212.83 223.11    74.78  85.05    80.36  90.64    74.09  84.37
2023-10-26    74.43  84.70    74.41  84.68   211.92 222.19    73.86  84.13    79.45  89.72    73.18  83.45
2023-10-27    73.52  83.79    73.50  83.76   211.01 221.27    72.95  83.22    78.54  88.80    72.27  82.54
2023-10-28    72.62  82.87    72.59  82.84   210.10 220.36    72.05  82.30    77.63  87.88    71.36  81.62
2023-10-29    71.71  81.95    71.68  81.93   209.19 219.44    71.14  81.38    76.72  86.97    70.46  80.70
2023-10-30    70.80  81.04    70.77  81.01   208.28 218.52    70.23  80.47    75.81  86.05    69.55  79.79
2023-10-31    69.89  80.12    69.86  80.10   207.38 217.61    69.32  79.55    74.90  85.14    68.64  78.87
2023-11-01    68.98  79.21    68.95  79.18   206.47 216.69    68.41  78.64    73.99  84.22    67.73  77.96
2023-11-02    68.07  78.29    68.04  78.27   205.56 215.78    67.50  77.72    73.09  83.31    66.82  77.04
2023-11-03    67.16  77.38    67.13  77.35   204.65 214.87    66.59  76.81    72.18  82.39    65.91  76.13
2023-11-04    66.25  76.47    66.22  76.44   203.74 213.95    65.68  75.90    71.27  81.48    65.00  75.21
2023-11-05    65.34  75.55    65.32  75.53   202.83 213.04    64.77  74.98    70.36  80.57    64.09  74.30
2023-11-06    64.43  74.64    64.41  74.61   201.92 212.13    63.86  74.07    69.45  79.65    63.18  73.39
2023-11-07    63.52  73.73    63.49  73.70   201.01 211.21    62.95  73.16    68.54  78.74    62.27  72.48
2023-11-08    62.61  72.81    62.58  72.79   200.10 210.30    62.04  72.24    67.63  77.83    61.36  71.56
2023-11-09    61.70  71.90    61.67  71.87   199.19 209.39    61.13  71.33    66.71  76.91    60.45  70.65
2023-11-10    60.79  70.99    60.76  70.96   198.27 208.47    60.22  70.42    65.80  76.00    59.53  69.74
2023-11-11    59.87  70.07    59.85  70.05   197.36 207.56    59.30  69.50    64.89  75.09    58.62  68.82
2023-11-12    58.96  69.16    58.93  69.13   196.44 206.65    58.39  68.59    63.97  74.17    57.71  67.91
2023-11-13    58.04  68.24    58.02  68.22   195.53 205.73    57.47  67.67    63.06  73.26    56.79  66.99
2023-11-14    57.13  67.33    57.10  67.30   194.61 204.81    56.56  66.76    62.14  72.34    55.87  66.08
2023-11-15    56.21  66.41    56.18  66.38   193.69 203.90    55.64  65.84    61.22  71.43    54.96  65.16
2023-11-16    55.29  65.49    55.26  65.47   192.78 202.98    54.72  64.92    60.30  70.51    54.04  64.24
2023-11-17    54.37  64.58    54.34  64.55   191.85 202.06    53.80  64.01    59.38  69.59    53.12  63.33
2023-11-18    53.61  63.49    53.59  63.46   191.10 200.98    53.04  62.92    58.63  68.50    52.36  62.24
2023-11-19    52.95  62.31    52.92  62.28   190.44 199.79    52.38  61.74    57.97  67.32    51.70  61.06
2023-11-20    52.29  61.13    52.26  61.10   189.77 198.61    51.72  60.56    57.30  66.14    51.04  59.87
2023-11-21    51.62  59.94    51.59  59.92   189.11 197.43    51.05  59.37    56.63  64.96    50.37  58.69
2023-11-22    50.95  58.76    50.92  58.73   188.44 196.25    50.38  58.19    55.97  63.77    49.70  57.51
2023-11-23    50.28  57.57    50.25  57.55   187.77 195.06    49.71  57.00    55.29  62.59    49.03  56.32
