
       Target
                ecliptic
RA      Dec     latitude
297.271  46.928  65.738

Checked interval [2020-01-01, 2023-12-31]
|           Window [days]                 |    Normal V3 PA [deg]    |
   Start           End         Duration         Start         End         RA            Dec     
 2020-04-27      2020-11-24       211.00     254.51405      51.87797     297.27090      46.92847 
 2021-04-27      2021-11-24       211.06     254.78053      52.06003     297.27090      46.92847 
 2022-04-27      2022-11-25       212.00     255.04226      51.40669     297.27090      46.92847 
 2023-04-28      2023-11-25       211.00     254.41922      51.62168     297.27090      46.92847 


                V3PA          NIRCam           NIRSpec         NIRISS           MIRI          FGS
   Date      min    max      min    max       min    max     min    max      min    max      min    max

2020-04-28   250.84 258.01   250.82 257.98    28.33  35.50   250.27 257.44   255.86 263.02   249.59 256.76
2020-04-29   249.71 257.37   249.69 257.34    27.20  34.86   249.14 256.80   254.73 262.39   248.46 256.12
2020-04-30   248.59 256.73   248.56 256.71    26.07  34.22   248.02 256.16   253.60 261.75   247.34 255.48
2020-05-01   247.46 256.10   247.43 256.07    24.95  33.59   246.89 255.53   252.47 261.11   246.21 254.85
2020-05-02   246.33 255.47   246.31 255.44    23.82  32.95   245.76 254.90   251.35 260.48   245.08 254.21
2020-05-03   245.21 254.83   245.18 254.81    22.69  32.32   244.64 254.26   250.22 259.85   243.96 253.58
2020-05-04   244.08 254.20   244.06 254.18    21.57  31.69   243.51 253.63   249.10 259.22   242.83 252.95
2020-05-05   243.16 253.37   243.14 253.34    20.65  30.86   242.59 252.80   248.18 258.38   241.91 252.12
2020-05-06   242.29 252.49   242.26 252.46    19.77  29.98   241.72 251.92   247.30 257.51   241.04 251.24
2020-05-07   241.41 251.61   241.39 251.59    18.90  29.10   240.84 251.04   246.43 256.63   240.16 250.36
2020-05-08   240.54 250.74   240.51 250.71    18.02  28.23   239.97 250.17   245.55 255.75   239.29 249.49
2020-05-09   239.66 249.86   239.64 249.84    17.15  27.35   239.09 249.29   244.68 254.88   238.41 248.61
2020-05-10   238.79 248.99   238.76 248.96    16.28  26.48   238.22 248.42   243.80 254.00   237.54 247.74
2020-05-11   237.92 248.12   237.89 248.09    15.40  25.60   237.35 247.55   242.93 253.13   236.66 246.86
2020-05-12   237.04 247.24   237.01 247.21    14.53  24.73   236.47 246.67   242.06 252.26   235.79 245.99
2020-05-13   236.17 246.37   236.14 246.34    13.65  23.86   235.60 245.80   241.18 251.38   234.92 245.12
2020-05-14   235.29 245.49   235.27 245.47    12.78  22.98   234.72 244.92   240.31 250.51   234.04 244.24
2020-05-15   234.42 244.62   234.39 244.60    11.90  22.11   233.85 244.05   239.43 249.64   233.17 243.37
2020-05-16   233.54 243.75   233.51 243.72    11.03  21.24   232.97 243.18   238.56 248.76   232.29 242.50
2020-05-17   232.67 242.88   232.64 242.85    10.15  20.36   232.10 242.31   237.68 247.89   231.41 241.63
2020-05-18   231.79 242.00   231.76 241.98     9.28  19.49   231.22 241.43   236.80 247.02   230.54 240.75
2020-05-19   230.91 241.13   230.88 241.10     8.40  18.62   230.34 240.56   235.93 246.14   229.66 239.88
2020-05-20   230.03 240.26   230.01 240.23     7.52  17.74   229.46 239.69   235.05 245.27   228.78 239.00
2020-05-21   229.15 239.38   229.13 239.35     6.64  16.87   228.58 238.81   234.17 244.40   227.90 238.13
2020-05-22   228.27 238.51   228.25 238.48     5.76  15.99   227.70 237.94   233.29 243.52   227.02 237.26
2020-05-23   227.39 237.63   227.37 237.60     4.88  15.12   226.82 237.06   232.41 242.65   226.14 236.38
2020-05-24   226.51 236.75   226.48 236.73     4.00  14.24   225.94 236.18   231.53 241.77   225.26 235.50
2020-05-25   225.63 235.88   225.60 235.85     3.11  13.37   225.06 235.31   230.64 240.89   224.38 234.63
2020-05-26   224.74 235.00   224.71 234.97     2.23  12.49   224.17 234.43   229.76 240.01   223.49 233.75
2020-05-27   223.85 234.12   223.83 234.09     1.34  11.61   223.28 233.55   228.87 239.14   222.60 232.87
2020-05-28   222.97 233.24   222.94 233.21     0.45  10.73   222.40 232.67   227.98 238.26   221.72 231.99
2020-05-29   222.08 232.36   222.05 232.33   359.56   9.85   221.51 231.79   227.09 237.37   220.83 231.11
2020-05-30   221.19 231.48   221.16 231.45   358.67   8.96   220.62 230.91   226.20 236.49   219.93 230.23
2020-05-31   220.29 230.59   220.27 230.57   357.78   8.08   219.72 230.02   225.31 235.61   219.04 229.34
2020-06-01   219.40 229.71   219.37 229.68   356.88   7.20   218.83 229.14   224.41 234.72   218.15 228.46
2020-06-02   218.50 228.82   218.47 228.79   355.99   6.31   217.93 228.25   223.52 233.84   217.25 227.57
2020-06-03   217.60 227.93   217.57 227.91   355.09   5.42   217.03 227.36   222.62 232.95   216.35 226.68
2020-06-04   216.70 227.04   216.67 227.02   354.19   4.53   216.13 226.47   221.72 232.06   215.45 225.79
2020-06-05   215.80 226.15   215.77 226.12   353.28   3.64   215.23 225.58   220.81 231.17   214.55 224.90
2020-06-06   214.89 225.26   214.86 225.23   352.38   2.74   214.32 224.69   219.91 230.27   213.64 224.01
2020-06-07   213.98 224.36   213.96 224.33   351.47   1.85   213.41 223.79   219.00 229.38   212.73 223.11
2020-06-08   213.07 223.46   213.05 223.44   350.56   0.95   212.50 222.89   218.09 228.48   211.82 222.21
2020-06-09   212.16 222.56   212.13 222.54   349.65   0.05   211.59 221.99   217.18 227.58   210.91 221.31
2020-06-10   211.25 221.66   211.22 221.63   348.73 359.15   210.68 221.09   216.26 226.68   209.99 220.41
2020-06-11   210.33 220.76   210.30 220.73   347.81 358.24   209.76 220.19   215.34 225.77   209.08 219.51
2020-06-12   209.41 219.85   209.38 219.82   346.89 357.34   208.84 219.28   214.42 224.87   208.16 218.60
2020-06-13   208.48 218.94   208.46 218.91   345.97 356.43   207.91 218.37   213.50 223.96   207.23 217.69
2020-06-14   207.56 218.03   207.53 218.00   345.05 355.52   206.99 217.46   212.57 223.04   206.31 216.78
2020-06-15   206.63 217.12   206.60 217.09   344.12 354.60   206.06 216.55   211.64 222.13   205.38 215.86
2020-06-16   205.70 216.20   205.67 216.17   343.19 353.69   205.13 215.63   210.71 221.21   204.45 214.95
2020-06-17   204.76 215.28   204.74 215.25   342.25 352.77   204.19 214.71   209.78 220.29   203.51 214.03
2020-06-18   203.83 214.36   203.80 214.33   341.31 351.85   203.26 213.79   208.84 219.37   202.58 213.11
2020-06-19   202.89 213.43   202.86 213.41   340.37 350.92   202.32 212.86   207.90 218.45   201.63 212.18
2020-06-20   201.94 212.51   201.92 212.48   339.43 349.99   201.37 211.94   206.96 217.52   200.69 211.25
2020-06-21   201.00 211.57   200.97 211.55   338.48 349.06   200.43 211.00   206.01 216.59   199.74 210.32
2020-06-22   200.05 210.64   200.02 210.61   337.53 348.13   199.48 210.07   205.06 215.66   198.79 209.39
2020-06-23   199.09 209.70   199.07 209.68   336.58 347.19   198.52 209.13   204.11 214.72   197.84 208.45
2020-06-24   198.14 208.76   198.11 208.74   335.62 346.25   197.57 208.19   203.15 213.78   196.89 207.51
2020-06-25   197.18 207.82   197.15 207.80   334.66 345.31   196.61 207.25   202.19 212.84   195.93 206.57
2020-06-26   196.22 206.88   196.19 206.85   333.70 344.36   195.65 206.31   201.23 211.89   194.96 205.63
2020-06-27   195.25 205.93   195.22 205.90   332.74 343.41   194.68 205.36   200.26 210.94   194.00 204.68
2020-06-28   194.28 204.98   194.25 204.95   331.77 342.46   193.71 204.41   199.30 209.99   193.03 203.72
2020-06-29   193.31 204.02   193.28 203.99   330.80 341.51   192.74 203.45   198.32 209.04   192.06 202.77
2020-06-30   192.33 203.06   192.31 203.04   329.82 340.55   191.76 202.49   197.35 208.08   191.08 201.81
2020-07-01   191.35 202.10   191.33 202.07   328.84 339.59   190.78 201.53   196.37 207.11   190.10 200.85
2020-07-02   190.37 201.13   190.35 201.11   327.86 338.62   189.80 200.56   195.39 206.15   189.12 199.88
2020-07-03   189.39 200.17   189.36 200.14   326.87 337.65   188.82 199.60   194.40 205.18   188.14 198.92
2020-07-04   188.40 199.19   188.37 199.17   325.89 336.68   187.83 198.62   193.41 204.21   187.15 197.94
2020-07-05   187.41 198.22   187.38 198.19   324.89 335.71   186.84 197.65   192.42 203.23   186.16 196.97
2020-07-06   186.41 197.24   186.39 197.21   323.90 334.73   185.84 196.67   191.43 202.26   185.16 195.99
2020-07-07   185.41 196.26   185.39 196.23   322.90 333.75   184.84 195.69   190.43 201.27   184.16 195.01
2020-07-08   184.41 195.27   184.39 195.25   321.90 332.76   183.84 194.70   189.43 200.29   183.16 194.02
2020-07-09   183.41 194.29   183.38 194.26   320.90 331.77   182.84 193.72   188.42 199.30   182.16 193.04
2020-07-10   182.40 193.30   182.37 193.27   319.89 330.78   181.83 192.73   187.42 198.31   181.15 192.04
2020-07-11   181.39 192.30   181.36 192.27   318.88 329.79   180.82 191.73   186.41 197.32   180.14 191.05
2020-07-12   180.38 191.30   180.35 191.28   317.86 328.79   179.81 190.73   185.39 196.32   179.13 190.05
2020-07-13   179.36 190.30   179.33 190.28   316.85 327.79   178.79 189.73   184.38 195.32   178.11 189.05
2020-07-14   178.34 189.30   178.32 189.27   315.83 326.79   177.77 188.73   183.36 194.31   177.09 188.05
2020-07-15   177.32 188.29   177.29 188.26   314.81 325.78   176.75 187.72   182.33 193.31   176.07 187.04
2020-07-16   176.30 187.28   176.27 187.25   313.78 324.77   175.73 186.71   181.31 192.30   175.04 186.03
2020-07-17   175.27 186.27   175.24 186.24   312.76 323.76   174.70 185.70   180.28 191.28   174.02 185.02
2020-07-18   174.24 185.25   174.21 185.23   311.73 322.74   173.67 184.68   179.25 190.27   172.99 184.00
2020-07-19   173.21 184.23   173.18 184.21   310.69 321.72   172.64 183.66   178.22 189.25   171.96 182.98
2020-07-20   172.17 183.21   172.14 183.19   309.66 320.70   171.60 182.64   177.19 188.23   170.92 181.96
2020-07-21   171.13 182.19   171.11 182.16   308.62 319.67   170.56 181.62   176.15 187.20   169.88 180.94
2020-07-22   170.10 181.16   170.07 181.13   307.58 318.65   169.53 180.59   175.11 186.18   168.84 179.91
2020-07-23   169.05 180.13   169.03 180.10   306.54 317.62   168.48 179.56   174.07 185.15   167.80 178.88
2020-07-24   168.01 179.10   167.98 179.07   305.50 316.59   167.44 178.53   173.03 184.11   166.76 177.85
2020-07-25   166.97 178.07   166.94 178.04   304.45 315.55   166.40 177.50   171.98 183.08   165.72 176.81
2020-07-26   165.92 177.03   165.89 177.00   303.41 314.52   165.35 176.46   170.93 182.04   164.67 175.78
2020-07-27   164.87 175.99   164.84 175.96   302.36 313.48   164.30 175.42   169.89 181.01   163.62 174.74
2020-07-28   163.82 174.95   163.79 174.92   301.31 312.44   163.25 174.38   168.84 179.96   162.57 173.70
2020-07-29   162.77 173.91   162.74 173.88   300.26 311.39   162.20 173.34   167.78 178.92   161.52 172.66
2020-07-30   161.72 172.86   161.69 172.83   299.20 310.35   161.15 172.29   166.73 177.88   160.47 171.61
2020-07-31   160.66 171.81   160.64 171.79   298.15 309.30   160.09 171.24   165.68 176.83   159.41 170.56
2020-08-01   159.61 170.77   159.58 170.74   297.09 308.25   159.04 170.20   164.62 175.78   158.36 169.52
2020-08-02   158.55 169.72   158.52 169.69   296.04 307.20   157.98 169.15   163.57 174.73   157.30 168.47
2020-08-03   157.49 168.67   157.47 168.64   294.98 306.15   156.92 168.10   162.51 173.68   156.24 167.41
2020-08-04   156.44 167.61   156.41 167.59   293.92 305.10   155.87 167.04   161.45 172.63   155.19 166.36
2020-08-05   155.38 166.56   155.35 166.53   292.87 304.05   154.81 165.99   160.39 171.57   154.13 165.31
2020-08-06   154.32 165.50   154.29 165.48   291.81 302.99   153.75 164.93   159.33 170.52   153.07 164.25
2020-08-07   153.26 164.45   153.23 164.42   290.75 301.94   152.69 163.88   158.28 169.46   152.01 163.20
2020-08-08   152.20 163.39   152.17 163.36   289.69 300.88   151.63 162.82   157.22 168.41   150.95 162.14
2020-08-09   151.14 162.33   151.11 162.31   288.63 299.82   150.57 161.76   156.16 167.35   149.89 161.08
2020-08-10   150.08 161.28   150.06 161.25   287.57 298.76   149.51 160.71   155.10 166.29   148.83 160.02
2020-08-11   149.02 160.22   149.00 160.19   286.51 297.70   148.45 159.65   154.04 165.23   147.77 158.97
2020-08-12   147.96 159.16   147.94 159.13   285.45 296.64   147.39 158.59   152.98 164.17   146.71 157.91
2020-08-13   146.90 158.10   146.88 158.07   284.39 295.59   146.33 157.53   151.92 163.11   145.65 156.85
2020-08-14   145.85 157.04   145.82 157.01   283.33 294.53   145.28 156.47   150.86 162.05   144.60 155.79
2020-08-15   144.79 155.98   144.76 155.95   282.28 293.47   144.22 155.41   149.80 160.99   143.54 154.73
2020-08-16   143.73 154.92   143.70 154.89   281.22 292.41   143.16 154.35   148.75 159.93   142.48 153.67
2020-08-17   142.68 153.86   142.65 153.83   280.16 291.35   142.11 153.29   147.69 158.87   141.42 152.61
2020-08-18   141.62 152.80   141.59 152.77   279.11 290.29   141.05 152.23   146.63 157.82   140.37 151.55
2020-08-19   140.57 151.74   140.54 151.71   278.05 289.23   140.00 151.17   145.58 156.76   139.31 150.49
2020-08-20   139.51 150.68   139.49 150.66   277.00 288.17   138.94 150.11   144.53 155.70   138.26 149.43
2020-08-21   138.46 149.63   138.43 149.60   275.95 287.11   137.89 149.06   143.48 154.64   137.21 148.37
2020-08-22   137.41 148.57   137.38 148.54   274.90 286.06   136.84 148.00   142.43 153.58   136.16 147.32
2020-08-23   136.36 147.51   136.33 147.49   273.85 285.00   135.79 146.94   141.38 152.53   135.11 146.26
2020-08-24   135.31 146.46   135.29 146.43   272.80 283.95   134.74 145.89   140.33 151.47   134.06 145.21
2020-08-25   134.27 145.40   134.24 145.38   271.76 282.89   133.70 144.83   139.28 150.42   133.02 144.15
2020-08-26   133.22 144.35   133.20 144.32   270.71 281.84   132.65 143.78   138.24 149.37   131.97 143.10
2020-08-27   132.18 143.30   132.16 143.27   269.67 280.79   131.61 142.73   137.20 148.32   130.93 142.05
2020-08-28   131.14 142.25   131.12 142.22   268.63 279.74   130.57 141.68   136.16 147.27   129.89 141.00
2020-08-29   130.10 141.20   130.08 141.18   267.59 278.69   129.53 140.63   135.12 146.22   128.85 139.95
2020-08-30   129.07 140.15   129.04 140.13   266.56 277.64   128.50 139.58   134.08 145.17   127.82 138.90
2020-08-31   128.03 139.11   128.01 139.08   265.52 276.60   127.46 138.54   133.05 144.12   126.78 137.86
2020-09-01   127.00 138.07   126.98 138.04   264.49 275.55   126.43 137.50   132.02 143.08   125.75 136.82
2020-09-02   125.97 137.02   125.95 137.00   263.46 274.51   125.40 136.45   130.99 142.04   124.72 135.77
2020-09-03   124.95 135.98   124.92 135.96   262.43 273.47   124.38 135.41   129.96 141.00   123.69 134.73
2020-09-04   123.92 134.95   123.89 134.92   261.41 272.43   123.35 134.38   128.94 139.96   122.67 133.70
2020-09-05   122.90 133.91   122.87 133.89   260.39 271.40   122.33 133.34   127.91 138.93   121.65 132.66
2020-09-06   121.88 132.88   121.85 132.85   259.37 270.37   121.31 132.31   126.89 137.89   120.63 131.63
2020-09-07   120.86 131.85   120.84 131.82   258.35 269.33   120.29 131.28   125.88 136.86   119.61 130.60
2020-09-08   119.85 130.82   119.82 130.79   257.33 268.31   119.28 130.25   124.86 135.83   118.60 129.57
2020-09-09   118.84 129.79   118.81 129.77   256.32 267.28   118.27 129.22   123.85 134.81   117.58 128.54
2020-09-10   117.83 128.77   117.80 128.74   255.31 266.25   117.26 128.20   122.84 133.78   116.58 127.52
2020-09-11   116.82 127.75   116.79 127.72   254.31 265.23   116.25 127.18   121.83 132.76   115.57 126.49
2020-09-12   115.82 126.73   115.79 126.70   253.30 264.21   115.25 126.16   120.83 131.74   114.57 125.48
2020-09-13   114.81 125.71   114.79 125.68   252.30 263.20   114.24 125.14   119.83 130.72   113.56 124.46
2020-09-14   113.82 124.70   113.79 124.67   251.30 262.18   113.25 124.13   118.83 129.71   112.57 123.44
2020-09-15   112.82 123.68   112.79 123.66   250.31 261.17   112.25 123.11   117.84 128.70   111.57 122.43
2020-09-16   111.83 122.67   111.80 122.65   249.32 260.16   111.26 122.10   116.84 127.69   110.58 121.42
2020-09-17   110.84 121.67   110.81 121.64   248.33 259.16   110.27 121.10   115.85 126.68   109.59 120.42
2020-09-18   109.85 120.66   109.83 120.64   247.34 258.15   109.28 120.09   114.87 125.68   108.60 119.41
2020-09-19   108.87 119.66   108.84 119.64   246.35 257.15   108.30 119.09   113.88 124.68   107.62 118.41
2020-09-20   107.89 118.67   107.86 118.64   245.37 256.15   107.32 118.10   112.90 123.68   106.64 117.42
2020-09-21   106.91 117.67   106.88 117.64   244.39 255.16   106.34 117.10   111.92 122.69   105.66 116.42
2020-09-22   105.93 116.68   105.91 116.65   243.42 254.16   105.36 116.11   110.95 121.69   104.68 115.43
2020-09-23   104.96 115.69   104.93 115.66   242.45 253.17   104.39 115.12   109.97 120.70   103.71 114.44
2020-09-24   103.99 114.70   103.96 114.67   241.48 252.19   103.42 114.13   109.00 119.72   102.74 113.45
2020-09-25   103.02 113.72   102.99 113.69   240.51 251.20   102.45 113.15   108.04 118.73   101.77 112.46
2020-09-26   102.06 112.73   102.03 112.71   239.54 250.22   101.49 112.16   107.07 117.75   100.80 111.48
2020-09-27   101.09 111.75   101.07 111.73   238.58 249.24   100.52 111.18   106.11 116.77    99.84 110.50
2020-09-28   100.13 110.78   100.11 110.75   237.62 248.27    99.56 110.21   105.15 115.79    98.88 109.53
2020-09-29    99.18 109.80    99.15 109.78   236.66 247.29    98.61 109.23   104.19 114.82    97.93 108.55
2020-09-30    98.22 108.83    98.19 108.81   235.71 246.32    97.65 108.26   103.24 113.85    96.97 107.58
2020-10-01    97.27 107.86    97.24 107.84   234.76 245.35    96.70 107.29   102.28 112.88    96.02 106.61
2020-10-02    96.32 106.90    96.29 106.87   233.81 244.39    95.75 106.33   101.33 111.91    95.07 105.65
2020-10-03    95.37 105.94    95.35 105.91   232.86 243.42    94.80 105.37   100.39 110.95    94.12 104.68
2020-10-04    94.43 104.97    94.40 104.95   231.91 242.46    93.86 104.40    99.44 109.99    93.18 103.72
2020-10-05    93.48 104.02    93.46 103.99   230.97 241.50    92.91 103.45    98.50 109.03    92.23 102.77
2020-10-06    92.54 103.06    92.52 103.03   230.03 240.55    91.97 102.49    97.56 108.08    91.29 101.81
2020-10-07    91.61 102.11    91.58 102.08   229.09 239.59    91.04 101.54    96.62 107.12    90.36 100.86
2020-10-08    90.67 101.16    90.64 101.13   228.16 238.64    90.10 100.59    95.69 106.17    89.42  99.91
2020-10-09    89.74 100.21    89.71 100.18   227.22 237.69    89.17  99.64    94.75 105.22    88.48  98.96
2020-10-10    88.80  99.26    88.78  99.23   226.29 236.75    88.23  98.69    93.82 104.28    87.55  98.01
2020-10-11    87.87  98.32    87.85  98.29   225.36 235.80    87.30  97.75    92.89 103.33    86.62  97.07
2020-10-12    86.95  97.37    86.92  97.35   224.43 234.86    86.38  96.80    91.96 102.39    85.69  96.12
2020-10-13    86.02  96.43    85.99  96.41   223.51 233.92    85.45  95.86    91.03 101.45    84.77  95.18
2020-10-14    85.09  95.50    85.07  95.47   222.58 232.98    84.52  94.93    90.11 100.51    83.84  94.24
2020-10-15    84.17  94.56    84.14  94.53   221.66 232.05    83.60  93.99    89.19  99.57    82.92  93.31
2020-10-16    83.25  93.63    83.22  93.60   220.74 231.11    82.68  93.06    88.26  98.64    82.00  92.37
2020-10-17    82.33  92.69    82.30  92.67   219.82 230.18    81.76  92.12    87.34  97.71    81.08  91.44
2020-10-18    81.41  91.76    81.38  91.74   218.90 229.25    80.84  91.19    86.43  96.78    80.16  90.51
2020-10-19    80.49  90.83    80.47  90.81   217.98 228.32    79.92  90.26    85.51  95.85    79.24  89.58
2020-10-20    79.58  89.91    79.55  89.88   217.06 227.39    79.01  89.34    84.59  94.92    78.33  88.66
2020-10-21    78.66  88.98    78.64  88.95   216.15 226.47    78.09  88.41    83.68  94.00    77.41  87.73
2020-10-22    77.75  88.06    77.72  88.03   215.24 225.54    77.18  87.49    82.76  93.07    76.50  86.81
2020-10-23    76.83  87.13    76.81  87.11   214.32 224.62    76.26  86.56    81.85  92.15    75.58  85.88
2020-10-24    75.92  86.21    75.90  86.19   213.41 223.70    75.35  85.64    80.94  91.23    74.67  84.96
2020-10-25    75.01  85.29    74.98  85.27   212.50 222.78    74.44  84.72    80.03  90.31    73.76  84.04
2020-10-26    74.10  84.37    74.07  84.35   211.59 221.86    73.53  83.80    79.12  89.39    72.85  83.12
2020-10-27    73.19  83.45    73.16  83.43   210.68 220.94    72.62  82.88    78.21  88.47    71.94  82.20
2020-10-28    72.28  82.54    72.26  82.51   209.77 220.03    71.71  81.97    77.30  87.55    71.03  81.29
2020-10-29    71.37  81.62    71.35  81.60   208.86 219.11    70.80  81.05    76.39  86.64    70.12  80.37
2020-10-30    70.46  80.71    70.44  80.68   207.95 218.19    69.89  80.14    75.48  85.72    69.21  79.46
2020-10-31    69.56  79.79    69.53  79.77   207.04 217.28    68.99  79.22    74.57  84.81    68.31  78.54
2020-11-01    68.65  78.88    68.62  78.85   206.14 216.37    68.08  78.31    73.66  83.89    67.40  77.63
2020-11-02    67.74  77.96    67.71  77.94   205.23 215.45    67.17  77.39    72.75  82.98    66.49  76.71
2020-11-03    66.83  77.05    66.81  77.03   204.32 214.54    66.26  76.48    71.85  82.07    65.58  75.80
2020-11-04    65.92  76.14    65.90  76.11   203.41 213.63    65.35  75.57    70.94  81.15    64.67  74.89
2020-11-05    65.02  75.23    64.99  75.20   202.50 212.71    64.45  74.66    70.03  80.24    63.76  73.98
2020-11-06    64.11  74.32    64.08  74.29   201.59 211.80    63.54  73.75    69.12  79.33    62.86  73.06
2020-11-07    63.20  73.40    63.17  73.38   200.69 210.89    62.63  72.83    68.21  78.42    61.95  72.15
2020-11-08    62.29  72.49    62.26  72.47   199.78 209.98    61.72  71.92    67.30  77.51    61.04  71.24
2020-11-09    61.38  71.58    61.35  71.55   198.87 209.07    60.81  71.01    66.39  76.60    60.13  70.33
2020-11-10    60.47  70.67    60.44  70.64   197.95 208.16    59.90  70.10    65.48  75.68    59.22  69.42
2020-11-11    59.56  69.76    59.53  69.73   197.04 207.24    58.99  69.19    64.57  74.77    58.31  68.51
2020-11-12    58.64  68.84    58.62  68.82   196.13 206.33    58.07  68.27    63.66  73.86    57.39  67.59
2020-11-13    57.73  67.93    57.70  67.90   195.22 205.42    57.16  67.36    62.75  72.95    56.48  66.68
2020-11-14    56.82  67.02    56.79  66.99   194.30 204.50    56.25  66.45    61.83  72.03    55.57  65.77
2020-11-15    55.90  66.10    55.87  66.08   193.39 203.59    55.33  65.53    60.92  71.12    54.65  64.85
2020-11-16    54.98  65.19    54.96  65.16   192.47 202.68    54.41  64.62    60.00  70.20    53.73  63.94
2020-11-17    54.07  64.27    54.04  64.25   191.55 201.76    53.50  63.70    59.08  69.29    52.81  63.02
2020-11-18    53.15  63.35    53.12  63.32   190.64 200.84    52.58  62.78    58.17  68.37    51.90  62.10
2020-11-19    52.49  62.18    52.46  62.15   189.98 199.66    51.92  61.61    57.50  67.19    51.24  60.93
2020-11-20    51.82  61.00    51.80  60.97   189.31 198.49    51.25  60.43    56.84  66.02    50.57  59.75
2020-11-21    51.15  59.82    51.13  59.80   188.64 197.31    50.58  59.25    56.17  64.84    49.90  58.57
2020-11-22    50.49  58.65    50.46  58.62   187.97 196.13    49.92  58.08    55.50  63.66    49.23  57.40
2020-11-23    49.81  57.47    49.79  57.44   187.30 194.95    49.24  56.90    54.83  62.48    48.56  56.22
2020-11-24    49.14  56.29    49.11  56.26   186.63 193.78    48.57  55.72    54.15  61.30    47.89  55.04

2021-04-28   251.18 258.20   251.15 258.18    28.67  35.69   250.61 257.63   256.19 263.22   249.93 256.95
2021-04-29   250.05 257.57   250.02 257.54    27.54  35.05   249.48 257.00   255.07 262.58   248.80 256.31
2021-04-30   248.92 256.93   248.89 256.90    26.41  34.42   248.35 256.36   253.94 261.94   247.67 255.68
2021-05-01   247.79 256.29   247.77 256.27    25.28  33.78   247.22 255.72   252.81 261.31   246.54 255.04
2021-05-02   246.67 255.66   246.64 255.63    24.15  33.15   246.10 255.09   251.68 260.67   245.41 254.41
2021-05-03   245.54 255.03   245.51 255.00    23.03  32.51   244.97 254.46   250.55 260.04   244.29 253.77
2021-05-04   244.41 254.39   244.39 254.37    21.90  31.88   243.84 253.82   249.43 259.41   243.16 253.14
2021-05-05   243.42 253.63   243.39 253.60    20.91  31.12   242.85 253.06   248.44 258.64   242.17 252.38
2021-05-06   242.55 252.75   242.52 252.72    20.03  30.24   241.98 252.18   247.56 257.77   241.29 251.50
2021-05-07   241.67 251.87   241.64 251.85    19.16  29.36   241.10 251.30   246.68 256.89   240.42 250.62
2021-05-08   240.79 251.00   240.77 250.97    18.28  28.48   240.22 250.43   245.81 256.01   239.54 249.75
2021-05-09   239.92 250.12   239.89 250.09    17.41  27.61   239.35 249.55   244.93 255.14   238.67 248.87
2021-05-10   239.04 249.24   239.02 249.22    16.53  26.73   238.47 248.67   244.06 254.26   237.79 247.99
2021-05-11   238.17 248.37   238.14 248.34    15.66  25.86   237.60 247.80   243.18 253.38   236.92 247.12
2021-05-12   237.29 247.49   237.27 247.47    14.78  24.98   236.72 246.92   242.31 252.51   236.04 246.24
2021-05-13   236.42 246.62   236.39 246.59    13.91  24.11   235.85 246.05   241.43 251.64   235.17 245.37
2021-05-14   235.54 245.75   235.52 245.72    13.03  23.23   234.97 245.18   240.56 250.76   234.29 244.50
2021-05-15   234.67 244.87   234.64 244.85    12.15  22.36   234.10 244.30   239.68 249.89   233.42 243.62
2021-05-16   233.79 244.00   233.76 243.97    11.28  21.49   233.22 243.43   238.81 249.01   232.54 242.75
2021-05-17   232.91 243.12   232.89 243.10    10.40  20.61   232.34 242.55   237.93 248.14   231.66 241.87
2021-05-18   232.04 242.25   232.01 242.22     9.52  19.74   231.47 241.68   237.05 247.26   230.79 241.00
2021-05-19   231.16 241.38   231.13 241.35     8.65  18.86   230.59 240.81   236.17 246.39   229.91 240.12
2021-05-20   230.28 240.50   230.25 240.47     7.77  17.99   229.71 239.93   235.29 245.52   229.03 239.25
2021-05-21   229.40 239.62   229.37 239.60     6.89  17.11   228.83 239.05   234.41 244.64   228.15 238.37
2021-05-22   228.52 238.75   228.49 238.72     6.01  16.24   227.95 238.18   233.53 243.76   227.27 237.50
2021-05-23   227.64 237.87   227.61 237.85     5.12  15.36   227.07 237.30   232.65 242.89   226.38 236.62
2021-05-24   226.75 237.00   226.73 236.97     4.24  14.48   226.18 236.43   231.77 242.01   225.50 235.74
2021-05-25   225.87 236.12   225.84 236.09     3.35  13.60   225.30 235.55   230.88 241.13   224.62 234.87
2021-05-26   224.98 235.24   224.96 235.21     2.47  12.73   224.41 234.67   230.00 240.25   223.73 233.99
2021-05-27   224.09 234.36   224.07 234.33     1.58  11.85   223.52 233.79   229.11 239.37   222.84 233.11
2021-05-28   223.20 233.48   223.18 233.45     0.69  10.96   222.63 232.91   228.22 238.49   221.95 232.23
2021-05-29   222.31 232.59   222.29 232.57   359.80  10.08   221.74 232.02   227.33 237.61   221.06 231.34
2021-05-30   221.42 231.71   221.40 231.68   358.91   9.20   220.85 231.14   226.44 236.73   220.17 230.46
2021-05-31   220.53 230.83   220.50 230.80   358.02   8.31   219.96 230.26   225.54 235.84   219.28 229.58
2021-06-01   219.63 229.94   219.61 229.91   357.12   7.43   219.06 229.37   224.65 234.96   218.38 228.69
2021-06-02   218.73 229.05   218.71 229.03   356.22   6.54   218.16 228.48   223.75 234.07   217.48 227.80
2021-06-03   217.83 228.16   217.81 228.14   355.32   5.65   217.26 227.59   222.85 233.18   216.58 226.91
2021-06-04   216.93 227.27   216.91 227.25   354.42   4.76   216.36 226.70   221.95 232.29   215.68 226.02
2021-06-05   216.03 226.38   216.00 226.35   353.51   3.87   215.46 225.81   221.04 231.39   214.78 225.13
2021-06-06   215.12 225.48   215.09 225.46   352.61   2.97   214.55 224.91   220.14 230.50   213.87 224.23
2021-06-07   214.21 224.59   214.19 224.56   351.70   2.07   213.64 224.02   219.23 229.60   212.96 223.34
2021-06-08   213.30 223.69   213.27 223.66   350.79   1.18   212.73 223.12   218.32 228.70   212.05 222.44
2021-06-09   212.39 222.79   212.36 222.76   349.87   0.28   211.82 222.22   217.40 227.80   211.14 221.54
2021-06-10   211.47 221.88   211.44 221.86   348.96 359.37   210.90 221.31   216.49 226.90   210.22 220.63
2021-06-11   210.55 220.98   210.53 220.95   348.04 358.47   209.98 220.41   215.57 225.99   209.30 219.73
2021-06-12   209.63 220.07   209.60 220.05   347.12 357.56   209.06 219.50   214.65 225.09   208.38 218.82
2021-06-13   208.71 219.16   208.68 219.14   346.19 356.65   208.14 218.59   213.72 224.18   207.46 217.91
2021-06-14   207.78 218.25   207.75 218.22   345.27 355.74   207.21 217.68   212.80 223.26   206.53 217.00
2021-06-15   206.85 217.33   206.82 217.31   344.34 354.82   206.28 216.76   211.87 222.35   205.60 216.08
2021-06-16   205.92 216.42   205.89 216.39   343.41 353.90   205.35 215.85   210.93 221.43   204.67 215.17
2021-06-17   204.98 215.50   204.96 215.47   342.47 352.98   204.41 214.93   210.00 220.51   203.73 214.25
2021-06-18   204.04 214.57   204.02 214.55   341.53 352.06   203.47 214.00   209.06 219.59   202.79 213.32
2021-06-19   203.10 213.65   203.08 213.62   340.59 351.14   202.53 213.08   208.12 218.66   201.85 212.40
2021-06-20   202.16 212.72   202.13 212.69   339.65 350.21   201.59 212.15   207.17 217.73   200.91 211.47
2021-06-21   201.21 211.79   201.19 211.76   338.70 349.28   200.64 211.22   206.23 216.80   199.96 210.54
2021-06-22   200.26 210.85   200.23 210.83   337.75 348.34   199.69 210.28   205.28 215.87   199.01 209.60
2021-06-23   199.31 209.92   199.28 209.89   336.79 347.40   198.74 209.35   204.32 214.93   198.06 208.67
2021-06-24   198.35 208.98   198.32 208.95   335.84 346.46   197.78 208.41   203.37 213.99   197.10 207.73
2021-06-25   197.39 208.03   197.36 208.01   334.88 345.52   196.82 207.46   202.41 213.05   196.14 206.78
2021-06-26   196.43 207.09   196.40 207.06   333.91 344.57   195.86 206.52   201.44 212.10   195.18 205.84
2021-06-27   195.46 206.14   195.43 206.11   332.95 343.62   194.89 205.57   200.48 211.15   194.21 204.89
2021-06-28   194.49 205.18   194.47 205.16   331.98 342.67   193.92 204.61   199.51 210.20   193.24 203.93
2021-06-29   193.52 204.23   193.49 204.20   331.01 341.72   192.95 203.66   198.53 209.24   192.27 202.98
2021-06-30   192.54 203.27   192.52 203.24   330.03 340.76   191.97 202.70   197.56 208.28   191.29 202.02
2021-07-01   191.56 202.31   191.54 202.28   329.05 339.79   190.99 201.74   196.58 207.32   190.31 201.06
2021-07-02   190.58 201.34   190.55 201.31   328.07 338.83   190.01 200.77   195.60 206.36   189.33 200.09
2021-07-03   189.60 200.37   189.57 200.35   327.08 337.86   189.03 199.80   194.61 205.39   188.34 199.12
2021-07-04   188.61 199.40   188.58 199.37   326.09 336.89   188.04 198.83   193.62 204.42   187.36 198.15
2021-07-05   187.61 198.42   187.59 198.40   325.10 335.91   187.04 197.85   192.63 203.44   186.36 197.17
2021-07-06   186.62 197.45   186.59 197.42   324.11 334.93   186.05 196.88   191.63 202.46   185.37 196.20
2021-07-07   185.62 196.46   185.59 196.44   323.11 333.95   185.05 195.89   190.64 201.48   184.37 195.21
2021-07-08   184.62 195.48   184.59 195.45   322.11 332.97   184.05 194.91   189.64 200.49   183.37 194.23
2021-07-09   183.62 194.49   183.59 194.47   321.10 331.98   183.05 193.92   188.63 199.51   182.36 193.24
2021-07-10   182.61 193.50   182.58 193.47   320.10 330.99   182.04 192.93   187.62 198.52   181.36 192.25
2021-07-11   181.60 192.51   181.57 192.48   319.09 329.99   181.03 191.94   186.61 197.52   180.35 191.26
2021-07-12   180.58 191.51   180.56 191.48   318.07 329.00   180.01 190.94   185.60 196.52   179.33 190.26
2021-07-13   179.57 190.51   179.54 190.48   317.06 328.00   179.00 189.94   184.58 195.52   178.32 189.26
2021-07-14   178.55 189.50   178.52 189.48   316.04 326.99   177.98 188.93   183.57 194.52   177.30 188.25
2021-07-15   177.53 188.50   177.50 188.47   315.02 325.98   176.96 187.93   182.54 193.51   176.28 187.25
2021-07-16   176.50 187.49   176.48 187.46   313.99 324.98   175.93 186.92   181.52 192.50   175.25 186.24
2021-07-17   175.48 186.48   175.45 186.45   312.97 323.96   174.91 185.91   180.49 191.49   174.23 185.22
2021-07-18   174.45 185.46   174.42 185.43   311.94 322.95   173.88 184.89   179.46 190.48   173.20 184.21
2021-07-19   173.42 184.44   173.39 184.42   310.91 321.93   172.85 183.87   178.43 189.46   172.17 183.19
2021-07-20   172.38 183.42   172.36 183.40   309.87 320.91   171.81 182.85   177.40 188.44   171.13 182.17
2021-07-21   171.35 182.40   171.32 182.37   308.84 319.89   170.78 181.83   176.36 187.41   170.10 181.15
2021-07-22   170.31 181.37   170.28 181.35   307.80 318.86   169.74 180.80   175.33 186.39   169.06 180.12
2021-07-23   169.27 180.34   169.24 180.32   306.76 317.83   168.70 179.77   174.29 185.36   168.02 179.09
2021-07-24   168.23 179.31   168.20 179.29   305.72 316.80   167.66 178.74   173.24 184.33   166.98 178.06
2021-07-25   167.18 178.28   167.16 178.25   304.67 315.77   166.61 177.71   172.20 183.30   165.93 177.03
2021-07-26   166.14 177.25   166.11 177.22   303.63 314.73   165.57 176.68   171.15 182.26   164.89 175.99
2021-07-27   165.09 176.21   165.07 176.18   302.58 313.70   164.52 175.64   170.11 181.22   163.84 174.96
2021-07-28   164.04 175.17   164.02 175.14   301.53 312.66   163.47 174.60   169.06 180.18   162.79 173.92
2021-07-29   162.99 174.13   162.97 174.10   300.48 311.62   162.42 173.56   168.01 179.14   161.74 172.88
2021-07-30   161.94 173.08   161.92 173.06   299.43 310.57   161.37 172.51   166.96 178.10   160.69 171.83
2021-07-31   160.89 172.04   160.86 172.01   298.38 309.53   160.32 171.47   165.91 177.05   159.64 170.79
2021-08-01   159.84 170.99   159.81 170.97   297.32 308.48   159.27 170.42   164.85 176.01   158.59 169.74
2021-08-02   158.78 169.95   158.76 169.92   296.27 307.43   158.21 169.38   163.80 174.96   157.53 168.69
2021-08-03   157.73 168.90   157.70 168.87   295.21 306.38   157.16 168.33   162.74 173.91   156.48 167.64
2021-08-04   156.67 167.84   156.64 167.82   294.16 305.33   156.10 167.27   161.69 172.86   155.42 166.59
2021-08-05   155.61 166.79   155.59 166.77   293.10 304.28   155.04 166.22   160.63 171.81   154.36 165.54
2021-08-06   154.56 165.74   154.53 165.71   292.04 303.23   153.99 165.17   159.57 170.75   153.31 164.49
2021-08-07   153.50 164.69   153.47 164.66   290.99 302.17   152.93 164.12   158.51 169.70   152.25 163.43
2021-08-08   152.44 163.63   152.42 163.60   289.93 301.12   151.87 163.06   157.46 168.65   151.19 162.38
2021-08-09   151.38 162.57   151.36 162.55   288.87 300.06   150.81 162.00   156.40 167.59   150.13 161.32
2021-08-10   150.33 161.52   150.30 161.49   287.81 299.01   149.76 160.95   155.34 166.53   149.08 160.27
2021-08-11   149.27 160.46   149.24 160.44   286.76 297.95   148.70 159.89   154.28 165.48   148.02 159.21
2021-08-12   148.21 159.40   148.18 159.38   285.70 296.89   147.64 158.83   153.23 164.42   146.96 158.15
2021-08-13   147.15 158.35   147.13 158.32   284.64 295.83   146.58 157.78   152.17 163.36   145.90 157.10
2021-08-14   146.10 157.29   146.07 157.26   283.59 294.78   145.53 156.72   151.11 162.30   144.85 156.04
2021-08-15   145.04 156.23   145.02 156.20   282.53 293.72   144.47 155.66   150.06 161.25   143.79 154.98
2021-08-16   143.99 155.17   143.96 155.15   281.47 292.66   143.42 154.60   149.00 160.19   142.74 153.92
2021-08-17   142.93 154.12   142.91 154.09   280.42 291.60   142.36 153.55   147.95 159.13   141.68 152.86
2021-08-18   141.88 153.06   141.85 153.03   279.37 290.55   141.31 152.49   146.89 158.07   140.63 151.81
2021-08-19   140.83 152.00   140.80 151.97   278.31 289.49   140.26 151.43   145.84 157.02   139.58 150.75
2021-08-20   139.77 150.94   139.75 150.92   277.26 288.43   139.20 150.37   144.79 155.96   138.52 149.69
2021-08-21   138.72 149.89   138.70 149.86   276.21 287.38   138.15 149.32   143.74 154.90   137.47 148.64
2021-08-22   137.68 148.83   137.65 148.81   275.16 286.32   137.11 148.26   142.69 153.85   136.42 147.58
2021-08-23   136.63 147.78   136.60 147.75   274.12 285.27   136.06 147.21   141.64 152.79   135.38 146.53
2021-08-24   135.58 146.73   135.56 146.70   273.07 284.21   135.01 146.16   140.60 151.74   134.33 145.48
2021-08-25   134.54 145.67   134.51 145.65   272.03 283.16   133.97 145.10   139.55 150.69   133.29 144.42
2021-08-26   133.50 144.62   133.47 144.60   270.98 282.11   132.93 144.05   138.51 149.64   132.24 143.37
2021-08-27   132.45 143.57   132.43 143.55   269.94 281.06   131.88 143.00   137.47 148.59   131.20 142.32
2021-08-28   131.42 142.52   131.39 142.50   268.90 280.01   130.85 141.95   136.43 147.54   130.16 141.27
2021-08-29   130.38 141.48   130.35 141.45   267.87 278.97   129.81 140.91   135.39 146.49   129.13 140.23
2021-08-30   129.34 140.43   129.32 140.41   266.83 277.92   128.77 139.86   134.36 145.45   128.09 139.18
2021-08-31   128.31 139.39   128.28 139.36   265.80 276.88   127.74 138.82   133.33 144.40   127.06 138.14
2021-09-01   127.28 138.35   127.25 138.32   264.77 275.83   126.71 137.78   132.30 143.36   126.03 137.10
2021-09-02   126.25 137.31   126.23 137.28   263.74 274.79   125.68 136.74   131.27 142.32   125.00 136.06
2021-09-03   125.23 136.27   125.20 136.24   262.71 273.76   124.66 135.70   130.24 141.28   123.98 135.02
2021-09-04   124.20 135.23   124.18 135.20   261.69 272.72   123.63 134.66   129.22 140.25   122.95 133.98
2021-09-05   123.18 134.20   123.16 134.17   260.67 271.68   122.61 133.63   128.20 139.21   121.93 132.95
2021-09-06   122.16 133.16   122.14 133.14   259.65 270.65   121.59 132.59   127.18 138.18   120.91 131.91
2021-09-07   121.15 132.13   121.12 132.11   258.63 269.62   120.58 131.56   126.16 137.15   119.90 130.88
2021-09-08   120.13 131.11   120.11 131.08   257.62 268.59   119.56 130.54   125.15 136.12   118.88 129.86
2021-09-09   119.12 130.08   119.10 130.05   256.61 267.57   118.55 129.51   124.14 135.10   117.87 128.83
2021-09-10   118.11 129.06   118.09 129.03   255.60 266.54   117.54 128.49   123.13 134.07   116.86 127.81
2021-09-11   117.11 128.04   117.08 128.01   254.59 265.52   116.54 127.47   122.12 133.05   115.86 126.79
2021-09-12   116.10 127.02   116.08 126.99   253.59 264.51   115.53 126.45   121.12 132.03   114.85 125.77
2021-09-13   115.10 126.00   115.08 125.98   252.59 263.49   114.53 125.43   120.12 131.02   113.85 124.75
2021-09-14   114.11 124.99   114.08 124.96   251.59 262.48   113.54 124.42   119.12 130.00   112.86 123.74
2021-09-15   113.11 123.98   113.08 123.95   250.60 261.46   112.54 123.41   118.13 128.99   111.86 122.73
2021-09-16   112.12 122.97   112.09 122.94   249.61 260.46   111.55 122.40   117.13 127.98   110.87 121.72
2021-09-17   111.13 121.96   111.10 121.94   248.62 259.45   110.56 121.39   116.14 126.98   109.88 120.71
2021-09-18   110.14 120.96   110.12 120.93   247.63 258.45   109.57 120.39   115.16 125.97   108.89 119.71
2021-09-19   109.16 119.96   109.13 119.93   246.65 257.45   108.59 119.39   114.17 124.97   107.91 118.71
2021-09-20   108.18 118.96   108.15 118.93   245.67 256.45   107.61 118.39   113.19 123.98   106.93 117.71
2021-09-21   107.20 117.97   107.17 117.94   244.69 255.45   106.63 117.40   112.21 122.98   105.95 116.72
2021-09-22   106.22 116.97   106.20 116.95   243.71 254.46   105.65 116.40   111.24 121.99   104.97 115.72
2021-09-23   105.25 115.98   105.22 115.96   242.74 253.47   104.68 115.41   110.27 121.00   104.00 114.73
2021-09-24   104.28 115.00   104.25 114.97   241.77 252.48   103.71 114.43   109.30 120.01   103.03 113.75
2021-09-25   103.31 114.01   103.29 113.99   240.80 251.50   102.74 113.44   108.33 119.03   102.06 112.76
2021-09-26   102.35 113.03   102.32 113.00   239.83 250.52   101.78 112.46   107.36 118.04   101.10 111.78
2021-09-27   101.38 112.05   101.36 112.02   238.87 249.54   100.81 111.48   106.40 117.07   100.13 110.80
2021-09-28   100.42 111.07   100.40 111.05   237.91 248.56    99.85 110.50   105.44 116.09    99.17 109.82
2021-09-29    99.47 110.10    99.44 110.07   236.95 247.59    98.90 109.53   104.48 115.12    98.22 108.85
2021-09-30    98.51 109.13    98.49 109.10   236.00 246.62    97.94 108.56   103.53 114.14    97.26 107.88
2021-10-01    97.56 108.16    97.53 108.13   235.05 245.65    96.99 107.59   102.57 113.17    96.31 106.91
2021-10-02    96.61 107.19    96.58 107.17   234.10 244.68    96.04 106.62   101.62 112.21    95.36 105.94
2021-10-03    95.66 106.23    95.64 106.20   233.15 243.72    95.09 105.66   100.68 111.24    94.41 104.98
2021-10-04    94.72 105.27    94.69 105.24   232.20 242.76    94.15 104.70    99.73 110.28    93.47 104.02
2021-10-05    93.77 104.31    93.75 104.28   231.26 241.80    93.20 103.74    98.79 109.32    92.52 103.06
2021-10-06    92.83 103.35    92.81 103.33   230.32 240.84    92.26 102.78    97.85 108.37    91.58 102.10
2021-10-07    91.89 102.40    91.87 102.37   229.38 239.89    91.32 101.83    96.91 107.41    90.64 101.15
2021-10-08    90.96 101.45    90.93 101.42   228.44 238.93    90.39 100.88    95.97 106.46    89.71 100.20
2021-10-09    90.02 100.50    90.00 100.47   227.51 237.99    89.45  99.93    95.04 105.51    88.77  99.25
2021-10-10    89.09  99.55    89.06  99.52   226.58 237.04    88.52  98.98    94.10 104.57    87.84  98.30
2021-10-11    88.16  98.61    88.13  98.58   225.65 236.09    87.59  98.04    93.17 103.62    86.91  97.35
2021-10-12    87.23  97.66    87.20  97.64   224.72 235.15    86.66  97.09    92.24 102.68    85.98  96.41
2021-10-13    86.30  96.72    86.28  96.69   223.79 234.21    85.73  96.15    91.32 101.74    85.05  95.47
2021-10-14    85.38  95.78    85.35  95.76   222.86 233.27    84.81  95.21    90.39 100.80    84.13  94.53
2021-10-15    84.45  94.85    84.43  94.82   221.94 232.33    83.88  94.28    89.47  99.86    83.20  93.59
2021-10-16    83.53  93.91    83.50  93.88   221.02 231.40    82.96  93.34    88.55  98.93    82.28  92.66
2021-10-17    82.61  92.98    82.58  92.95   220.10 230.46    82.04  92.41    87.62  97.99    81.36  91.73
2021-10-18    81.69  92.05    81.66  92.02   219.18 229.53    81.12  91.48    86.70  97.06    80.44  90.79
2021-10-19    80.77  91.12    80.74  91.09   218.26 228.60    80.20  90.55    85.79  96.13    79.52  89.86
2021-10-20    79.85  90.19    79.83  90.16   217.34 227.67    79.28  89.62    84.87  95.20    78.60  88.94
2021-10-21    78.94  89.26    78.91  89.23   216.43 226.75    78.37  88.69    83.95  94.28    77.69  88.01
2021-10-22    78.02  88.33    78.00  88.31   215.51 225.82    77.45  87.76    83.04  93.35    76.77  87.08
2021-10-23    77.11  87.41    77.08  87.38   214.60 224.90    76.54  86.84    82.12  92.43    75.86  86.16
2021-10-24    76.20  86.49    76.17  86.46   213.68 223.98    75.63  85.92    81.21  91.50    74.95  85.24
2021-10-25    75.28  85.57    75.26  85.54   212.77 223.05    74.71  85.00    80.30  90.58    74.03  84.32
2021-10-26    74.37  84.65    74.35  84.62   211.86 222.13    73.80  84.08    79.39  89.66    73.12  83.40
2021-10-27    73.46  83.73    73.43  83.70   210.95 221.21    72.89  83.16    78.48  88.74    72.21  82.48
2021-10-28    72.55  82.81    72.52  82.78   210.04 220.30    71.98  82.24    77.57  87.82    71.30  81.56
2021-10-29    71.64  81.89    71.61  81.86   209.13 219.38    71.07  81.32    76.66  86.91    70.39  80.64
2021-10-30    70.73  80.97    70.70  80.95   208.22 218.46    70.16  80.40    75.75  85.99    69.48  79.72
2021-10-31    69.82  80.06    69.79  80.03   207.31 217.55    69.25  79.49    74.84  85.07    68.57  78.81
2021-11-01    68.91  79.14    68.89  79.12   206.40 216.63    68.34  78.57    73.93  84.16    67.66  77.89
2021-11-02    68.00  78.23    67.98  78.20   205.49 215.72    67.43  77.66    73.02  83.24    66.75  76.98
2021-11-03    67.09  77.32    67.07  77.29   204.58 214.80    66.52  76.75    72.11  82.33    65.84  76.06
2021-11-04    66.18  76.40    66.16  76.37   203.67 213.89    65.61  75.83    71.20  81.42    64.93  75.15
2021-11-05    65.27  75.49    65.25  75.46   202.76 212.98    64.70  74.92    70.29  80.50    64.02  74.24
2021-11-06    64.36  74.57    64.34  74.55   201.85 212.06    63.79  74.00    69.38  79.59    63.11  73.32
2021-11-07    63.45  73.66    63.43  73.64   200.94 211.15    62.88  73.09    68.47  78.68    62.20  72.41
2021-11-08    62.54  72.75    62.52  72.72   200.03 210.24    61.97  72.18    67.56  77.76    61.29  71.50
2021-11-09    61.63  71.84    61.61  71.81   199.12 209.32    61.06  71.27    66.65  76.85    60.38  70.58
2021-11-10    60.72  70.92    60.69  70.90   198.21 208.41    60.15  70.35    65.74  75.94    59.47  69.67
2021-11-11    59.81  70.01    59.78  69.98   197.30 207.50    59.24  69.44    64.82  75.02    58.56  68.76
2021-11-12    58.89  69.09    58.87  69.07   196.38 206.58    58.32  68.52    63.91  74.11    57.64  67.84
2021-11-13    57.98  68.18    57.95  68.15   195.47 205.67    57.41  67.61    63.00  73.20    56.73  66.93
2021-11-14    57.06  67.27    57.04  67.24   194.55 204.75    56.49  66.70    62.08  72.28    55.81  66.01
2021-11-15    56.15  66.35    56.12  66.32   193.64 203.84    55.58  65.78    61.16  71.37    54.90  65.10
2021-11-16    55.23  65.43    55.20  65.41   192.72 202.92    54.66  64.86    60.25  70.45    53.98  64.18
2021-11-17    54.31  64.52    54.28  64.49   191.80 202.00    53.74  63.95    59.33  69.53    53.06  63.27
2021-11-18    53.39  63.60    53.36  63.57   190.88 201.09    52.82  63.03    58.41  68.61    52.14  62.35
2021-11-19    52.65  62.50    52.63  62.47   190.14 199.98    52.08  61.93    57.67  67.51    51.40  61.24
2021-11-20    51.99  61.32    51.96  61.29   189.47 198.81    51.42  60.75    57.00  66.33    50.74  60.07
2021-11-21    51.32  60.14    51.29  60.11   188.81 197.63    50.75  59.57    56.33  65.16    50.07  58.89
2021-11-22    50.65  58.96    50.62  58.93   188.13 196.45    50.08  58.39    55.66  63.98    49.40  57.71
2021-11-23    49.97  57.78    49.95  57.75   187.46 195.27    49.40  57.21    54.99  62.80    48.72  56.53
2021-11-24    49.30  56.60    49.27  56.57   186.79 194.09    48.73  56.03    54.32  61.62    48.05  55.35

2022-04-28   251.51 258.40   251.48 258.37    29.00  35.89   250.94 257.83   256.52 263.41   250.26 257.15
2022-04-29   250.38 257.76   250.35 257.73    27.87  35.25   249.81 257.19   255.39 262.77   249.13 256.51
2022-04-30   249.25 257.12   249.22 257.09    26.74  34.61   248.68 256.55   254.26 262.13   248.00 255.87
2022-05-01   248.12 256.48   248.09 256.46    25.61  33.97   247.55 255.91   253.13 261.50   246.87 255.23
2022-05-02   246.99 255.85   246.96 255.82    24.48  33.34   246.42 255.28   252.00 260.86   245.74 254.60
2022-05-03   245.86 255.22   245.83 255.19    23.35  32.70   245.29 254.65   250.87 260.23   244.61 253.96
2022-05-04   244.73 254.58   244.70 254.56    22.22  32.07   244.16 254.01   249.75 259.60   243.48 253.33
2022-05-05   243.67 253.88   243.65 253.86    21.16  31.37   243.10 253.31   248.69 258.90   242.42 252.63
2022-05-06   242.80 253.00   242.77 252.98    20.28  30.49   242.23 252.43   247.81 258.02   241.55 251.75
2022-05-07   241.92 252.12   241.89 252.10    19.41  29.61   241.35 251.55   246.93 257.14   240.67 250.87
2022-05-08   241.04 251.25   241.02 251.22    18.53  28.73   240.47 250.68   246.06 256.26   239.79 249.99
2022-05-09   240.17 250.37   240.14 250.34    17.65  27.86   239.60 249.80   245.18 255.38   238.92 249.12
2022-05-10   239.29 249.49   239.26 249.46    16.78  26.98   238.72 248.92   244.31 254.51   238.04 248.24
2022-05-11   238.41 248.61   238.39 248.59    15.90  26.10   237.84 248.04   243.43 253.63   237.16 247.36
2022-05-12   237.54 247.74   237.51 247.71    15.03  25.23   236.97 247.17   242.55 252.75   236.29 246.49
2022-05-13   236.66 246.86   236.64 246.84    14.15  24.35   236.09 246.29   241.68 251.88   235.41 245.61
2022-05-14   235.78 245.99   235.76 245.96    13.27  23.47   235.21 245.42   240.80 251.00   234.53 244.74
2022-05-15   234.91 245.11   234.88 245.09    12.40  22.60   234.34 244.54   239.92 250.13   233.66 243.86
2022-05-16   234.03 244.24   234.00 244.21    11.52  21.72   233.46 243.67   239.05 249.25   232.78 242.99
2022-05-17   233.15 243.36   233.13 243.33    10.64  20.85   232.58 242.79   238.17 248.38   231.90 242.11
2022-05-18   232.27 242.49   232.25 242.46     9.76  19.97   231.70 241.92   237.29 247.50   231.02 241.23
2022-05-19   231.39 241.61   231.37 241.58     8.88  19.10   230.82 241.04   236.41 246.62   230.14 240.36
2022-05-20   230.51 240.73   230.49 240.71     8.00  18.22   229.94 240.16   235.53 245.75   229.26 239.48
2022-05-21   229.63 239.86   229.61 239.83     7.12  17.34   229.06 239.29   234.65 244.87   228.38 238.61
2022-05-22   228.75 238.98   228.72 238.95     6.24  16.47   228.18 238.41   233.76 243.99   227.50 237.73
2022-05-23   227.87 238.10   227.84 238.08     5.35  15.59   227.30 237.53   232.88 243.12   226.62 236.85
2022-05-24   226.98 237.22   226.96 237.20     4.47  14.71   226.41 236.65   232.00 242.24   225.73 235.97
2022-05-25   226.10 236.34   226.07 236.32     3.58  13.83   225.53 235.77   231.11 241.36   224.84 235.09
2022-05-26   225.21 235.46   225.18 235.44     2.70  12.95   224.64 234.89   230.22 240.48   223.96 234.21
2022-05-27   224.32 234.58   224.29 234.56     1.81  12.07   223.75 234.01   229.33 239.60   223.07 233.33
2022-05-28   223.43 233.70   223.40 233.67     0.92  11.19   222.86 233.13   228.44 238.72   222.18 232.45
2022-05-29   222.54 232.82   222.51 232.79     0.03  10.30   221.97 232.25   227.55 237.83   221.29 231.57
2022-05-30   221.64 231.93   221.62 231.91   359.13   9.42   221.07 231.36   226.66 236.95   220.39 230.68
2022-05-31   220.75 231.05   220.72 231.02   358.24   8.53   220.18 230.48   225.76 236.06   219.50 229.80
2022-06-01   219.85 230.16   219.83 230.13   357.34   7.65   219.28 229.59   224.87 235.17   218.60 228.91
2022-06-02   218.95 229.27   218.93 229.24   356.44   6.76   218.38 228.70   223.97 234.28   217.70 228.02
2022-06-03   218.05 228.38   218.02 228.35   355.54   5.87   217.48 227.81   223.07 233.39   216.80 227.13
2022-06-04   217.15 227.49   217.12 227.46   354.64   4.97   216.58 226.92   222.16 232.50   215.90 226.24
2022-06-05   216.24 226.59   216.22 226.57   353.73   4.08   215.67 226.02   221.26 231.61   214.99 225.34
2022-06-06   215.34 225.70   215.31 225.67   352.82   3.18   214.77 225.13   220.35 230.71   214.08 224.45
2022-06-07   214.43 224.80   214.40 224.77   351.91   2.29   213.86 224.23   219.44 229.81   213.17 223.55
2022-06-08   213.51 223.90   213.49 223.87   351.00   1.39   212.94 223.33   218.53 228.91   212.26 222.65
2022-06-09   212.60 223.00   212.57 222.97   350.09   0.48   212.03 222.43   217.61 228.01   211.35 221.75
2022-06-10   211.68 222.09   211.65 222.07   349.17 359.58   211.11 221.52   216.70 227.11   210.43 220.84
2022-06-11   210.76 221.19   210.73 221.16   348.25 358.67   210.19 220.62   215.78 226.20   209.51 219.93
2022-06-12   209.84 220.28   209.81 220.25   347.33 357.76   209.27 219.71   214.85 225.29   208.59 219.03
2022-06-13   208.91 219.37   208.89 219.34   346.40 356.85   208.34 218.80   213.93 224.38   207.66 218.12
2022-06-14   207.99 218.45   207.96 218.43   345.47 355.94   207.42 217.88   213.00 223.47   206.73 217.20
2022-06-15   207.06 217.54   207.03 217.51   344.54 355.02   206.49 216.97   212.07 222.55   205.80 216.29
2022-06-16   206.12 216.62   206.10 216.59   343.61 354.11   205.55 216.05   211.14 221.63   204.87 215.37
2022-06-17   205.19 215.70   205.16 215.67   342.67 353.18   204.62 215.13   210.20 220.71   203.93 214.45
2022-06-18   204.25 214.77   204.22 214.75   341.73 352.26   203.68 214.20   209.26 219.79   203.00 213.52
2022-06-19   203.30 213.85   203.28 213.82   340.79 351.33   202.73 213.28   208.32 218.86   202.05 212.60
2022-06-20   202.36 212.92   202.33 212.89   339.85 350.40   201.79 212.35   207.37 217.93   201.11 211.67
2022-06-21   201.41 211.98   201.38 211.96   338.90 349.47   200.84 211.41   206.43 217.00   200.16 210.73
2022-06-22   200.46 211.05   200.43 211.02   337.95 348.54   199.89 210.48   205.47 216.06   199.21 209.80
2022-06-23   199.50 210.11   199.48 210.08   336.99 347.60   198.93 209.54   204.52 215.13   198.25 208.86
2022-06-24   198.55 209.17   198.52 209.14   336.03 346.66   197.98 208.60   203.56 214.19   197.30 207.92
2022-06-25   197.59 208.23   197.56 208.20   335.07 345.71   197.02 207.66   202.60 213.24   196.34 206.98
2022-06-26   196.62 207.28   196.60 207.25   334.11 344.77   196.05 206.71   201.64 212.29   195.37 206.03
2022-06-27   195.66 206.33   195.63 206.30   333.14 343.82   195.09 205.76   200.67 211.34   194.41 205.08
2022-06-28   194.69 205.38   194.66 205.35   332.17 342.86   194.12 204.81   199.70 210.39   193.43 204.12
2022-06-29   193.71 204.42   193.69 204.39   331.20 341.91   193.14 203.85   198.73 209.43   192.46 203.17
2022-06-30   192.74 203.46   192.71 203.43   330.22 340.95   192.17 202.89   197.75 208.47   191.49 202.21
2022-07-01   191.76 202.50   191.73 202.47   329.24 339.98   191.19 201.93   196.77 207.51   190.51 201.25
2022-07-02   190.77 201.53   190.75 201.50   328.26 339.02   190.20 200.96   195.79 206.55   189.52 200.28
2022-07-03   189.79 200.56   189.76 200.54   327.28 338.05   189.22 199.99   194.80 205.58   188.54 199.31
2022-07-04   188.80 199.59   188.77 199.56   326.29 337.08   188.23 199.02   193.81 204.61   187.55 198.34
2022-07-05   187.81 198.61   187.78 198.59   325.29 336.10   187.24 198.04   192.82 203.63   186.56 197.36
2022-07-06   186.81 197.64   186.79 197.61   324.30 335.12   186.24 197.07   191.83 202.65   185.56 196.39
2022-07-07   185.81 196.65   185.79 196.63   323.30 334.14   185.24 196.08   190.83 201.67   184.56 195.40
2022-07-08   184.81 195.67   184.79 195.64   322.30 333.16   184.24 195.10   189.83 200.69   183.56 194.42
2022-07-09   183.81 194.68   183.78 194.66   321.30 332.17   183.24 194.11   188.82 199.70   182.56 193.43
2022-07-10   182.80 193.69   182.78 193.67   320.29 331.18   182.23 193.12   187.82 198.71   181.55 192.44
2022-07-11   181.79 192.70   181.77 192.67   319.28 330.19   181.22 192.13   186.81 197.71   180.54 191.45
2022-07-12   180.78 191.70   180.75 191.67   318.27 329.19   180.21 191.13   185.80 196.72   179.53 190.45
2022-07-13   179.77 190.70   179.74 190.67   317.25 328.19   179.20 190.13   184.78 195.72   178.51 189.45
2022-07-14   178.75 189.70   178.72 189.67   316.23 327.19   178.18 189.13   183.76 194.71   177.50 188.45
2022-07-15   177.73 188.69   177.70 188.67   315.21 326.18   177.16 188.12   182.74 193.71   176.48 187.44
2022-07-16   176.70 187.68   176.68 187.66   314.19 325.17   176.13 187.11   181.72 192.70   175.45 186.43
2022-07-17   175.68 186.67   175.65 186.65   313.17 324.16   175.11 186.10   180.69 191.69   174.43 185.42
2022-07-18   174.65 185.66   174.62 185.63   312.14 323.15   174.08 185.09   179.67 190.67   173.40 184.41
2022-07-19   173.62 184.64   173.59 184.62   311.11 322.13   173.05 184.07   178.64 189.66   172.37 183.39
2022-07-20   172.59 183.62   172.56 183.60   310.08 321.11   172.02 183.05   177.60 188.64   171.34 182.37
2022-07-21   171.55 182.60   171.53 182.57   309.04 320.09   170.98 182.03   176.57 187.62   170.30 181.35
2022-07-22   170.52 181.58   170.49 181.55   308.01 319.06   169.95 181.01   175.53 186.59   169.27 180.33
2022-07-23   169.48 180.55   169.45 180.52   306.97 318.04   168.91 179.98   174.49 185.57   168.23 179.30
2022-07-24   168.44 179.52   168.41 179.49   305.93 317.01   167.87 178.95   173.45 184.54   167.19 178.27
2022-07-25   167.40 178.49   167.37 178.46   304.88 315.98   166.83 177.92   172.41 183.51   166.15 177.24
2022-07-26   166.35 177.46   166.33 177.43   303.84 314.94   165.78 176.89   171.37 182.47   165.10 176.21
2022-07-27   165.31 176.42   165.28 176.39   302.80 313.91   164.74 175.85   170.32 181.44   164.06 175.17
2022-07-28   164.26 175.38   164.23 175.36   301.75 312.87   163.69 174.81   169.28 180.40   163.01 174.13
2022-07-29   163.21 174.34   163.19 174.32   300.70 311.83   162.64 173.77   168.23 179.36   161.96 173.09
2022-07-30   162.16 173.30   162.14 173.28   299.65 310.79   161.59 172.73   167.18 178.32   160.91 172.05
2022-07-31   161.11 172.26   161.09 172.23   298.60 309.75   160.54 171.69   166.13 177.28   159.86 171.01
2022-08-01   160.06 171.22   160.04 171.19   297.55 308.70   159.49 170.65   165.08 176.23   158.81 169.97
2022-08-02   159.01 170.17   158.98 170.14   296.50 307.66   158.44 169.60   164.02 175.19   157.76 168.92
2022-08-03   157.96 169.12   157.93 169.10   295.44 306.61   157.39 168.55   162.97 174.14   156.71 167.87
2022-08-04   156.90 168.07   156.88 168.05   294.39 305.56   156.33 167.50   161.92 173.09   155.65 166.82
2022-08-05   155.85 167.02   155.82 167.00   293.34 304.51   155.28 166.45   160.86 172.04   154.60 165.77
2022-08-06   154.79 165.97   154.77 165.95   292.28 303.46   154.22 165.40   159.81 170.99   153.54 164.72
2022-08-07   153.74 164.92   153.71 164.90   291.23 302.41   153.17 164.35   158.75 169.94   152.49 163.67
2022-08-08   152.68 163.87   152.66 163.84   290.17 301.36   152.11 163.30   157.70 168.88   151.43 162.62
2022-08-09   151.63 162.82   151.60 162.79   289.11 300.30   151.06 162.25   156.64 167.83   150.38 161.56
2022-08-10   150.57 161.76   150.54 161.73   288.06 299.25   150.00 161.19   155.59 166.78   149.32 160.51
2022-08-11   149.52 160.71   149.49 160.68   287.00 298.19   148.95 160.14   154.53 165.72   148.26 159.46
2022-08-12   148.46 159.65   148.43 159.62   285.95 297.14   147.89 159.08   153.48 164.67   147.21 158.40
2022-08-13   147.40 158.60   147.38 158.57   284.89 296.08   146.83 158.03   152.42 163.61   146.15 157.34
2022-08-14   146.35 157.54   146.32 157.51   283.84 295.03   145.78 156.97   151.37 162.56   145.10 156.29
2022-08-15   145.30 156.48   145.27 156.46   282.78 293.97   144.73 155.91   150.31 161.50   144.05 155.23
2022-08-16   144.24 155.43   144.22 155.40   281.73 292.92   143.67 154.86   149.26 160.44   142.99 154.18
2022-08-17   143.19 154.37   143.16 154.35   280.68 291.86   142.62 153.80   148.21 159.39   141.94 153.12
2022-08-18   142.14 153.32   142.11 153.29   279.63 290.81   141.57 152.75   147.15 158.33   140.89 152.07
2022-08-19   141.09 152.26   141.06 152.24   278.58 289.75   140.52 151.69   146.10 157.28   139.84 151.01
2022-08-20   140.04 151.21   140.01 151.18   277.53 288.70   139.47 150.64   145.05 156.22   138.79 149.96
2022-08-21   138.99 150.15   138.96 150.13   276.48 287.64   138.42 149.58   144.01 155.17   137.74 148.90
2022-08-22   137.94 149.10   137.92 149.07   275.43 286.59   137.37 148.53   142.96 154.12   136.69 147.85
2022-08-23   136.90 148.05   136.87 148.02   274.38 285.54   136.33 147.48   141.91 153.06   135.65 146.80
2022-08-24   135.85 147.00   135.83 146.97   273.34 284.49   135.28 146.43   140.87 152.01   134.60 145.75
2022-08-25   134.81 145.95   134.78 145.92   272.30 283.43   134.24 145.38   139.83 150.96   133.56 144.70
2022-08-26   133.77 144.90   133.74 144.87   271.26 282.39   133.20 144.33   138.78 149.91   132.52 143.65
2022-08-27   132.73 143.85   132.70 143.82   270.22 281.34   132.16 143.28   137.75 148.86   131.48 142.60
2022-08-28   131.69 142.80   131.67 142.78   269.18 280.29   131.12 142.23   136.71 147.82   130.44 141.55
2022-08-29   130.66 141.76   130.63 141.73   268.14 279.24   130.09 141.19   135.67 146.77   129.41 140.51
2022-08-30   129.62 140.71   129.60 140.69   267.11 278.20   129.05 140.14   134.64 145.73   128.37 139.46
2022-08-31   128.59 139.67   128.57 139.64   266.08 277.16   128.02 139.10   133.61 144.69   127.34 138.42
2022-09-01   127.56 138.63   127.54 138.60   265.05 276.12   126.99 138.06   132.58 143.65   126.31 137.38
2022-09-02   126.54 137.59   126.51 137.57   264.02 275.08   125.97 137.02   131.55 142.61   125.29 136.34
2022-09-03   125.51 136.55   125.48 136.53   263.00 274.04   124.94 135.98   130.53 141.57   124.26 135.30
2022-09-04   124.49 135.52   124.46 135.49   261.98 273.01   123.92 134.95   129.50 140.53   123.24 134.27
2022-09-05   123.47 134.49   123.44 134.46   260.96 271.97   122.90 133.92   128.48 139.50   122.22 133.24
2022-09-06   122.45 133.45   122.42 133.43   259.94 270.94   121.88 132.88   127.47 138.47   121.20 132.20
2022-09-07   121.44 132.43   121.41 132.40   258.92 269.91   120.87 131.86   126.45 137.44   120.18 131.17
2022-09-08   120.42 131.40   120.40 131.37   257.91 268.89   119.85 130.83   125.44 136.41   119.17 130.15
2022-09-09   119.41 130.37   119.39 130.35   256.90 267.86   118.84 129.80   124.43 135.39   118.16 129.12
2022-09-10   118.40 129.35   118.38 129.32   255.89 266.84   117.83 128.78   123.42 134.37   117.15 128.10
2022-09-11   117.40 128.33   117.37 128.30   254.89 265.82   116.83 127.76   122.41 133.35   116.15 127.08
2022-09-12   116.40 127.31   116.37 127.29   253.88 264.80   115.83 126.74   121.41 132.33   115.15 126.06
2022-09-13   115.40 126.30   115.37 126.27   252.88 263.79   114.83 125.73   120.41 131.31   114.15 125.05
2022-09-14   114.40 125.29   114.37 125.26   251.89 262.77   113.83 124.72   119.41 130.30   113.15 124.03
2022-09-15   113.41 124.27   113.38 124.25   250.89 261.76   112.84 123.70   118.42 129.29   112.15 123.02
2022-09-16   112.41 123.27   112.39 123.24   249.90 260.75   111.84 122.70   117.43 128.28   111.16 122.02
2022-09-17   111.42 122.26   111.40 122.23   248.91 259.75   110.85 121.69   116.44 127.28   110.17 121.01
2022-09-18   110.44 121.26   110.41 121.23   247.92 258.75   109.87 120.69   115.45 126.27   109.19 120.01
2022-09-19   109.45 120.26   109.43 120.23   246.94 257.75   108.88 119.69   114.47 125.27   108.20 119.01
2022-09-20   108.47 119.26   108.45 119.23   245.96 256.75   107.90 118.69   113.49 124.28   107.22 118.01
2022-09-21   107.49 118.27   107.47 118.24   244.98 255.75   106.92 117.70   112.51 123.28   106.24 117.01
2022-09-22   106.52 117.27   106.49 117.25   244.01 254.76   105.95 116.70   111.53 122.29   105.27 116.02
2022-09-23   105.55 116.28   105.52 116.26   243.03 253.77   104.98 115.71   110.56 121.30   104.29 115.03
2022-09-24   104.57 115.30   104.55 115.27   242.06 252.78   104.00 114.73   109.59 120.31   103.32 114.04
2022-09-25   103.61 114.31   103.58 114.28   241.09 251.80   103.04 113.74   108.62 119.33   102.36 113.06
2022-09-26   102.64 113.33   102.62 113.30   240.13 250.82   102.07 112.76   107.66 118.34   101.39 112.08
2022-09-27   101.68 112.35   101.65 112.32   239.17 249.84   101.11 111.78   106.69 117.36   100.43 111.10
2022-09-28   100.72 111.37   100.69 111.35   238.21 248.86   100.15 110.80   105.73 116.39    99.47 110.12
2022-09-29    99.76 110.40    99.73 110.37   237.25 247.89    99.19 109.83   104.78 115.41    98.51 109.15
2022-09-30    98.81 109.43    98.78 109.40   236.29 246.91    98.24 108.86   103.82 114.44    97.55 108.18
2022-10-01    97.85 108.46    97.83 108.43   235.34 245.94    97.28 107.89   102.87 113.47    96.60 107.21
2022-10-02    96.90 107.49    96.88 107.46   234.39 244.98    96.33 106.92   101.92 112.51    95.65 106.24
2022-10-03    95.95 106.53    95.93 106.50   233.44 244.01    95.38 105.96   100.97 111.54    94.70 105.27
2022-10-04    95.01 105.56    94.98 105.54   232.49 243.05    94.44 104.99   100.02 110.58    93.76 104.31
2022-10-05    94.06 104.60    94.04 104.58   231.55 242.09    93.49 104.03    99.08 109.62    92.81 103.35
2022-10-06    93.12 103.65    93.10 103.62   230.61 241.13    92.55 103.08    98.14 108.66    91.87 102.40
2022-10-07    92.18 102.69    92.16 102.67   229.67 240.18    91.61 102.12    97.20 107.71    90.93 101.44
2022-10-08    91.24 101.74    91.22 101.71   228.73 239.23    90.67 101.17    96.26 106.75    89.99 100.49
2022-10-09    90.31 100.79    90.28 100.76   227.80 238.28    89.74 100.22    95.32 105.80    89.06  99.54
2022-10-10    89.38  99.84    89.35  99.81   226.86 237.33    88.81  99.27    94.39 104.86    88.12  98.59
2022-10-11    88.44  98.89    88.42  98.87   225.93 236.38    87.87  98.32    93.46 103.91    87.19  97.64
2022-10-12    87.51  97.95    87.49  97.92   225.00 235.44    86.94  97.38    92.53 102.97    86.26  96.70
2022-10-13    86.59  97.01    86.56  96.98   224.07 234.50    86.02  96.44    91.60 102.02    85.33  95.76
2022-10-14    85.66  96.07    85.63  96.04   223.15 233.56    85.09  95.50    90.67 101.08    84.41  94.82
2022-10-15    84.73  95.13    84.71  95.10   222.22 232.62    84.16  94.56    89.75 100.15    83.48  93.88
2022-10-16    83.81  94.19    83.78  94.17   221.30 231.68    83.24  93.62    88.83  99.21    82.56  92.94
2022-10-17    82.89  93.26    82.86  93.23   220.38 230.75    82.32  92.69    87.90  98.27    81.64  92.01
2022-10-18    81.97  92.33    81.94  92.30   219.45 229.81    81.40  91.76    86.98  97.34    80.72  91.08
2022-10-19    81.05  91.40    81.02  91.37   218.53 228.88    80.48  90.83    86.06  96.41    79.80  90.14
2022-10-20    80.13  90.47    80.10  90.44   217.62 227.95    79.56  89.90    85.14  95.48    78.88  89.21
2022-10-21    79.21  89.54    79.19  89.51   216.70 227.02    78.64  88.97    84.23  94.55    77.96  88.29
2022-10-22    78.30  88.61    78.27  88.58   215.78 226.10    77.73  88.04    83.31  93.63    77.04  87.36
2022-10-23    77.38  87.69    77.35  87.66   214.87 225.17    76.81  87.12    82.40  92.70    76.13  86.43
2022-10-24    76.47  86.76    76.44  86.73   213.95 224.25    75.90  86.19    81.48  91.78    75.21  85.51
2022-10-25    75.55  85.84    75.53  85.81   213.04 223.33    74.98  85.27    80.57  90.85    74.30  84.59
2022-10-26    74.64  84.92    74.61  84.89   212.13 222.40    74.07  84.35    79.65  89.93    73.39  83.67
2022-10-27    73.73  84.00    73.70  83.97   211.21 221.48    73.16  83.43    78.74  89.01    72.48  82.74
2022-10-28    72.81  83.08    72.79  83.05   210.30 220.56    72.24  82.51    77.83  88.09    71.56  81.82
2022-10-29    71.90  82.16    71.88  82.13   209.39 219.64    71.33  81.59    76.92  87.17    70.65  80.91
2022-10-30    70.99  81.24    70.97  81.21   208.48 218.73    70.42  80.67    76.01  86.25    69.74  79.99
2022-10-31    70.08  80.32    70.06  80.29   207.57 217.81    69.51  79.75    75.10  85.34    68.83  79.07
2022-11-01    69.17  79.40    69.14  79.38   206.66 216.89    68.60  78.83    74.19  84.42    67.92  78.15
2022-11-02    68.26  78.49    68.23  78.46   205.75 215.98    67.69  77.92    73.28  83.50    67.01  77.24
2022-11-03    67.35  77.57    67.32  77.55   204.84 215.06    66.78  77.00    72.36  82.59    66.10  76.32
2022-11-04    66.44  76.66    66.41  76.63   203.93 214.14    65.87  76.09    71.45  81.67    65.19  75.41
2022-11-05    65.53  75.74    65.50  75.72   203.02 213.23    64.96  75.17    70.54  80.76    64.28  74.49
2022-11-06    64.62  74.83    64.59  74.80   202.10 212.32    64.05  74.26    69.63  79.84    63.37  73.58
2022-11-07    63.71  73.91    63.68  73.89   201.19 211.40    63.14  73.34    68.72  78.93    62.45  72.66
2022-11-08    62.79  73.00    62.77  72.97   200.28 210.49    62.22  72.43    67.81  78.01    61.54  71.75
2022-11-09    61.88  72.08    61.85  72.06   199.37 209.57    61.31  71.51    66.90  77.10    60.63  70.83
2022-11-10    60.97  71.17    60.94  71.14   198.45 208.66    60.40  70.60    65.98  76.18    59.72  69.92
2022-11-11    60.05  70.25    60.03  70.23   197.54 207.74    59.48  69.68    65.07  75.27    58.80  69.00
2022-11-12    59.14  69.34    59.11  69.31   196.63 206.83    58.57  68.77    64.15  74.35    57.89  68.09
2022-11-13    58.22  68.42    58.20  68.40   195.71 205.91    57.65  67.85    63.24  73.44    56.97  67.17
2022-11-14    57.31  67.51    57.28  67.48   194.79 204.99    56.74  66.94    62.32  72.52    56.05  66.26
2022-11-15    56.39  66.59    56.36  66.56   193.87 204.08    55.82  66.02    61.40  71.60    55.14  65.34
2022-11-16    55.47  65.67    55.44  65.64   192.96 203.16    54.90  65.10    60.48  70.69    54.22  64.42
2022-11-17    54.55  64.75    54.52  64.73   192.04 202.24    53.98  64.18    59.56  69.77    53.30  63.50
2022-11-18    53.63  63.83    53.60  63.81   191.11 201.32    53.06  63.26    58.64  68.85    52.37  62.58
2022-11-19    52.81  62.81    52.78  62.78   190.30 200.29    52.24  62.24    57.83  67.82    51.56  61.55
2022-11-20    52.14  61.63    52.12  61.60   189.63 199.11    51.57  61.06    57.16  66.64    50.89  60.38
2022-11-21    51.47  60.45    51.45  60.42   188.96 197.93    50.90  59.88    56.49  65.46    50.22  59.20
2022-11-22    50.80  59.27    50.78  59.24   188.29 196.75    50.23  58.70    55.82  64.28    49.55  58.02
2022-11-23    50.13  58.08    50.10  58.06   187.62 195.57    49.56  57.51    55.14  63.10    48.88  56.83
2022-11-24    49.45  56.90    49.43  56.88   186.94 194.39    48.88  56.33    54.47  61.92    48.20  55.65
2022-11-25    48.77  55.72    48.75  55.69   186.26 193.21    48.20  55.15    53.79  60.73    47.52  54.47

2023-04-29   250.71 257.95   250.68 257.93    28.19  35.44   250.14 257.38   255.72 262.97   249.46 256.70
2023-04-30   249.57 257.32   249.55 257.29    27.06  34.80   249.00 256.75   254.59 262.33   248.32 256.06
2023-05-01   248.44 256.68   248.42 256.65    25.93  34.16   247.87 256.11   253.46 261.69   247.19 255.43
2023-05-02   247.31 256.04   247.29 256.02    24.80  33.53   246.74 255.47   252.33 261.06   246.06 254.79
2023-05-03   246.18 255.41   246.15 255.38    23.67  32.90   245.61 254.84   251.20 260.42   244.93 254.16
2023-05-04   245.05 254.78   245.02 254.75    22.54  32.26   244.48 254.21   250.07 259.79   243.80 253.52
2023-05-05   243.93 254.14   243.90 254.11    21.41  31.62   243.36 253.57   248.94 259.15   242.68 252.89
2023-05-06   243.05 253.26   243.02 253.23    20.54  30.74   242.48 252.69   248.06 258.27   241.80 252.00
2023-05-07   242.17 252.38   242.14 252.35    19.66  29.86   241.60 251.81   247.19 257.39   240.92 251.12
2023-05-08   241.29 251.50   241.27 251.47    18.78  28.98   240.72 250.93   246.31 256.51   240.04 250.24
2023-05-09   240.42 250.62   240.39 250.59    17.90  28.10   239.85 250.05   245.43 255.63   239.16 249.37
2023-05-10   239.54 249.74   239.51 249.71    17.02  27.23   238.97 249.17   244.55 254.75   238.29 248.49
2023-05-11   238.66 248.86   238.63 248.83    16.15  26.35   238.09 248.29   243.68 253.88   237.41 247.61
2023-05-12   237.78 247.98   237.76 247.96    15.27  25.47   237.21 247.41   242.80 253.00   236.53 246.73
2023-05-13   236.90 247.11   236.88 247.08    14.39  24.59   236.33 246.54   241.92 252.12   235.65 245.85
2023-05-14   236.03 246.23   236.00 246.20    13.51  23.72   235.46 245.66   241.04 251.24   234.78 244.98
2023-05-15   235.15 245.35   235.12 245.32    12.64  22.84   234.58 244.78   240.16 250.37   233.90 244.10
2023-05-16   234.27 244.47   234.24 244.45    11.76  21.96   233.70 243.90   239.28 249.49   233.02 243.22
2023-05-17   233.39 243.60   233.36 243.57    10.88  21.09   232.82 243.03   238.40 248.61   232.14 242.35
2023-05-18   232.51 242.72   232.48 242.69    10.00  20.21   231.94 242.15   237.52 247.74   231.26 241.47
2023-05-19   231.63 241.84   231.60 241.82     9.12  19.33   231.06 241.27   236.64 246.86   230.38 240.59
2023-05-20   230.75 240.97   230.72 240.94     8.23  18.45   230.18 240.40   235.76 245.98   229.50 239.72
2023-05-21   229.86 240.09   229.84 240.06     7.35  17.58   229.29 239.52   234.88 245.10   228.61 238.84
2023-05-22   228.98 239.21   228.95 239.18     6.47  16.70   228.41 238.64   234.00 244.22   227.73 237.96
2023-05-23   228.10 238.33   228.07 238.30     5.58  15.82   227.53 237.76   233.11 243.35   226.84 237.08
2023-05-24   227.21 237.45   227.18 237.42     4.70  14.94   226.64 236.88   232.23 242.47   225.96 236.20
2023-05-25   226.32 236.57   226.30 236.54     3.81  14.06   225.75 236.00   231.34 241.58   225.07 235.32
2023-05-26   225.43 235.69   225.41 235.66     2.92  13.18   224.86 235.12   230.45 240.70   224.18 234.44
2023-05-27   224.54 234.81   224.52 234.78     2.03  12.29   223.97 234.24   229.56 239.82   223.29 233.55
2023-05-28   223.65 233.92   223.63 233.90     1.14  11.41   223.08 233.35   228.67 238.94   222.40 232.67
2023-05-29   222.76 233.04   222.73 233.01     0.25  10.52   222.19 232.47   227.77 238.05   221.51 231.79
2023-05-30   221.86 232.15   221.84 232.12   359.35   9.64   221.29 231.58   226.88 237.17   220.61 230.90
2023-05-31   220.97 231.26   220.94 231.24   358.46   8.75   220.40 230.69   225.98 236.28   219.72 230.01
2023-06-01   220.07 230.37   220.04 230.35   357.56   7.86   219.50 229.80   225.08 235.39   218.82 229.12
2023-06-02   219.17 229.48   219.14 229.46   356.66   6.97   218.60 228.91   224.18 234.50   217.92 228.23
2023-06-03   218.27 228.59   218.24 228.57   355.75   6.08   217.70 228.02   223.28 233.61   217.02 227.34
2023-06-04   217.36 227.70   217.34 227.67   354.85   5.19   216.79 227.13   222.38 232.71   216.11 226.45
2023-06-05   216.46 226.80   216.43 226.78   353.94   4.29   215.89 226.23   221.47 231.82   215.21 225.55
2023-06-06   215.55 225.91   215.52 225.88   353.03   3.39   214.98 225.34   220.56 230.92   214.30 224.66
2023-06-07   214.64 225.01   214.61 224.98   352.12   2.49   214.07 224.44   219.65 230.02   213.39 223.76
2023-06-08   213.72 224.11   213.70 224.08   351.21   1.59   213.15 223.54   218.74 229.12   212.47 222.85
2023-06-09   212.81 223.20   212.78 223.18   350.29   0.69   212.24 222.63   217.82 228.22   211.56 221.95
2023-06-10   211.89 222.30   211.86 222.27   349.38 359.78   211.32 221.73   216.90 227.31   210.64 221.05
2023-06-11   210.97 221.39   210.94 221.36   348.45 358.88   210.40 220.82   215.98 226.40   209.72 220.14
2023-06-12   210.04 220.48   210.02 220.45   347.53 357.97   209.47 219.91   215.06 225.50   208.79 219.23
2023-06-13   209.12 219.57   209.09 219.54   346.61 357.06   208.55 219.00   214.13 224.58   207.87 218.32
2023-06-14   208.19 218.65   208.16 218.63   345.68 356.14   207.62 218.08   213.20 223.67   206.94 217.40
2023-06-15   207.26 217.74   207.23 217.71   344.74 355.22   206.69 217.17   212.27 222.75   206.01 216.49
2023-06-16   206.32 216.82   206.30 216.79   343.81 354.30   205.75 216.25   211.34 221.83   205.07 215.57
2023-06-17   205.39 215.89   205.36 215.87   342.87 353.38   204.82 215.32   210.40 220.91   204.14 214.64
2023-06-18   204.45 214.97   204.42 214.94   341.93 352.46   203.88 214.40   209.46 219.99   203.19 213.72
2023-06-19   203.50 214.04   203.48 214.02   340.99 351.53   202.93 213.47   208.52 219.06   202.25 212.79
2023-06-20   202.56 213.11   202.53 213.09   340.04 350.60   201.99 212.54   207.57 218.13   201.31 211.86
2023-06-21   201.61 212.18   201.58 212.15   339.10 349.67   201.04 211.61   206.62 217.19   200.36 210.93
2023-06-22   200.66 211.24   200.63 211.22   338.14 348.73   200.09 210.67   205.67 216.26   199.41 209.99
2023-06-23   199.70 210.30   199.67 210.28   337.19 347.79   199.13 209.73   204.72 215.32   198.45 209.05
2023-06-24   198.74 209.36   198.72 209.34   336.23 346.85   198.17 208.79   203.76 214.38   197.49 208.11
2023-06-25   197.78 208.42   197.76 208.39   335.27 345.91   197.21 207.85   202.80 213.43   196.53 207.17
2023-06-26   196.82 207.47   196.79 207.44   334.31 344.96   196.25 206.90   201.83 212.49   195.57 206.22
2023-06-27   195.85 206.52   195.82 206.49   333.34 344.01   195.28 205.95   200.87 211.54   194.60 205.27
2023-06-28   194.88 205.57   194.85 205.54   332.37 343.05   194.31 205.00   199.90 210.58   193.63 204.32
2023-06-29   193.91 204.61   193.88 204.58   331.39 342.10   193.34 204.04   198.92 209.63   192.66 203.36
2023-06-30   192.93 203.65   192.90 203.62   330.42 341.14   192.36 203.08   197.95 208.67   191.68 202.40
2023-07-01   191.95 202.69   191.92 202.66   329.44 340.18   191.38 202.12   196.97 207.70   190.70 201.44
2023-07-02   190.97 201.72   190.94 201.70   328.46 339.21   190.40 201.15   195.98 206.74   189.72 200.47
2023-07-03   189.98 200.75   189.96 200.73   327.47 338.24   189.41 200.18   195.00 205.77   188.73 199.50
2023-07-04   188.99 199.78   188.97 199.76   326.48 337.27   188.42 199.21   194.01 204.80   187.74 198.53
2023-07-05   188.00 198.81   187.98 198.78   325.49 336.30   187.43 198.24   193.02 203.82   186.75 197.56
2023-07-06   187.01 197.83   186.98 197.80   324.50 335.32   186.44 197.26   192.02 202.85   185.76 196.58
2023-07-07   186.01 196.85   185.99 196.82   323.50 334.34   185.44 196.28   191.03 201.86   184.76 195.60
2023-07-08   185.01 195.87   184.98 195.84   322.50 333.35   184.44 195.30   190.03 200.88   183.76 194.61
2023-07-09   184.01 194.88   183.98 194.85   321.50 332.37   183.44 194.31   189.02 199.89   182.76 193.63
2023-07-10   183.00 193.89   182.98 193.86   320.49 331.38   182.43 193.32   188.02 198.90   181.75 192.64
2023-07-11   181.99 192.90   181.97 192.87   319.48 330.38   181.42 192.33   187.01 197.91   180.74 191.64
2023-07-12   180.98 191.90   180.96 191.87   318.47 329.39   180.41 191.33   186.00 196.92   179.73 190.65
2023-07-13   179.97 190.90   179.94 190.87   317.46 328.39   179.40 190.33   184.98 195.92   178.72 189.65
2023-07-14   178.95 189.90   178.93 189.87   316.44 327.39   178.38 189.33   183.97 194.92   177.70 188.65
2023-07-15   177.93 188.90   177.91 188.87   315.42 326.38   177.36 188.33   182.95 193.91   176.68 187.65
2023-07-16   176.91 187.89   176.89 187.86   314.40 325.38   176.34 187.32   181.93 192.90   175.66 186.64
2023-07-17   175.89 186.88   175.86 186.85   313.38 324.37   175.32 186.31   180.90 191.89   174.64 185.63
2023-07-18   174.86 185.87   174.84 185.84   312.35 323.35   174.29 185.30   179.88 190.88   173.61 184.62
2023-07-19   173.83 184.85   173.81 184.83   311.32 322.34   173.26 184.28   178.85 189.87   172.58 183.60
2023-07-20   172.80 183.83   172.78 183.81   310.29 321.32   172.23 183.26   177.82 188.85   171.55 182.58
2023-07-21   171.77 182.81   171.74 182.79   309.26 320.30   171.20 182.24   176.79 187.83   170.52 181.56
2023-07-22   170.74 181.79   170.71 181.77   308.22 319.28   170.17 181.22   175.75 186.81   169.49 180.54
2023-07-23   169.70 180.77   169.67 180.74   307.19 318.26   169.13 180.20   174.72 185.78   168.45 179.52
2023-07-24   168.66 179.74   168.64 179.71   306.15 317.23   168.09 179.17   173.68 184.76   167.41 178.49
2023-07-25   167.62 178.71   167.60 178.69   305.11 316.20   167.05 178.14   172.64 183.73   166.37 177.46
2023-07-26   166.58 177.68   166.55 177.65   304.07 315.17   166.01 177.11   171.60 182.70   165.33 176.43
2023-07-27   165.54 176.65   165.51 176.62   303.03 314.14   164.97 176.08   170.55 181.66   164.29 175.40
2023-07-28   164.49 175.61   164.47 175.59   301.98 313.10   163.92 175.04   169.51 180.63   163.24 174.36
2023-07-29   163.45 174.58   163.42 174.55   300.93 312.06   162.88 174.01   168.46 179.59   162.20 173.32
2023-07-30   162.40 173.54   162.37 173.51   299.89 311.02   161.83 172.97   167.42 178.55   161.15 172.29
2023-07-31   161.35 172.50   161.33 172.47   298.84 309.98   160.78 171.93   166.37 177.51   160.10 171.25
2023-08-01   160.30 171.45   160.28 171.43   297.79 308.94   159.73 170.88   165.32 176.47   159.05 170.20
2023-08-02   159.25 170.41   159.23 170.38   296.74 307.90   158.68 169.84   164.27 175.43   158.00 169.16
2023-08-03   158.20 169.37   158.18 169.34   295.69 306.85   157.63 168.80   163.22 174.38   156.95 168.11
2023-08-04   157.15 168.32   157.12 168.29   294.64 305.81   156.58 167.75   162.17 173.33   155.90 167.07
2023-08-05   156.10 167.27   156.07 167.25   293.59 304.76   155.53 166.70   161.11 172.29   154.85 166.02
2023-08-06   155.05 166.22   155.02 166.20   292.53 303.71   154.48 165.65   160.06 171.24   153.79 164.97
2023-08-07   153.99 165.17   153.97 165.15   291.48 302.66   153.42 164.60   159.01 170.19   152.74 163.92
2023-08-08   152.94 164.12   152.91 164.10   290.43 301.61   152.37 163.55   157.95 169.14   151.69 162.87
2023-08-09   151.89 163.07   151.86 163.05   289.37 300.56   151.32 162.50   156.90 168.09   150.63 161.82
2023-08-10   150.83 162.02   150.81 161.99   288.32 299.51   150.26 161.45   155.85 167.04   149.58 160.77
2023-08-11   149.78 160.97   149.75 160.94   287.27 298.46   149.21 160.40   154.79 165.98   148.53 159.72
2023-08-12   148.73 159.91   148.70 159.89   286.21 297.40   148.16 159.34   153.74 164.93   147.47 158.66
2023-08-13   147.67 158.86   147.65 158.84   285.16 296.35   147.10 158.29   152.69 163.88   146.42 157.61
2023-08-14   146.62 157.81   146.59 157.78   284.11 295.30   146.05 157.24   151.64 162.82   145.37 156.56
2023-08-15   145.57 156.75   145.54 156.73   283.06 294.24   145.00 156.18   150.58 161.77   144.32 155.50
2023-08-16   144.52 155.70   144.49 155.67   282.00 293.19   143.95 155.13   149.53 160.72   143.27 154.45
2023-08-17   143.47 154.65   143.44 154.62   280.95 292.14   142.90 154.08   148.48 159.66   142.22 153.40
2023-08-18   142.42 153.59   142.39 153.57   279.90 291.08   141.85 153.02   147.43 158.61   141.17 152.34
2023-08-19   141.37 152.54   141.34 152.52   278.85 290.03   140.80 151.97   146.38 157.56   140.12 151.29
2023-08-20   140.32 151.49   140.29 151.46   277.81 288.98   139.75 150.92   145.33 156.50   139.07 150.24
2023-08-21   139.27 150.44   139.25 150.41   276.76 287.92   138.70 149.87   144.29 155.45   138.02 149.19
2023-08-22   138.23 149.39   138.20 149.36   275.72 286.87   137.66 148.82   143.24 154.40   136.98 148.14
2023-08-23   137.18 148.34   137.16 148.31   274.67 285.82   136.61 147.77   142.20 153.35   135.93 147.08
2023-08-24   136.14 147.29   136.11 147.26   273.63 284.77   135.57 146.72   141.16 152.30   134.89 146.04
2023-08-25   135.10 146.24   135.07 146.21   272.59 283.72   134.53 145.67   140.12 151.25   133.85 144.99
2023-08-26   134.06 145.19   134.03 145.16   271.55 282.68   133.49 144.62   139.08 150.20   132.81 143.94
2023-08-27   133.02 144.14   133.00 144.12   270.51 281.63   132.45 143.57   138.04 149.16   131.77 142.89
2023-08-28   131.99 143.10   131.96 143.07   269.47 280.59   131.42 142.53   137.00 148.11   130.74 141.85
2023-08-29   130.95 142.05   130.93 142.03   268.44 279.54   130.38 141.48   135.97 147.07   129.70 140.80
2023-08-30   129.92 141.01   129.89 140.98   267.41 278.50   129.35 140.44   134.94 146.03   128.67 139.76
2023-08-31   128.89 139.97   128.86 139.94   266.38 277.46   128.32 139.40   133.91 144.99   127.64 138.72
2023-09-01   127.86 138.93   127.84 138.90   265.35 276.42   127.29 138.36   132.88 143.95   126.61 137.68
2023-09-02   126.84 137.89   126.81 137.87   264.32 275.38   126.27 137.32   131.85 142.91   125.58 136.64
2023-09-03   125.81 136.86   125.79 136.83   263.30 274.34   125.24 136.29   130.83 141.87   124.56 135.61
2023-09-04   124.79 135.82   124.76 135.80   262.28 273.31   124.22 135.25   129.81 140.84   123.54 134.57
2023-09-05   123.77 134.79   123.74 134.76   261.26 272.28   123.20 134.22   128.79 139.81   122.52 133.54
2023-09-06   122.75 133.76   122.73 133.73   260.24 271.25   122.18 133.19   127.77 138.78   121.50 132.51
2023-09-07   121.74 132.73   121.71 132.71   259.23 270.22   121.17 132.16   126.75 137.75   120.49 131.48
2023-09-08   120.73 131.71   120.70 131.68   258.21 269.19   120.16 131.14   125.74 136.72   119.48 130.46
2023-09-09   119.72 130.68   119.69 130.66   257.20 268.17   119.15 130.11   124.73 135.70   118.47 129.43
2023-09-10   118.71 129.66   118.68 129.63   256.20 267.15   118.14 129.09   123.72 134.68   117.46 128.41
2023-09-11   117.70 128.64   117.68 128.61   255.19 266.13   117.13 128.07   122.72 133.66   116.45 127.39
2023-09-12   116.70 127.62   116.68 127.60   254.19 265.11   116.13 127.05   121.72 132.64   115.45 126.37
2023-09-13   115.70 126.61   115.68 126.58   253.19 264.10   115.13 126.04   120.72 131.62   114.45 125.36
2023-09-14   114.71 125.60   114.68 125.57   252.19 263.08   114.14 125.03   119.72 130.61   113.46 124.34
2023-09-15   113.71 124.59   113.69 124.56   251.20 262.07   113.14 124.02   118.73 129.60   112.46 123.33
2023-09-16   112.72 123.58   112.69 123.55   250.21 261.06   112.15 123.01   117.74 128.59   111.47 122.33
2023-09-17   111.73 122.57   111.70 122.55   249.22 260.06   111.16 122.00   116.75 127.59   110.48 121.32
2023-09-18   110.74 121.57   110.72 121.54   248.23 259.06   110.17 121.00   115.76 126.58   109.49 120.32
2023-09-19   109.76 120.57   109.73 120.54   247.25 258.06   109.19 120.00   114.78 125.58   108.51 119.32
2023-09-20   108.78 119.57   108.75 119.54   246.27 257.06   108.21 119.00   113.79 124.59   107.53 118.32
2023-09-21   107.80 118.58   107.77 118.55   245.29 256.06   107.23 118.01   112.82 123.59   106.55 117.32
2023-09-22   106.82 117.58   106.80 117.56   244.31 255.07   106.25 117.01   111.84 122.60   105.57 116.33
2023-09-23   105.85 116.59   105.82 116.57   243.34 254.08   105.28 116.02   110.87 121.61   104.60 115.34
2023-09-24   104.88 115.60   104.85 115.58   242.37 253.09   104.31 115.03   109.89 120.62   103.63 114.35
2023-09-25   103.91 114.62   103.88 114.59   241.40 252.11   103.34 114.05   108.93 119.63   102.66 113.37
2023-09-26   102.95 113.64   102.92 113.61   240.43 251.12   102.38 113.07   107.96 118.65   101.69 112.39
2023-09-27   101.98 112.66   101.96 112.63   239.47 250.14   101.41 112.09   107.00 117.67   100.73 111.41
2023-09-28   101.02 111.68   100.99 111.65   238.51 249.17   100.45 111.11   106.04 116.69    99.77 110.43
2023-09-29   100.06 110.70   100.04 110.68   237.55 248.19    99.49 110.13   105.08 115.72    98.81 109.45
2023-09-30    99.11 109.73    99.08 109.70   236.59 247.22    98.54 109.16   104.12 114.75    97.86 108.48
2023-10-01    98.15 108.76    98.13 108.73   235.64 246.25    97.58 108.19   103.17 113.78    96.90 107.51
2023-10-02    97.20 107.79    97.17 107.77   234.69 245.28    96.63 107.22   102.22 112.81    95.95 106.54
2023-10-03    96.25 106.83    96.22 106.80   233.74 244.32    95.68 106.26   101.27 111.84    95.00 105.58
2023-10-04    95.30 105.87    95.28 105.84   232.79 243.35    94.73 105.30   100.32 110.88    94.05 104.61
2023-10-05    94.36 104.90    94.33 104.88   231.85 242.39    93.79 104.33    99.37 109.92    93.11 103.65
2023-10-06    93.42 103.95    93.39 103.92   230.90 241.43    92.85 103.38    98.43 108.96    92.17 102.70
2023-10-07    92.48 102.99    92.45 102.96   229.96 240.48    91.91 102.42    97.49 108.01    91.22 101.74
2023-10-08    91.54 102.04    91.51 102.01   229.02 239.52    90.97 101.47    96.55 107.05    90.29 100.79
2023-10-09    90.60 101.08    90.57 101.06   228.09 238.57    90.03 100.51    95.62 106.10    89.35  99.83
2023-10-10    89.67 100.13    89.64 100.11   227.15 237.62    89.10  99.56    94.68 105.15    88.41  98.88
2023-10-11    88.73  99.19    88.71  99.16   226.22 236.67    88.16  98.62    93.75 104.20    87.48  97.94
2023-10-12    87.80  98.24    87.77  98.22   225.29 235.73    87.23  97.67    92.82 103.26    86.55  96.99
2023-10-13    86.87  97.30    86.84  97.27   224.36 234.79    86.30  96.73    91.89 102.31    85.62  96.05
2023-10-14    85.94  96.36    85.92  96.33   223.43 233.84    85.37  95.79    90.96 101.37    84.69  95.11
2023-10-15    85.02  95.42    84.99  95.39   222.50 232.90    84.45  94.85    90.03 100.43    83.77  94.17
2023-10-16    84.09  94.48    84.06  94.45   221.58 231.97    83.52  93.91    89.11  99.49    82.84  93.23
2023-10-17    83.17  93.54    83.14  93.52   220.66 231.03    82.60  92.97    88.18  98.56    81.92  92.29
2023-10-18    82.25  92.61    82.22  92.58   219.73 230.10    81.68  92.04    87.26  97.62    80.99  91.36
2023-10-19    81.32  91.68    81.30  91.65   218.81 229.16    80.75  91.11    86.34  96.69    80.07  90.42
2023-10-20    80.40  90.74    80.38  90.72   217.89 228.23    79.83  90.17    85.42  95.76    79.15  89.49
2023-10-21    79.49  89.81    79.46  89.79   216.97 227.30    78.92  89.24    84.50  94.83    78.23  88.56
2023-10-22    78.57  88.89    78.54  88.86   216.05 226.37    78.00  88.32    83.58  93.90    77.32  87.63
2023-10-23    77.65  87.96    77.62  87.93   215.14 225.45    77.08  87.39    82.67  92.97    76.40  86.71
2023-10-24    76.73  87.03    76.71  87.01   214.22 224.52    76.16  86.46    81.75  92.05    75.48  85.78
2023-10-25    75.82  86.11    75.79  86.08   213.31 223.60    75.25  85.54    80.83  91.12    74.57  84.86
2023-10-26    74.90  85.18    74.88  85.16   212.39 222.67    74.33  84.61    79.92  90.20    73.65  83.93
2023-10-27    73.99  84.26    73.96  84.24   211.48 221.75    73.42  83.69    79.01  89.28    72.74  83.01
2023-10-28    73.08  83.34    73.05  83.31   210.56 220.83    72.51  82.77    78.09  88.36    71.83  82.09
2023-10-29    72.16  82.42    72.14  82.39   209.65 219.91    71.59  81.85    77.18  87.43    70.91  81.17
2023-10-30    71.25  81.50    71.22  81.47   208.74 218.99    70.68  80.93    76.27  86.51    70.00  80.25
2023-10-31    70.34  80.58    70.31  80.55   207.83 218.07    69.77  80.01    75.35  85.60    69.09  79.33
2023-11-01    69.43  79.66    69.40  79.64   206.91 217.15    68.86  79.09    74.44  84.68    68.18  78.41
2023-11-02    68.51  78.74    68.49  78.72   206.00 216.23    67.94  78.17    73.53  83.76    67.26  77.49
2023-11-03    67.60  77.83    67.57  77.80   205.09 215.31    67.03  77.26    72.62  82.84    66.35  76.58
2023-11-04    66.69  76.91    66.66  76.88   204.18 214.40    66.12  76.34    71.70  81.92    65.44  75.66
2023-11-05    65.78  75.99    65.75  75.97   203.26 213.48    65.21  75.42    70.79  81.01    64.53  74.74
2023-11-06    64.86  75.08    64.84  75.05   202.35 212.56    64.29  74.51    69.88  80.09    63.61  73.82
2023-11-07    63.95  74.16    63.92  74.13   201.44 211.65    63.38  73.59    68.97  79.17    62.70  72.91
2023-11-08    63.04  73.24    63.01  73.22   200.52 210.73    62.47  72.67    68.05  78.26    61.79  71.99
2023-11-09    62.12  72.33    62.10  72.30   199.61 209.81    61.55  71.76    67.14  77.34    60.87  71.08
2023-11-10    61.21  71.41    61.18  71.38   198.69 208.90    60.64  70.84    66.22  76.42    59.96  70.16
2023-11-11    60.29  70.49    60.26  70.47   197.78 207.98    59.72  69.92    65.31  75.51    59.04  69.24
2023-11-12    59.37  69.58    59.35  69.55   196.86 207.06    58.80  69.01    64.39  74.59    58.12  68.32
2023-11-13    58.46  68.66    58.43  68.63   195.94 206.14    57.89  68.09    63.47  73.67    57.21  67.41
2023-11-14    57.54  67.74    57.51  67.71   195.03 205.23    56.97  67.17    62.55  72.75    56.29  66.49
2023-11-15    56.62  66.82    56.59  66.79   194.11 204.31    56.05  66.25    61.63  71.84    55.37  65.57
2023-11-16    55.70  65.90    55.67  65.87   193.19 203.39    55.13  65.33    60.71  70.92    54.45  64.65
2023-11-17    54.78  64.98    54.75  64.95   192.26 202.47    54.21  64.41    59.79  70.00    53.53  63.73
2023-11-18    53.85  64.06    53.83  64.03   191.34 201.55    53.28  63.49    58.87  69.08    52.60  62.81
2023-11-19    52.96  63.11    52.93  63.08   190.45 200.59    52.39  62.54    57.98  68.12    51.71  61.86
2023-11-20    52.29  61.93    52.27  61.90   189.78 199.41    51.72  61.36    57.31  66.94    51.04  60.67
2023-11-21    51.62  60.74    51.59  60.72   189.11 198.23    51.05  60.17    56.64  65.76    50.37  59.49
2023-11-22    50.95  59.56    50.92  59.53   188.44 197.05    50.38  58.99    55.96  64.58    49.70  58.31
2023-11-23    50.27  58.38    50.25  58.35   187.76 195.86    49.70  57.81    55.29  63.39    49.02  57.13
2023-11-24    49.60  57.19    49.57  57.17   187.09 194.68    49.03  56.62    54.61  62.21    48.35  55.94
2023-11-25    48.92  56.01    48.89  55.98   186.41 193.49    48.35  55.44    53.93  61.02    47.67  54.75
