
       Target
                ecliptic
RA      Dec     latitude
287.154  41.566  63.266

Checked interval [2020-01-01, 2023-12-31]
|           Window [days]                 |    Normal V3 PA [deg]    |
   Start           End         Duration         Start         End         RA            Dec     
 2020-04-07      2020-11-03       210.00     264.73296      64.08949     287.15422      41.56578 
 2021-04-07      2021-11-03       210.00     264.99735      64.34653     287.15422      41.56578 
 2022-04-08      2022-11-03       209.00     264.38777      64.59776     287.15422      41.56578 
 2023-04-08      2023-11-04       210.00     264.65943      63.94345     287.15422      41.56578 


                V3PA          NIRCam           NIRSpec         NIRISS           MIRI          FGS
   Date      min    max      min    max       min    max     min    max      min    max      min    max

2020-04-08   261.12 268.17   261.09 268.15    38.60  45.66   260.55 267.60   266.13 273.19   259.87 266.92
2020-04-09   259.97 267.57   259.95 267.54    37.46  45.06   259.40 267.00   264.99 272.58   258.72 266.32
2020-04-10   258.83 266.96   258.80 266.94    36.31  44.45   258.26 266.39   263.84 271.98   257.58 265.71
2020-04-11   257.68 266.36   257.66 266.34    35.17  43.85   257.11 265.79   262.70 271.38   256.43 265.11
2020-04-12   256.54 265.76   256.51 265.74    34.03  43.25   255.97 265.19   261.56 270.78   255.29 264.51
2020-04-13   255.40 265.17   255.37 265.14    32.89  42.65   254.83 264.60   260.41 270.18   254.15 263.92
2020-04-14   254.31 264.52   254.28 264.49    31.80  42.01   253.74 263.95   259.33 269.53   253.06 263.27
2020-04-15   253.44 263.65   253.42 263.62    30.93  41.14   252.87 263.08   258.46 268.67   252.19 262.40
2020-04-16   252.58 262.78   252.55 262.76    30.07  40.27   252.01 262.21   257.59 267.80   251.33 261.53
2020-04-17   251.71 261.92   251.69 261.89    29.20  39.40   251.14 261.35   256.73 266.93   250.46 260.67
2020-04-18   250.85 261.05   250.82 261.02    28.34  38.54   250.28 260.48   255.87 266.07   249.60 259.80
2020-04-19   249.99 260.19   249.96 260.16    27.47  37.67   249.42 259.62   255.00 265.20   248.74 258.94
2020-04-20   249.12 259.32   249.10 259.30    26.61  36.81   248.55 258.75   254.14 264.34   247.87 258.07
2020-04-21   248.26 258.46   248.23 258.43    25.75  35.95   247.69 257.89   253.27 263.48   247.01 257.21
2020-04-22   247.40 257.60   247.37 257.57    24.88  35.09   246.83 257.03   252.41 262.61   246.15 256.35
2020-04-23   246.53 256.74   246.51 256.71    24.02  34.22   245.96 256.17   251.55 261.75   245.28 255.49
2020-04-24   245.67 255.88   245.64 255.85    23.16  33.36   245.10 255.31   250.68 260.89   244.42 254.62
2020-04-25   244.81 255.01   244.78 254.99    22.29  32.50   244.24 254.44   249.82 260.03   243.55 253.76
2020-04-26   243.94 254.15   243.91 254.13    21.43  31.64   243.37 253.58   248.96 259.17   242.69 252.90
2020-04-27   243.08 253.29   243.05 253.27    20.56  30.78   242.51 252.72   248.09 258.31   241.82 252.04
2020-04-28   242.21 252.43   242.18 252.40    19.70  29.92   241.64 251.86   247.23 257.45   240.96 251.18
2020-04-29   241.34 251.57   241.32 251.54    18.83  29.06   240.77 251.00   246.36 256.59   240.09 250.32
2020-04-30   240.48 250.71   240.45 250.68    17.96  28.20   239.91 250.14   245.49 255.72   239.23 249.46
2020-05-01   239.61 249.85   239.58 249.82    17.10  27.33   239.04 249.28   244.62 254.86   238.36 248.60
2020-05-02   238.74 248.98   238.71 248.96    16.23  26.47   238.17 248.41   243.75 254.00   237.49 247.73
2020-05-03   237.87 248.12   237.84 248.09    15.36  25.61   237.30 247.55   242.88 253.14   236.62 246.87
2020-05-04   237.00 247.26   236.97 247.23    14.48  24.74   236.43 246.69   242.01 252.27   235.75 246.01
2020-05-05   236.12 246.39   236.10 246.37    13.61  23.88   235.55 245.82   241.14 251.41   234.87 245.14
2020-05-06   235.25 245.53   235.22 245.50    12.74  23.01   234.68 244.96   240.26 250.54   234.00 244.28
2020-05-07   234.37 244.66   234.35 244.63    11.86  22.15   233.80 244.09   239.39 249.68   233.12 243.41
2020-05-08   233.49 243.79   233.47 243.77    10.98  21.28   232.92 243.22   238.51 248.81   232.24 242.54
2020-05-09   232.61 242.92   232.59 242.90    10.10  20.41   232.04 242.35   237.63 247.94   231.36 241.67
2020-05-10   231.73 242.05   231.71 242.03     9.22  19.54   231.16 241.48   236.75 247.07   230.48 240.80
2020-05-11   230.85 241.18   230.82 241.16     8.34  18.67   230.28 240.61   235.86 246.20   229.60 239.93
2020-05-12   229.96 240.31   229.94 240.28     7.45  17.80   229.39 239.74   234.98 245.32   228.71 239.06
2020-05-13   229.08 239.43   229.05 239.41     6.56  16.92   228.51 238.86   234.09 244.45   227.83 238.18
2020-05-14   228.19 238.56   228.16 238.53     5.67  16.04   227.62 237.99   233.20 243.57   226.93 237.31
2020-05-15   227.29 237.68   227.27 237.65     4.78  15.16   226.72 237.11   232.31 242.69   226.04 236.43
2020-05-16   226.40 236.80   226.37 236.77     3.89  14.28   225.83 236.23   231.41 241.81   225.15 235.55
2020-05-17   225.50 235.91   225.47 235.89     2.99  13.40   224.93 235.34   230.52 240.93   224.25 234.66
2020-05-18   224.60 235.03   224.57 235.00     2.09  12.52   224.03 234.46   229.62 240.04   223.35 233.78
2020-05-19   223.70 234.14   223.67 234.12     1.19  11.63   223.13 233.57   228.71 239.16   222.45 232.89
2020-05-20   222.79 233.25   222.77 233.23     0.28  10.74   222.22 232.68   227.81 238.27   221.54 232.00
2020-05-21   221.88 232.36   221.86 232.33   359.37   9.85   221.31 231.79   226.90 237.38   220.63 231.11
2020-05-22   220.97 231.47   220.95 231.44   358.46   8.95   220.40 230.90   225.99 236.48   219.72 230.21
2020-05-23   220.06 230.57   220.03 230.54   357.55   8.06   219.49 230.00   225.07 235.58   218.81 229.32
2020-05-24   219.14 229.67   219.12 229.64   356.63   7.16   218.57 229.10   224.16 234.68   217.89 228.42
2020-05-25   218.22 228.77   218.19 228.74   355.71   6.25   217.65 228.20   223.24 233.78   216.97 227.51
2020-05-26   217.30 227.86   217.27 227.83   354.79   5.35   216.73 227.29   222.31 232.88   216.05 226.61
2020-05-27   216.37 226.95   216.34 226.93   353.86   4.44   215.80 226.38   221.39 231.97   215.12 225.70
2020-05-28   215.44 226.04   215.41 226.01   352.93   3.53   214.87 225.47   220.46 231.06   214.19 224.79
2020-05-29   214.51 225.13   214.48 225.10   351.99   2.61   213.94 224.56   219.52 230.14   213.26 223.87
2020-05-30   213.57 224.21   213.54 224.18   351.06   1.69   213.00 223.64   218.58 229.22   212.32 222.96
2020-05-31   212.63 223.29   212.60 223.26   350.12   0.77   212.06 222.72   217.64 228.30   211.38 222.04
2020-06-01   211.68 222.36   211.66 222.34   349.17 359.85   211.11 221.79   216.70 227.38   210.43 221.11
2020-06-02   210.74 221.43   210.71 221.41   348.22 358.92   210.17 220.86   215.75 226.45   209.49 220.18
2020-06-03   209.79 220.50   209.76 220.48   347.27 357.99   209.22 219.93   214.80 225.52   208.54 219.25
2020-06-04   208.83 219.57   208.80 219.54   346.32 357.06   208.26 219.00   213.85 224.58   207.58 218.32
2020-06-05   207.87 218.63   207.85 218.60   345.36 356.12   207.30 218.06   212.89 223.65   206.62 217.38
2020-06-06   206.91 217.69   206.88 217.66   344.40 355.18   206.34 217.12   211.92 222.70   205.66 216.44
2020-06-07   205.94 216.74   205.92 216.72   343.43 354.23   205.37 216.17   210.96 221.76   204.69 215.49
2020-06-08   204.97 215.79   204.95 215.77   342.46 353.28   204.40 215.22   209.99 220.81   203.72 214.54
2020-06-09   204.00 214.84   203.97 214.81   341.49 352.33   203.43 214.27   209.01 219.86   202.75 213.59
2020-06-10   203.02 213.88   203.00 213.86   340.51 351.37   202.45 213.31   208.04 218.90   201.77 212.63
2020-06-11   202.04 212.92   202.01 212.90   339.53 350.41   201.47 212.35   207.06 217.94   200.79 211.67
2020-06-12   201.06 211.96   201.03 211.93   338.54 349.45   200.49 211.39   206.07 216.97   199.80 210.71
2020-06-13   200.07 210.99   200.04 210.96   337.55 348.48   199.50 210.42   205.08 216.01   198.82 209.74
2020-06-14   199.07 210.02   199.05 209.99   336.56 347.51   198.50 209.45   204.09 215.03   197.82 208.77
2020-06-15   198.08 209.04   198.05 209.02   335.56 346.53   197.51 208.47   203.09 214.06   196.83 207.79
2020-06-16   197.08 208.06   197.05 208.04   334.56 345.55   196.51 207.49   202.09 213.08   195.82 206.81
2020-06-17   196.07 207.08   196.04 207.05   333.56 344.57   195.50 206.51   201.09 212.09   194.82 205.83
2020-06-18   195.06 206.09   195.04 206.06   332.55 343.58   194.49 205.52   200.08 211.11   193.81 204.84
2020-06-19   194.05 205.10   194.02 205.07   331.54 342.59   193.48 204.53   199.07 210.11   192.80 203.85
2020-06-20   193.04 204.10   193.01 204.08   330.52 341.59   192.47 203.53   198.05 209.12   191.79 202.85
2020-06-21   192.02 203.10   191.99 203.08   329.50 340.59   191.45 202.53   197.03 208.12   190.77 201.85
2020-06-22   190.99 202.10   190.97 202.07   328.48 339.59   190.42 201.53   196.01 207.11   189.74 200.85
2020-06-23   189.97 201.09   189.94 201.07   327.46 338.58   189.40 200.52   194.98 206.11   188.72 199.84
2020-06-24   188.94 200.08   188.91 200.05   326.43 337.57   188.37 199.51   193.95 205.10   187.69 198.83
2020-06-25   187.90 199.07   187.88 199.04   325.39 336.55   187.33 198.50   192.92 204.08   186.65 197.82
2020-06-26   186.87 198.05   186.84 198.02   324.36 335.54   186.30 197.48   191.88 203.06   185.62 196.80
2020-06-27   185.83 197.03   185.80 197.00   323.32 334.51   185.26 196.46   190.84 202.04   184.58 195.77
2020-06-28   184.79 196.00   184.76 195.97   322.27 333.49   184.22 195.43   189.80 201.01   183.53 194.75
2020-06-29   183.74 194.97   183.71 194.94   321.23 332.46   183.17 194.40   188.75 199.99   182.49 193.72
2020-06-30   182.69 193.94   182.66 193.91   320.18 331.42   182.12 193.37   187.71 198.95   181.44 192.69
2020-07-01   181.64 192.90   181.61 192.87   319.13 330.39   181.07 192.33   186.65 197.92   180.39 191.65
2020-07-02   180.58 191.86   180.56 191.83   318.07 329.35   180.01 191.29   185.60 196.88   179.33 190.61
2020-07-03   179.53 190.82   179.50 190.79   317.01 328.31   178.96 190.25   184.54 195.83   178.28 189.57
2020-07-04   178.47 189.77   178.44 189.75   315.95 327.26   177.90 189.20   183.48 194.79   177.22 188.52
2020-07-05   177.40 188.72   177.38 188.70   314.89 326.21   176.83 188.15   182.42 193.74   176.15 187.47
2020-07-06   176.34 187.67   176.31 187.64   313.83 325.16   175.77 187.10   181.35 192.69   175.09 186.42
2020-07-07   175.27 186.62   175.25 186.59   312.76 324.10   174.70 186.05   180.29 191.63   174.02 185.37
2020-07-08   174.20 185.56   174.18 185.53   311.69 323.05   173.63 184.99   179.22 190.57   172.95 184.31
2020-07-09   173.13 184.50   173.11 184.47   310.62 321.99   172.56 183.93   178.15 189.51   171.88 183.25
2020-07-10   172.06 183.44   172.03 183.41   309.55 320.92   171.49 182.87   177.07 188.45   170.81 182.18
2020-07-11   170.99 182.37   170.96 182.34   308.47 319.86   170.42 181.80   176.00 187.39   169.73 181.12
2020-07-12   169.91 181.30   169.88 181.28   307.40 318.79   169.34 180.73   174.92 186.32   168.66 180.05
2020-07-13   168.83 180.23   168.81 180.21   306.32 317.72   168.26 179.66   173.85 185.25   167.58 178.98
2020-07-14   167.75 179.16   167.73 179.14   305.24 316.65   167.18 178.59   172.77 184.18   166.50 177.91
2020-07-15   166.68 178.09   166.65 178.06   304.16 315.58   166.11 177.52   171.69 183.10   165.42 176.84
2020-07-16   165.60 177.01   165.57 176.99   303.08 314.50   165.03 176.44   170.61 182.03   164.34 175.76
2020-07-17   164.51 175.94   164.49 175.91   302.00 313.43   163.94 175.37   169.53 180.95   163.26 174.69
2020-07-18   163.43 174.86   163.41 174.84   300.92 312.35   162.86 174.29   168.45 179.88   162.18 173.61
2020-07-19   162.35 173.78   162.33 173.76   299.84 311.27   161.78 173.21   167.37 178.80   161.10 172.53
2020-07-20   161.27 172.70   161.24 172.68   298.76 310.19   160.70 172.13   166.29 177.72   160.02 171.45
2020-07-21   160.19 171.62   160.16 171.60   297.68 309.11   159.62 171.05   165.21 176.64   158.94 170.37
2020-07-22   159.11 170.54   159.08 170.52   296.60 308.03   158.54 169.97   164.12 175.56   157.86 169.29
2020-07-23   158.03 169.46   158.00 169.43   295.52 306.95   157.46 168.89   163.04 174.48   156.78 168.21
2020-07-24   156.95 168.38   156.92 168.35   294.44 305.87   156.38 167.81   161.96 173.39   155.70 167.13
2020-07-25   155.87 167.30   155.84 167.27   293.36 304.78   155.30 166.73   160.88 172.31   154.62 166.05
2020-07-26   154.79 166.22   154.76 166.19   292.28 303.70   154.22 165.65   159.80 171.23   153.54 164.96
2020-07-27   153.71 165.13   153.69 165.11   291.20 302.62   153.14 164.56   158.73 170.15   152.46 163.88
2020-07-28   152.64 164.05   152.61 164.03   290.12 301.54   152.07 163.48   157.65 169.07   151.38 162.80
2020-07-29   151.56 162.97   151.53 162.95   289.05 300.46   150.99 162.40   156.58 167.99   150.31 161.72
2020-07-30   150.49 161.89   150.46 161.87   287.97 299.38   149.92 161.32   155.50 166.91   149.24 160.64
2020-07-31   149.42 160.81   149.39 160.79   286.90 298.30   148.85 160.24   154.43 165.83   148.16 159.56
2020-08-01   148.35 159.74   148.32 159.71   285.83 297.22   147.78 159.17   153.36 164.75   147.09 158.48
2020-08-02   147.28 158.66   147.25 158.63   284.76 296.15   146.71 158.09   152.29 163.67   146.03 157.41
2020-08-03   146.21 157.58   146.18 157.56   283.70 295.07   145.64 157.01   151.23 162.60   144.96 156.33
2020-08-04   145.15 156.51   145.12 156.48   282.63 294.00   144.58 155.94   150.16 161.52   143.90 155.26
2020-08-05   144.09 155.44   144.06 155.41   281.57 292.92   143.52 154.87   149.10 160.45   142.83 154.19
2020-08-06   143.03 154.37   143.00 154.34   280.51 291.85   142.46 153.80   148.04 159.38   141.78 153.11
2020-08-07   141.97 153.30   141.94 153.27   279.46 290.78   141.40 152.73   146.98 158.31   140.72 152.05
2020-08-08   140.92 152.23   140.89 152.20   278.40 289.72   140.35 151.66   145.93 157.25   139.66 150.98
2020-08-09   139.86 151.17   139.84 151.14   277.35 288.65   139.29 150.60   144.88 156.18   138.61 149.91
2020-08-10   138.82 150.10   138.79 150.08   276.30 287.59   138.25 149.53   143.83 155.12   137.57 148.85
2020-08-11   137.77 149.04   137.74 149.02   275.26 286.53   137.20 148.47   142.79 154.06   136.52 147.79
2020-08-12   136.73 147.99   136.70 147.96   274.22 285.47   136.16 147.42   141.74 153.00   135.48 146.73
2020-08-13   135.69 146.93   135.66 146.90   273.18 284.42   135.12 146.36   140.70 151.95   134.44 145.68
2020-08-14   134.65 145.88   134.63 145.85   272.14 283.37   134.08 145.31   139.67 150.89   133.40 144.63
2020-08-15   133.62 144.83   133.59 144.80   271.11 282.32   133.05 144.26   138.64 149.84   132.37 143.58
2020-08-16   132.59 143.78   132.57 143.76   270.08 281.27   132.02 143.21   137.61 148.80   131.34 142.53
2020-08-17   131.57 142.74   131.54 142.71   269.05 280.23   131.00 142.17   136.58 147.75   130.32 141.49
2020-08-18   130.54 141.70   130.52 141.67   268.03 279.19   129.97 141.13   135.56 146.71   129.29 140.45
2020-08-19   129.52 140.66   129.50 140.63   267.01 278.15   128.95 140.09   134.54 145.68   128.27 139.41
2020-08-20   128.51 139.63   128.48 139.60   266.00 277.11   127.94 139.06   133.52 144.64   127.26 138.38
2020-08-21   127.50 138.60   127.47 138.57   264.99 276.08   126.93 138.03   132.51 143.61   126.25 137.34
2020-08-22   126.49 137.57   126.46 137.54   263.98 275.05   125.92 137.00   131.50 142.58   125.24 136.32
2020-08-23   125.49 136.54   125.46 136.52   262.97 274.03   124.92 135.97   130.50 141.56   124.23 135.29
2020-08-24   124.48 135.52   124.46 135.50   261.97 273.01   123.91 134.95   129.50 140.54   123.23 134.27
2020-08-25   123.49 134.51   123.46 134.48   260.97 271.99   122.92 133.94   128.50 139.52   122.24 133.25
2020-08-26   122.49 133.49   122.47 133.46   259.98 270.98   121.92 132.92   127.51 138.51   121.24 132.24
2020-08-27   121.50 132.48   121.48 132.45   258.99 269.97   120.93 131.91   126.52 137.50   120.25 131.23
2020-08-28   120.52 131.47   120.49 131.45   258.01 268.96   119.95 130.90   125.53 136.49   119.27 130.22
2020-08-29   119.54 130.47   119.51 130.44   257.02 267.96   118.97 129.90   124.55 135.49   118.28 129.22
2020-08-30   118.56 129.47   118.53 129.44   256.04 266.96   117.99 128.90   123.57 134.49   117.31 128.22
2020-08-31   117.58 128.48   117.56 128.45   255.07 265.96   117.01 127.91   122.60 133.49   116.33 127.22
2020-09-01   116.61 127.48   116.58 127.46   254.10 264.97   116.04 126.91   121.63 132.50   115.36 126.23
2020-09-02   115.64 126.49   115.62 126.47   253.13 263.98   115.07 125.92   120.66 131.51   114.39 125.24
2020-09-03   114.68 125.51   114.65 125.48   252.17 263.00   114.11 124.94   119.69 130.52   113.43 124.26
2020-09-04   113.72 124.53   113.69 124.50   251.20 262.01   113.15 123.96   118.73 129.54   112.47 123.28
2020-09-05   112.76 123.55   112.73 123.52   250.25 261.04   112.19 122.98   117.78 128.56   111.51 122.30
2020-09-06   111.81 122.58   111.78 122.55   249.29 260.06   111.24 122.01   116.82 127.59   110.56 121.32
2020-09-07   110.86 121.60   110.83 121.58   248.34 259.09   110.29 121.03   115.87 126.62   109.61 120.35
2020-09-08   109.91 120.64   109.88 120.61   247.40 258.12   109.34 120.07   114.93 125.65   108.66 119.39
2020-09-09   108.97 119.67   108.94 119.65   246.45 257.16   108.40 119.10   113.98 124.69   107.72 118.42
2020-09-10   108.03 118.71   108.00 118.69   245.51 256.20   107.46 118.14   113.04 123.73   106.78 117.46
2020-09-11   107.09 117.76   107.06 117.73   244.58 255.24   106.52 117.19   112.10 122.77   105.84 116.51
2020-09-12   106.16 116.80   106.13 116.78   243.64 254.29   105.59 116.23   111.17 121.82   104.90 115.55
2020-09-13   105.22 115.85   105.20 115.83   242.71 253.34   104.65 115.28   110.24 120.87   103.97 114.60
2020-09-14   104.30 114.91   104.27 114.88   241.78 252.39   103.73 114.34   109.31 119.92   103.05 113.65
2020-09-15   103.37 113.96   103.35 113.94   240.86 251.45   102.80 113.39   108.39 118.98   102.12 112.71
2020-09-16   102.45 113.02   102.42 112.99   239.94 250.51   101.88 112.45   107.47 118.04   101.20 111.77
2020-09-17   101.53 112.08   101.51 112.06   239.02 249.57   100.96 111.51   106.55 117.10   100.28 110.83
2020-09-18   100.62 111.15   100.59 111.12   238.10 248.64   100.05 110.58   105.63 116.17    99.37 109.90
2020-09-19    99.70 110.22    99.68 110.19   237.19 247.71    99.13 109.65   104.72 115.23    98.45 108.97
2020-09-20    98.79 109.29    98.77 109.26   236.28 246.78    98.22 108.72   103.81 114.31    97.54 108.04
2020-09-21    97.88 108.37    97.86 108.34   235.37 245.85    97.31 107.80   102.90 113.38    96.63 107.11
2020-09-22    96.98 107.44    96.95 107.42   234.46 244.93    96.41 106.87   101.99 112.46    95.73 106.19
2020-09-23    96.07 106.52    96.05 106.50   233.56 244.01    95.50 105.95   101.09 111.54    94.82 105.27
2020-09-24    95.17 105.61    95.15 105.58   232.66 243.09    94.60 105.04   100.19 110.62    93.92 104.35
2020-09-25    94.27 104.69    94.25 104.66   231.76 242.18    93.70 104.12    99.29 109.71    93.02 103.44
2020-09-26    93.38 103.78    93.35 103.75   230.86 241.27    92.81 103.21    98.39 108.79    92.12 102.53
2020-09-27    92.48 102.87    92.45 102.84   229.97 240.36    91.91 102.30    97.50 107.88    91.23 101.62
2020-09-28    91.59 101.96    91.56 101.94   229.07 239.45    91.02 101.39    96.60 106.98    90.34 100.71
2020-09-29    90.70 101.06    90.67 101.03   228.18 238.54    90.13 100.49    95.71 106.07    89.44  99.81
2020-09-30    89.81 100.15    89.78 100.13   227.29 237.64    89.24  99.58    94.82 105.17    88.55  98.90
2020-10-01    88.92  99.25    88.89  99.23   226.40 236.74    88.35  98.68    93.93 104.27    87.67  98.00
2020-10-02    88.03  98.35    88.00  98.33   225.52 235.84    87.46  97.78    93.05 103.37    86.78  97.10
2020-10-03    87.14  97.46    87.12  97.43   224.63 234.94    86.57  96.89    92.16 102.47    85.89  96.21
2020-10-04    86.26  96.56    86.23  96.53   223.75 234.05    85.69  95.99    91.28 101.58    85.01  95.31
2020-10-05    85.38  95.67    85.35  95.64   222.86 233.16    84.81  95.10    90.39 100.68    84.13  94.42
2020-10-06    84.49  94.78    84.47  94.75   221.98 232.26    83.92  94.21    89.51  99.79    83.24  93.52
2020-10-07    83.61  93.89    83.59  93.86   221.10 231.37    83.04  93.32    88.63  98.90    82.36  92.63
2020-10-08    82.73  93.00    82.71  92.97   220.22 230.48    82.16  92.43    87.75  98.01    81.48  91.75
2020-10-09    81.85  92.11    81.83  92.08   219.34 229.60    81.28  91.54    86.87  97.12    80.60  90.86
2020-10-10    80.97  91.22    80.95  91.20   218.46 228.71    80.40  90.65    85.99  96.24    79.72  89.97
2020-10-11    80.10  90.34    80.07  90.31   217.58 227.82    79.53  89.77    85.11  95.35    78.85  89.09
2020-10-12    79.22  89.45    79.19  89.42   216.71 226.94    78.65  88.88    84.23  94.47    77.97  88.20
2020-10-13    78.34  88.57    78.31  88.54   215.83 226.06    77.77  88.00    83.36  93.58    77.09  87.32
2020-10-14    77.46  87.68    77.44  87.66   214.95 225.17    76.89  87.11    82.48  92.70    76.21  86.43
2020-10-15    76.59  86.80    76.56  86.78   214.07 224.29    76.02  86.23    81.60  91.82    75.33  85.55
2020-10-16    75.71  85.92    75.68  85.89   213.20 223.41    75.14  85.35    80.72  90.94    74.46  84.67
2020-10-17    74.83  85.04    74.80  85.01   212.32 222.53    74.26  84.47    79.85  90.05    73.58  83.79
2020-10-18    73.95  84.16    73.93  84.13   211.44 221.65    73.38  83.59    78.97  89.17    72.70  82.91
2020-10-19    73.07  83.28    73.05  83.25   210.56 220.76    72.50  82.71    78.09  88.29    71.82  82.03
2020-10-20    72.19  82.40    72.17  82.37   209.68 219.88    71.62  81.83    77.21  87.41    70.94  81.15
2020-10-21    71.32  81.52    71.29  81.49   208.80 219.00    70.75  80.95    76.33  86.53    70.06  80.27
2020-10-22    70.44  80.64    70.41  80.61   207.92 218.12    69.87  80.07    75.45  85.65    69.18  79.38
2020-10-23    69.55  79.75    69.53  79.73   207.04 217.24    68.98  79.18    74.57  84.77    68.30  78.50
2020-10-24    68.67  78.87    68.65  78.85   206.16 216.36    68.10  78.30    73.69  83.89    67.42  77.62
2020-10-25    67.79  77.99    67.76  77.96   205.28 215.48    67.22  77.42    72.80  83.01    66.54  76.74
2020-10-26    66.90  77.11    66.88  77.08   204.39 214.60    66.33  76.54    71.92  82.12    65.65  75.86
2020-10-27    66.02  76.23    65.99  76.20   203.51 213.71    65.45  75.66    71.03  81.24    64.77  74.97
2020-10-28    65.13  75.34    65.11  75.32   202.62 212.83    64.56  74.77    70.15  80.36    63.88  74.09
2020-10-29    64.50  74.20    64.48  74.17   201.99 211.69    63.93  73.63    69.52  79.21    63.25  72.95
2020-10-30    63.89  73.03    63.86  73.01   201.38 210.52    63.32  72.46    68.91  78.05    62.64  71.78
2020-10-31    63.28  71.87    63.25  71.84   200.77 209.36    62.71  71.30    68.29  76.88    62.03  70.62
2020-11-01    62.66  70.70    62.64  70.68   200.15 208.19    62.09  70.13    67.68  75.72    61.41  69.45
2020-11-02    62.04  69.54    62.02  69.51   199.53 207.02    61.47  68.97    67.06  74.55    60.79  68.28
2020-11-03    61.43  68.37    61.40  68.34   198.91 205.85    60.86  67.80    66.44  73.38    60.17  67.12

2021-04-08   261.47 268.35   261.44 268.32    38.96  45.84   260.90 267.78   266.48 273.37   260.22 267.10
2021-04-09   260.32 267.75   260.30 267.72    37.81  45.23   259.75 267.18   265.34 272.76   259.07 266.49
2021-04-10   259.18 267.14   259.15 267.12    36.67  44.63   258.61 266.57   264.19 272.16   257.93 265.89
2021-04-11   258.03 266.54   258.01 266.51    35.52  44.03   257.46 265.97   263.05 271.56   256.78 265.29
2021-04-12   256.89 265.94   256.86 265.92    34.38  43.43   256.32 265.37   261.91 270.96   255.64 264.69
2021-04-13   255.75 265.34   255.72 265.32    33.24  42.83   255.18 264.77   260.76 270.36   254.50 264.09
2021-04-14   254.61 264.75   254.58 264.72    32.09  42.24   254.04 264.18   259.62 269.76   253.36 263.50
2021-04-15   253.71 263.91   253.68 263.89    31.19  41.40   253.14 263.34   258.72 268.93   252.46 262.66
2021-04-16   252.84 263.05   252.82 263.02    30.33  40.53   252.27 262.48   257.86 268.06   251.59 261.80
2021-04-17   251.98 262.18   251.95 262.15    29.46  39.67   251.41 261.61   256.99 267.19   250.73 260.93
2021-04-18   251.11 261.31   251.09 261.29    28.60  38.80   250.54 260.74   256.13 266.33   249.86 260.06
2021-04-19   250.25 260.45   250.22 260.42    27.74  37.94   249.68 259.88   255.26 265.46   249.00 259.20
2021-04-20   249.39 259.59   249.36 259.56    26.87  37.07   248.82 259.02   254.40 264.60   248.13 258.33
2021-04-21   248.52 258.72   248.50 258.70    26.01  36.21   247.95 258.15   253.54 263.74   247.27 257.47
2021-04-22   247.66 257.86   247.63 257.83    25.15  35.35   247.09 257.29   252.67 262.88   246.41 256.61
2021-04-23   246.79 257.00   246.77 256.97    24.28  34.49   246.22 256.43   251.81 262.01   245.54 255.75
2021-04-24   245.93 256.14   245.90 256.11    23.42  33.62   245.36 255.57   250.95 261.15   244.68 254.89
2021-04-25   245.07 255.27   245.04 255.25    22.55  32.76   244.50 254.70   250.08 260.29   243.82 254.02
2021-04-26   244.20 254.41   244.18 254.39    21.69  31.90   243.63 253.84   249.22 259.43   242.95 253.16
2021-04-27   243.34 253.55   243.31 253.53    20.82  31.04   242.77 252.98   248.35 258.57   242.09 252.30
2021-04-28   242.47 252.69   242.44 252.66    19.96  30.18   241.90 252.12   247.49 257.71   241.22 251.44
2021-04-29   241.60 251.83   241.58 251.80    19.09  29.32   241.03 251.26   246.62 256.84   240.35 250.58
2021-04-30   240.74 250.97   240.71 250.94    18.22  28.45   240.17 250.40   245.75 255.98   239.49 249.72
2021-05-01   239.87 250.10   239.84 250.08    17.36  27.59   239.30 249.53   244.88 255.12   238.62 248.85
2021-05-02   239.00 249.24   238.97 249.22    16.49  26.73   238.43 248.67   244.01 254.26   237.75 247.99
2021-05-03   238.13 248.38   238.10 248.35    15.62  25.87   237.56 247.81   243.14 253.39   236.88 247.13
2021-05-04   237.26 247.51   237.23 247.49    14.74  25.00   236.69 246.94   242.27 252.53   236.01 246.26
2021-05-05   236.38 246.65   236.36 246.62    13.87  24.14   235.81 246.08   241.40 251.66   235.13 245.40
2021-05-06   235.51 245.78   235.48 245.76    12.99  23.27   234.94 245.21   240.52 250.80   234.26 244.53
2021-05-07   234.63 244.92   234.60 244.89    12.12  22.40   234.06 244.35   239.65 249.93   233.38 243.67
2021-05-08   233.75 244.05   233.73 244.02    11.24  21.54   233.18 243.48   238.77 249.06   232.50 242.80
2021-05-09   232.87 243.18   232.85 243.15    10.36  20.67   232.30 242.61   237.89 248.19   231.62 241.93
2021-05-10   231.99 242.31   231.96 242.28     9.48  19.80   231.42 241.74   237.01 247.32   230.74 241.06
2021-05-11   231.11 241.44   231.08 241.41     8.59  18.92   230.54 240.87   236.12 246.45   229.86 240.18
2021-05-12   230.22 240.56   230.19 240.54     7.71  18.05   229.65 239.99   235.24 245.58   228.97 239.31
2021-05-13   229.33 239.69   229.31 239.66     6.82  17.17   228.76 239.12   234.35 244.70   228.08 238.44
2021-05-14   228.44 238.81   228.42 238.78     5.93  16.30   227.87 238.24   233.46 243.82   227.19 237.56
2021-05-15   227.55 237.93   227.52 237.90     5.04  15.42   226.98 237.36   232.56 242.94   226.30 236.68
2021-05-16   226.65 237.05   226.63 237.02     4.14  14.54   226.08 236.48   231.67 242.06   225.40 235.80
2021-05-17   225.76 236.17   225.73 236.14     3.24  13.65   225.19 235.60   230.77 241.18   224.50 234.91
2021-05-18   224.86 235.28   224.83 235.25     2.34  12.77   224.29 234.71   229.87 240.29   223.60 234.03
2021-05-19   223.95 234.39   223.93 234.37     1.44  11.88   223.38 233.82   228.97 239.41   222.70 233.14
2021-05-20   223.05 233.50   223.02 233.48     0.53  10.99   222.48 232.93   228.06 238.52   221.80 232.25
2021-05-21   222.14 232.61   222.11 232.58   359.62  10.10   221.57 232.04   227.15 237.62   220.89 231.36
2021-05-22   221.23 231.71   221.20 231.69   358.71   9.20   220.66 231.14   226.24 236.73   219.97 230.46
2021-05-23   220.31 230.82   220.28 230.79   357.80   8.30   219.74 230.25   225.33 235.83   219.06 229.57
2021-05-24   219.39 229.92   219.37 229.89   356.88   7.40   218.82 229.35   224.41 234.93   218.14 228.66
2021-05-25   218.47 229.01   218.45 228.99   355.96   6.50   217.90 228.44   223.49 234.03   217.22 227.76
2021-05-26   217.55 228.11   217.52 228.08   355.04   5.59   216.98 227.54   222.56 233.12   216.30 226.86
2021-05-27   216.62 227.20   216.59 227.17   354.11   4.68   216.05 226.63   221.64 232.21   215.37 225.95
2021-05-28   215.69 226.28   215.66 226.26   353.18   3.77   215.12 225.71   220.70 231.30   214.44 225.03
2021-05-29   214.76 225.37   214.73 225.34   352.24   2.86   214.19 224.80   219.77 230.38   213.50 224.12
2021-05-30   213.82 224.45   213.79 224.42   351.30   1.94   213.25 223.88   218.83 229.47   212.57 223.20
2021-05-31   212.88 223.53   212.85 223.50   350.36   1.02   212.31 222.96   217.89 228.54   211.63 222.28
2021-06-01   211.93 222.60   211.90 222.58   349.42   0.09   211.36 222.03   216.95 227.62   210.68 221.35
2021-06-02   210.98 221.68   210.96 221.65   348.47 359.16   210.41 221.11   216.00 226.69   209.73 220.43
2021-06-03   210.03 220.74   210.00 220.72   347.52 358.23   209.46 220.17   215.05 225.76   208.78 219.49
2021-06-04   209.08 219.81   209.05 219.78   346.56 357.30   208.51 219.24   214.09 224.82   207.82 218.56
2021-06-05   208.12 218.87   208.09 218.84   345.60 356.36   207.55 218.30   213.13 223.88   206.86 217.62
2021-06-06   207.15 217.93   207.13 217.90   344.64 355.41   206.58 217.36   212.17 222.94   205.90 216.68
2021-06-07   206.19 216.98   206.16 216.95   343.67 354.47   205.62 216.41   211.20 222.00   204.93 215.73
2021-06-08   205.21 216.03   205.19 216.00   342.70 353.52   204.64 215.46   210.23 221.05   203.96 214.78
2021-06-09   204.24 215.08   204.21 215.05   341.73 352.56   203.67 214.51   209.26 220.09   202.99 213.83
2021-06-10   203.26 214.12   203.24 214.09   340.75 351.61   202.69 213.55   208.28 219.13   202.01 212.87
2021-06-11   202.28 213.16   202.25 213.13   339.77 350.65   201.71 212.59   207.29 218.17   201.03 211.91
2021-06-12   201.29 212.19   201.27 212.17   338.78 349.68   200.72 211.62   206.31 217.21   200.04 210.94
2021-06-13   200.30 211.22   200.28 211.20   337.79 348.71   199.73 210.65   205.32 216.24   199.05 209.97
2021-06-14   199.31 210.25   199.28 210.22   336.80 347.74   198.74 209.68   204.32 215.27   198.06 209.00
2021-06-15   198.31 209.27   198.29 209.25   335.80 346.76   197.74 208.70   203.33 214.29   197.06 208.02
2021-06-16   197.31 208.29   197.28 208.27   334.80 345.78   196.74 207.72   202.33 213.31   196.06 207.04
2021-06-17   196.31 207.31   196.28 207.28   333.79 344.80   195.74 206.74   201.32 212.32   195.05 206.06
2021-06-18   195.30 206.32   195.27 206.29   332.78 343.81   194.73 205.75   200.31 211.34   194.05 205.07
2021-06-19   194.28 205.33   194.26 205.30   331.77 342.82   193.71 204.76   199.30 210.34   193.03 204.08
2021-06-20   193.27 204.33   193.24 204.30   330.75 341.82   192.70 203.76   198.28 209.35   192.02 203.08
2021-06-21   192.25 203.33   192.22 203.30   329.73 340.82   191.68 202.76   197.26 208.35   191.00 202.08
2021-06-22   191.22 202.33   191.20 202.30   328.71 339.81   190.65 201.76   196.24 207.34   189.97 201.08
2021-06-23   190.20 201.32   190.17 201.29   327.68 338.81   189.63 200.75   195.21 206.33   188.95 200.07
2021-06-24   189.17 200.31   189.14 200.28   326.65 337.79   188.60 199.74   194.18 205.32   187.92 199.06
2021-06-25   188.13 199.29   188.11 199.26   325.62 336.78   187.56 198.72   193.15 204.31   186.88 198.04
2021-06-26   187.09 198.27   187.07 198.25   324.58 335.76   186.52 197.70   192.11 203.29   185.84 197.02
2021-06-27   186.05 197.25   186.03 197.22   323.54 334.74   185.48 196.68   191.07 202.26   184.80 196.00
2021-06-28   185.01 196.22   184.98 196.20   322.50 333.71   184.44 195.65   190.03 201.24   183.76 194.97
2021-06-29   183.96 195.19   183.94 195.17   321.45 332.68   183.39 194.62   188.98 200.21   182.71 193.94
2021-06-30   182.91 194.16   182.89 194.13   320.40 331.65   182.34 193.59   187.93 199.17   181.66 192.91
2021-07-01   181.86 193.12   181.83 193.10   319.35 330.61   181.29 192.55   186.88 198.14   180.61 191.87
2021-07-02   180.81 192.08   180.78 192.06   318.29 329.57   180.24 191.51   185.82 197.10   179.56 190.83
2021-07-03   179.75 191.04   179.72 191.01   317.24 328.53   179.18 190.47   184.76 196.05   178.50 189.79
2021-07-04   178.69 189.99   178.66 189.97   316.17 327.48   178.12 189.42   183.70 195.01   177.44 188.74
2021-07-05   177.62 188.94   177.60 188.92   315.11 326.43   177.05 188.37   182.64 193.96   176.37 187.69
2021-07-06   176.56 187.89   176.53 187.86   314.05 325.38   175.99 187.32   181.57 192.91   175.31 186.64
2021-07-07   175.49 186.84   175.47 186.81   312.98 324.32   174.92 186.27   180.51 191.85   174.24 185.58
2021-07-08   174.42 185.78   174.40 185.75   311.91 323.26   173.85 185.21   179.44 190.79   173.17 184.53
2021-07-09   173.35 184.72   173.33 184.69   310.84 322.20   172.78 184.15   178.37 189.73   172.10 183.47
2021-07-10   172.28 183.65   172.25 183.63   309.77 321.14   171.71 183.08   177.29 188.67   171.03 182.40
2021-07-11   171.20 182.59   171.18 182.56   308.69 320.08   170.63 182.02   176.22 187.60   169.95 181.34
2021-07-12   170.13 181.52   170.10 181.50   307.62 319.01   169.56 180.95   175.14 186.54   168.88 180.27
2021-07-13   169.05 180.45   169.03 180.43   306.54 317.94   168.48 179.88   174.07 185.47   167.80 179.20
2021-07-14   167.97 179.38   167.95 179.36   305.46 316.87   167.40 178.81   172.99 184.40   166.72 178.13
2021-07-15   166.90 178.31   166.87 178.28   304.38 315.80   166.33 177.74   171.91 183.32   165.64 177.06
2021-07-16   165.82 177.23   165.79 177.21   303.30 314.72   165.25 176.66   170.83 182.25   164.57 175.98
2021-07-17   164.74 176.16   164.71 176.13   302.22 313.65   164.17 175.59   169.75 181.17   163.49 174.91
2021-07-18   163.66 175.08   163.63 175.06   301.14 312.57   163.09 174.51   168.67 180.10   162.40 173.83
2021-07-19   162.57 174.00   162.55 173.98   300.06 311.49   162.00 173.43   167.59 179.02   161.32 172.75
2021-07-20   161.49 172.93   161.47 172.90   298.98 310.41   160.92 172.36   166.51 177.94   160.24 171.67
2021-07-21   160.41 171.85   160.39 171.82   297.90 309.33   159.84 171.28   165.43 176.86   159.16 170.60
2021-07-22   159.33 170.77   159.31 170.74   296.82 308.25   158.76 170.20   164.35 175.78   158.08 169.52
2021-07-23   158.25 169.69   158.23 169.66   295.74 307.17   157.68 169.12   163.27 174.70   157.00 168.43
2021-07-24   157.17 168.60   157.15 168.58   294.66 306.09   156.60 168.03   162.19 173.62   155.92 167.35
2021-07-25   156.09 167.52   156.07 167.50   293.58 305.01   155.52 166.95   161.11 172.54   154.84 166.27
2021-07-26   155.02 166.44   154.99 166.42   292.50 303.93   154.45 165.87   160.03 171.46   153.77 165.19
2021-07-27   153.94 165.36   153.91 165.34   291.43 302.85   153.37 164.79   158.96 170.38   152.69 164.11
2021-07-28   152.87 164.28   152.84 164.26   290.35 301.77   152.30 163.71   157.88 169.30   151.61 163.03
2021-07-29   151.79 163.20   151.76 163.18   289.28 300.69   151.22 162.63   156.81 168.22   150.54 161.95
2021-07-30   150.72 162.12   150.69 162.10   288.21 299.61   150.15 161.55   155.73 167.14   149.47 160.87
2021-07-31   149.65 161.05   149.62 161.02   287.14 298.53   149.08 160.48   154.66 166.06   148.40 159.80
2021-08-01   148.58 159.97   148.55 159.94   286.07 297.46   148.01 159.40   153.59 164.99   147.33 158.72
2021-08-02   147.51 158.89   147.49 158.87   285.00 296.38   146.94 158.32   152.53 163.91   146.26 157.64
2021-08-03   146.45 157.82   146.42 157.79   283.93 295.31   145.88 157.25   151.46 162.84   145.20 156.57
2021-08-04   145.38 156.75   145.36 156.72   282.87 294.23   144.81 156.18   150.40 161.76   144.13 155.50
2021-08-05   144.32 155.68   144.30 155.65   281.81 293.16   143.75 155.11   149.34 160.69   143.07 154.43
2021-08-06   143.27 154.61   143.24 154.58   280.75 292.09   142.70 154.04   148.28 159.62   142.02 153.36
2021-08-07   142.21 153.54   142.18 153.51   279.70 291.03   141.64 152.97   147.23 158.55   140.96 152.29
2021-08-08   141.16 152.47   141.13 152.45   278.65 289.96   140.59 151.90   146.17 157.49   139.91 151.22
2021-08-09   140.11 151.41   140.08 151.38   277.60 288.90   139.54 150.84   145.12 156.43   138.86 150.16
2021-08-10   139.06 150.35   139.03 150.32   276.55 287.84   138.49 149.78   144.08 155.36   137.81 149.10
2021-08-11   138.02 149.29   137.99 149.26   275.50 286.78   137.45 148.72   143.03 154.31   136.77 148.04
2021-08-12   136.98 148.23   136.95 148.21   274.46 285.72   136.41 147.66   141.99 153.25   135.73 146.98
2021-08-13   135.94 147.18   135.91 147.15   273.43 284.67   135.37 146.61   140.95 152.20   134.69 145.93
2021-08-14   134.90 146.13   134.88 146.10   272.39 283.62   134.33 145.56   139.92 151.14   133.65 144.88
2021-08-15   133.87 145.08   133.85 145.06   271.36 282.57   133.30 144.51   138.89 150.10   132.62 143.83
2021-08-16   132.84 144.04   132.82 144.01   270.33 281.52   132.27 143.47   137.86 149.05   131.59 142.79
2021-08-17   131.82 142.99   131.79 142.97   269.31 280.48   131.25 142.42   136.83 148.01   130.57 141.74
2021-08-18   130.80 141.95   130.77 141.93   268.28 279.44   130.23 141.38   135.81 146.97   129.55 140.70
2021-08-19   129.78 140.92   129.75 140.89   267.27 278.41   129.21 140.35   134.79 145.93   128.53 139.67
2021-08-20   128.77 139.89   128.74 139.86   266.25 277.37   128.20 139.32   133.78 144.90   127.51 138.63
2021-08-21   127.75 138.86   127.73 138.83   265.24 276.34   127.18 138.29   132.77 143.87   126.50 137.60
2021-08-22   126.75 137.83   126.72 137.80   264.23 275.32   126.18 137.26   131.76 142.84   125.50 136.58
2021-08-23   125.74 136.81   125.72 136.78   263.23 274.29   125.17 136.24   130.76 141.82   124.49 135.55
2021-08-24   124.74 135.79   124.72 135.76   262.23 273.27   124.17 135.22   129.76 140.80   123.49 134.53
2021-08-25   123.75 134.77   123.72 134.74   261.23 272.26   123.18 134.20   128.76 139.78   122.50 133.52
2021-08-26   122.75 133.76   122.73 133.73   260.24 271.24   122.18 133.19   127.77 138.77   121.50 132.51
2021-08-27   121.77 132.75   121.74 132.72   259.25 270.23   121.20 132.18   126.78 137.76   120.52 131.50
2021-08-28   120.78 131.74   120.75 131.71   258.27 269.23   120.21 131.17   125.80 136.76   119.53 130.49
2021-08-29   119.80 130.74   119.77 130.71   257.29 268.23   119.23 130.17   124.81 135.75   118.55 129.49
2021-08-30   118.82 129.74   118.79 129.71   256.31 267.23   118.25 129.17   123.84 134.75   117.57 128.49
2021-08-31   117.85 128.74   117.82 128.72   255.33 266.23   117.28 128.17   122.86 133.76   116.60 127.49
2021-09-01   116.88 127.75   116.85 127.73   254.36 265.24   116.31 127.18   121.89 132.77   115.63 126.50
2021-09-02   115.91 126.76   115.88 126.74   253.40 264.25   115.34 126.19   120.92 131.78   114.66 125.51
2021-09-03   114.95 125.78   114.92 125.75   252.43 263.27   114.38 125.21   119.96 130.80   113.69 124.53
2021-09-04   113.99 124.80   113.96 124.77   251.47 262.29   113.42 124.23   119.00 129.81   112.73 123.55
2021-09-05   113.03 123.82   113.00 123.80   250.52 261.31   112.46 123.25   118.04 128.84   111.78 122.57
2021-09-06   112.08 122.85   112.05 122.82   249.56 260.34   111.51 122.28   117.09 127.86   110.82 121.60
2021-09-07   111.13 121.88   111.10 121.85   248.61 259.37   110.56 121.31   116.14 126.89   109.87 120.63
2021-09-08   110.18 120.91   110.15 120.88   247.67 258.40   109.61 120.34   115.19 125.93   108.93 119.66
2021-09-09   109.24 119.95   109.21 119.92   246.72 257.44   108.67 119.38   114.25 124.96   107.99 118.70
2021-09-10   108.30 118.99   108.27 118.96   245.78 256.48   107.73 118.42   113.31 124.00   107.05 117.74
2021-09-11   107.36 118.03   107.33 118.00   244.85 255.52   106.79 117.46   112.38 123.05   106.11 116.78
2021-09-12   106.43 117.08   106.40 117.05   243.91 254.57   105.86 116.51   111.44 122.09   105.18 115.83
2021-09-13   105.50 116.13   105.47 116.10   242.98 253.62   104.93 115.56   110.51 121.14   104.25 114.88
2021-09-14   104.57 115.18   104.54 115.16   242.06 252.67   104.00 114.61   109.58 120.20   103.32 113.93
2021-09-15   103.64 114.24   103.62 114.21   241.13 251.73   103.07 113.67   108.66 119.25   102.39 112.99
2021-09-16   102.72 113.30   102.70 113.27   240.21 250.79   102.15 112.73   107.74 118.31   101.47 112.05
2021-09-17   101.80 112.36   101.78 112.33   239.29 249.85   101.23 111.79   106.82 117.38   100.55 111.11
2021-09-18   100.89 111.43   100.86 111.40   238.38 248.91   100.32 110.86   105.90 116.44    99.64 110.18
2021-09-19    99.98 110.50    99.95 110.47   237.46 247.98    99.41 109.93   104.99 115.51    98.72 109.24
2021-09-20    99.06 109.57    99.04 109.54   236.55 247.06    98.49 109.00   104.08 114.58    97.81 108.32
2021-09-21    98.16 108.64    98.13 108.62   235.64 246.13    97.59 108.07   103.17 113.66    96.91 107.39
2021-09-22    97.25 107.72    97.22 107.69   234.74 245.21    96.68 107.15   102.27 112.73    96.00 106.47
2021-09-23    96.35 106.80    96.32 106.77   233.83 244.29    95.78 106.23   101.36 111.82    95.10 105.55
2021-09-24    95.45 105.88    95.42 105.86   232.93 243.37    94.88 105.31   100.46 110.90    94.19 104.63
2021-09-25    94.55 104.97    94.52 104.94   232.03 242.46    93.98 104.40    99.56 109.98    93.30 103.72
2021-09-26    93.65 104.06    93.62 104.03   231.14 241.54    93.08 103.49    98.66 109.07    92.40 102.80
2021-09-27    92.75 103.15    92.73 103.12   230.24 240.63    92.18 102.58    97.77 108.16    91.50 101.90
2021-09-28    91.86 102.24    91.83 102.21   229.35 239.73    91.29 101.67    96.88 107.25    90.61 100.99
2021-09-29    90.97 101.33    90.94 101.31   228.46 238.82    90.40 100.76    95.98 106.35    89.72 100.08
2021-09-30    90.08 100.43    90.05 100.40   227.57 237.92    89.51  99.86    95.09 105.44    88.83  99.18
2021-10-01    89.19  99.53    89.16  99.50   226.68 237.02    88.62  98.96    94.20 104.54    87.94  98.28
2021-10-02    88.30  98.63    88.28  98.60   225.79 236.12    87.73  98.06    93.32 103.64    87.05  97.38
2021-10-03    87.42  97.73    87.39  97.71   224.90 235.22    86.85  97.16    92.43 102.75    86.17  96.48
2021-10-04    86.53  96.84    86.51  96.81   224.02 234.32    85.96  96.27    91.55 101.85    85.28  95.59
2021-10-05    85.65  95.94    85.62  95.92   223.14 233.43    85.08  95.37    90.66 100.96    84.40  94.69
2021-10-06    84.77  95.05    84.74  95.02   222.25 232.54    84.20  94.48    89.78 100.07    83.52  93.80
2021-10-07    83.89  94.16    83.86  94.13   221.37 231.65    83.32  93.59    88.90  99.17    82.63  92.91
2021-10-08    83.00  93.27    82.98  93.24   220.49 230.76    82.43  92.70    88.02  98.28    81.75  92.02
2021-10-09    82.12  92.38    82.10  92.35   219.61 229.87    81.55  91.81    87.14  97.40    80.87  91.13
2021-10-10    81.25  91.49    81.22  91.47   218.73 228.98    80.68  90.92    86.26  96.51    79.99  90.24
2021-10-11    80.37  90.61    80.34  90.58   217.85 228.10    79.80  90.04    85.38  95.62    79.12  89.36
2021-10-12    79.49  89.72    79.46  89.70   216.98 227.21    78.92  89.15    84.50  94.74    78.24  88.47
2021-10-13    78.61  88.84    78.58  88.81   216.10 226.33    78.04  88.27    83.63  93.85    77.36  87.59
2021-10-14    77.73  87.96    77.71  87.93   215.22 225.44    77.16  87.39    82.75  92.97    76.48  86.70
2021-10-15    76.85  87.07    76.83  87.05   214.34 224.56    76.28  86.50    81.87  92.09    75.60  85.82
2021-10-16    75.98  86.19    75.95  86.16   213.46 223.68    75.41  85.62    80.99  91.21    74.73  84.94
2021-10-17    75.10  85.31    75.07  85.28   212.59 222.80    74.53  84.74    80.11  90.32    73.85  84.06
2021-10-18    74.22  84.43    74.19  84.40   211.71 221.91    73.65  83.86    79.23  89.44    72.97  83.18
2021-10-19    73.34  83.54    73.31  83.52   210.83 221.03    72.77  82.97    78.36  88.56    72.09  82.29
2021-10-20    72.46  82.66    72.43  82.64   209.95 220.15    71.89  82.09    77.48  87.68    71.21  81.41
2021-10-21    71.58  81.78    71.55  81.76   209.07 219.27    71.01  81.21    76.60  86.80    70.33  80.53
2021-10-22    70.70  80.90    70.67  80.87   208.19 218.39    70.13  80.33    75.72  85.92    69.45  79.65
2021-10-23    69.82  80.02    69.79  79.99   207.31 217.51    69.25  79.45    74.83  85.03    68.57  78.77
2021-10-24    68.94  79.14    68.91  79.11   206.42 216.62    68.37  78.57    73.95  84.15    67.69  77.89
2021-10-25    68.05  78.25    68.03  78.23   205.54 215.74    67.48  77.68    73.07  83.27    66.80  77.00
2021-10-26    67.17  77.37    67.14  77.34   204.66 214.86    66.60  76.80    72.18  82.39    65.92  76.12
2021-10-27    66.28  76.49    66.26  76.46   203.77 213.98    65.71  75.92    71.30  81.50    65.03  75.24
2021-10-28    65.39  75.60    65.37  75.58   202.88 213.09    64.82  75.03    70.41  80.62    64.14  74.35
2021-10-29    64.68  74.54    64.65  74.52   202.17 212.03    64.11  73.97    69.69  79.56    63.43  73.29
2021-10-30    64.07  73.38    64.04  73.35   201.55 210.87    63.50  72.81    69.08  78.39    62.82  72.13
2021-10-31    63.45  72.21    63.43  72.19   200.94 209.70    62.88  71.64    68.47  77.23    62.20  70.96
2021-11-01    62.84  71.05    62.81  71.02   200.33 208.53    62.27  70.48    67.85  76.06    61.59  69.79
2021-11-02    62.22  69.88    62.19  69.85   199.71 207.36    61.65  69.31    67.23  74.89    60.97  68.63
2021-11-03    61.60  68.71    61.57  68.68   199.09 206.20    61.03  68.14    66.61  73.72    60.35  67.46

2022-04-09   260.67 267.93   260.65 267.90    38.16  45.41   260.10 267.36   265.69 272.94   259.42 266.67
2022-04-10   259.53 267.32   259.50 267.30    37.02  44.81   258.96 266.75   264.54 272.34   258.28 266.07
2022-04-11   258.38 266.72   258.36 266.69    35.87  44.21   257.81 266.15   263.40 271.74   257.13 265.47
2022-04-12   257.24 266.12   257.21 266.09    34.73  43.61   256.67 265.55   262.26 271.14   255.99 264.87
2022-04-13   256.10 265.52   256.07 265.50    33.59  43.01   255.53 264.95   261.11 270.54   254.85 264.27
2022-04-14   254.96 264.93   254.93 264.90    32.44  42.42   254.39 264.36   259.97 269.94   253.71 263.68
2022-04-15   253.97 264.18   253.94 264.15    31.46  41.67   253.40 263.61   258.99 269.19   252.72 262.93
2022-04-16   253.10 263.31   253.08 263.28    30.59  40.80   252.53 262.74   258.12 268.32   251.85 262.06
2022-04-17   252.24 262.44   252.21 262.42    29.73  39.93   251.67 261.87   257.25 267.46   250.99 261.19
2022-04-18   251.37 261.58   251.35 261.55    28.86  39.06   250.80 261.01   256.39 266.59   250.12 260.33
2022-04-19   250.51 260.71   250.48 260.68    28.00  38.20   249.94 260.14   255.53 265.73   249.26 259.46
2022-04-20   249.65 259.85   249.62 259.82    27.13  37.33   249.08 259.28   254.66 264.86   248.40 258.60
2022-04-21   248.78 258.98   248.76 258.96    26.27  36.47   248.21 258.41   253.80 264.00   247.53 257.73
2022-04-22   247.92 258.12   247.89 258.09    25.41  35.61   247.35 257.55   252.93 263.13   246.67 256.87
2022-04-23   247.05 257.26   247.03 257.23    24.54  34.74   246.48 256.69   252.07 262.27   245.80 256.01
2022-04-24   246.19 256.39   246.16 256.37    23.68  33.88   245.62 255.82   251.20 261.41   244.94 255.14
2022-04-25   245.32 255.53   245.30 255.51    22.81  33.02   244.75 254.96   250.34 260.55   244.07 254.28
2022-04-26   244.46 254.67   244.43 254.64    21.95  32.16   243.89 254.10   249.47 259.68   243.21 253.42
2022-04-27   243.59 253.81   243.57 253.78    21.08  31.29   243.02 253.24   248.61 258.82   242.34 252.56
2022-04-28   242.73 252.95   242.70 252.92    20.21  30.43   242.16 252.38   247.74 257.96   241.48 251.69
2022-04-29   241.86 252.08   241.83 252.06    19.35  29.57   241.29 251.51   246.88 257.10   240.61 250.83
2022-04-30   240.99 251.22   240.97 251.19    18.48  28.71   240.42 250.65   246.01 256.24   239.74 249.97
2022-05-01   240.12 250.36   240.10 250.33    17.61  27.85   239.55 249.79   245.14 255.37   238.87 249.11
2022-05-02   239.25 249.49   239.23 249.47    16.74  26.98   238.68 248.92   244.27 254.51   238.00 248.24
2022-05-03   238.38 248.63   238.35 248.60    15.87  26.12   237.81 248.06   243.40 253.65   237.13 247.38
2022-05-04   237.51 247.77   237.48 247.74    15.00  25.25   236.94 247.20   242.52 252.78   236.26 246.51
2022-05-05   236.63 246.90   236.61 246.87    14.12  24.39   236.06 246.33   241.65 251.91   235.38 245.65
2022-05-06   235.76 246.03   235.73 246.01    13.25  23.52   235.19 245.46   240.77 251.05   234.51 244.78
2022-05-07   234.88 245.16   234.85 245.14    12.37  22.65   234.31 244.59   239.90 250.18   233.63 243.91
2022-05-08   234.00 244.30   233.98 244.27    11.49  21.78   233.43 243.73   239.02 249.31   232.75 243.04
2022-05-09   233.12 243.43   233.10 243.40    10.61  20.91   232.55 242.86   238.14 248.44   231.87 242.17
2022-05-10   232.24 242.55   232.21 242.53     9.73  20.04   231.67 241.98   237.25 247.57   230.99 241.30
2022-05-11   231.35 241.68   231.33 241.65     8.84  19.17   230.78 241.11   236.37 246.70   230.10 240.43
2022-05-12   230.47 240.81   230.44 240.78     7.96  18.29   229.90 240.24   235.48 245.82   229.22 239.56
2022-05-13   229.58 239.93   229.55 239.90     7.07  17.42   229.01 239.36   234.59 244.94   228.33 238.68
2022-05-14   228.69 239.05   228.66 239.03     6.17  16.54   228.12 238.48   233.70 244.07   227.44 237.80
2022-05-15   227.79 238.17   227.77 238.14     5.28  15.66   227.22 237.60   232.81 243.19   226.54 236.92
2022-05-16   226.90 237.29   226.87 237.26     4.39  14.78   226.33 236.72   231.91 242.30   225.65 236.04
2022-05-17   226.00 236.41   225.97 236.38     3.49  13.89   225.43 235.84   231.01 241.42   224.75 235.15
2022-05-18   225.10 235.52   225.07 235.49     2.59  13.01   224.53 234.95   230.11 240.53   223.85 234.27
2022-05-19   224.19 234.63   224.17 234.60     1.68  12.12   223.62 234.06   229.21 239.65   222.94 233.38
2022-05-20   223.29 233.74   223.26 233.71     0.77  11.23   222.72 233.17   228.30 238.75   222.04 232.49
2022-05-21   222.38 232.85   222.35 232.82   359.87  10.33   221.81 232.28   227.39 237.86   221.13 231.60
2022-05-22   221.47 231.95   221.44 231.92   358.95   9.44   220.90 231.38   226.48 236.97   220.21 230.70
2022-05-23   220.55 231.05   220.52 231.02   358.04   8.54   219.98 230.48   225.56 236.07   219.30 229.80
2022-05-24   219.63 230.15   219.60 230.12   357.12   7.64   219.06 229.58   224.65 235.17   218.38 228.90
2022-05-25   218.71 229.25   218.68 229.22   356.20   6.73   218.14 228.68   223.72 234.26   217.46 228.00
2022-05-26   217.78 228.34   217.76 228.31   355.27   5.83   217.21 227.77   222.80 233.35   216.53 227.09
2022-05-27   216.86 227.43   216.83 227.40   354.34   4.92   216.29 226.86   221.87 232.44   215.60 226.18
2022-05-28   215.92 226.52   215.90 226.49   353.41   4.00   215.35 225.95   220.94 231.53   214.67 225.26
2022-05-29   214.99 225.60   214.96 225.57   352.48   3.09   214.42 225.03   220.00 230.61   213.74 224.35
2022-05-30   214.05 224.68   214.02 224.65   351.54   2.17   213.48 224.11   219.07 229.70   212.80 223.43
2022-05-31   213.11 223.76   213.08 223.73   350.60   1.25   212.54 223.19   218.12 228.77   211.86 222.51
2022-06-01   212.16 222.83   212.14 222.81   349.65   0.32   211.59 222.26   217.18 227.85   210.91 221.58
2022-06-02   211.21 221.90   211.19 221.88   348.70 359.39   210.64 221.33   216.23 226.92   209.96 220.65
2022-06-03   210.26 220.97   210.23 220.94   347.75 358.46   209.69 220.40   215.28 225.98   209.01 219.72
2022-06-04   209.30 220.03   209.28 220.01   346.79 357.52   208.73 219.46   214.32 225.05   208.05 218.78
2022-06-05   208.34 219.09   208.32 219.07   345.83 356.58   207.77 218.52   213.36 224.11   207.09 217.84
2022-06-06   207.38 218.15   207.35 218.12   344.87 355.64   206.81 217.58   212.39 223.16   206.13 216.90
2022-06-07   206.41 217.20   206.38 217.18   343.90 354.69   205.84 216.63   211.43 222.22   205.16 215.95
2022-06-08   205.44 216.25   205.41 216.23   342.93 353.74   204.87 215.68   210.45 221.27   204.19 215.00
2022-06-09   204.46 215.30   204.44 215.27   341.95 352.78   203.89 214.73   209.48 220.31   203.21 214.05
2022-06-10   203.48 214.34   203.46 214.31   340.97 351.83   202.91 213.77   208.50 219.35   202.23 213.09
2022-06-11   202.50 213.38   202.47 213.35   339.99 350.86   201.93 212.81   207.52 218.39   201.25 212.13
2022-06-12   201.51 212.41   201.49 212.38   339.00 349.90   200.94 211.84   206.53 217.43   200.26 211.16
2022-06-13   200.52 211.44   200.50 211.41   338.01 348.93   199.95 210.87   205.54 216.46   199.27 210.19
2022-06-14   199.53 210.47   199.50 210.44   337.02 347.95   198.96 209.90   204.54 215.48   198.28 209.22
2022-06-15   198.53 209.49   198.50 209.46   336.02 346.98   197.96 208.92   203.54 214.50   197.28 208.24
2022-06-16   197.53 208.51   197.50 208.48   335.01 345.99   196.96 207.94   202.54 213.52   196.28 207.26
2022-06-17   196.52 207.52   196.49 207.49   334.01 345.01   195.95 206.95   201.54 212.54   195.27 206.27
2022-06-18   195.51 206.53   195.48 206.51   333.00 344.02   194.94 205.96   200.53 211.55   194.26 205.28
2022-06-19   194.50 205.54   194.47 205.51   331.98 343.03   193.93 204.97   199.51 210.55   193.25 204.29
2022-06-20   193.48 204.54   193.45 204.51   330.97 342.03   192.91 203.97   198.50 209.56   192.23 203.29
2022-06-21   192.46 203.54   192.43 203.51   329.95 341.03   191.89 202.97   197.47 208.56   191.21 202.29
2022-06-22   191.44 202.54   191.41 202.51   328.92 340.02   190.87 201.97   196.45 207.55   190.18 201.28
2022-06-23   190.41 201.53   190.38 201.50   327.89 339.01   189.84 200.96   195.42 206.54   189.16 200.28
2022-06-24   189.38 200.51   189.35 200.49   326.86 338.00   188.81 199.94   194.39 205.53   188.13 199.26
2022-06-25   188.34 199.50   188.31 199.47   325.83 336.99   187.77 198.93   193.36 204.51   187.09 198.25
2022-06-26   187.30 198.48   187.28 198.45   324.79 335.97   186.73 197.91   192.32 203.49   186.05 197.23
2022-06-27   186.26 197.45   186.24 197.43   323.75 334.94   185.69 196.88   191.28 202.47   185.01 196.20
2022-06-28   185.22 196.43   185.19 196.40   322.71 333.92   184.65 195.86   190.23 201.44   183.97 195.18
2022-06-29   184.17 195.40   184.14 195.37   321.66 332.88   183.60 194.83   189.19 200.41   182.92 194.15
2022-06-30   183.12 194.36   183.09 194.34   320.61 331.85   182.55 193.79   188.14 199.38   181.87 193.11
2022-07-01   182.07 193.33   182.04 193.30   319.55 330.81   181.50 192.76   187.08 198.34   180.82 192.08
2022-07-02   181.01 192.29   180.99 192.26   318.50 329.77   180.44 191.72   186.03 197.30   179.76 191.03
2022-07-03   179.95 191.24   179.93 191.22   317.44 328.73   179.38 190.67   184.97 196.26   178.70 189.99
2022-07-04   178.89 190.20   178.87 190.17   316.38 327.68   178.32 189.63   183.91 195.21   177.64 188.94
2022-07-05   177.83 189.15   177.80 189.12   315.32 326.63   177.26 188.58   182.85 194.16   176.58 187.90
2022-07-06   176.76 188.09   176.74 188.07   314.25 325.58   176.19 187.52   181.78 193.11   175.51 186.84
2022-07-07   175.70 187.04   175.67 187.01   313.18 324.53   175.13 186.47   180.71 192.05   174.45 185.79
2022-07-08   174.63 185.98   174.60 185.95   312.12 323.47   174.06 185.41   179.64 191.00   173.38 184.73
2022-07-09   173.56 184.92   173.53 184.89   311.05 322.41   172.99 184.35   178.57 189.94   172.31 183.67
2022-07-10   172.49 183.86   172.46 183.83   309.97 321.35   171.92 183.29   177.50 188.87   171.23 182.61
2022-07-11   171.41 182.79   171.38 182.77   308.90 320.28   170.84 182.22   176.43 187.81   170.16 181.54
2022-07-12   170.34 181.73   170.31 181.70   307.82 319.21   169.77 181.16   175.35 186.74   169.09 180.48
2022-07-13   169.26 180.66   169.23 180.63   306.75 318.15   168.69 180.09   174.28 185.67   168.01 179.41
2022-07-14   168.18 179.59   168.16 179.56   305.67 317.08   167.61 179.02   173.20 184.60   166.93 178.34
2022-07-15   167.10 178.52   167.08 178.49   304.59 316.00   166.53 177.95   172.12 183.53   165.85 177.27
2022-07-16   166.03 177.44   166.00 177.42   303.51 314.93   165.46 176.87   171.04 182.46   164.78 176.19
2022-07-17   164.95 176.37   164.92 176.34   302.43 313.86   164.38 175.80   169.96 181.38   163.70 175.12
2022-07-18   163.87 175.29   163.84 175.27   301.35 312.78   163.30 174.72   168.88 180.31   162.62 174.04
2022-07-19   162.79 174.22   162.76 174.19   300.28 311.70   162.22 173.65   167.80 179.23   161.54 172.97
2022-07-20   161.71 173.14   161.68 173.11   299.20 310.63   161.14 172.57   166.72 178.15   160.46 171.89
2022-07-21   160.63 172.06   160.60 172.03   298.12 309.55   160.06 171.49   165.64 177.08   159.38 170.81
2022-07-22   159.55 170.98   159.52 170.96   297.04 308.47   158.98 170.41   164.56 176.00   158.30 169.73
2022-07-23   158.47 169.90   158.44 169.88   295.96 307.39   157.90 169.33   163.49 174.92   157.22 168.65
2022-07-24   157.39 168.82   157.37 168.80   294.88 306.31   156.82 168.25   162.41 173.84   156.14 167.57
2022-07-25   156.32 167.74   156.29 167.72   293.80 305.23   155.75 167.17   161.33 172.76   155.06 166.49
2022-07-26   155.24 166.67   155.21 166.64   292.73 304.15   154.67 166.10   160.25 171.68   153.99 165.41
2022-07-27   154.16 165.59   154.14 165.56   291.65 303.07   153.59 165.02   159.18 170.60   152.91 164.34
2022-07-28   153.09 164.51   153.06 164.48   290.58 302.00   152.52 163.94   158.11 169.52   151.84 163.26
2022-07-29   152.02 163.43   151.99 163.40   289.51 300.92   151.45 162.86   157.03 168.45   150.77 162.18
2022-07-30   150.95 162.35   150.92 162.33   288.43 299.84   150.38 161.78   155.96 167.37   149.70 161.10
2022-07-31   149.88 161.28   149.85 161.25   287.37 298.76   149.31 160.71   154.89 166.29   148.63 160.03
2022-08-01   148.81 160.20   148.78 160.18   286.30 297.69   148.24 159.63   153.83 165.22   147.56 158.95
2022-08-02   147.75 159.13   147.72 159.10   285.23 296.62   147.18 158.56   152.76 164.14   146.49 157.88
2022-08-03   146.68 158.06   146.66 158.03   284.17 295.54   146.11 157.49   151.70 163.07   145.43 156.80
2022-08-04   145.62 156.98   145.59 156.96   283.11 294.47   145.05 156.41   150.64 162.00   144.37 155.73
2022-08-05   144.56 155.91   144.54 155.89   282.05 293.40   143.99 155.34   149.58 160.93   143.31 154.66
2022-08-06   143.51 154.85   143.48 154.82   280.99 292.33   142.94 154.28   148.52 159.86   142.25 153.60
2022-08-07   142.45 153.78   142.42 153.75   279.94 291.27   141.88 153.21   147.47 158.80   141.20 152.53
2022-08-08   141.40 152.72   141.37 152.69   278.89 290.20   140.83 152.15   146.42 157.73   140.15 151.47
2022-08-09   140.35 151.66   140.33 151.63   277.84 289.14   139.78 151.09   145.37 156.67   139.10 150.40
2022-08-10   139.31 150.60   139.28 150.57   276.79 288.08   138.74 150.03   144.32 155.61   138.06 149.35
2022-08-11   138.26 149.54   138.24 149.51   275.75 287.03   137.69 148.97   143.28 154.55   137.01 148.29
2022-08-12   137.22 148.48   137.20 148.46   274.71 285.97   136.65 147.91   142.24 153.50   135.97 147.23
2022-08-13   136.19 147.43   136.16 147.41   273.67 284.92   135.62 146.86   141.20 152.45   134.94 146.18
2022-08-14   135.15 146.38   135.13 146.36   272.64 283.87   134.58 145.81   140.17 151.40   133.90 145.13
2022-08-15   134.12 145.34   134.10 145.31   271.61 282.82   133.55 144.77   139.14 150.35   132.87 144.09
2022-08-16   133.10 144.29   133.07 144.27   270.58 281.78   132.53 143.72   138.11 149.31   131.85 143.04
2022-08-17   132.07 143.25   132.05 143.22   269.56 280.74   131.50 142.68   137.09 148.27   130.82 142.00
2022-08-18   131.05 142.21   131.03 142.19   268.54 279.70   130.48 141.64   136.07 147.23   129.80 140.96
2022-08-19   130.04 141.18   130.01 141.15   267.52 278.67   129.47 140.61   135.05 146.19   128.79 139.93
2022-08-20   129.02 140.15   129.00 140.12   266.51 277.63   128.45 139.58   134.04 145.16   127.77 138.90
2022-08-21   128.01 139.12   127.99 139.09   265.50 276.61   127.44 138.55   133.03 144.13   126.76 137.87
2022-08-22   127.01 138.09   126.98 138.07   264.50 275.58   126.44 137.52   132.02 143.11   125.76 136.84
2022-08-23   126.01 137.07   125.98 137.04   263.49 274.56   125.44 136.50   131.02 142.09   124.75 135.82
2022-08-24   125.01 136.05   124.98 136.03   262.49 273.54   124.44 135.48   130.02 141.07   123.76 134.80
2022-08-25   124.01 135.04   123.98 135.01   261.50 272.52   123.44 134.47   129.03 140.05   122.76 133.79
2022-08-26   123.02 134.02   122.99 134.00   260.51 271.51   122.45 133.45   128.03 139.04   121.77 132.77
2022-08-27   122.03 133.02   122.00 132.99   259.52 270.50   121.46 132.45   127.05 138.03   120.78 131.77
2022-08-28   121.05 132.01   121.02 131.98   258.53 269.50   120.48 131.44   126.06 137.03   119.80 130.76
2022-08-29   120.07 131.01   120.04 130.98   257.55 268.50   119.50 130.44   125.08 136.02   118.82 129.76
2022-08-30   119.09 130.01   119.06 129.99   256.58 267.50   118.52 129.44   124.10 135.03   117.84 128.76
2022-08-31   118.12 129.02   118.09 128.99   255.60 266.50   117.55 128.45   123.13 134.03   116.86 127.77
2022-09-01   117.15 128.03   117.12 128.00   254.63 265.51   116.58 127.46   122.16 133.04   115.89 126.78
2022-09-02   116.18 127.04   116.15 127.01   253.67 264.53   115.61 126.47   121.19 132.05   114.93 125.79
2022-09-03   115.22 126.06   115.19 126.03   252.70 263.54   114.65 125.49   120.23 131.07   113.97 124.80
2022-09-04   114.26 125.08   114.23 125.05   251.74 262.56   113.69 124.51   119.27 130.09   113.01 123.82
2022-09-05   113.30 124.10   113.27 124.07   250.79 261.59   112.73 123.53   118.32 129.11   112.05 122.85
2022-09-06   112.35 123.13   112.32 123.10   249.84 260.61   111.78 122.56   117.36 128.14   111.10 121.87
2022-09-07   111.40 122.16   111.37 122.13   248.89 259.64   110.83 121.59   116.41 127.17   110.15 120.90
2022-09-08   110.45 121.19   110.43 121.16   247.94 258.68   109.88 120.62   115.47 126.20   109.20 119.94
2022-09-09   109.51 120.23   109.48 120.20   247.00 257.71   108.94 119.66   114.53 125.24   108.26 118.98
2022-09-10   108.57 119.27   108.54 119.24   246.06 256.75   108.00 118.70   113.59 124.28   107.32 118.02
2022-09-11   107.63 118.31   107.61 118.28   245.12 255.80   107.06 117.74   112.65 123.33   106.38 117.06
2022-09-12   106.70 117.36   106.67 117.33   244.19 254.84   106.13 116.79   111.72 122.37   105.45 116.11
2022-09-13   105.77 116.41   105.74 116.38   243.26 253.90   105.20 115.84   110.79 121.42   104.52 115.16
2022-09-14   104.84 115.46   104.82 115.44   242.33 252.95   104.27 114.89   109.86 120.48   103.59 114.21
2022-09-15   103.92 114.52   103.89 114.49   241.41 252.01   103.35 113.95   108.94 119.53   102.67 113.27
2022-09-16   103.00 113.58   102.97 113.55   240.49 251.07   102.43 113.01   108.01 118.59   101.75 112.33
2022-09-17   102.08 112.64   102.05 112.61   239.57 250.13   101.51 112.07   107.10 117.66   100.83 111.39
2022-09-18   101.16 111.71   101.14 111.68   238.65 249.19   100.59 111.14   106.18 116.72    99.91 110.46
2022-09-19   100.25 110.78   100.22 110.75   237.74 248.26    99.68 110.21   105.27 115.79    99.00 109.53
2022-09-20    99.34 109.85    99.31 109.82   236.83 247.34    98.77 109.28   104.36 114.86    98.09 108.60
2022-09-21    98.43 108.92    98.41 108.90   235.92 246.41    97.86 108.35   103.45 113.94    97.18 107.67
2022-09-22    97.53 108.00    97.50 107.97   235.01 245.49    96.96 107.43   102.54 113.02    96.28 106.75
2022-09-23    96.62 107.08    96.60 107.05   234.11 244.57    96.05 106.51   101.64 112.10    95.37 105.83
2022-09-24    95.72 106.16    95.69 106.14   233.21 243.65    95.15 105.59   100.74 111.18    94.47 104.91
2022-09-25    94.82 105.25    94.79 105.22   232.31 242.73    94.25 104.68    99.84 110.26    93.57 104.00
2022-09-26    93.92 104.34    93.90 104.31   231.41 241.82    93.35 103.77    98.94 109.35    92.67 103.08
2022-09-27    93.03 103.42    93.00 103.40   230.52 240.91    92.46 102.85    98.04 108.44    91.78 102.17
2022-09-28    92.13 102.52    92.11 102.49   229.62 240.00    91.56 101.95    97.15 107.53    90.88 101.27
2022-09-29    91.24 101.61    91.22 101.58   228.73 239.10    90.67 101.04    96.26 106.63    89.99 100.36
2022-09-30    90.35 100.71    90.33 100.68   227.84 238.20    89.78 100.14    95.37 105.72    89.10  99.46
2022-10-01    89.46  99.81    89.44  99.78   226.95 237.29    88.89  99.24    94.48 104.82    88.21  98.56
2022-10-02    88.58  98.91    88.55  98.88   226.06 236.39    88.01  98.34    93.59 103.92    87.33  97.66
2022-10-03    87.69  98.01    87.66  97.98   225.18 235.50    87.12  97.44    92.71 103.02    86.44  96.76
2022-10-04    86.81  97.11    86.78  97.09   224.29 234.60    86.24  96.54    91.82 102.13    85.55  95.86
2022-10-05    85.92  96.22    85.89  96.19   223.41 233.71    85.35  95.65    90.94 101.23    84.67  94.97
2022-10-06    85.04  95.32    85.01  95.30   222.53 232.81    84.47  94.75    90.05 100.34    83.79  94.07
2022-10-07    84.16  94.43    84.13  94.41   221.64 231.92    83.59  93.86    89.17  99.45    82.91  93.18
2022-10-08    83.28  93.54    83.25  93.52   220.76 231.03    82.71  92.97    88.29  98.56    82.02  92.29
2022-10-09    82.40  92.65    82.37  92.63   219.88 230.14    81.83  92.08    87.41  97.67    81.14  91.40
2022-10-10    81.52  91.77    81.49  91.74   219.00 229.25    80.95  91.20    86.53  96.78    80.26  90.52
2022-10-11    80.64  90.88    80.61  90.85   218.12 228.37    80.07  90.31    85.65  95.89    79.39  89.63
2022-10-12    79.76  89.99    79.73  89.97   217.24 227.48    79.19  89.42    84.77  95.01    78.51  88.74
2022-10-13    78.88  89.11    78.85  89.08   216.37 226.60    78.31  88.54    83.89  94.12    77.63  87.86
2022-10-14    78.00  88.22    77.97  88.20   215.49 225.71    77.43  87.65    83.01  93.24    76.75  86.97
2022-10-15    77.12  87.34    77.09  87.31   214.61 224.83    76.55  86.77    82.14  92.36    75.87  86.09
2022-10-16    76.24  86.46    76.22  86.43   213.73 223.94    75.67  85.89    81.26  91.47    74.99  85.21
2022-10-17    75.36  85.57    75.34  85.55   212.85 223.06    74.79  85.00    80.38  90.59    74.11  84.32
2022-10-18    74.48  84.69    74.46  84.67   211.97 222.18    73.91  84.12    79.50  89.71    73.23  83.44
2022-10-19    73.61  83.81    73.58  83.78   211.09 221.30    73.04  83.24    78.62  88.83    72.35  82.56
2022-10-20    72.73  82.93    72.70  82.90   210.21 220.42    72.16  82.36    77.74  87.94    71.47  81.68
2022-10-21    71.84  82.05    71.82  82.02   209.33 219.53    71.27  81.48    76.86  87.06    70.59  80.79
2022-10-22    70.96  81.16    70.94  81.14   208.45 218.65    70.39  80.59    75.98  86.18    69.71  79.91
2022-10-23    70.08  80.28    70.05  80.25   207.57 217.77    69.51  79.71    75.10  85.30    68.83  79.03
2022-10-24    69.20  79.40    69.17  79.37   206.68 216.89    68.63  78.83    74.21  84.41    67.95  78.15
2022-10-25    68.31  78.51    68.29  78.49   205.80 216.00    67.74  77.94    73.33  83.53    67.06  77.26
2022-10-26    67.43  77.63    67.40  77.60   204.91 215.12    66.86  77.06    72.44  82.65    66.18  76.38
2022-10-27    66.54  76.75    66.51  76.72   204.03 214.23    65.97  76.18    71.56  81.76    65.29  75.49
2022-10-28    65.65  75.86    65.63  75.83   203.14 213.35    65.08  75.29    70.67  80.88    64.40  74.61
2022-10-29    64.85  74.89    64.82  74.86   202.34 212.37    64.28  74.32    69.87  79.90    63.60  73.63
2022-10-30    64.24  73.72    64.21  73.69   201.73 211.21    63.67  73.15    69.25  78.73    62.99  72.47
2022-10-31    63.62  72.55    63.60  72.53   201.11 210.04    63.05  71.98    68.64  77.57    62.37  71.30
2022-11-01    63.01  71.38    62.98  71.36   200.49 208.87    62.44  70.81    68.02  76.40    61.76  70.13
2022-11-02    62.39  70.21    62.36  70.19   199.88 207.70    61.82  69.64    67.40  75.23    61.14  68.96
2022-11-03    61.77  69.04    61.74  69.02   199.26 206.53    61.20  68.47    66.78  74.06    60.52  67.79

2023-04-09   261.03 268.11   261.01 268.09    38.52  45.60   260.46 267.54   266.05 273.13   259.78 266.86
2023-04-10   259.89 267.51   259.86 267.48    37.37  45.00   259.32 266.94   264.90 272.52   258.63 266.26
2023-04-11   258.74 266.91   258.71 266.88    36.23  44.39   258.17 266.34   263.75 271.92   257.49 265.66
2023-04-12   257.60 266.31   257.57 266.28    35.08  43.79   257.03 265.74   262.61 271.32   256.34 265.06
2023-04-13   256.45 265.71   256.42 265.68    33.94  43.20   255.88 265.14   261.47 270.72   255.20 264.46
2023-04-14   255.31 265.11   255.28 265.09    32.80  42.60   254.74 264.54   260.32 270.13   254.06 263.86
2023-04-15   254.24 264.45   254.21 264.42    31.72  41.93   253.67 263.88   259.25 269.46   252.99 263.20
2023-04-16   253.37 263.58   253.34 263.55    30.86  41.06   252.80 263.01   258.39 268.59   252.12 262.33
2023-04-17   252.51 262.71   252.48 262.68    29.99  40.20   251.94 262.14   257.52 267.72   251.25 261.46
2023-04-18   251.64 261.84   251.61 261.82    29.13  39.33   251.07 261.27   256.66 266.86   250.39 260.59
2023-04-19   250.77 260.98   250.75 260.95    28.26  38.46   250.20 260.41   255.79 265.99   249.52 259.72
2023-04-20   249.91 260.11   249.88 260.08    27.40  37.60   249.34 259.54   254.93 265.13   248.66 258.86
2023-04-21   249.05 259.25   249.02 259.22    26.53  36.73   248.48 258.68   254.06 264.26   247.79 257.99
2023-04-22   248.18 258.38   248.15 258.35    25.67  35.87   247.61 257.81   253.20 263.40   246.93 257.13
2023-04-23   247.32 257.52   247.29 257.49    24.80  35.01   246.75 256.95   252.33 262.53   246.07 256.27
2023-04-24   246.45 256.65   246.42 256.63    23.94  34.14   245.88 256.08   251.47 261.67   245.20 255.40
2023-04-25   245.59 255.79   245.56 255.77    23.07  33.28   245.02 255.22   250.60 260.81   244.33 254.54
2023-04-26   244.72 254.93   244.69 254.90    22.21  32.42   244.15 254.36   249.73 259.94   243.47 253.68
2023-04-27   243.85 254.07   243.83 254.04    21.34  31.55   243.28 253.50   248.87 259.08   242.60 252.81
2023-04-28   242.99 253.20   242.96 253.18    20.47  30.69   242.42 252.63   248.00 258.22   241.73 251.95
2023-04-29   242.12 252.34   242.09 252.31    19.61  29.83   241.55 251.77   247.13 257.35   240.87 251.09
2023-04-30   241.25 251.48   241.22 251.45    18.74  28.96   240.68 250.91   246.26 256.49   240.00 250.23
2023-05-01   240.38 250.61   240.35 250.59    17.87  28.10   239.81 250.04   245.39 255.63   239.13 249.36
2023-05-02   239.51 249.75   239.48 249.72    17.00  27.24   238.94 249.18   244.52 254.76   238.26 248.50
2023-05-03   238.64 248.88   238.61 248.86    16.12  26.37   238.07 248.31   243.65 253.90   237.39 247.63
2023-05-04   237.76 248.02   237.74 247.99    15.25  25.50   237.19 247.45   242.78 253.03   236.51 246.77
2023-05-05   236.89 247.15   236.86 247.12    14.37  24.64   236.32 246.58   241.90 252.17   235.64 245.90
2023-05-06   236.01 246.28   235.98 246.26    13.50  23.77   235.44 245.71   241.03 251.30   234.76 245.03
2023-05-07   235.13 245.41   235.11 245.39    12.62  22.90   234.56 244.84   240.15 250.43   233.88 244.16
2023-05-08   234.25 244.54   234.23 244.52    11.74  22.03   233.68 243.97   239.27 249.56   233.00 243.29
2023-05-09   233.37 243.67   233.35 243.65    10.86  21.16   232.80 243.10   238.39 248.69   232.12 242.42
2023-05-10   232.49 242.80   232.46 242.77     9.98  20.29   231.92 242.23   237.50 247.82   231.24 241.55
2023-05-11   231.60 241.93   231.58 241.90     9.09  19.41   231.03 241.36   236.62 246.94   230.35 240.68
2023-05-12   230.72 241.05   230.69 241.02     8.20  18.54   230.15 240.48   235.73 246.07   229.46 239.80
2023-05-13   229.83 240.17   229.80 240.15     7.31  17.66   229.26 239.60   234.84 245.19   228.57 238.92
2023-05-14   228.93 239.29   228.91 239.27     6.42  16.78   228.36 238.72   233.95 244.31   227.68 238.04
2023-05-15   228.04 238.41   228.01 238.39     5.53  15.90   227.47 237.84   233.05 243.43   226.79 237.16
2023-05-16   227.14 237.53   227.12 237.50     4.63  15.02   226.57 236.96   232.16 242.55   225.89 236.28
2023-05-17   226.24 236.64   226.22 236.62     3.73  14.13   225.67 236.07   231.26 241.66   224.99 235.39
2023-05-18   225.34 235.76   225.31 235.73     2.83  13.25   224.77 235.19   230.36 240.77   224.09 234.51
2023-05-19   224.44 234.87   224.41 234.84     1.92  12.36   223.87 234.30   229.45 239.88   223.18 233.62
2023-05-20   223.53 233.98   223.50 233.95     1.02  11.46   222.96 233.41   228.54 238.99   222.28 232.73
2023-05-21   222.62 233.08   222.59 233.06     0.10  10.57   222.05 232.51   227.63 238.10   221.37 231.83
2023-05-22   221.70 232.18   221.68 232.16   359.19   9.67   221.13 231.61   226.72 237.20   220.45 230.93
2023-05-23   220.79 231.29   220.76 231.26   358.27   8.77   220.22 230.72   225.80 236.30   219.54 230.03
2023-05-24   219.87 230.38   219.84 230.36   357.35   7.87   219.30 229.81   224.88 235.40   218.62 229.13
2023-05-25   218.94 229.48   218.92 229.45   356.43   6.97   218.37 228.91   223.96 234.49   217.69 228.23
2023-05-26   218.02 228.57   217.99 228.54   355.51   6.06   217.45 228.00   223.03 233.59   216.77 227.32
2023-05-27   217.09 227.66   217.06 227.63   354.58   5.15   216.52 227.09   222.10 232.67   215.84 226.41
2023-05-28   216.16 226.74   216.13 226.72   353.64   4.23   215.59 226.17   221.17 231.76   214.91 225.49
2023-05-29   215.22 225.83   215.19 225.80   352.71   3.32   214.65 225.26   220.24 230.84   213.97 224.58
2023-05-30   214.28 224.91   214.25 224.88   351.77   2.39   213.71 224.34   219.30 229.92   213.03 223.66
2023-05-31   213.34 223.98   213.31 223.96   350.83   1.47   212.77 223.41   218.35 229.00   212.09 222.73
2023-06-01   212.39 223.06   212.36 223.03   349.88   0.54   211.82 222.49   217.41 228.07   211.14 221.81
2023-06-02   211.44 222.13   211.41 222.10   348.93 359.61   210.87 221.56   216.46 227.14   210.19 220.88
2023-06-03   210.49 221.19   210.46 221.17   347.97 358.68   209.92 220.62   215.50 226.21   209.24 219.94
2023-06-04   209.53 220.26   209.50 220.23   347.02 357.74   208.96 219.69   214.54 225.27   208.28 219.00
2023-06-05   208.57 219.31   208.54 219.29   346.06 356.80   208.00 218.74   213.58 224.33   207.32 218.06
2023-06-06   207.60 218.37   207.58 218.34   345.09 355.86   207.03 217.80   212.62 223.39   206.35 217.12
2023-06-07   206.63 217.42   206.61 217.40   344.12 354.91   206.06 216.85   211.65 222.44   205.38 216.17
2023-06-08   205.66 216.47   205.63 216.44   343.15 353.96   205.09 215.90   210.68 221.49   204.41 215.22
2023-06-09   204.68 215.51   204.66 215.49   342.17 353.00   204.11 214.94   209.70 220.53   203.43 214.26
2023-06-10   203.70 214.56   203.68 214.53   341.19 352.04   203.13 213.99   208.72 219.57   202.45 213.30
2023-06-11   202.72 213.59   202.69 213.57   340.21 351.08   202.15 213.02   207.74 218.61   201.47 212.34
2023-06-12   201.73 212.63   201.71 212.60   339.22 350.11   201.16 212.06   206.75 217.64   200.48 211.37
2023-06-13   200.74 211.65   200.71 211.63   338.23 349.14   200.17 211.08   205.76 216.67   199.49 210.40
2023-06-14   199.74 210.68   199.72 210.65   337.23 348.17   199.17 210.11   204.76 215.69   198.49 209.43
2023-06-15   198.74 209.70   198.72 209.67   336.23 347.19   198.17 209.13   203.76 214.72   197.49 208.45
2023-06-16   197.74 208.72   197.72 208.69   335.23 346.21   197.17 208.15   202.76 213.73   196.49 207.47
2023-06-17   196.73 207.73   196.71 207.71   334.22 345.22   196.16 207.16   201.75 212.75   195.48 206.48
2023-06-18   195.72 206.74   195.70 206.72   333.21 344.23   195.15 206.17   200.74 211.76   194.47 205.49
2023-06-19   194.71 205.75   194.68 205.72   332.20 343.24   194.14 205.18   199.73 210.76   193.46 204.50
2023-06-20   193.69 204.75   193.67 204.72   331.18 342.24   193.12 204.18   198.71 209.77   192.44 203.50
2023-06-21   192.67 203.75   192.64 203.72   330.16 341.24   192.10 203.18   197.69 208.76   191.42 202.50
2023-06-22   191.65 202.74   191.62 202.72   329.13 340.23   191.08 202.17   196.66 207.76   190.39 201.49
2023-06-23   190.62 201.73   190.59 201.71   328.10 339.22   190.05 201.16   195.63 206.75   189.37 200.48
2023-06-24   189.59 200.72   189.56 200.69   327.07 338.21   189.02 200.15   194.60 205.74   188.33 199.47
2023-06-25   188.55 199.70   188.52 199.68   326.04 337.19   187.98 199.13   193.57 204.72   187.30 198.45
2023-06-26   187.51 198.68   187.49 198.66   325.00 336.17   186.94 198.11   192.53 203.70   186.26 197.43
2023-06-27   186.47 197.66   186.44 197.63   323.96 335.15   185.90 197.09   191.49 202.68   185.22 196.41
2023-06-28   185.43 196.63   185.40 196.61   322.91 334.12   184.86 196.06   190.44 201.65   184.18 195.38
2023-06-29   184.38 195.60   184.35 195.58   321.87 333.09   183.81 195.03   189.39 200.62   183.13 194.35
2023-06-30   183.33 194.57   183.30 194.54   320.82 332.06   182.76 194.00   188.34 199.58   182.08 193.32
2023-07-01   182.28 193.53   182.25 193.51   319.76 331.02   181.71 192.96   187.29 198.55   181.03 192.28
2023-07-02   181.22 192.49   181.19 192.47   318.71 329.98   180.65 191.92   186.24 197.51   179.97 191.24
2023-07-03   180.16 191.45   180.14 191.42   317.65 328.94   179.59 190.88   185.18 196.46   178.91 190.20
2023-07-04   179.10 190.40   179.08 190.38   316.59 327.89   178.53 189.83   184.12 195.42   177.85 189.15
2023-07-05   178.04 189.35   178.01 189.33   315.53 326.84   177.47 188.78   183.05 194.37   176.79 188.10
2023-07-06   176.98 188.30   176.95 188.28   314.46 325.79   176.41 187.73   181.99 193.32   175.72 187.05
2023-07-07   175.91 187.25   175.88 187.22   313.40 324.73   175.34 186.68   180.92 192.26   174.66 186.00
2023-07-08   174.84 186.19   174.81 186.16   312.33 323.68   174.27 185.62   179.86 191.21   173.59 184.94
2023-07-09   173.77 185.13   173.74 185.10   311.26 322.62   173.20 184.56   178.79 190.15   172.52 183.88
2023-07-10   172.70 184.07   172.67 184.04   310.19 321.56   172.13 183.50   177.71 189.09   171.45 182.82
2023-07-11   171.63 183.01   171.60 182.98   309.11 320.49   171.06 182.44   176.64 188.02   170.38 181.76
2023-07-12   170.55 181.94   170.53 181.91   308.04 319.43   169.98 181.37   175.57 186.96   169.30 180.69
2023-07-13   169.48 180.87   169.45 180.85   306.96 318.36   168.91 180.30   174.49 185.89   168.23 179.62
2023-07-14   168.40 179.80   168.37 179.78   305.89 317.29   167.83 179.23   173.42 184.82   167.15 178.55
2023-07-15   167.32 178.73   167.30 178.71   304.81 316.22   166.75 178.16   172.34 183.75   166.07 177.48
2023-07-16   166.25 177.66   166.22 177.64   303.73 315.15   165.68 177.09   171.26 182.68   165.00 176.41
2023-07-17   165.17 176.59   165.14 176.56   302.66 314.08   164.60 176.02   170.18 181.60   163.92 175.34
2023-07-18   164.09 175.52   164.06 175.49   301.58 313.00   163.52 174.95   169.11 180.53   162.84 174.26
2023-07-19   163.01 174.44   162.99 174.41   300.50 311.93   162.44 173.87   168.03 179.46   161.76 173.19
2023-07-20   161.93 173.36   161.91 173.34   299.42 310.85   161.36 172.79   166.95 178.38   160.68 172.11
2023-07-21   160.86 172.29   160.83 172.26   298.34 309.78   160.29 171.72   165.87 177.30   159.61 171.04
2023-07-22   159.78 171.21   159.75 171.18   297.27 308.70   159.21 170.64   164.79 176.23   158.53 169.96
2023-07-23   158.70 170.13   158.68 170.11   296.19 307.62   158.13 169.56   163.72 175.15   157.45 168.88
2023-07-24   157.63 169.06   157.60 169.03   295.11 306.54   157.06 168.49   162.64 174.07   156.38 167.81
2023-07-25   156.55 167.98   156.52 167.95   294.04 305.47   155.98 167.41   161.57 172.99   155.30 166.73
2023-07-26   155.48 166.90   155.45 166.88   292.96 304.39   154.91 166.33   160.49 171.92   154.23 165.65
2023-07-27   154.40 165.82   154.38 165.80   291.89 303.31   153.83 165.25   159.42 170.84   153.15 164.57
2023-07-28   153.33 164.75   153.30 164.72   290.82 302.24   152.76 164.18   158.35 169.76   152.08 163.50
2023-07-29   152.26 163.67   152.23 163.65   289.75 301.16   151.69 163.10   157.28 168.69   151.01 162.42
2023-07-30   151.19 162.60   151.16 162.57   288.68 300.08   150.62 162.03   156.21 167.61   149.94 161.35
2023-07-31   150.12 161.52   150.10 161.50   287.61 299.01   149.55 160.95   155.14 166.54   148.87 160.27
2023-08-01   149.06 160.45   149.03 160.42   286.55 297.94   148.49 159.88   154.07 165.46   147.81 159.20
2023-08-02   147.99 159.38   147.97 159.35   285.48 296.86   147.42 158.81   153.01 164.39   146.74 158.13
2023-08-03   146.93 158.31   146.91 158.28   284.42 295.79   146.36 157.74   151.95 163.32   145.68 157.06
2023-08-04   145.87 157.24   145.85 157.21   283.36 294.72   145.30 156.67   150.89 162.25   144.62 155.99
2023-08-05   144.82 156.17   144.79 156.14   282.30 293.66   144.25 155.60   149.83 161.19   143.56 154.92
2023-08-06   143.76 155.10   143.73 155.08   281.25 292.59   143.19 154.53   148.78 160.12   142.51 153.85
2023-08-07   142.71 154.04   142.68 154.01   280.20 291.53   142.14 153.47   147.72 159.05   141.46 152.79
2023-08-08   141.66 152.98   141.63 152.95   279.15 290.47   141.09 152.41   146.67 157.99   140.41 151.73
2023-08-09   140.61 151.92   140.59 151.89   278.10 289.41   140.04 151.35   145.63 156.93   139.36 150.67
2023-08-10   139.57 150.86   139.54 150.83   277.06 288.35   139.00 150.29   144.58 155.88   138.32 149.61
2023-08-11   138.53 149.80   138.50 149.78   276.01 287.29   137.96 149.23   143.54 154.82   137.28 148.55
2023-08-12   137.49 148.75   137.46 148.72   274.98 286.24   136.92 148.18   142.50 153.77   136.24 147.50
2023-08-13   136.45 147.70   136.43 147.67   273.94 285.19   135.88 147.13   141.47 152.72   135.20 146.45
2023-08-14   135.42 146.65   135.40 146.63   272.91 284.14   134.85 146.08   140.44 151.67   134.17 145.40
2023-08-15   134.39 145.61   134.37 145.58   271.88 283.09   133.82 145.04   139.41 150.62   133.14 144.36
2023-08-16   133.37 144.56   133.34 144.54   270.85 282.05   132.80 143.99   138.38 149.58   132.12 143.31
2023-08-17   132.34 143.53   132.32 143.50   269.83 281.01   131.77 142.96   137.36 148.54   131.09 142.27
2023-08-18   131.33 142.49   131.30 142.46   268.81 279.98   130.76 141.92   136.34 147.50   130.08 141.24
2023-08-19   130.31 141.46   130.28 141.43   267.80 278.94   129.74 140.89   135.33 146.47   129.06 140.20
2023-08-20   129.30 140.42   129.27 140.40   266.79 277.91   128.73 139.85   134.31 145.44   128.05 139.17
2023-08-21   128.29 139.40   128.26 139.37   265.78 276.88   127.72 138.83   133.30 144.41   127.04 138.15
2023-08-22   127.28 138.37   127.26 138.35   264.77 275.86   126.71 137.80   132.30 143.39   126.03 137.12
2023-08-23   126.28 137.35   126.26 137.33   263.77 274.84   125.71 136.78   131.30 142.37   125.03 136.10
2023-08-24   125.28 136.33   125.26 136.31   262.77 273.82   124.71 135.76   130.30 141.35   124.03 135.08
2023-08-25   124.29 135.32   124.26 135.29   261.78 272.81   123.72 134.75   129.31 140.34   123.04 134.07
2023-08-26   123.30 134.31   123.27 134.28   260.79 271.80   122.73 133.74   128.31 139.32   122.05 133.06
2023-08-27   122.31 133.30   122.29 133.27   259.80 270.79   121.74 132.73   127.33 138.32   121.06 132.05
2023-08-28   121.33 132.30   121.30 132.27   258.82 269.78   120.76 131.73   126.34 137.31   120.08 131.05
2023-08-29   120.35 131.30   120.32 131.27   257.84 268.78   119.78 130.73   125.36 136.31   119.10 130.05
2023-08-30   119.37 130.30   119.35 130.27   256.86 267.79   118.80 129.73   124.39 135.31   118.12 129.05
2023-08-31   118.40 129.31   118.37 129.28   255.89 266.79   117.83 128.74   123.41 134.32   117.15 128.05
2023-09-01   117.43 128.32   117.40 128.29   254.92 265.80   116.86 127.75   122.44 133.33   116.18 127.06
2023-09-02   116.46 127.33   116.44 127.30   253.95 264.82   115.89 126.76   121.48 132.34   115.21 126.08
2023-09-03   115.50 126.35   115.47 126.32   252.99 263.83   114.93 125.78   120.52 131.36   114.25 125.09
2023-09-04   114.54 125.37   114.52 125.34   252.03 262.85   113.97 124.80   119.56 130.38   113.29 124.11
2023-09-05   113.59 124.39   113.56 124.36   251.07 261.88   113.02 123.82   118.60 129.40   112.34 123.14
2023-09-06   112.63 123.42   112.61 123.39   250.12 260.90   112.06 122.85   117.65 128.43   111.38 122.17
2023-09-07   111.68 122.45   111.66 122.42   249.17 259.93   111.11 121.88   116.70 127.46   110.43 121.20
2023-09-08   110.74 121.48   110.71 121.45   248.23 258.97   110.17 120.91   115.75 126.50   109.49 120.23
2023-09-09   109.80 120.52   109.77 120.49   247.28 258.01   109.23 119.95   114.81 125.53   108.55 119.27
2023-09-10   108.86 119.56   108.83 119.53   246.34 257.05   108.29 118.99   113.87 124.57   107.61 118.31
2023-09-11   107.92 118.60   107.89 118.58   245.41 256.09   107.35 118.03   112.94 123.62   106.67 117.35
2023-09-12   106.99 117.65   106.96 117.62   244.48 255.14   106.42 117.08   112.00 122.66   105.74 116.40
2023-09-13   106.06 116.70   106.03 116.67   243.55 254.19   105.49 116.13   111.07 121.72   104.81 115.45
2023-09-14   105.13 115.75   105.10 115.73   242.62 253.24   104.56 115.18   110.15 120.77   103.88 114.50
2023-09-15   104.21 114.81   104.18 114.78   241.69 252.30   103.64 114.24   109.22 119.83   102.96 113.56
2023-09-16   103.29 113.87   103.26 113.84   240.77 251.36   102.72 113.30   108.30 118.89   102.03 112.62
2023-09-17   102.37 112.93   102.34 112.91   239.85 250.42   101.80 112.36   107.38 117.95   101.12 111.68
2023-09-18   101.45 112.00   101.42 111.97   238.94 249.49   100.88 111.43   106.47 117.01   100.20 110.75
2023-09-19   100.54 111.07   100.51 111.04   238.02 248.55    99.97 110.50   105.55 116.08    99.29 109.82
2023-09-20    99.63 110.14    99.60 110.11   237.11 247.63    99.06 109.57   104.64 115.15    98.38 108.89
2023-09-21    98.72 109.21    98.69 109.19   236.20 246.70    98.15 108.64   103.73 114.23    97.47 107.96
2023-09-22    97.81 108.29    97.78 108.26   235.30 245.78    97.24 107.72   102.83 113.30    96.56 107.04
2023-09-23    96.91 107.37    96.88 107.34   234.39 244.86    96.34 106.80   101.92 112.38    95.66 106.12
2023-09-24    96.00 106.45    95.98 106.42   233.49 243.94    95.43 105.88   101.02 111.47    94.75 105.20
2023-09-25    95.11 105.54    95.08 105.51   232.59 243.02    94.54 104.97   100.12 110.55    93.85 104.28
2023-09-26    94.21 104.62    94.18 104.60   231.69 242.11    93.64 104.05    99.22 109.64    92.96 103.37
2023-09-27    93.31 103.71    93.28 103.69   230.80 241.20    92.74 103.14    98.33 108.73    92.06 102.46
2023-09-28    92.42 102.80    92.39 102.78   229.90 240.29    91.85 102.23    97.43 107.82    91.17 101.55
2023-09-29    91.52 101.90    91.50 101.87   229.01 239.38    90.95 101.33    96.54 106.91    90.27 100.65
2023-09-30    90.63 100.99    90.61 100.97   228.12 238.48    90.06 100.42    95.65 106.01    89.38  99.74
2023-10-01    89.74 100.09    89.72 100.06   227.23 237.58    89.17  99.52    94.76 105.11    88.49  98.84
2023-10-02    88.86  99.19    88.83  99.16   226.34 236.68    88.29  98.62    93.87 104.20    87.60  97.94
2023-10-03    87.97  98.29    87.94  98.26   225.46 235.78    87.40  97.72    92.98 103.31    86.72  97.04
2023-10-04    87.08  97.39    87.06  97.37   224.57 234.88    86.51  96.82    92.10 102.41    85.83  96.14
2023-10-05    86.20  96.50    86.17  96.47   223.69 233.99    85.63  95.93    91.21 101.51    84.95  95.25
2023-10-06    85.32  95.60    85.29  95.58   222.80 233.09    84.75  95.03    90.33 100.62    84.06  94.35
2023-10-07    84.43  94.71    84.41  94.69   221.92 232.20    83.86  94.14    89.45  99.73    83.18  93.46
2023-10-08    83.55  93.82    83.52  93.79   221.04 231.31    82.98  93.25    88.57  98.84    82.30  92.57
2023-10-09    82.67  92.93    82.64  92.90   220.16 230.42    82.10  92.36    87.68  97.95    81.42  91.68
2023-10-10    81.79  92.04    81.76  92.02   219.28 229.53    81.22  91.47    86.80  97.06    80.54  90.79
2023-10-11    80.91  91.15    80.88  91.13   218.40 228.64    80.34  90.58    85.92  96.17    79.66  89.90
2023-10-12    80.03  90.27    80.00  90.24   217.52 227.75    79.46  89.70    85.04  95.28    78.78  89.02
2023-10-13    79.15  89.38    79.12  89.35   216.64 226.87    78.58  88.81    84.16  94.40    77.90  88.13
2023-10-14    78.27  88.50    78.24  88.47   215.76 225.98    77.70  87.93    83.28  93.51    77.02  87.24
2023-10-15    77.39  87.61    77.36  87.58   214.88 225.10    76.82  87.04    82.40  92.63    76.14  86.36
2023-10-16    76.51  86.73    76.48  86.70   214.00 224.21    75.94  86.16    81.53  91.74    75.26  85.48
2023-10-17    75.63  85.84    75.60  85.82   213.12 223.33    75.06  85.27    80.65  90.86    74.38  84.59
2023-10-18    74.75  84.96    74.72  84.93   212.24 222.45    74.18  84.39    79.77  89.97    73.50  83.71
2023-10-19    73.87  84.08    73.84  84.05   211.36 221.56    73.30  83.51    78.88  89.09    72.62  82.82
2023-10-20    72.99  83.19    72.96  83.17   210.48 220.68    72.42  82.62    78.00  88.21    71.74  81.94
2023-10-21    72.11  82.31    72.08  82.28   209.59 219.80    71.54  81.74    77.12  87.32    70.86  81.06
2023-10-22    71.22  81.42    71.20  81.40   208.71 218.91    70.65  80.85    76.24  86.44    69.97  80.17
2023-10-23    70.34  80.54    70.31  80.51   207.83 218.03    69.77  79.97    75.36  85.56    69.09  79.29
2023-10-24    69.46  79.66    69.43  79.63   206.94 217.14    68.89  79.09    74.47  84.67    68.21  78.41
2023-10-25    68.57  78.77    68.54  78.75   206.06 216.26    68.00  78.20    73.59  83.79    67.32  77.52
2023-10-26    67.68  77.89    67.66  77.86   205.17 215.37    67.11  77.32    72.70  82.90    66.43  76.64
2023-10-27    66.80  77.00    66.77  76.97   204.28 214.49    66.23  76.43    71.81  82.02    65.55  75.75
2023-10-28    65.91  76.11    65.88  76.09   203.39 213.60    65.34  75.54    70.92  81.13    64.66  74.86
2023-10-29    65.02  75.22    64.99  75.20   202.51 212.71    64.45  74.65    70.03  80.24    63.77  73.97
2023-10-30    64.40  74.06    64.38  74.03   201.89 211.54    63.83  73.49    69.42  79.07    63.15  72.81
2023-10-31    63.79  72.89    63.76  72.86   201.28 210.38    63.22  72.32    68.80  77.90    62.54  71.64
2023-11-01    63.17  71.72    63.15  71.69   200.66 209.21    62.60  71.15    68.19  76.73    61.92  70.47
2023-11-02    62.55  70.55    62.53  70.52   200.04 208.04    61.98  69.98    67.57  75.56    61.30  69.30
2023-11-03    61.93  69.38    61.90  69.35   199.42 206.86    61.36  68.81    66.95  74.39    60.68  68.12
2023-11-04    61.31  68.20    61.28  68.18   198.79 205.69    60.74  67.63    66.32  73.22    60.06  66.95
