
       Target
                ecliptic
RA      Dec     latitude
292.104  39.768  60.478

Checked interval [2020-01-01, 2023-12-31]
|           Window [days]                 |    Normal V3 PA [deg]    |
   Start           End         Duration         Start         End         RA            Dec     
 2020-04-15      2020-11-08       207.00     260.85466      63.18684     292.10422      39.76786 
 2021-04-15      2021-11-09       208.00     261.11262      62.55267     292.10422      39.76786 
 2022-04-15      2022-11-09       207.94     261.31946      62.78914     292.10422      39.76786 
 2023-04-16      2023-11-09       207.00     260.78207      63.01915     292.10422      39.76786 


                V3PA          NIRCam           NIRSpec         NIRISS           MIRI          FGS
   Date      min    max      min    max       min    max     min    max      min    max      min    max

2020-04-16   257.17 264.37   257.14 264.35    34.65  41.86   256.60 263.80   262.18 269.39   255.92 263.12
2020-04-17   256.02 263.82   256.00 263.79    33.51  41.31   255.45 263.25   261.04 268.84   254.77 262.57
2020-04-18   254.88 263.27   254.85 263.24    32.37  40.76   254.31 262.70   259.89 268.29   253.63 262.02
2020-04-19   253.74 262.72   253.71 262.70    31.22  40.21   253.17 262.15   258.75 267.74   252.49 261.47
2020-04-20   252.60 262.18   252.57 262.15    30.08  39.66   252.03 261.61   257.61 267.19   251.34 260.93
2020-04-21   251.45 261.63   251.43 261.60    28.94  39.12   250.88 261.06   256.47 266.65   250.20 260.38
2020-04-22   250.60 260.80   250.57 260.78    28.09  38.29   250.03 260.23   255.61 265.82   249.35 259.55
2020-04-23   249.76 259.96   249.73 259.94    27.25  37.45   249.19 259.39   254.77 264.98   248.51 258.71
2020-04-24   248.92 259.12   248.89 259.10    26.41  36.61   248.35 258.55   253.94 264.14   247.67 257.87
2020-04-25   248.08 258.28   248.05 258.26    25.57  35.77   247.51 257.71   253.10 263.30   246.83 257.03
2020-04-26   247.24 257.44   247.22 257.42    24.73  34.93   246.67 256.87   252.26 262.46   245.99 256.19
2020-04-27   246.40 256.60   246.38 256.58    23.89  34.09   245.83 256.03   251.42 261.62   245.15 255.35
2020-04-28   245.57 255.77   245.54 255.74    23.05  33.25   245.00 255.20   250.58 260.78   244.32 254.52
2020-04-29   244.73 254.93   244.70 254.90    22.21  32.42   244.16 254.36   249.74 259.95   243.48 253.68
2020-04-30   243.89 254.09   243.86 254.07    21.38  31.58   243.32 253.52   248.90 259.11   242.64 252.84
2020-05-01   243.05 253.26   243.02 253.23    20.54  30.74   242.48 252.69   248.06 258.27   241.80 252.01
2020-05-02   242.21 252.42   242.18 252.39    19.70  29.91   241.64 251.85   247.22 257.44   240.96 251.17
2020-05-03   241.37 251.58   241.34 251.56    18.86  29.07   240.80 251.01   246.38 256.60   240.12 250.33
2020-05-04   240.53 250.75   240.50 250.72    18.01  28.24   239.96 250.18   245.54 255.76   239.28 249.50
2020-05-05   239.68 249.91   239.66 249.88    17.17  27.40   239.11 249.34   244.70 254.93   238.43 248.66
2020-05-06   238.84 249.07   238.81 249.05    16.33  26.56   238.27 248.50   243.86 254.09   237.59 247.82
2020-05-07   238.00 248.24   237.97 248.21    15.48  25.72   237.43 247.67   243.01 253.25   236.75 246.99
2020-05-08   237.15 247.40   237.12 247.37    14.64  24.89   236.58 246.83   242.17 252.41   235.90 246.15
2020-05-09   236.30 246.56   236.28 246.53    13.79  24.05   235.73 245.99   241.32 251.57   235.05 245.31
2020-05-10   235.45 245.72   235.43 245.69    12.94  23.21   234.88 245.15   240.47 250.73   234.20 244.47
2020-05-11   234.60 244.88   234.58 244.85    12.09  22.37   234.03 244.31   239.62 249.89   233.35 243.63
2020-05-12   233.75 244.04   233.72 244.01    11.24  21.52   233.18 243.47   238.77 249.05   232.50 242.79
2020-05-13   232.90 243.19   232.87 243.17    10.38  20.68   232.33 242.62   237.91 248.21   231.65 241.94
2020-05-14   232.04 242.35   232.01 242.32     9.53  19.84   231.47 241.78   237.06 247.36   230.79 241.10
2020-05-15   231.18 241.50   231.15 241.48     8.67  18.99   230.61 240.93   236.20 246.52   229.93 240.25
2020-05-16   230.32 240.66   230.29 240.63     7.81  18.14   229.75 240.09   235.34 245.67   229.07 239.40
2020-05-17   229.46 239.81   229.43 239.78     6.94  17.29   228.89 239.24   234.47 244.82   228.21 238.55
2020-05-18   228.59 238.95   228.57 238.93     6.08  16.44   228.02 238.38   233.61 243.97   227.34 237.70
2020-05-19   227.72 238.10   227.70 238.07     5.21  15.59   227.15 237.53   232.74 243.12   226.47 236.85
2020-05-20   226.85 237.25   226.83 237.22     4.34  14.73   226.28 236.68   231.87 242.26   225.60 235.99
2020-05-21   225.98 236.39   225.95 236.36     3.47  13.88   225.41 235.82   230.99 241.40   224.73 235.14
2020-05-22   225.10 235.53   225.08 235.50     2.59  13.02   224.53 234.96   230.12 240.54   223.85 234.28
2020-05-23   224.22 234.67   224.20 234.64     1.71  12.15   223.65 234.10   229.24 239.68   222.97 233.41
2020-05-24   223.34 233.80   223.31 233.77     0.83  11.29   222.77 233.23   228.35 238.82   222.09 232.55
2020-05-25   222.45 232.93   222.43 232.91   359.94  10.42   221.88 232.36   227.47 237.95   221.20 231.68
2020-05-26   221.56 232.06   221.54 232.04   359.05   9.55   220.99 231.49   226.58 237.08   220.31 230.81
2020-05-27   220.67 231.19   220.64 231.16   358.16   8.68   220.10 230.62   225.69 236.20   219.42 229.94
2020-05-28   219.77 230.31   219.75 230.29   357.26   7.80   219.20 229.74   224.79 235.33   218.52 229.06
2020-05-29   218.87 229.43   218.85 229.41   356.36   6.92   218.30 228.86   223.89 234.45   217.62 228.18
2020-05-30   217.97 228.55   217.94 228.52   355.46   6.04   217.40 227.98   222.99 233.56   216.72 227.30
2020-05-31   217.06 227.66   217.04 227.64   354.55   5.15   216.49 227.09   222.08 232.68   215.81 226.41
2020-06-01   216.15 226.77   216.13 226.75   353.64   4.26   215.58 226.20   221.17 231.79   214.90 225.52
2020-06-02   215.24 225.88   215.21 225.85   352.72   3.37   214.67 225.31   220.25 230.90   213.99 224.63
2020-06-03   214.32 224.98   214.29 224.96   351.80   2.47   213.75 224.41   219.33 230.00   213.07 223.73
2020-06-04   213.39 224.08   213.37 224.06   350.88   1.57   212.82 223.51   218.41 229.10   212.14 222.83
2020-06-05   212.47 223.18   212.44 223.15   349.95   0.67   211.90 222.61   217.48 228.19   211.21 221.93
2020-06-06   211.53 222.27   211.51 222.24   349.02 359.76   210.96 221.70   216.55 227.29   210.28 221.02
2020-06-07   210.60 221.36   210.57 221.33   348.08 358.85   210.03 220.79   215.61 226.37   209.35 220.11
2020-06-08   209.66 220.44   209.63 220.42   347.14 357.93   209.09 219.87   214.67 225.46   208.41 219.19
2020-06-09   208.71 219.52   208.68 219.50   346.20 357.01   208.14 218.95   213.73 224.54   207.46 218.27
2020-06-10   207.76 218.60   207.74 218.57   345.25 356.08   207.19 218.03   212.78 223.61   206.51 217.35
2020-06-11   206.81 217.67   206.78 217.64   344.29 355.16   206.24 217.10   211.82 222.68   205.56 216.42
2020-06-12   205.85 216.73   205.82 216.71   343.34 354.22   205.28 216.16   210.86 221.75   204.60 215.48
2020-06-13   204.89 215.80   204.86 215.77   342.37 353.28   204.32 215.23   209.90 220.81   203.63 214.55
2020-06-14   203.92 214.85   203.89 214.83   341.40 352.34   203.35 214.28   208.93 219.87   202.67 213.60
2020-06-15   202.94 213.91   202.92 213.88   340.43 351.39   202.37 213.34   207.96 218.92   201.69 212.66
2020-06-16   201.97 212.96   201.94 212.93   339.45 350.44   201.40 212.39   206.98 217.97   200.72 211.70
2020-06-17   200.98 212.00   200.96 211.97   338.47 349.49   200.41 211.43   206.00 217.01   199.73 210.75
2020-06-18   200.00 211.04   199.97 211.01   337.48 348.53   199.43 210.47   205.01 216.05   198.75 209.79
2020-06-19   199.00 210.07   198.98 210.05   336.49 347.56   198.43 209.50   204.02 215.09   197.75 208.82
2020-06-20   198.01 209.10   197.98 209.08   335.50 346.59   197.44 208.53   203.02 214.12   196.76 207.85
2020-06-21   197.01 208.13   196.98 208.10   334.49 345.61   196.44 207.56   202.02 213.14   195.76 206.88
2020-06-22   196.00 207.15   195.97 207.12   333.49 344.63   195.43 206.58   201.02 212.16   194.75 205.90
2020-06-23   194.99 206.16   194.96 206.13   332.48 343.65   194.42 205.59   200.00 211.18   193.74 204.91
2020-06-24   193.97 205.17   193.95 205.14   331.46 342.66   193.40 204.60   198.99 210.19   192.72 203.92
2020-06-25   192.95 204.18   192.93 204.15   330.44 341.66   192.38 203.61   197.97 209.19   191.70 202.92
2020-06-26   191.93 203.18   191.90 203.15   329.42 340.66   191.36 202.61   196.94 208.19   190.68 201.93
2020-06-27   190.90 202.17   190.87 202.14   328.39 339.66   190.33 201.60   195.91 207.19   189.65 200.92
2020-06-28   189.86 201.16   189.84 201.14   327.35 338.65   189.29 200.59   194.88 206.18   188.61 199.91
2020-06-29   188.82 200.15   188.80 200.12   326.31 337.63   188.25 199.58   193.84 205.16   187.57 198.90
2020-06-30   187.78 199.13   187.76 199.10   325.27 336.62   187.21 198.56   192.80 204.14   186.53 197.88
2020-07-01   186.73 198.10   186.71 198.08   324.22 335.59   186.16 197.53   191.75 203.12   185.48 196.85
2020-07-02   185.68 197.08   185.66 197.05   323.17 334.56   185.11 196.51   190.70 202.09   184.43 195.82
2020-07-03   184.63 196.04   184.60 196.02   322.11 333.53   184.06 195.47   189.64 201.06   183.38 194.79
2020-07-04   183.57 195.00   183.54 194.98   321.05 332.49   183.00 194.43   188.58 200.02   182.31 193.75
2020-07-05   182.50 193.96   182.48 193.94   319.99 331.45   181.93 193.39   187.52 198.98   181.25 192.71
2020-07-06   181.43 192.91   181.41 192.89   318.92 330.40   180.86 192.34   186.45 197.93   180.18 191.66
2020-07-07   180.36 191.86   180.34 191.84   317.85 329.35   179.79 191.29   185.38 196.88   179.11 190.61
2020-07-08   179.29 190.81   179.26 190.78   316.77 328.30   178.72 190.24   184.30 195.82   178.04 189.56
2020-07-09   178.21 189.75   178.18 189.72   315.70 327.24   177.64 189.18   183.22 194.76   176.96 188.50
2020-07-10   177.13 188.68   177.10 188.66   314.61 326.17   176.56 188.11   182.14 193.70   175.87 187.43
2020-07-11   176.04 187.62   176.01 187.59   313.53 325.10   175.47 187.05   181.06 192.63   174.79 186.37
2020-07-12   174.95 186.55   174.93 186.52   312.44 324.03   174.38 185.98   179.97 191.56   173.70 185.29
2020-07-13   173.86 185.47   173.83 185.44   311.35 322.96   173.29 184.90   178.88 190.49   172.61 184.22
2020-07-14   172.77 184.39   172.74 184.37   310.25 321.88   172.20 183.82   177.78 189.41   171.52 183.14
2020-07-15   171.67 183.31   171.64 183.28   309.16 320.80   171.10 182.74   176.69 188.32   170.42 182.06
2020-07-16   170.57 182.22   170.55 182.20   308.06 319.71   170.00 181.65   175.59 187.24   169.32 180.97
2020-07-17   169.47 181.14   169.44 181.11   306.96 318.62   168.90 180.57   174.49 186.15   168.22 179.89
2020-07-18   168.37 180.05   168.34 180.02   305.86 317.53   167.80 179.48   173.38 185.06   167.12 178.79
2020-07-19   167.26 178.95   167.24 178.92   304.75 316.44   166.69 178.38   172.28 183.97   166.01 177.70
2020-07-20   166.16 177.86   166.13 177.83   303.65 315.34   165.59 177.29   171.17 182.87   164.91 176.60
2020-07-21   165.05 176.76   165.02 176.73   302.54 314.24   164.48 176.19   170.07 181.77   163.80 175.51
2020-07-22   163.94 175.66   163.92 175.63   301.43 313.14   163.37 175.09   168.96 180.67   162.69 174.41
2020-07-23   162.83 174.55   162.81 174.53   300.32 312.04   162.26 173.98   167.85 179.57   161.58 173.30
2020-07-24   161.72 173.45   161.70 173.42   299.21 310.94   161.15 172.88   166.74 178.46   160.47 172.20
2020-07-25   160.61 172.34   160.59 172.32   298.10 309.83   160.04 171.77   165.63 177.36   159.36 171.09
2020-07-26   159.50 171.24   159.48 171.21   296.99 308.72   158.93 170.67   164.52 176.25   158.25 169.99
2020-07-27   158.39 170.13   158.37 170.10   295.88 307.61   157.82 169.56   163.41 175.14   157.14 168.88
2020-07-28   157.28 169.02   157.26 168.99   294.77 306.51   156.71 168.45   162.30 174.03   156.03 167.77
2020-07-29   156.17 167.91   156.15 167.88   293.66 305.40   155.60 167.34   161.19 172.92   154.92 166.66
2020-07-30   155.06 166.80   155.04 166.77   292.55 304.29   154.49 166.23   160.08 171.81   153.81 165.55
2020-07-31   153.96 165.69   153.93 165.66   291.44 303.17   153.39 165.12   158.97 170.70   152.70 164.44
2020-08-01   152.85 164.58   152.82 164.55   290.33 302.06   152.28 164.01   157.86 169.59   151.60 163.33
2020-08-02   151.74 163.47   151.71 163.44   289.23 300.95   151.17 162.90   156.76 168.48   150.49 162.22
2020-08-03   150.64 162.36   150.61 162.33   288.12 299.84   150.07 161.79   155.65 167.37   149.39 161.11
2020-08-04   149.53 161.25   149.51 161.22   287.02 298.73   148.96 160.68   154.55 166.26   148.28 160.00
2020-08-05   148.43 160.14   148.41 160.11   285.92 297.62   147.86 159.57   153.45 165.15   147.18 158.89
2020-08-06   147.33 159.03   147.31 159.00   284.82 296.52   146.76 158.46   152.35 164.04   146.08 157.78
2020-08-07   146.24 157.92   146.21 157.90   283.72 295.41   145.67 157.35   151.25 162.94   144.98 156.67
2020-08-08   145.14 156.82   145.11 156.79   282.63 294.31   144.57 156.25   150.16 161.83   143.89 155.57
2020-08-09   144.05 155.71   144.02 155.69   281.54 293.20   143.48 155.14   149.06 160.73   142.80 154.46
2020-08-10   142.96 154.61   142.93 154.59   280.45 292.10   142.39 154.04   147.97 159.63   141.71 153.36
2020-08-11   141.87 153.51   141.85 153.49   279.36 291.00   141.30 152.94   146.89 158.53   140.62 152.26
2020-08-12   140.79 152.41   140.76 152.39   278.28 289.90   140.22 151.84   145.80 157.43   139.54 151.16
2020-08-13   139.71 151.32   139.68 151.29   277.20 288.81   139.14 150.75   144.72 156.33   138.46 150.07
2020-08-14   138.63 150.23   138.60 150.20   276.12 287.71   138.06 149.66   143.65 155.24   137.38 148.97
2020-08-15   137.56 149.13   137.53 149.11   275.04 286.62   136.99 148.56   142.57 154.15   136.31 147.88
2020-08-16   136.49 148.05   136.46 148.02   273.97 285.53   135.92 147.48   141.50 153.06   135.24 146.80
2020-08-17   135.42 146.96   135.39 146.94   272.91 284.45   134.85 146.39   140.44 151.98   134.17 145.71
2020-08-18   134.36 145.88   134.33 145.85   271.84 283.37   133.79 145.31   139.37 150.89   133.11 144.63
2020-08-19   133.30 144.80   133.27 144.77   270.79 282.29   132.73 144.23   138.31 149.82   132.05 143.55
2020-08-20   132.24 143.73   132.22 143.70   269.73 281.21   131.67 143.16   137.26 148.74   130.99 142.47
2020-08-21   131.19 142.65   131.17 142.63   268.68 280.14   130.62 142.08   136.21 147.67   129.94 141.40
2020-08-22   130.15 141.59   130.12 141.56   267.63 279.07   129.58 141.02   135.16 146.60   128.89 140.33
2020-08-23   129.10 140.52   129.08 140.49   266.59 278.01   128.53 139.95   134.12 145.54   127.85 139.27
2020-08-24   128.06 139.46   128.04 139.43   265.55 276.95   127.49 138.89   133.08 144.47   126.81 138.21
2020-08-25   127.03 138.40   127.00 138.38   264.52 275.89   126.46 137.83   132.05 143.42   125.78 137.15
2020-08-26   126.00 137.35   125.97 137.32   263.49 274.84   125.43 136.78   131.02 142.36   124.75 136.10
2020-08-27   124.98 136.30   124.95 136.27   262.46 273.79   124.41 135.73   129.99 141.32   123.73 135.05
2020-08-28   123.96 135.26   123.93 135.23   261.44 272.74   123.39 134.69   128.97 140.27   122.70 134.00
2020-08-29   122.94 134.21   122.91 134.19   260.43 271.70   122.37 133.64   127.95 139.23   121.69 132.96
2020-08-30   121.93 133.18   121.90 133.15   259.41 270.66   121.36 132.61   126.94 138.19   120.68 131.93
2020-08-31   120.92 132.15   120.89 132.12   258.41 269.63   120.35 131.58   125.94 137.16   119.67 130.89
2020-09-01   119.92 131.12   119.89 131.09   257.41 268.60   119.35 130.55   124.93 136.13   118.67 129.87
2020-09-02   118.92 130.09   118.89 130.07   256.41 267.58   118.35 129.52   123.94 135.11   117.67 128.84
2020-09-03   117.93 129.07   117.90 129.05   255.41 266.56   117.36 128.50   122.94 134.09   116.68 127.82
2020-09-04   116.94 128.06   116.91 128.03   254.43 265.55   116.37 127.49   121.95 133.07   115.69 126.81
2020-09-05   115.95 127.05   115.93 127.02   253.44 264.54   115.38 126.48   120.97 132.06   114.70 125.80
2020-09-06   114.97 126.04   114.95 126.02   252.46 263.53   114.40 125.47   119.99 131.06   113.72 124.79
2020-09-07   114.00 125.04   113.97 125.02   251.49 262.53   113.43 124.47   119.01 130.06   112.75 123.79
2020-09-08   113.03 124.04   113.00 124.02   250.52 261.53   112.46 123.47   118.04 129.06   111.78 122.79
2020-09-09   112.06 123.05   112.03 123.03   249.55 260.54   111.49 122.48   117.08 128.07   110.81 121.80
2020-09-10   111.10 122.06   111.07 122.04   248.59 259.55   110.53 121.49   116.11 127.08   109.85 120.81
2020-09-11   110.14 121.08   110.12 121.05   247.63 258.57   109.57 120.51   115.16 126.10   108.89 119.83
2020-09-12   109.19 120.10   109.16 120.07   246.68 257.59   108.62 119.53   114.20 125.12   107.94 118.85
2020-09-13   108.24 119.13   108.21 119.10   245.73 256.61   107.67 118.56   113.25 124.14   106.99 117.88
2020-09-14   107.29 118.16   107.27 118.13   244.78 255.64   106.72 117.59   112.31 123.17   106.04 116.90
2020-09-15   106.35 117.19   106.33 117.16   243.84 254.68   105.78 116.62   111.37 122.20   105.10 115.94
2020-09-16   105.42 116.23   105.39 116.20   242.90 253.71   104.85 115.66   110.43 121.24   104.17 114.98
2020-09-17   104.48 115.27   104.46 115.24   241.97 252.76   103.91 114.70   109.50 120.28   103.23 114.02
2020-09-18   103.55 114.32   103.53 114.29   241.04 251.80   102.98 113.75   108.57 119.33   102.30 113.06
2020-09-19   102.63 113.37   102.60 113.34   240.12 250.85   102.06 112.80   107.64 118.38   101.38 112.12
2020-09-20   101.71 112.42   101.68 112.39   239.19 249.91   101.14 111.85   106.72 117.44   100.46 111.17
2020-09-21   100.79 111.48   100.76 111.45   238.28 248.97   100.22 110.91   105.80 116.49    99.54 110.23
2020-09-22    99.88 110.54    99.85 110.52   237.36 248.03    99.31 109.97   104.89 115.56    98.62 109.29
2020-09-23    98.96 109.61    98.94 109.58   236.45 247.10    98.39 109.04   103.98 114.62    97.71 108.36
2020-09-24    98.06 108.68    98.03 108.65   235.54 246.17    97.49 108.11   103.07 113.69    96.81 107.43
2020-09-25    97.15 107.75    97.13 107.73   234.64 245.24    96.58 107.18   102.17 112.77    95.90 106.50
2020-09-26    96.25 106.83    96.23 106.80   233.74 244.32    95.68 106.26   101.27 111.84    95.00 105.58
2020-09-27    95.35 105.91    95.33 105.88   232.84 243.40    94.78 105.34   100.37 110.93    94.10 104.66
2020-09-28    94.46 104.99    94.43 104.97   231.95 242.48    93.89 104.42    99.47 110.01    93.21 103.74
2020-09-29    93.57 104.08    93.54 104.06   231.05 241.57    93.00 103.51    98.58 109.10    92.32 102.83
2020-09-30    92.68 103.17    92.65 103.15   230.16 240.66    92.11 102.60    97.69 108.19    91.43 101.92
2020-10-01    91.79 102.27    91.76 102.24   229.28 239.75    91.22 101.70    96.81 107.28    90.54 101.02
2020-10-02    90.91 101.36    90.88 101.34   228.39 238.85    90.34 100.79    95.92 106.38    89.66 100.11
2020-10-03    90.02 100.46    90.00 100.44   227.51 237.95    89.45  99.89    95.04 105.48    88.77  99.21
2020-10-04    89.14  99.57    89.12  99.54   226.63 237.06    88.57  99.00    94.16 104.58    87.89  98.32
2020-10-05    88.27  98.67    88.24  98.65   225.75 236.16    87.70  98.10    93.28 103.69    87.02  97.42
2020-10-06    87.39  97.78    87.37  97.76   224.88 235.27    86.82  97.21    92.41 102.80    86.14  96.53
2020-10-07    86.52  96.89    86.49  96.87   224.01 234.38    85.95  96.32    91.53 101.91    85.27  95.64
2020-10-08    85.65  96.01    85.62  95.98   223.13 233.49    85.08  95.44    90.66 101.02    84.40  94.76
2020-10-09    84.78  95.12    84.75  95.10   222.27 232.61    84.21  94.55    89.79 100.14    83.53  93.87
2020-10-10    83.91  94.24    83.88  94.21   221.40 231.73    83.34  93.67    88.92  99.26    82.66  92.99
2020-10-11    83.04  93.36    83.02  93.33   220.53 230.85    82.47  92.79    88.06  98.38    81.79  92.11
2020-10-12    82.18  92.48    82.15  92.46   219.66 229.97    81.61  91.91    87.19  97.50    80.93  91.23
2020-10-13    81.31  91.61    81.29  91.58   218.80 229.09    80.74  91.04    86.33  96.62    80.06  90.36
2020-10-14    80.45  90.73    80.42  90.71   217.94 228.22    79.88  90.16    85.47  95.75    79.20  89.48
2020-10-15    79.59  89.86    79.56  89.83   217.08 227.35    79.02  89.29    84.60  94.88    78.34  88.61
2020-10-16    78.73  88.99    78.70  88.96   216.21 226.48    78.16  88.42    83.74  94.00    77.48  87.74
2020-10-17    77.87  88.12    77.84  88.09   215.35 225.61    77.30  87.55    82.88  93.14    76.62  86.87
2020-10-18    77.01  87.25    76.98  87.23   214.49 224.74    76.44  86.68    82.02  92.27    75.76  86.00
2020-10-19    76.15  86.38    76.12  86.36   213.63 223.87    75.58  85.81    81.16  91.40    74.90  85.13
2020-10-20    75.29  85.52    75.26  85.49   212.78 223.01    74.72  84.95    80.30  90.53    74.04  84.27
2020-10-21    74.43  84.65    74.40  84.63   211.92 222.14    73.86  84.08    79.44  89.67    73.18  83.40
2020-10-22    73.57  83.79    73.54  83.76   211.06 221.28    73.00  83.22    78.59  88.80    72.32  82.54
2020-10-23    72.71  82.93    72.69  82.90   210.20 220.41    72.14  82.36    77.73  87.94    71.46  81.67
2020-10-24    71.85  82.06    71.83  82.04   209.34 219.55    71.28  81.49    76.87  87.08    70.60  80.81
2020-10-25    70.99  81.20    70.97  81.17   208.48 218.69    70.42  80.63    76.01  86.21    69.74  79.95
2020-10-26    70.13  80.34    70.11  80.31   207.62 217.82    69.56  79.77    75.15  85.35    68.88  79.09
2020-10-27    69.27  79.47    69.25  79.45   206.76 216.96    68.70  78.90    74.29  84.49    68.02  78.22
2020-10-28    68.41  78.61    68.39  78.59   205.90 216.10    67.84  78.04    73.43  83.63    67.16  77.36
2020-10-29    67.55  77.75    67.52  77.72   205.04 215.24    66.98  77.18    72.57  82.77    66.30  76.50
2020-10-30    66.69  76.89    66.66  76.86   204.17 214.38    66.12  76.32    71.70  81.90    65.44  75.64
2020-10-31    65.82  76.02    65.80  76.00   203.31 213.51    65.25  75.45    70.84  81.04    64.57  74.77
2020-11-01    64.96  75.16    64.93  75.13   202.45 212.65    64.39  74.59    69.97  80.18    63.71  73.91
2020-11-02    64.09  74.30    64.07  74.27   201.58 211.78    63.52  73.73    69.11  79.31    62.84  73.05
2020-11-03    63.22  73.43    63.20  73.41   200.71 210.92    62.65  72.86    68.24  78.45    61.97  72.18
2020-11-04    62.58  72.34    62.56  72.31   200.07 209.83    62.01  71.77    67.60  77.35    61.33  71.09
2020-11-05    62.02  71.16    61.99  71.14   199.51 208.65    61.45  70.59    67.03  76.18    60.77  69.91
2020-11-06    61.45  69.99    61.43  69.96   198.94 207.48    60.88  69.42    66.47  75.00    60.20  68.74
2020-11-07    60.88  68.81    60.86  68.79   198.37 206.30    60.31  68.24    65.90  73.83    59.63  67.56
2020-11-08    60.31  67.64    60.29  67.61   197.80 205.12    59.74  67.07    65.33  72.65    59.06  66.39

2021-04-16   257.52 264.54   257.49 264.51    35.00  42.03   256.95 263.97   262.53 269.55   256.27 263.29
2021-04-17   256.37 263.99   256.35 263.96    33.86  41.47   255.80 263.42   261.39 269.00   255.12 262.74
2021-04-18   255.23 263.44   255.20 263.41    32.72  40.92   254.66 262.87   260.24 268.45   253.98 262.18
2021-04-19   254.09 262.89   254.06 262.86    31.57  40.37   253.52 262.32   259.10 267.90   252.83 261.64
2021-04-20   252.94 262.34   252.92 262.31    30.43  39.83   252.37 261.77   257.96 267.36   251.69 261.09
2021-04-21   251.80 261.80   251.78 261.77    29.29  39.28   251.23 261.23   256.82 266.81   250.55 260.55
2021-04-22   250.85 261.06   250.83 261.03    28.34  38.55   250.28 260.49   255.87 266.08   249.60 259.81
2021-04-23   250.01 260.22   249.99 260.19    27.50  37.71   249.44 259.65   255.03 265.23   248.76 258.97
2021-04-24   249.17 259.38   249.15 259.35    26.66  36.86   248.60 258.81   254.19 264.39   247.92 258.13
2021-04-25   248.34 258.54   248.31 258.51    25.82  36.02   247.77 257.97   253.35 263.55   247.08 257.29
2021-04-26   247.50 257.70   247.47 257.67    24.98  35.18   246.93 257.13   252.51 262.71   246.25 256.45
2021-04-27   246.66 256.86   246.63 256.83    24.15  34.35   246.09 256.29   251.67 261.87   245.41 255.61
2021-04-28   245.82 256.02   245.79 255.99    23.31  33.51   245.25 255.45   250.83 261.03   244.57 254.77
2021-04-29   244.98 255.18   244.95 255.16    22.47  32.67   244.41 254.61   250.00 260.20   243.73 253.93
2021-04-30   244.14 254.34   244.11 254.32    21.63  31.83   243.57 253.77   249.16 259.36   242.89 253.09
2021-05-01   243.30 253.51   243.27 253.48    20.79  31.00   242.73 252.94   248.32 258.52   242.05 252.26
2021-05-02   242.46 252.67   242.43 252.64    19.95  30.16   241.89 252.10   247.48 257.69   241.21 251.42
2021-05-03   241.62 251.83   241.59 251.81    19.11  29.32   241.05 251.26   246.63 256.85   240.37 250.58
2021-05-04   240.78 251.00   240.75 250.97    18.27  28.48   240.21 250.43   245.79 256.01   239.53 249.75
2021-05-05   239.93 250.16   239.91 250.13    17.42  27.65   239.36 249.59   244.95 255.18   238.68 248.91
2021-05-06   239.09 249.32   239.06 249.30    16.58  26.81   238.52 248.75   244.11 254.34   237.84 248.07
2021-05-07   238.25 248.48   238.22 248.46    15.73  25.97   237.68 247.91   243.26 253.50   237.00 247.23
2021-05-08   237.40 247.65   237.37 247.62    14.89  25.13   236.83 247.08   242.41 252.66   236.15 246.39
2021-05-09   236.55 246.81   236.53 246.78    14.04  24.29   235.98 246.24   241.57 251.82   235.30 245.56
2021-05-10   235.70 245.97   235.68 245.94    13.19  23.45   235.13 245.40   240.72 250.98   234.45 244.71
2021-05-11   234.85 245.12   234.82 245.10    12.34  22.61   234.28 244.55   239.87 250.14   233.60 243.87
2021-05-12   234.00 244.28   233.97 244.26    11.49  21.77   233.43 243.71   239.01 249.30   232.75 243.03
2021-05-13   233.14 243.44   233.12 243.41    10.63  20.93   232.57 242.87   238.16 248.45   231.89 242.19
2021-05-14   232.29 242.59   232.26 242.57     9.77  20.08   231.72 242.02   237.30 247.61   231.04 241.34
2021-05-15   231.43 241.75   231.40 241.72     8.92  19.23   230.86 241.18   236.44 246.76   230.18 240.50
2021-05-16   230.57 240.90   230.54 240.87     8.05  18.39   230.00 240.33   235.58 245.91   229.32 239.65
2021-05-17   229.70 240.05   229.68 240.02     7.19  17.54   229.13 239.48   234.72 245.06   228.45 238.80
2021-05-18   228.84 239.20   228.81 239.17     6.32  16.68   228.27 238.63   233.85 244.21   227.59 237.95
2021-05-19   227.97 238.34   227.94 238.32     5.46  15.83   227.40 237.77   232.98 243.36   226.72 237.09
2021-05-20   227.10 237.49   227.07 237.46     4.58  14.97   226.53 236.92   232.11 242.50   225.85 236.24
2021-05-21   226.22 236.63   226.20 236.60     3.71  14.12   225.65 236.06   231.24 241.64   224.97 235.38
2021-05-22   225.35 235.77   225.32 235.74     2.83  13.26   224.78 235.20   230.36 240.78   224.10 234.52
2021-05-23   224.47 234.90   224.44 234.88     1.95  12.39   223.90 234.33   229.48 239.92   223.21 233.65
2021-05-24   223.58 234.04   223.56 234.01     1.07  11.53   223.01 233.47   228.60 239.05   222.33 232.79
2021-05-25   222.70 233.17   222.67 233.14     0.18  10.66   222.13 232.60   227.71 238.19   221.45 231.92
2021-05-26   221.81 232.30   221.78 232.27   359.29   9.79   221.24 231.73   226.82 237.31   220.56 231.05
2021-05-27   220.91 231.43   220.89 231.40   358.40   8.91   220.34 230.86   225.93 236.44   219.66 230.18
2021-05-28   220.02 230.55   219.99 230.52   357.50   8.04   219.45 229.98   225.03 235.56   218.76 229.30
2021-05-29   219.12 229.67   219.09 229.64   356.60   7.16   218.55 229.10   224.13 234.68   217.86 228.42
2021-05-30   218.21 228.79   218.18 228.76   355.70   6.27   217.64 228.22   223.23 233.80   216.96 227.53
2021-05-31   217.30 227.90   217.28 227.87   354.79   5.39   216.73 227.33   222.32 232.91   216.05 226.65
2021-06-01   216.39 227.01   216.36 226.98   353.88   4.50   215.82 226.44   221.41 232.02   215.14 225.76
2021-06-02   215.48 226.11   215.45 226.09   352.96   3.60   214.91 225.54   220.49 231.13   214.22 224.86
2021-06-03   214.56 225.22   214.53 225.19   352.04   2.71   213.99 224.65   219.57 230.23   213.30 223.97
2021-06-04   213.63 224.32   213.60 224.29   351.12   1.80   213.06 223.75   218.65 229.33   212.38 223.07
2021-06-05   212.70 223.41   212.68 223.39   350.19   0.90   212.13 222.84   217.72 228.43   211.45 222.16
2021-06-06   211.77 222.50   211.74 222.48   349.26 359.99   211.20 221.93   216.79 227.52   210.52 221.25
2021-06-07   210.83 221.59   210.81 221.56   348.32 359.08   210.26 221.02   215.85 226.61   209.58 220.34
2021-06-08   209.89 220.67   209.87 220.65   347.38 358.16   209.32 220.10   214.91 225.69   208.64 219.42
2021-06-09   208.95 219.75   208.92 219.73   346.43 357.24   208.38 219.18   213.96 224.77   207.70 218.50
2021-06-10   208.00 218.83   207.97 218.80   345.48 356.31   207.43 218.26   213.01 223.84   206.75 217.58
2021-06-11   207.04 217.90   207.02 217.87   344.53 355.39   206.47 217.33   212.06 222.91   205.79 216.65
2021-06-12   206.08 216.96   206.06 216.94   343.57 354.45   205.51 216.39   211.10 221.98   204.83 215.71
2021-06-13   205.12 216.03   205.09 216.00   342.61 353.51   204.55 215.46   210.13 221.04   203.87 214.77
2021-06-14   204.15 215.08   204.12 215.06   341.64 352.57   203.58 214.51   209.16 220.10   202.90 213.83
2021-06-15   203.18 214.13   203.15 214.11   340.66 351.62   202.61 213.56   208.19 219.15   201.93 212.88
2021-06-16   202.20 213.18   202.17 213.16   339.69 350.67   201.63 212.61   207.21 218.20   200.95 211.93
2021-06-17   201.21 212.23   201.19 212.20   338.70 349.71   200.64 211.66   206.23 217.24   199.96 210.97
2021-06-18   200.23 211.26   200.20 211.24   337.71 348.75   199.66 210.69   205.24 216.28   198.98 210.01
2021-06-19   199.23 210.30   199.21 210.27   336.72 347.79   198.66 209.73   204.25 215.31   197.98 209.05
2021-06-20   198.24 209.33   198.21 209.30   335.72 346.81   197.67 208.76   203.25 214.34   196.99 208.08
2021-06-21   197.24 208.35   197.21 208.32   334.72 345.84   196.67 207.78   202.25 213.37   195.98 207.10
2021-06-22   196.23 207.37   196.20 207.34   333.72 344.86   195.66 206.80   201.24 212.38   194.98 206.12
2021-06-23   195.22 206.38   195.19 206.36   332.70 343.87   194.65 205.81   200.23 211.40   193.97 205.13
2021-06-24   194.20 205.39   194.17 205.37   331.69 342.88   193.63 204.82   199.22 210.41   192.95 204.14
2021-06-25   193.18 204.40   193.15 204.37   330.67 341.89   192.61 203.83   198.19 209.41   191.93 203.15
2021-06-26   192.15 203.40   192.13 203.37   329.64 340.89   191.58 202.83   197.17 208.41   190.90 202.15
2021-06-27   191.12 202.39   191.10 202.37   328.61 339.88   190.55 201.82   196.14 207.41   189.87 201.14
2021-06-28   190.09 201.38   190.06 201.36   327.58 338.87   189.52 200.81   195.10 206.40   188.84 200.13
2021-06-29   189.05 200.37   189.02 200.34   326.54 337.86   188.48 199.80   194.06 205.38   187.80 199.12
2021-06-30   188.01 199.35   187.98 199.32   325.49 336.84   187.44 198.78   193.02 204.36   186.75 198.10
2021-07-01   186.96 198.32   186.93 198.30   324.44 335.81   186.39 197.75   191.97 203.34   185.71 197.07
2021-07-02   185.91 197.29   185.88 197.27   323.39 334.78   185.34 196.72   190.92 202.31   184.65 196.04
2021-07-03   184.85 196.26   184.82 196.23   322.34 333.75   184.28 195.69   189.86 201.28   183.60 195.01
2021-07-04   183.79 195.22   183.76 195.20   321.28 332.71   183.22 194.65   188.80 200.24   182.54 193.97
2021-07-05   182.72 194.18   182.70 194.15   320.21 331.67   182.15 193.61   187.74 199.20   181.47 192.93
2021-07-06   181.66 193.13   181.63 193.11   319.14 330.62   181.09 192.56   186.67 198.15   180.41 191.88
2021-07-07   180.58 192.08   180.56 192.06   318.07 329.57   180.01 191.51   185.60 197.10   179.33 190.83
2021-07-08   179.51 191.03   179.48 191.00   317.00 328.51   178.94 190.46   184.52 196.04   178.26 189.78
2021-07-09   178.43 189.97   178.40 189.94   315.92 327.45   177.86 189.40   183.45 194.98   177.18 188.72
2021-07-10   177.35 188.90   177.32 188.88   314.84 326.39   176.78 188.33   182.36 193.92   176.10 187.65
2021-07-11   176.26 187.84   176.24 187.81   313.75 325.32   175.69 187.27   181.28 192.85   175.01 186.59
2021-07-12   175.17 186.77   175.15 186.74   312.66 324.25   174.60 186.20   180.19 191.78   173.92 185.51
2021-07-13   174.08 185.69   174.06 185.66   311.57 323.18   173.51 185.12   179.10 190.71   172.83 184.44
2021-07-14   172.99 184.61   172.96 184.59   310.48 322.10   172.42 184.04   178.01 189.63   171.74 183.36
2021-07-15   171.89 183.53   171.87 183.50   309.38 321.02   171.32 182.96   176.91 188.55   170.64 182.28
2021-07-16   170.80 182.45   170.77 182.42   308.28 319.93   170.23 181.88   175.81 187.46   169.55 181.20
2021-07-17   169.70 181.36   169.67 181.33   307.18 318.85   169.13 180.79   174.71 186.37   168.45 180.11
2021-07-18   168.59 180.27   168.57 180.24   306.08 317.76   168.02 179.70   173.61 185.28   167.34 179.02
2021-07-19   167.49 179.18   167.46 179.15   304.98 316.66   166.92 178.61   172.51 184.19   166.24 177.93
2021-07-20   166.39 178.08   166.36 178.05   303.87 315.57   165.82 177.51   171.40 183.10   165.14 176.83
2021-07-21   165.28 176.98   165.25 176.96   302.77 314.47   164.71 176.41   170.29 182.00   164.03 175.73
2021-07-22   164.17 175.88   164.15 175.86   301.66 313.37   163.60 175.31   169.19 180.90   162.92 174.63
2021-07-23   163.06 174.78   163.04 174.76   300.55 312.27   162.49 174.21   168.08 179.80   161.81 173.53
2021-07-24   161.96 173.68   161.93 173.65   299.44 311.17   161.39 173.11   166.97 178.69   160.70 172.43
2021-07-25   160.85 172.57   160.82 172.55   298.33 310.06   160.28 172.00   165.86 177.59   159.60 171.32
2021-07-26   159.74 171.47   159.71 171.44   297.22 308.96   159.17 170.90   164.75 176.48   158.49 170.22
2021-07-27   158.63 170.36   158.60 170.33   296.12 307.85   158.06 169.79   163.64 175.38   157.38 169.11
2021-07-28   157.52 169.25   157.49 169.23   295.01 306.74   156.95 168.68   162.53 174.27   156.27 168.00
2021-07-29   156.41 168.15   156.38 168.12   293.90 305.63   155.84 167.58   161.43 173.16   155.16 166.89
2021-07-30   155.30 167.04   155.28 167.01   292.79 304.52   154.73 166.47   160.32 172.05   154.05 165.79
2021-07-31   154.20 165.93   154.17 165.90   291.68 303.41   153.63 165.36   159.21 170.94   152.94 164.68
2021-08-01   153.09 164.82   153.06 164.79   290.58 302.31   152.52 164.25   158.10 169.83   151.84 163.57
2021-08-02   151.98 163.71   151.96 163.68   289.47 301.20   151.41 163.14   157.00 168.72   150.73 162.46
2021-08-03   150.88 162.60   150.85 162.57   288.37 300.09   150.31 162.03   155.90 167.62   149.63 161.35
2021-08-04   149.78 161.49   149.75 161.47   287.27 298.98   149.21 160.92   154.79 166.51   148.53 160.24
2021-08-05   148.68 160.38   148.65 160.36   286.17 297.87   148.11 159.81   153.69 165.40   147.43 159.13
2021-08-06   147.58 159.28   147.55 159.25   285.07 296.77   147.01 158.71   152.60 164.29   146.33 158.03
2021-08-07   146.49 158.17   146.46 158.15   283.97 295.66   145.92 157.60   151.50 163.19   145.23 156.92
2021-08-08   145.39 157.07   145.37 157.04   282.88 294.56   144.82 156.50   150.41 162.08   144.14 155.82
2021-08-09   144.30 155.97   144.27 155.94   281.79 293.45   143.73 155.40   149.32 160.98   143.05 154.72
2021-08-10   143.21 154.87   143.19 154.84   280.70 292.35   142.64 154.30   148.23 159.88   141.96 153.62
2021-08-11   142.13 153.77   142.10 153.74   279.61 291.26   141.56 153.20   147.14 158.78   140.88 152.52
2021-08-12   141.04 152.67   141.02 152.65   278.53 290.16   140.47 152.10   146.06 157.69   139.79 151.42
2021-08-13   139.97 151.58   139.94 151.55   277.45 289.07   139.40 151.01   144.98 156.59   138.71 150.33
2021-08-14   138.89 150.49   138.86 150.46   276.38 287.97   138.32 149.92   143.90 155.50   137.64 149.24
2021-08-15   137.82 149.40   137.79 149.37   275.30 286.88   137.25 148.83   142.83 154.41   136.57 148.15
2021-08-16   136.75 148.31   136.72 148.28   274.24 285.80   136.18 147.74   141.76 153.33   135.50 147.06
2021-08-17   135.68 147.23   135.66 147.20   273.17 284.71   135.11 146.66   140.70 152.24   134.43 145.98
2021-08-18   134.62 146.15   134.59 146.12   272.11 283.63   134.05 145.58   139.64 151.16   133.37 144.89
2021-08-19   133.56 145.07   133.54 145.04   271.05 282.56   132.99 144.50   138.58 150.08   132.31 143.82
2021-08-20   132.51 143.99   132.48 143.97   270.00 281.48   131.94 143.42   137.52 149.01   131.26 142.74
2021-08-21   131.46 142.92   131.43 142.90   268.95 280.41   130.89 142.35   136.47 147.94   130.21 141.67
2021-08-22   130.41 141.86   130.39 141.83   267.90 279.34   129.84 141.29   135.43 146.87   129.16 140.61
2021-08-23   129.37 140.79   129.34 140.77   266.86 278.28   128.80 140.22   134.39 145.81   128.12 139.54
2021-08-24   128.33 139.73   128.31 139.71   265.82 277.22   127.76 139.16   133.35 144.75   127.08 138.48
2021-08-25   127.30 138.68   127.27 138.65   264.79 276.16   126.73 138.11   132.32 143.69   126.05 137.43
2021-08-26   126.27 137.62   126.25 137.60   263.76 275.11   125.70 137.05   131.29 142.64   125.02 136.37
2021-08-27   125.25 136.58   125.22 136.55   262.73 274.06   124.68 136.01   130.26 141.59   124.00 135.32
2021-08-28   124.23 135.53   124.20 135.50   261.71 273.02   123.66 134.96   129.24 140.55   122.98 134.28
2021-08-29   123.21 134.49   123.19 134.46   260.70 271.98   122.64 133.92   128.23 139.51   121.96 133.24
2021-08-30   122.20 133.46   122.17 133.43   259.69 270.94   121.63 132.89   127.22 138.47   120.95 132.20
2021-08-31   121.19 132.42   121.17 132.40   258.68 269.91   120.62 131.85   126.21 137.44   119.94 131.17
2021-09-01   120.19 131.40   120.17 131.37   257.68 268.88   119.62 130.83   125.21 136.41   118.94 130.15
2021-09-02   119.19 130.37   119.17 130.35   256.68 267.86   118.62 129.80   124.21 135.39   117.94 129.12
2021-09-03   118.20 129.35   118.18 129.33   255.69 266.84   117.63 128.78   123.22 134.37   116.95 128.10
2021-09-04   117.21 128.34   117.19 128.31   254.70 265.83   116.64 127.77   122.23 133.36   115.96 127.09
2021-09-05   116.23 127.33   116.20 127.30   253.72 264.82   115.66 126.76   121.24 132.35   114.98 126.08
2021-09-06   115.25 126.32   115.22 126.30   252.74 263.81   114.68 125.75   120.26 131.34   114.00 125.07
2021-09-07   114.27 125.32   114.25 125.30   251.76 262.81   113.70 124.75   119.29 130.34   113.02 124.07
2021-09-08   113.30 124.33   113.28 124.30   250.79 261.81   112.73 123.76   118.32 129.34   112.05 123.08
2021-09-09   112.34 123.33   112.31 123.31   249.83 260.82   111.77 122.76   117.35 128.35   111.09 122.08
2021-09-10   111.38 122.35   111.35 122.32   248.86 259.83   110.81 121.78   116.39 127.36   110.13 121.10
2021-09-11   110.42 121.36   110.39 121.34   247.91 258.85   109.85 120.79   115.43 126.38   109.17 120.11
2021-09-12   109.46 120.38   109.44 120.36   246.95 257.87   108.89 119.81   114.48 125.40   108.21 119.13
2021-09-13   108.52 119.41   108.49 119.38   246.00 256.90   107.95 118.84   113.53 124.42   107.27 118.16
2021-09-14   107.57 118.44   107.54 118.41   245.06 255.93   107.00 117.87   112.59 123.45   106.32 117.19
2021-09-15   106.63 117.47   106.60 117.45   244.12 254.96   106.06 116.90   111.65 122.49   105.38 116.22
2021-09-16   105.69 116.51   105.67 116.48   243.18 254.00   105.12 115.94   110.71 121.53   104.44 115.26
2021-09-17   104.76 115.55   104.73 115.53   242.25 253.04   104.19 114.98   109.78 120.57   103.51 114.30
2021-09-18   103.83 114.60   103.80 114.57   241.32 252.09   103.26 114.03   108.85 119.61   102.58 113.35
2021-09-19   102.91 113.65   102.88 113.62   240.39 251.14   102.34 113.08   107.92 118.66   101.65 112.40
2021-09-20   101.98 112.70   101.96 112.68   239.47 250.19   101.41 112.13   107.00 117.72   100.73 111.45
2021-09-21   101.07 111.76   101.04 111.73   238.55 249.25   100.50 111.19   106.08 116.78    99.81 110.51
2021-09-22   100.15 110.82   100.12 110.80   237.64 248.31    99.58 110.25   105.17 115.84    98.90 109.57
2021-09-23    99.24 109.89    99.21 109.86   236.73 247.38    98.67 109.32   104.26 114.90    97.99 108.64
2021-09-24    98.33 108.96    98.31 108.93   235.82 246.45    97.76 108.39   103.35 113.97    97.08 107.71
2021-09-25    97.43 108.03    97.40 108.01   234.91 245.52    96.86 107.46   102.44 113.05    96.18 106.78
2021-09-26    96.53 107.11    96.50 107.08   234.01 244.60    95.96 106.54   101.54 112.12    95.28 105.86
2021-09-27    95.63 106.19    95.60 106.16   233.12 243.68    95.06 105.62   100.64 111.21    94.38 104.94
2021-09-28    94.73 105.27    94.71 105.25   232.22 242.76    94.16 104.70    99.75 110.29    93.48 104.02
2021-09-29    93.84 104.36    93.81 104.33   231.33 241.85    93.27 103.79    98.85 109.38    92.59 103.11
2021-09-30    92.95 103.45    92.92 103.43   230.44 240.94    92.38 102.88    97.97 108.47    91.70 102.20
2021-10-01    92.06 102.55    92.04 102.52   229.55 240.03    91.49 101.98    97.08 107.56    90.81 101.29
2021-10-02    91.18 101.64    91.15 101.62   228.67 239.13    90.61 101.07    96.19 106.66    89.93 100.39
2021-10-03    90.30 100.74    90.27 100.71   227.78 238.23    89.73 100.17    95.31 105.76    89.04  99.49
2021-10-04    89.42  99.84    89.39  99.82   226.90 237.33    88.85  99.27    94.43 104.86    88.16  98.59
2021-10-05    88.54  98.95    88.51  98.92   226.03 236.44    87.97  98.38    93.55 103.96    87.29  97.70
2021-10-06    87.66  98.06    87.64  98.03   225.15 235.54    87.09  97.49    92.68 103.07    86.41  96.81
2021-10-07    86.79  97.17    86.76  97.14   224.28 234.65    86.22  96.60    91.80 102.18    85.54  95.92
2021-10-08    85.92  96.28    85.89  96.25   223.40 233.77    85.35  95.71    90.93 101.29    84.67  95.03
2021-10-09    85.05  95.39    85.02  95.37   222.53 232.88    84.48  94.82    90.06 100.41    83.79  94.14
2021-10-10    84.18  94.51    84.15  94.49   221.66 232.00    83.61  93.94    89.19  99.53    82.93  93.26
2021-10-11    83.31  93.63    83.28  93.61   220.80 231.12    82.74  93.06    88.32  98.65    82.06  92.38
2021-10-12    82.44  92.75    82.42  92.73   219.93 230.24    81.87  92.18    87.46  97.77    81.19  91.50
2021-10-13    81.58  91.88    81.55  91.85   219.07 229.36    81.01  91.31    86.59  96.89    80.33  90.63
2021-10-14    80.71  91.00    80.69  90.97   218.20 228.49    80.14  90.43    85.73  96.02    79.46  89.75
2021-10-15    79.85  90.13    79.83  90.10   217.34 227.62    79.28  89.56    84.87  95.14    78.60  88.88
2021-10-16    78.99  89.26    78.96  89.23   216.48 226.74    78.42  88.69    84.01  94.27    77.74  88.00
2021-10-17    78.13  88.39    78.10  88.36   215.62 225.87    77.56  87.82    83.14  93.40    76.88  87.13
2021-10-18    77.27  87.52    77.24  87.49   214.76 225.00    76.70  86.95    82.28  92.53    76.02  86.27
2021-10-19    76.41  86.65    76.38  86.62   213.90 224.14    75.84  86.08    81.42  91.66    75.16  85.40
2021-10-20    75.55  85.78    75.52  85.75   213.04 223.27    74.98  85.21    80.56  90.80    74.30  84.53
2021-10-21    74.69  84.91    74.66  84.89   212.18 222.40    74.12  84.34    79.70  89.93    73.44  83.66
2021-10-22    73.83  84.05    73.80  84.02   211.32 221.54    73.26  83.48    78.84  89.06    72.58  82.80
2021-10-23    72.97  83.18    72.94  83.16   210.46 220.67    72.40  82.61    77.98  88.20    71.72  81.93
2021-10-24    72.11  82.32    72.08  82.29   209.60 219.81    71.54  81.75    77.13  87.34    70.86  81.07
2021-10-25    71.25  81.46    71.22  81.43   208.74 218.94    70.68  80.89    76.27  86.47    70.00  80.21
2021-10-26    70.39  80.59    70.36  80.57   207.88 218.08    69.82  80.02    75.40  85.61    69.14  79.34
2021-10-27    69.53  79.73    69.50  79.70   207.02 217.22    68.96  79.16    74.54  84.75    68.28  78.48
2021-10-28    68.67  78.87    68.64  78.84   206.15 216.35    68.10  78.30    73.68  83.88    67.42  77.62
2021-10-29    67.80  78.00    67.78  77.98   205.29 215.49    67.23  77.43    72.82  83.02    66.55  76.75
2021-10-30    66.94  77.14    66.91  77.11   204.43 214.63    66.37  76.57    71.96  82.16    65.69  75.89
2021-10-31    66.08  76.28    66.05  76.25   203.56 213.76    65.51  75.71    71.09  81.29    64.82  75.03
2021-11-01    65.21  75.41    65.18  75.39   202.70 212.90    64.64  74.84    70.22  80.43    63.96  74.16
2021-11-02    64.34  74.55    64.32  74.52   201.83 212.03    63.77  73.98    69.36  79.56    63.09  73.30
2021-11-03    63.47  73.68    63.45  73.65   200.96 211.17    62.90  73.11    68.49  78.70    62.22  72.43
2021-11-04    62.74  72.68    62.71  72.65   200.23 210.17    62.17  72.11    67.75  77.69    61.49  71.43
2021-11-05    62.17  71.50    62.15  71.48   199.66 208.99    61.60  70.93    67.19  76.52    60.92  70.25
2021-11-06    61.61  70.33    61.58  70.30   199.09 207.82    61.04  69.76    66.62  75.34    60.36  69.08
2021-11-07    61.04  69.15    61.01  69.13   198.53 206.64    60.47  68.58    66.05  74.17    59.79  67.90
2021-11-08    60.47  67.97    60.44  67.95   197.95 205.46    59.90  67.40    65.48  72.99    59.22  66.72
2021-11-09    59.89  66.79    59.87  66.77   197.38 204.28    59.32  66.22    64.91  71.81    58.64  65.54

2022-04-16   257.87 264.71   257.84 264.68    35.35  42.19   257.30 264.14   262.88 269.72   256.61 263.45
2022-04-17   256.72 264.15   256.69 264.13    34.21  41.64   256.15 263.58   261.73 269.17   255.47 262.90
2022-04-18   255.57 263.60   255.55 263.58    33.06  41.09   255.00 263.03   260.59 268.62   254.32 262.35
2022-04-19   254.43 263.05   254.40 263.03    31.92  40.54   253.86 262.48   259.45 268.07   253.18 261.80
2022-04-20   253.29 262.51   253.26 262.48    30.77  39.99   252.72 261.94   258.30 267.52   252.04 261.26
2022-04-21   252.14 261.96   252.12 261.93    29.63  39.45   251.57 261.39   257.16 266.98   250.89 260.71
2022-04-22   251.11 261.31   251.08 261.29    28.59  38.80   250.54 260.74   256.12 266.33   249.85 260.06
2022-04-23   250.27 260.47   250.24 260.44    27.75  37.96   249.70 259.90   255.28 265.49   249.01 259.22
2022-04-24   249.43 259.63   249.40 259.60    26.91  37.12   248.86 259.06   254.44 264.64   248.17 258.38
2022-04-25   248.59 258.79   248.56 258.76    26.07  36.27   248.02 258.22   253.60 263.80   247.33 257.54
2022-04-26   247.75 257.95   247.72 257.92    25.23  35.43   247.18 257.38   252.76 262.96   246.50 256.70
2022-04-27   246.91 257.11   246.88 257.08    24.39  34.59   246.34 256.54   251.92 262.12   245.66 255.86
2022-04-28   246.07 256.27   246.04 256.24    23.55  33.76   245.50 255.70   251.08 261.28   244.82 255.02
2022-04-29   245.23 255.43   245.20 255.40    22.72  32.92   244.66 254.86   250.24 260.44   243.98 254.18
2022-04-30   244.39 254.59   244.36 254.56    21.88  32.08   243.82 254.02   249.40 259.61   243.14 253.34
2022-05-01   243.55 253.75   243.52 253.73    21.03  31.24   242.98 253.18   248.56 258.77   242.30 252.50
2022-05-02   242.71 252.92   242.68 252.89    20.19  30.40   242.14 252.35   247.72 257.93   241.46 251.66
2022-05-03   241.86 252.08   241.84 252.05    19.35  29.57   241.29 251.51   246.88 257.09   240.61 250.83
2022-05-04   241.02 251.24   241.00 251.21    18.51  28.73   240.45 250.67   246.04 256.26   239.77 249.99
2022-05-05   240.18 250.40   240.15 250.38    17.67  27.89   239.61 249.83   245.19 255.42   238.93 249.15
2022-05-06   239.33 249.56   239.31 249.54    16.82  27.05   238.76 248.99   244.35 254.58   238.08 248.31
2022-05-07   238.49 248.72   238.46 248.70    15.98  26.21   237.92 248.15   243.50 253.74   237.24 247.47
2022-05-08   237.64 247.89   237.61 247.86    15.13  25.37   237.07 247.32   242.66 252.90   236.39 246.63
2022-05-09   236.79 247.04   236.77 247.02    14.28  24.53   236.22 246.47   241.81 252.06   235.54 245.79
2022-05-10   235.94 246.20   235.92 246.18    13.43  23.69   235.37 245.63   240.96 251.22   234.69 244.95
2022-05-11   235.09 245.36   235.06 245.34    12.58  22.85   234.52 244.79   240.11 250.38   233.84 244.11
2022-05-12   234.24 244.52   234.21 244.49    11.72  22.01   233.67 243.95   239.25 249.53   232.99 243.27
2022-05-13   233.38 243.67   233.36 243.65    10.87  21.16   232.81 243.10   238.40 248.69   232.13 242.42
2022-05-14   232.52 242.83   232.50 242.80    10.01  20.32   231.95 242.26   237.54 247.84   231.27 241.58
2022-05-15   231.66 241.98   231.64 241.95     9.15  19.47   231.09 241.41   236.68 247.00   230.41 240.73
2022-05-16   230.80 241.13   230.78 241.10     8.29  18.62   230.23 240.56   235.82 246.15   229.55 239.88
2022-05-17   229.94 240.28   229.91 240.25     7.43  17.77   229.37 239.71   234.95 245.30   228.69 239.03
2022-05-18   229.07 239.43   229.05 239.40     6.56  16.91   228.50 238.86   234.09 244.44   227.82 238.18
2022-05-19   228.20 238.57   228.18 238.55     5.69  16.06   227.63 238.00   233.22 243.59   226.95 237.32
2022-05-20   227.33 237.72   227.30 237.69     4.82  15.20   226.76 237.15   232.35 242.73   226.08 236.47
2022-05-21   226.46 236.86   226.43 236.83     3.94  14.34   225.89 236.29   231.47 241.87   225.20 235.61
2022-05-22   225.58 236.00   225.55 235.97     3.07  13.48   225.01 235.43   230.59 241.01   224.33 234.74
2022-05-23   224.70 235.13   224.67 235.11     2.18  12.62   224.13 234.56   229.71 240.15   223.45 233.88
2022-05-24   223.81 234.27   223.79 234.24     1.30  11.75   223.24 233.70   228.83 239.28   222.56 233.01
2022-05-25   222.93 233.40   222.90 233.37     0.41  10.88   222.36 232.83   227.94 238.41   221.67 232.15
2022-05-26   222.03 232.52   222.01 232.50   359.52  10.01   221.46 231.95   227.05 237.54   220.78 231.27
2022-05-27   221.14 231.65   221.11 231.62   358.63   9.14   220.57 231.08   226.16 236.67   219.89 230.40
2022-05-28   220.24 230.77   220.22 230.75   357.73   8.26   219.67 230.20   225.26 235.79   218.99 229.52
2022-05-29   219.34 229.89   219.32 229.86   356.83   7.38   218.77 229.32   224.36 234.91   218.09 228.64
2022-05-30   218.44 229.01   218.41 228.98   355.92   6.49   217.87 228.44   223.45 234.02   217.19 227.76
2022-05-31   217.53 228.12   217.50 228.09   355.02   5.61   216.96 227.55   222.54 233.13   216.28 226.87
2022-06-01   216.62 227.23   216.59 227.20   354.10   4.72   216.05 226.66   221.63 232.24   215.36 225.98
2022-06-02   215.70 226.33   215.67 226.31   353.19   3.82   215.13 225.76   220.71 231.35   214.45 225.08
2022-06-03   214.78 225.44   214.75 225.41   352.27   2.92   214.21 224.87   219.79 230.45   213.53 224.19
2022-06-04   213.85 224.53   213.83 224.51   351.34   2.02   213.28 223.96   218.87 229.55   212.60 223.28
2022-06-05   212.92 223.63   212.90 223.60   350.41   1.12   212.35 223.06   217.94 228.64   211.67 222.38
2022-06-06   211.99 222.72   211.96 222.69   349.48   0.21   211.42 222.15   217.01 227.73   210.74 221.47
2022-06-07   211.05 221.81   211.03 221.78   348.54 359.29   210.48 221.24   216.07 226.82   209.80 220.56
2022-06-08   210.11 220.89   210.09 220.86   347.60 358.38   209.54 220.32   215.13 225.90   208.86 219.64
2022-06-09   209.17 219.97   209.14 219.94   346.65 357.45   208.60 219.40   214.18 224.98   207.91 218.72
2022-06-10   208.21 219.04   208.19 219.01   345.70 356.53   207.64 218.47   213.23 224.06   206.96 217.79
2022-06-11   207.26 218.11   207.23 218.08   344.75 355.60   206.69 217.54   212.27 223.13   206.01 216.86
2022-06-12   206.30 217.18   206.27 217.15   343.79 354.66   205.73 216.61   211.31 222.19   205.05 215.92
2022-06-13   205.33 216.24   205.31 216.21   342.82 353.72   204.76 215.67   210.35 221.25   204.08 214.99
2022-06-14   204.36 215.29   204.34 215.27   341.85 352.78   203.79 214.72   209.38 220.31   203.11 214.04
2022-06-15   203.39 214.34   203.36 214.32   340.88 351.83   202.82 213.77   208.41 219.36   202.14 213.09
2022-06-16   202.41 213.39   202.38 213.37   339.90 350.88   201.84 212.82   207.43 218.41   201.16 212.14
2022-06-17   201.43 212.43   201.40 212.41   338.91 349.92   200.86 211.86   206.44 217.45   200.18 211.18
2022-06-18   200.44 211.47   200.41 211.45   337.93 348.96   199.87 210.90   205.45 216.49   199.19 210.22
2022-06-19   199.45 210.50   199.42 210.48   336.93 347.99   198.88 209.93   204.46 215.52   198.19 209.25
2022-06-20   198.45 209.53   198.42 209.51   335.94 347.02   197.88 208.96   203.46 214.55   197.20 208.28
2022-06-21   197.45 208.56   197.42 208.53   334.93 346.04   196.88 207.99   202.46 213.57   196.19 207.31
2022-06-22   196.44 207.58   196.41 207.55   333.92 345.06   195.87 207.01   201.45 212.59   195.19 206.32
2022-06-23   195.43 206.59   195.40 206.56   332.91 344.08   194.86 206.02   200.44 211.60   194.17 205.34
2022-06-24   194.41 205.60   194.38 205.57   331.90 343.09   193.84 205.03   199.42 210.61   193.16 204.35
2022-06-25   193.39 204.60   193.36 204.58   330.87 342.09   192.82 204.03   198.40 209.62   192.14 203.35
2022-06-26   192.36 203.60   192.33 203.57   329.85 341.09   191.79 203.03   197.38 208.62   191.11 202.35
2022-06-27   191.33 202.60   191.30 202.57   328.82 340.08   190.76 202.03   196.35 207.61   190.08 201.35
2022-06-28   190.30 201.59   190.27 201.56   327.78 339.07   189.73 201.02   195.31 206.60   189.04 200.33
2022-06-29   189.26 200.57   189.23 200.54   326.74 338.06   188.69 200.00   194.27 205.59   188.00 199.32
2022-06-30   188.21 199.55   188.19 199.52   325.70 337.04   187.64 198.98   193.23 204.57   186.96 198.30
2022-07-01   187.16 198.53   187.14 198.50   324.65 336.01   186.59 197.96   192.18 203.54   185.91 197.28
2022-07-02   186.11 197.50   186.08 197.47   323.60 334.98   185.54 196.93   191.13 202.51   184.86 196.25
2022-07-03   185.05 196.46   185.03 196.44   322.54 333.95   184.48 195.89   190.07 201.48   183.80 195.21
2022-07-04   183.99 195.43   183.97 195.40   321.48 332.91   183.42 194.86   189.01 200.44   182.74 194.18
2022-07-05   182.93 194.38   182.90 194.36   320.42 331.87   182.36 193.81   187.95 199.40   181.68 193.13
2022-07-06   181.86 193.34   181.84 193.31   319.35 330.82   181.29 192.77   186.88 198.35   180.61 192.09
2022-07-07   180.79 192.29   180.76 192.26   318.28 329.77   180.22 191.72   185.81 197.30   179.54 191.04
2022-07-08   179.72 191.23   179.69 191.20   317.20 328.72   179.15 190.66   184.73 196.25   178.47 189.98
2022-07-09   178.64 190.17   178.61 190.15   316.12 327.66   178.07 189.60   183.65 195.19   177.39 188.92
2022-07-10   177.56 189.11   177.53 189.08   315.04 326.60   176.99 188.54   182.57 194.12   176.31 187.86
2022-07-11   176.47 188.04   176.45 188.02   313.96 325.53   175.90 187.47   181.49 193.06   175.22 186.79
2022-07-12   175.38 186.97   175.36 186.95   312.87 324.46   174.81 186.40   180.40 191.99   174.13 185.72
2022-07-13   174.29 185.90   174.27 185.87   311.78 323.39   173.72 185.33   179.31 190.91   173.04 184.65
2022-07-14   173.20 184.82   173.18 184.79   310.69 322.31   172.63 184.25   178.22 189.84   171.95 183.57
2022-07-15   172.11 183.74   172.08 183.71   309.59 321.23   171.54 183.17   177.12 188.76   170.86 182.49
2022-07-16   171.01 182.66   170.98 182.63   308.50 320.14   170.44 182.09   176.03 187.67   169.76 181.41
2022-07-17   169.91 181.57   169.88 181.54   307.40 319.06   169.34 181.00   174.93 186.59   168.66 180.32
2022-07-18   168.81 180.48   168.78 180.46   306.30 317.97   168.24 179.91   173.83 185.50   167.56 179.23
2022-07-19   167.71 179.39   167.68 179.36   305.20 316.88   167.14 178.82   172.72 184.41   166.46 178.14
2022-07-20   166.60 178.30   166.58 178.27   304.09 315.78   166.03 177.73   171.62 183.31   165.35 177.05
2022-07-21   165.50 177.20   165.47 177.17   302.99 314.69   164.93 176.63   170.52 182.22   164.25 175.95
2022-07-22   164.39 176.10   164.37 176.08   301.88 313.59   163.82 175.53   169.41 181.12   163.14 174.85
2022-07-23   163.29 175.00   163.26 174.98   300.78 312.49   162.72 174.43   168.30 180.02   162.04 173.75
2022-07-24   162.18 173.90   162.15 173.88   299.67 311.39   161.61 173.33   167.20 178.92   160.93 172.65
2022-07-25   161.07 172.80   161.05 172.77   298.56 310.29   160.50 172.23   166.09 177.81   159.82 171.55
2022-07-26   159.97 171.69   159.94 171.67   297.45 309.18   159.40 171.12   164.98 176.71   158.71 170.44
2022-07-27   158.86 170.59   158.83 170.56   296.35 308.08   158.29 170.02   163.87 175.60   157.61 169.34
2022-07-28   157.75 169.48   157.72 169.46   295.24 306.97   157.18 168.91   162.77 174.50   156.50 168.23
2022-07-29   156.64 168.38   156.62 168.35   294.13 305.86   156.07 167.81   161.66 173.39   155.39 167.13
2022-07-30   155.54 167.27   155.51 167.24   293.03 304.76   154.97 166.70   160.55 172.29   154.29 166.02
2022-07-31   154.43 166.16   154.41 166.14   291.92 303.65   153.86 165.59   159.45 171.18   153.18 164.91
2022-08-01   153.33 165.06   153.30 165.03   290.82 302.54   152.76 164.49   158.34 170.07   152.08 163.80
2022-08-02   152.22 163.95   152.20 163.92   289.71 301.44   151.65 163.38   157.24 168.96   150.97 162.70
2022-08-03   151.12 162.84   151.10 162.82   288.61 300.33   150.55 162.27   156.14 167.86   149.87 161.59
2022-08-04   150.02 161.74   150.00 161.71   287.51 299.22   149.45 161.17   155.04 166.75   148.77 160.49
2022-08-05   148.92 160.63   148.90 160.60   286.41 298.12   148.35 160.06   153.94 165.65   147.67 159.38
2022-08-06   147.83 159.53   147.80 159.50   285.32 297.01   147.26 158.96   152.84 164.54   146.58 158.28
2022-08-07   146.73 158.42   146.71 158.40   284.22 295.91   146.16 157.85   151.75 163.44   145.48 157.17
2022-08-08   145.64 157.32   145.62 157.29   283.13 294.81   145.07 156.75   150.66 162.34   144.39 156.07
2022-08-09   144.55 156.22   144.53 156.19   282.04 293.71   143.98 155.65   149.57 161.24   143.30 154.97
2022-08-10   143.47 155.12   143.44 155.10   280.95 292.61   142.90 154.55   148.48 160.14   142.22 153.87
2022-08-11   142.38 154.03   142.36 154.00   279.87 291.51   141.81 153.46   147.40 159.04   141.13 152.77
2022-08-12   141.30 152.93   141.28 152.90   278.79 290.42   140.73 152.36   146.32 157.95   140.05 151.68
2022-08-13   140.22 151.84   140.20 151.81   277.71 289.33   139.65 151.27   145.24 156.85   138.97 150.59
2022-08-14   139.15 150.75   139.12 150.72   276.64 288.24   138.58 150.18   144.16 155.76   137.90 149.50
2022-08-15   138.08 149.66   138.05 149.63   275.57 287.15   137.51 149.09   143.09 154.68   136.83 148.41
2022-08-16   137.01 148.58   136.98 148.55   274.50 286.06   136.44 148.01   142.03 153.59   135.76 147.32
2022-08-17   135.95 147.49   135.92 147.47   273.43 284.98   135.38 146.92   140.96 152.51   134.70 146.24
2022-08-18   134.89 146.41   134.86 146.39   272.37 283.90   134.32 145.84   139.90 151.43   133.64 145.16
2022-08-19   133.83 145.34   133.80 145.31   271.32 282.83   133.26 144.77   138.84 150.35   132.58 144.09
2022-08-20   132.78 144.26   132.75 144.24   270.26 281.75   132.21 143.69   137.79 149.28   131.53 143.01
2022-08-21   131.73 143.20   131.70 143.17   269.21 280.68   131.16 142.63   136.74 148.21   130.48 141.94
2022-08-22   130.68 142.13   130.66 142.10   268.17 279.62   130.11 141.56   135.70 147.14   129.43 140.88
2022-08-23   129.64 141.07   129.62 141.04   267.13 278.55   129.07 140.50   134.66 146.08   128.39 139.82
2022-08-24   128.61 140.01   128.58 139.98   266.09 277.50   128.04 139.44   133.62 145.02   127.35 138.76
2022-08-25   127.57 138.95   127.55 138.93   265.06 276.44   127.00 138.38   132.59 143.97   126.32 137.70
2022-08-26   126.55 137.90   126.52 137.88   264.03 275.39   125.98 137.33   131.56 142.92   125.29 136.65
2022-08-27   125.52 136.85   125.50 136.83   263.01 274.34   124.95 136.28   130.54 141.87   124.27 135.60
2022-08-28   124.50 135.81   124.48 135.78   261.99 273.30   123.93 135.24   129.52 140.83   123.25 134.56
2022-08-29   123.49 134.77   123.46 134.75   260.98 272.26   122.92 134.20   128.50 139.79   122.24 133.52
2022-08-30   122.48 133.74   122.45 133.71   259.96 271.22   121.91 133.17   127.49 138.75   121.23 132.49
2022-08-31   121.47 132.71   121.44 132.68   258.96 270.19   120.90 132.14   126.49 137.72   120.22 131.46
2022-09-01   120.47 131.68   120.44 131.65   257.96 269.17   119.90 131.11   125.49 136.69   119.22 130.43
2022-09-02   119.47 130.66   119.45 130.63   256.96 268.14   118.90 130.09   124.49 135.67   118.22 129.41
2022-09-03   118.48 129.64   118.45 129.61   255.97 267.13   117.91 129.07   123.50 134.65   117.23 128.39
2022-09-04   117.49 128.62   117.47 128.60   254.98 266.11   116.92 128.05   122.51 133.64   116.24 127.37
2022-09-05   116.51 127.62   116.48 127.59   254.00 265.10   115.94 127.05   121.52 132.63   115.26 126.36
2022-09-06   115.53 126.61   115.50 126.58   253.02 264.10   114.96 126.04   120.54 131.63   114.28 125.36
2022-09-07   114.55 125.61   114.53 125.58   252.04 263.10   113.98 125.04   119.57 130.62   113.30 124.36
2022-09-08   113.58 124.61   113.56 124.59   251.07 262.10   113.01 124.04   118.60 129.63   112.33 123.36
2022-09-09   112.62 123.62   112.59 123.59   250.11 261.11   112.05 123.05   117.63 128.64   111.37 122.37
2022-09-10   111.66 122.63   111.63 122.61   249.14 260.12   111.09 122.06   116.67 127.65   110.41 121.38
2022-09-11   110.70 121.65   110.67 121.62   248.19 259.14   110.13 121.08   115.71 126.67   109.45 120.40
2022-09-12   109.75 120.67   109.72 120.64   247.23 258.16   109.18 120.10   114.76 125.69   108.49 119.42
2022-09-13   108.80 119.70   108.77 119.67   246.28 257.18   108.23 119.13   113.81 124.71   107.55 118.45
2022-09-14   107.85 118.73   107.82 118.70   245.34 256.21   107.28 118.16   112.87 123.74   106.60 117.47
2022-09-15   106.91 117.76   106.88 117.73   244.40 255.25   106.34 117.19   111.93 122.77   105.66 116.51
2022-09-16   105.97 116.80   105.95 116.77   243.46 254.28   105.40 116.23   110.99 121.81   104.72 115.55
2022-09-17   105.04 115.84   105.01 115.81   242.53 253.33   104.47 115.27   110.06 120.85   103.79 114.59
2022-09-18   104.11 114.88   104.08 114.86   241.60 252.37   103.54 114.31   109.13 119.90   102.86 113.63
2022-09-19   103.19 113.93   103.16 113.91   240.67 251.42   102.62 113.36   108.20 118.95   101.93 112.68
2022-09-20   102.26 112.99   102.24 112.96   239.75 250.48   101.69 112.42   107.28 118.00   101.01 111.74
2022-09-21   101.34 112.05   101.32 112.02   238.83 249.53   100.77 111.48   106.36 117.06   100.09 110.80
2022-09-22   100.43 111.11   100.40 111.08   237.92 248.60    99.86 110.54   105.44 116.12    99.18 109.86
2022-09-23    99.52 110.17    99.49 110.15   237.01 247.66    98.95 109.60   104.53 115.19    98.27 108.92
2022-09-24    98.61 109.24    98.58 109.22   236.10 246.73    98.04 108.67   103.63 114.26    97.36 107.99
2022-09-25    97.70 108.32    97.68 108.29   235.19 245.80    97.13 107.75   102.72 113.33    96.45 107.07
2022-09-26    96.80 107.39    96.78 107.37   234.29 244.88    96.23 106.82   101.82 112.41    95.55 106.14
2022-09-27    95.90 106.47    95.88 106.45   233.39 243.96    95.33 105.90   100.92 111.49    94.65 105.22
2022-09-28    95.01 105.56    94.98 105.53   232.50 243.04    94.44 104.99   100.02 110.57    93.76 104.30
2022-09-29    94.11 104.64    94.09 104.62   231.60 242.13    93.54 104.07    99.13 109.66    92.86 103.39
2022-09-30    93.22 103.73    93.20 103.71   230.71 241.22    92.65 103.16    98.24 108.75    91.97 102.48
2022-10-01    92.34 102.82    92.31 102.80   229.82 240.31    91.77 102.25    97.35 107.84    91.09 101.57
2022-10-02    91.45 101.92    91.42 101.89   228.94 239.41    90.88 101.35    96.47 106.94    90.20 100.67
2022-10-03    90.57 101.02    90.54 100.99   228.06 238.51    90.00 100.45    95.58 106.03    89.32  99.77
2022-10-04    89.69 100.12    89.66 100.09   227.17 237.61    89.12  99.55    94.70 105.14    88.44  98.87
2022-10-05    88.81  99.22    88.78  99.20   226.30 236.71    88.24  98.65    93.82 104.24    87.56  97.97
2022-10-06    87.93  98.33    87.91  98.31   225.42 235.82    87.36  97.76    92.95 103.35    86.68  97.08
2022-10-07    87.06  97.44    87.03  97.41   224.54 234.93    86.49  96.87    92.07 102.46    85.81  96.19
2022-10-08    86.18  96.55    86.16  96.53   223.67 234.04    85.61  95.98    91.20 101.57    84.93  95.30
2022-10-09    85.31  95.67    85.29  95.64   222.80 233.15    84.74  95.10    90.33 100.68    84.06  94.42
2022-10-10    84.44  94.78    84.42  94.76   221.93 232.27    83.87  94.21    89.46  99.80    83.19  93.53
2022-10-11    83.58  93.90    83.55  93.88   221.06 231.39    83.01  93.33    88.59  98.92    82.32  92.65
2022-10-12    82.71  93.02    82.68  93.00   220.20 230.51    82.14  92.45    87.72  98.04    81.46  91.77
2022-10-13    81.84  92.14    81.82  92.12   219.33 229.63    81.27  91.57    86.86  97.16    80.59  90.89
2022-10-14    80.98  91.27    80.95  91.24   218.47 228.76    80.41  90.70    85.99  96.28    79.73  90.02
2022-10-15    80.11  90.39    80.09  90.37   217.60 227.88    79.54  89.82    85.13  95.41    78.86  89.14
2022-10-16    79.25  89.52    79.23  89.49   216.74 227.01    78.68  88.95    84.27  94.54    78.00  88.27
2022-10-17    78.39  88.65    78.36  88.62   215.88 226.14    77.82  88.08    83.40  93.66    77.14  87.40
2022-10-18    77.53  87.78    77.50  87.75   215.02 225.27    76.96  87.21    82.54  92.79    76.28  86.53
2022-10-19    76.67  86.91    76.64  86.88   214.15 224.40    76.10  86.34    81.68  91.92    75.42  85.66
2022-10-20    75.81  86.04    75.78  86.01   213.29 223.53    75.24  85.47    80.82  91.06    74.56  84.79
2022-10-21    74.95  85.17    74.92  85.15   212.43 222.66    74.38  84.60    79.96  90.19    73.69  83.92
2022-10-22    74.09  84.31    74.06  84.28   211.57 221.79    73.52  83.74    79.10  89.32    72.83  83.06
2022-10-23    73.22  83.44    73.20  83.41   210.71 220.93    72.65  82.87    78.24  88.46    71.97  82.19
2022-10-24    72.36  82.58    72.34  82.55   209.85 220.06    71.79  82.01    77.38  87.59    71.11  81.33
2022-10-25    71.50  81.71    71.48  81.68   208.99 219.20    70.93  81.14    76.52  86.73    70.25  80.46
2022-10-26    70.64  80.85    70.61  80.82   208.13 218.33    70.07  80.28    75.66  85.86    69.39  79.60
2022-10-27    69.78  79.98    69.75  79.96   207.27 217.47    69.21  79.41    74.79  85.00    68.53  78.73
2022-10-28    68.92  79.12    68.89  79.09   206.40 216.60    68.35  78.55    73.93  84.13    67.67  77.87
2022-10-29    68.05  78.25    68.03  78.23   205.54 215.74    67.48  77.68    73.07  83.27    66.80  77.00
2022-10-30    67.19  77.39    67.16  77.36   204.68 214.88    66.62  76.82    72.20  82.40    65.94  76.14
2022-10-31    66.32  76.52    66.30  76.50   203.81 214.01    65.75  75.95    71.34  81.54    65.07  75.27
2022-11-01    65.46  75.66    65.43  75.63   202.94 213.14    64.89  75.09    70.47  80.67    64.20  74.41
2022-11-02    64.59  74.79    64.56  74.76   202.07 212.28    64.02  74.22    69.60  79.81    63.34  73.54
2022-11-03    63.72  73.92    63.69  73.90   201.20 211.41    63.15  73.35    68.73  78.94    62.47  72.67
2022-11-04    62.89  73.01    62.86  72.99   200.38 210.50    62.32  72.44    67.91  78.03    61.64  71.76
2022-11-05    62.32  71.84    62.30  71.81   199.81 209.32    61.75  71.27    67.34  76.85    61.07  70.59
2022-11-06    61.76  70.66    61.73  70.63   199.24 208.15    61.19  70.09    66.77  75.68    60.51  69.41
2022-11-07    61.19  69.48    61.16  69.46   198.67 206.97    60.62  68.91    66.20  74.50    59.93  68.23
2022-11-08    60.61  68.30    60.59  68.28   198.10 205.79    60.04  67.73    65.63  73.32    59.36  67.05
2022-11-09    60.04  67.12    60.01  67.10   197.53 204.61    59.47  66.55    65.05  72.14    58.79  65.87

2023-04-17   257.07 264.32   257.04 264.30    34.56  41.81   256.50 263.75   262.08 269.34   255.82 263.07
2023-04-18   255.92 263.77   255.90 263.75    33.41  41.26   255.35 263.20   260.94 268.79   254.67 262.52
2023-04-19   254.78 263.22   254.75 263.20    32.27  40.71   254.21 262.65   259.79 268.24   253.53 261.97
2023-04-20   253.63 262.68   253.61 262.65    31.12  40.16   253.06 262.11   258.65 267.69   252.38 261.43
2023-04-21   252.49 262.13   252.46 262.10    29.98  39.62   251.92 261.56   257.50 267.15   251.24 260.88
2023-04-22   251.36 261.57   251.34 261.54    28.85  39.06   250.79 261.00   256.38 266.59   250.11 260.32
2023-04-23   250.52 260.73   250.49 260.70    28.01  38.21   249.95 260.16   255.54 265.74   249.27 259.48
2023-04-24   249.68 259.88   249.65 259.86    27.17  37.37   249.11 259.31   254.69 264.90   248.43 258.63
2023-04-25   248.84 259.04   248.81 259.01    26.33  36.53   248.27 258.47   253.85 264.06   247.59 257.79
2023-04-26   248.00 258.20   247.97 258.17    25.49  35.69   247.43 257.63   253.01 263.21   246.75 256.95
2023-04-27   247.16 257.36   247.13 257.33    24.65  34.85   246.59 256.79   252.17 262.37   245.91 256.11
2023-04-28   246.32 256.52   246.29 256.49    23.81  34.01   245.75 255.95   251.33 261.53   245.07 255.27
2023-04-29   245.48 255.68   245.45 255.65    22.97  33.17   244.91 255.11   250.49 260.69   244.23 254.43
2023-04-30   244.64 254.84   244.61 254.81    22.12  32.33   244.07 254.27   249.65 259.86   243.39 253.59
2023-05-01   243.80 254.00   243.77 253.97    21.28  31.49   243.23 253.43   248.81 259.02   242.55 252.75
2023-05-02   242.95 253.16   242.93 253.14    20.44  30.65   242.38 252.59   247.97 258.18   241.70 251.91
2023-05-03   242.11 252.32   242.09 252.30    19.60  29.81   241.54 251.75   247.13 257.34   240.86 251.07
2023-05-04   241.27 251.48   241.24 251.46    18.76  28.97   240.70 250.91   246.28 256.50   240.02 250.23
2023-05-05   240.42 250.65   240.40 250.62    17.91  28.13   239.85 250.08   245.44 255.66   239.17 249.40
2023-05-06   239.58 249.81   239.55 249.78    17.07  27.29   239.01 249.24   244.59 254.82   238.33 248.56
2023-05-07   238.73 248.97   238.71 248.94    16.22  26.45   238.16 248.40   243.75 253.98   237.48 247.72
2023-05-08   237.88 248.13   237.86 248.10    15.37  25.61   237.31 247.56   242.90 253.14   236.63 246.88
2023-05-09   237.03 247.28   237.01 247.26    14.52  24.77   236.46 246.71   242.05 252.30   235.78 246.03
2023-05-10   236.18 246.44   236.16 246.42    13.67  23.93   235.61 245.87   241.20 251.46   234.93 245.19
2023-05-11   235.33 245.60   235.30 245.57    12.82  23.09   234.76 245.03   240.35 250.61   234.08 244.35
2023-05-12   234.48 244.75   234.45 244.73    11.96  22.24   233.91 244.18   239.49 249.77   233.23 243.50
2023-05-13   233.62 243.91   233.59 243.88    11.11  21.40   233.05 243.34   238.64 248.92   232.37 242.66
2023-05-14   232.76 243.06   232.74 243.04    10.25  20.55   232.19 242.49   237.78 248.08   231.51 241.81
2023-05-15   231.90 242.21   231.88 242.19     9.39  19.70   231.33 241.64   236.92 247.23   230.65 240.96
2023-05-16   231.04 241.36   231.01 241.34     8.53  18.85   230.47 240.79   236.05 246.38   229.79 240.11
2023-05-17   230.17 240.51   230.15 240.49     7.66  18.00   229.60 239.94   235.19 245.53   228.92 239.26
2023-05-18   229.31 239.66   229.28 239.63     6.79  17.15   228.74 239.09   234.32 244.67   228.06 238.41
2023-05-19   228.44 238.80   228.41 238.78     5.92  16.29   227.87 238.23   233.45 243.82   227.19 237.55
2023-05-20   227.56 237.95   227.54 237.92     5.05  15.43   226.99 237.38   232.58 242.96   226.31 236.69
2023-05-21   226.69 237.09   226.66 237.06     4.17  14.57   226.12 236.52   231.70 242.10   225.44 235.83
2023-05-22   225.81 236.22   225.78 236.20     3.30  13.71   225.24 235.65   230.82 241.24   224.56 234.97
2023-05-23   224.93 235.36   224.90 235.33     2.41  12.85   224.36 234.79   229.94 240.37   223.68 234.11
2023-05-24   224.04 234.49   224.02 234.46     1.53  11.98   223.47 233.92   229.06 239.51   222.79 233.24
2023-05-25   223.15 233.62   223.13 233.59     0.64  11.11   222.58 233.05   228.17 238.64   221.90 232.37
2023-05-26   222.26 232.75   222.24 232.72   359.75  10.24   221.69 232.18   227.28 237.76   221.01 231.50
2023-05-27   221.37 231.87   221.34 231.85   358.85   9.36   220.80 231.30   226.38 236.89   220.12 230.62
2023-05-28   220.47 230.99   220.44 230.97   357.96   8.48   219.90 230.42   225.48 236.01   219.22 229.74
2023-05-29   219.57 230.11   219.54 230.09   357.05   7.60   219.00 229.54   224.58 235.13   218.32 228.86
2023-05-30   218.66 229.23   218.63 229.20   356.15   6.71   218.09 228.66   223.68 234.24   217.41 227.98
2023-05-31   217.75 228.34   217.73 228.31   355.24   5.83   217.18 227.77   222.77 233.35   216.50 227.09
2023-06-01   216.84 227.45   216.81 227.42   354.33   4.93   216.27 226.88   221.85 232.46   215.59 226.20
2023-06-02   215.92 226.55   215.89 226.53   353.41   4.04   215.35 225.98   220.94 231.57   214.67 225.30
2023-06-03   215.00 225.65   214.97 225.63   352.49   3.14   214.43 225.08   220.01 230.67   213.75 224.40
2023-06-04   214.07 224.75   214.05 224.72   351.56   2.24   213.50 224.18   219.09 229.77   212.82 223.50
2023-06-05   213.14 223.84   213.12 223.82   350.63   1.33   212.57 223.27   218.16 228.86   211.89 222.59
2023-06-06   212.21 222.93   212.18 222.91   349.70   0.42   211.64 222.36   217.22 227.95   210.96 221.68
2023-06-07   211.27 222.02   211.24 221.99   348.76 359.51   210.70 221.45   216.29 227.03   210.02 220.77
2023-06-08   210.33 221.10   210.30 221.07   347.82 358.59   209.76 220.53   215.34 226.12   209.08 219.85
2023-06-09   209.38 220.18   209.35 220.15   346.87 357.67   208.81 219.61   214.40 225.19   208.13 218.93
2023-06-10   208.43 219.25   208.40 219.23   345.92 356.74   207.86 218.68   213.44 224.27   207.18 218.00
2023-06-11   207.47 218.32   207.45 218.29   344.96 355.81   206.90 217.75   212.49 223.34   206.22 217.07
2023-06-12   206.51 217.39   206.49 217.36   344.00 354.87   205.94 216.82   211.53 222.40   205.26 216.13
2023-06-13   205.55 216.45   205.52 216.42   343.03 353.93   204.98 215.88   210.56 221.46   204.30 215.19
2023-06-14   204.58 215.50   204.55 215.47   342.06 352.99   204.01 214.93   209.59 220.52   203.33 214.25
2023-06-15   203.60 214.55   203.58 214.53   341.09 352.04   203.03 213.98   208.62 219.57   202.35 213.30
2023-06-16   202.62 213.60   202.60 213.57   340.11 351.09   202.05 213.03   207.64 218.61   201.37 212.35
2023-06-17   201.64 212.64   201.61 212.61   339.13 350.13   201.07 212.07   206.65 217.66   200.39 211.39
2023-06-18   200.65 211.68   200.62 211.65   338.14 349.16   200.08 211.11   205.66 216.69   199.40 210.43
2023-06-19   199.66 210.71   199.63 210.68   337.14 348.20   199.09 210.14   204.67 215.73   198.40 209.46
2023-06-20   198.66 209.74   198.63 209.71   336.14 347.23   198.09 209.17   203.67 214.75   197.41 208.49
2023-06-21   197.65 208.76   197.63 208.73   335.14 346.25   197.08 208.19   202.67 213.78   196.40 207.51
2023-06-22   196.65 207.78   196.62 207.75   334.13 345.27   196.08 207.21   201.66 212.79   195.40 206.53
2023-06-23   195.63 206.79   195.61 206.77   333.12 344.28   195.06 206.22   200.65 211.81   194.38 205.54
2023-06-24   194.62 205.80   194.59 205.77   332.10 343.29   194.05 205.23   199.63 210.82   193.37 204.55
2023-06-25   193.59 204.81   193.57 204.78   331.08 342.29   193.02 204.24   198.61 209.82   192.34 203.55
2023-06-26   192.57 203.80   192.54 203.78   330.06 341.29   192.00 203.23   197.58 208.82   191.32 202.55
2023-06-27   191.54 202.80   191.51 202.77   329.03 340.29   190.97 202.23   196.55 207.81   190.29 201.55
2023-06-28   190.50 201.79   190.48 201.76   327.99 339.28   189.93 201.22   195.52 206.80   189.25 200.54
2023-06-29   189.46 200.77   189.44 200.75   326.95 338.26   188.89 200.20   194.48 205.79   188.21 199.52
2023-06-30   188.42 199.75   188.39 199.73   325.91 337.24   187.85 199.18   193.43 204.77   187.17 198.50
2023-07-01   187.37 198.73   187.35 198.70   324.86 336.22   186.80 198.16   192.39 203.75   186.12 197.48
2023-07-02   186.32 197.70   186.29 197.68   323.81 335.19   185.75 197.13   191.34 202.72   185.07 196.45
2023-07-03   185.26 196.67   185.24 196.64   322.75 334.16   184.69 196.10   190.28 201.68   184.01 195.42
2023-07-04   184.20 195.63   184.18 195.61   321.69 333.12   183.63 195.06   189.22 200.65   182.95 194.38
2023-07-05   183.14 194.59   183.11 194.56   320.63 332.08   182.57 194.02   188.16 199.61   181.89 193.34
2023-07-06   182.07 193.54   182.05 193.52   319.56 331.03   181.50 192.97   187.09 198.56   180.82 192.29
2023-07-07   181.00 192.49   180.98 192.47   318.49 329.98   180.43 191.92   186.02 197.51   179.75 191.24
2023-07-08   179.93 191.44   179.90 191.41   317.42 328.93   179.36 190.87   184.94 196.46   178.68 190.19
2023-07-09   178.85 190.38   178.83 190.36   316.34 327.87   178.28 189.81   183.87 195.40   177.60 189.13
2023-07-10   177.77 189.32   177.74 189.29   315.26 326.81   177.20 188.75   182.79 194.34   176.52 188.07
2023-07-11   176.69 188.26   176.66 188.23   314.18 325.74   176.12 187.69   181.70 193.27   175.44 187.00
2023-07-12   175.60 187.19   175.58 187.16   313.09 324.67   175.03 186.62   180.62 192.20   174.35 185.94
2023-07-13   174.51 186.11   174.49 186.09   312.00 323.60   173.94 185.54   179.53 191.13   173.26 184.86
2023-07-14   173.42 185.04   173.40 185.01   310.91 322.53   172.85 184.47   178.44 190.05   172.17 183.79
2023-07-15   172.33 183.96   172.30 183.93   309.82 321.45   171.76 183.39   177.34 188.97   171.08 182.71
2023-07-16   171.23 182.88   171.21 182.85   308.72 320.37   170.66 182.31   176.25 187.89   169.98 181.63
2023-07-17   170.14 181.79   170.11 181.77   307.62 319.28   169.57 181.22   175.15 186.81   168.89 180.54
2023-07-18   169.04 180.71   169.01 180.68   306.53 318.19   168.47 180.14   174.05 185.72   167.79 179.46
2023-07-19   167.94 179.62   167.91 179.59   305.43 317.10   167.37 179.05   172.95 184.63   166.69 178.37
2023-07-20   166.84 178.53   166.81 178.50   304.32 316.01   166.27 177.96   171.85 183.54   165.59 177.27
2023-07-21   165.73 177.43   165.71 177.40   303.22 314.92   165.16 176.86   170.75 182.45   164.48 176.18
2023-07-22   164.63 176.34   164.60 176.31   302.12 313.82   164.06 175.77   169.64 181.35   163.38 175.08
2023-07-23   163.52 175.24   163.50 175.21   301.01 312.72   162.95 174.67   168.54 180.25   162.27 173.99
2023-07-24   162.42 174.14   162.39 174.11   299.91 311.63   161.85 173.57   167.43 179.15   161.17 172.89
2023-07-25   161.31 173.04   161.29 173.01   298.80 310.52   160.74 172.47   166.33 178.05   160.06 171.79
2023-07-26   160.21 171.94   160.18 171.91   297.70 309.42   159.64 171.37   165.22 176.95   158.96 170.68
2023-07-27   159.10 170.83   159.08 170.81   296.59 308.32   158.53 170.26   164.12 175.85   157.85 169.58
2023-07-28   158.00 169.73   157.97 169.70   295.49 307.22   157.43 169.16   163.01 174.74   156.75 168.48
2023-07-29   156.89 168.62   156.87 168.60   294.38 306.11   156.32 168.05   161.91 173.64   155.64 167.37
2023-07-30   155.79 167.52   155.76 167.49   293.28 305.01   155.22 166.95   160.80 172.53   154.54 166.27
2023-07-31   154.69 166.41   154.66 166.39   292.17 303.90   154.12 165.84   159.70 171.43   153.43 165.16
2023-08-01   153.58 165.31   153.56 165.28   291.07 302.80   153.01 164.74   158.60 170.32   152.33 164.06
2023-08-02   152.48 164.20   152.46 164.18   289.97 301.69   151.91 163.63   157.50 169.22   151.23 162.95
2023-08-03   151.38 163.10   151.36 163.07   288.87 300.59   150.81 162.53   156.40 168.12   150.13 161.85
2023-08-04   150.28 162.00   150.26 161.97   287.77 299.48   149.71 161.43   155.30 167.01   149.03 160.75
2023-08-05   149.19 160.89   149.16 160.87   286.68 298.38   148.62 160.32   154.20 165.91   147.94 159.64
2023-08-06   148.09 159.79   148.07 159.76   285.58 297.28   147.52 159.22   153.11 164.81   146.84 158.54
2023-08-07   147.00 158.69   146.97 158.66   284.49 296.18   146.43 158.12   152.02 163.70   145.75 157.44
2023-08-08   145.91 157.59   145.88 157.56   283.40 295.08   145.34 157.02   150.93 162.60   144.66 156.34
2023-08-09   144.82 156.49   144.80 156.46   282.31 293.98   144.25 155.92   149.84 161.51   143.57 155.24
2023-08-10   143.74 155.39   143.71 155.37   281.23 292.88   143.17 154.82   148.75 160.41   142.49 154.14
2023-08-11   142.66 154.30   142.63 154.27   280.14 291.79   142.09 153.73   147.67 159.31   141.41 153.05
2023-08-12   141.58 153.21   141.55 153.18   279.06 290.69   141.01 152.64   146.59 158.22   140.33 151.96
2023-08-13   140.50 152.12   140.47 152.09   277.99 289.60   139.93 151.55   145.52 157.13   139.25 150.86
2023-08-14   139.43 151.03   139.40 151.00   276.91 288.51   138.86 150.46   144.44 156.04   138.18 149.78
2023-08-15   138.36 149.94   138.33 149.91   275.84 287.43   137.79 149.37   143.37 154.96   137.11 148.69
2023-08-16   137.29 148.86   137.26 148.83   274.78 286.35   136.72 148.29   142.31 153.87   136.04 147.61
2023-08-17   136.23 147.78   136.20 147.75   273.72 285.26   135.66 147.21   141.24 152.79   134.98 146.53
2023-08-18   135.17 146.70   135.14 146.67   272.66 284.19   134.60 146.13   140.18 151.71   133.92 145.45
2023-08-19   134.11 145.62   134.09 145.60   271.60 283.11   133.54 145.05   139.13 150.64   132.86 144.37
2023-08-20   133.06 144.55   133.03 144.53   270.55 282.04   132.49 143.98   138.08 149.57   131.81 143.30
2023-08-21   132.01 143.49   131.99 143.46   269.50 280.97   131.44 142.92   137.03 148.50   130.76 142.23
2023-08-22   130.97 142.42   130.94 142.39   268.46 279.91   130.40 141.85   135.98 147.44   129.72 141.17
2023-08-23   129.93 141.36   129.90 141.33   267.42 278.85   129.36 140.79   134.94 146.37   128.68 140.11
2023-08-24   128.89 140.30   128.87 140.27   266.38 277.79   128.32 139.73   133.91 145.32   127.64 139.05
2023-08-25   127.86 139.25   127.84 139.22   265.35 276.73   127.29 138.68   132.88 144.26   126.61 138.00
2023-08-26   126.84 138.20   126.81 138.17   264.32 275.68   126.27 137.63   131.85 143.21   125.58 136.95
2023-08-27   125.81 137.15   125.79 137.12   263.30 274.64   125.24 136.58   130.83 142.17   124.56 135.90
2023-08-28   124.79 136.11   124.77 136.08   262.28 273.60   124.22 135.54   129.81 141.12   123.54 134.86
2023-08-29   123.78 135.07   123.75 135.04   261.27 272.56   123.21 134.50   128.79 140.08   122.53 133.82
2023-08-30   122.77 134.03   122.74 134.01   260.26 271.52   122.20 133.46   127.78 139.05   121.52 132.78
2023-08-31   121.76 133.00   121.74 132.98   259.25 270.49   121.19 132.43   126.78 138.02   120.51 131.75
2023-09-01   120.76 131.98   120.74 131.95   258.25 269.47   120.19 131.41   125.78 136.99   119.51 130.73
2023-09-02   119.77 130.96   119.74 130.93   257.25 268.44   119.20 130.39   124.78 135.97   118.52 129.71
2023-09-03   118.77 129.94   118.75 129.91   256.26 267.43   118.20 129.37   123.79 134.95   117.52 128.69
2023-09-04   117.79 128.92   117.76 128.90   255.27 266.41   117.22 128.35   122.80 133.94   116.54 127.67
2023-09-05   116.80 127.92   116.78 127.89   254.29 265.40   116.23 127.35   121.82 132.93   115.55 126.66
2023-09-06   115.82 126.91   115.80 126.88   253.31 264.40   115.25 126.34   120.84 131.93   114.57 125.66
2023-09-07   114.85 125.91   114.82 125.88   252.34 263.40   114.28 125.34   119.86 130.93   113.60 124.66
2023-09-08   113.88 124.91   113.85 124.89   251.37 262.40   113.31 124.34   118.89 129.93   112.63 123.66
2023-09-09   112.91 123.92   112.89 123.89   250.40 261.41   112.34 123.35   117.93 128.94   111.66 122.67
2023-09-10   111.95 122.93   111.92 122.91   249.44 260.42   111.38 122.36   116.97 127.95   110.70 121.68
2023-09-11   110.99 121.95   110.97 121.92   248.48 259.44   110.42 121.38   116.01 126.97   109.74 120.70
2023-09-12   110.04 120.97   110.01 120.94   247.53 258.46   109.47 120.40   115.05 125.99   108.79 119.72
2023-09-13   109.09 120.00   109.06 119.97   246.58 257.48   108.52 119.43   114.10 125.01   107.84 118.74
2023-09-14   108.14 119.02   108.12 119.00   245.63 256.51   107.57 118.45   113.16 124.04   106.89 117.77
2023-09-15   107.20 118.06   107.18 118.03   244.69 255.55   106.63 117.49   112.22 123.07   105.95 116.81
2023-09-16   106.26 117.10   106.24 117.07   243.75 254.58   105.69 116.53   111.28 122.11   105.01 115.84
2023-09-17   105.33 116.14   105.30 116.11   242.82 253.62   104.76 115.57   110.35 121.15   104.08 114.89
2023-09-18   104.40 115.18   104.37 115.16   241.89 252.67   103.83 114.61   109.42 120.20   103.15 113.93
2023-09-19   103.47 114.23   103.45 114.21   240.96 251.72   102.90 113.66   108.49 119.25   102.22 112.98
2023-09-20   102.55 113.28   102.53 113.26   240.04 250.77   101.98 112.71   107.57 118.30   101.30 112.03
2023-09-21   101.63 112.34   101.61 112.32   239.12 249.83   101.06 111.77   106.65 117.36   100.38 111.09
2023-09-22   100.72 111.40   100.69 111.38   238.21 248.89   100.15 110.83   105.73 116.42    99.47 110.15
2023-09-23    99.81 110.47    99.78 110.44   237.29 247.96    99.24 109.90   104.82 115.48    98.55 109.22
2023-09-24    98.90 109.54    98.87 109.51   236.38 247.02    98.33 108.97   103.91 114.55    97.65 108.29
2023-09-25    97.99 108.61    97.96 108.58   235.48 246.10    97.42 108.04   103.01 113.62    96.74 107.36
2023-09-26    97.09 107.68    97.06 107.66   234.58 245.17    96.52 107.11   102.10 112.70    95.84 106.43
2023-09-27    96.19 106.76    96.16 106.74   233.68 244.25    95.62 106.19   101.20 111.78    94.94 105.51
2023-09-28    95.29 105.84    95.26 105.82   232.78 243.33    94.72 105.27   100.31 110.86    94.04 104.59
2023-09-29    94.40 104.93    94.37 104.90   231.88 242.42    93.83 104.36    99.41 109.95    93.15 103.68
2023-09-30    93.51 104.02    93.48 103.99   230.99 241.51    92.94 103.45    98.52 109.03    92.25 102.77
2023-10-01    92.62 103.11    92.59 103.08   230.10 240.60    92.05 102.54    97.63 108.13    91.37 101.86
2023-10-02    91.73 102.20    91.70 102.18   229.22 239.69    91.16 101.63    96.75 107.22    90.48 100.95
2023-10-03    90.85 101.30    90.82 101.28   228.33 238.79    90.28 100.73    95.86 106.32    89.60 100.05
2023-10-04    89.96 100.40    89.94 100.38   227.45 237.89    89.39  99.83    94.98 105.42    88.71  99.15
2023-10-05    89.08  99.51    89.06  99.48   226.57 236.99    88.51  98.94    94.10 104.52    87.83  98.25
2023-10-06    88.21  98.61    88.18  98.58   225.69 236.10    87.64  98.04    93.22 103.63    86.96  97.36
2023-10-07    87.33  97.72    87.30  97.69   224.82 235.21    86.76  97.15    92.35 102.73    86.08  96.47
2023-10-08    86.46  96.83    86.43  96.80   223.94 234.32    85.89  96.26    91.47 101.85    85.21  95.58
2023-10-09    85.58  95.94    85.56  95.92   223.07 233.43    85.01  95.37    90.60 100.96    84.33  94.69
2023-10-10    84.71  95.06    84.69  95.03   222.20 232.54    84.14  94.49    89.73 100.07    83.46  93.81
2023-10-11    83.84  94.17    83.82  94.15   221.33 231.66    83.27  93.60    88.86  99.19    82.59  92.92
2023-10-12    82.98  93.29    82.95  93.27   220.46 230.78    82.41  92.72    87.99  98.31    81.73  92.04
2023-10-13    82.11  92.41    82.08  92.39   219.60 229.90    81.54  91.84    87.12  97.43    80.86  91.16
2023-10-14    81.24  91.54    81.22  91.51   218.73 229.02    80.67  90.97    86.26  96.55    79.99  90.29
2023-10-15    80.38  90.66    80.35  90.63   217.87 228.15    79.81  90.09    85.39  95.68    79.13  89.41
2023-10-16    79.51  89.79    79.49  89.76   217.00 227.27    78.94  89.22    84.53  94.80    78.26  88.54
2023-10-17    78.65  88.91    78.62  88.89   216.14 226.40    78.08  88.34    83.67  93.93    77.40  87.66
2023-10-18    77.79  88.04    77.76  88.01   215.28 225.53    77.22  87.47    82.80  93.06    76.54  86.79
2023-10-19    76.93  87.17    76.90  87.14   214.41 224.66    76.36  86.60    81.94  92.19    75.67  85.92
2023-10-20    76.06  86.30    76.04  86.27   213.55 223.79    75.49  85.73    81.08  91.32    74.81  85.05
2023-10-21    75.20  85.43    75.18  85.41   212.69 222.92    74.63  84.86    80.22  90.45    73.95  84.18
2023-10-22    74.34  84.56    74.31  84.54   211.83 222.05    73.77  83.99    79.36  89.58    73.09  83.31
2023-10-23    73.48  83.70    73.45  83.67   210.97 221.18    72.91  83.13    78.49  88.71    72.23  82.45
2023-10-24    72.62  82.83    72.59  82.80   210.10 220.32    72.05  82.26    77.63  87.84    71.37  81.58
2023-10-25    71.75  81.96    71.73  81.94   209.24 219.45    71.18  81.39    76.77  86.98    70.50  80.71
2023-10-26    70.89  81.10    70.86  81.07   208.38 218.58    70.32  80.53    75.91  86.11    69.64  79.85
2023-10-27    70.03  80.23    70.00  80.20   207.51 217.72    69.46  79.66    75.04  85.25    68.78  78.98
2023-10-28    69.16  79.36    69.14  79.34   206.65 216.85    68.59  78.79    74.18  84.38    67.91  78.11
2023-10-29    68.30  78.50    68.27  78.47   205.79 215.99    67.73  77.93    73.31  83.51    67.05  77.25
2023-10-30    67.43  77.63    67.41  77.61   204.92 215.12    66.86  77.06    72.45  82.65    66.18  76.38
2023-10-31    66.57  76.77    66.54  76.74   204.05 214.25    66.00  76.20    71.58  81.78    65.31  75.52
2023-11-01    65.70  75.90    65.67  75.87   203.18 213.39    65.13  75.33    70.71  80.91    64.45  74.65
2023-11-02    64.83  75.03    64.80  75.00   202.32 212.52    64.26  74.46    69.84  80.05    63.58  73.78
2023-11-03    63.96  74.16    63.93  74.14   201.44 211.65    63.39  73.59    68.97  79.18    62.71  72.91
2023-11-04    63.08  73.29    63.06  73.27   200.57 210.78    62.51  72.72    68.10  78.31    61.83  72.04
2023-11-05    62.47  72.17    62.44  72.14   199.96 209.65    61.90  71.60    67.48  77.18    61.22  70.91
2023-11-06    61.90  70.99    61.87  70.96   199.39 208.47    61.33  70.42    66.91  76.00    60.65  69.74
2023-11-07    61.33  69.81    61.30  69.78   198.82 207.29    60.76  69.24    66.34  74.82    60.08  68.56
2023-11-08    60.75  68.63    60.73  68.60   198.24 206.11    60.18  68.06    65.77  73.64    59.50  67.38
2023-11-09    60.18  67.44    60.15  67.42   197.67 204.93    59.61  66.87    65.19  72.46    58.93  66.19
