
       Target
                ecliptic
RA      Dec     latitude
286.362  42.964  64.769

Checked interval [2020-01-01, 2023-12-31]
|           Window [days]                 |    Normal V3 PA [deg]    |
   Start           End         Duration         Start         End         RA            Dec     
 2020-04-06      2020-11-03       211.00     265.20953      63.41196     286.36152      42.96389 
 2021-04-06      2021-11-03       211.00     265.47727      63.67242     286.36152      42.96389 
 2022-04-07      2022-11-04       211.00     264.85961      63.01640     286.36152      42.96389 
 2023-04-07      2023-11-04       211.00     265.13504      63.26502     286.36152      42.96389 


                V3PA          NIRCam           NIRSpec         NIRISS           MIRI          FGS
   Date      min    max      min    max       min    max     min    max      min    max      min    max

2020-04-07   261.57 268.67   261.54 268.65    39.06  46.16   261.00 268.10   266.58 273.69   260.32 267.42
2020-04-08   260.42 268.04   260.40 268.02    37.91  45.53   259.85 267.47   265.44 273.06   259.17 266.79
2020-04-09   259.28 267.41   259.26 267.39    36.77  44.90   258.71 266.84   264.30 272.43   258.03 266.16
2020-04-10   258.14 266.78   258.12 266.76    35.63  44.27   257.57 266.21   263.16 271.80   256.89 265.53
2020-04-11   257.00 266.16   256.98 266.13    34.49  43.65   256.43 265.59   262.02 271.17   255.75 264.91
2020-04-12   255.86 265.54   255.84 265.51    33.35  43.02   255.29 264.97   260.88 270.55   254.61 264.29
2020-04-13   254.72 264.91   254.70 264.89    32.21  42.40   254.15 264.34   259.74 269.93   253.47 263.66
2020-04-14   253.84 264.04   253.81 264.02    31.32  41.53   253.27 263.47   258.85 269.06   252.59 262.79
2020-04-15   252.96 263.16   252.93 263.14    30.45  40.65   252.39 262.59   257.97 268.18   251.71 261.91
2020-04-16   252.08 262.29   252.06 262.26    29.57  39.77   251.51 261.72   257.10 267.30   250.83 261.03
2020-04-17   251.21 261.41   251.18 261.38    28.69  38.90   250.64 260.84   256.22 266.42   249.96 260.16
2020-04-18   250.33 260.53   250.31 260.51    27.82  38.02   249.76 259.96   255.35 265.55   249.08 259.28
2020-04-19   249.46 259.66   249.43 259.63    26.94  37.14   248.89 259.09   254.47 264.67   248.21 258.41
2020-04-20   248.58 258.78   248.56 258.76    26.07  36.27   248.01 258.21   253.60 263.80   247.33 257.53
2020-04-21   247.71 257.91   247.68 257.88    25.19  35.40   247.14 257.34   252.72 262.92   246.46 256.66
2020-04-22   246.83 257.04   246.81 257.01    24.32  34.52   246.26 256.47   251.85 262.05   245.58 255.78
2020-04-23   245.96 256.16   245.93 256.14    23.45  33.65   245.39 255.59   250.97 261.18   244.71 254.91
2020-04-24   245.08 255.29   245.06 255.26    22.57  32.78   244.51 254.72   250.10 260.30   243.83 254.04
2020-04-25   244.21 254.42   244.18 254.39    21.70  31.90   243.64 253.85   249.22 259.43   242.96 253.17
2020-04-26   243.33 253.54   243.31 253.52    20.82  31.03   242.76 252.97   248.35 258.56   242.08 252.29
2020-04-27   242.46 252.67   242.43 252.65    19.94  30.16   241.89 252.10   247.47 257.69   241.21 251.42
2020-04-28   241.58 251.80   241.55 251.77    19.07  29.29   241.01 251.23   246.59 256.82   240.33 250.55
2020-04-29   240.70 250.93   240.68 250.90    18.19  28.42   240.13 250.36   245.72 255.94   239.45 249.68
2020-04-30   239.82 250.06   239.80 250.03    17.31  27.54   239.25 249.49   244.84 255.07   238.57 248.80
2020-05-01   238.94 249.18   238.92 249.16    16.43  26.67   238.37 248.61   243.96 254.20   237.69 247.93
2020-05-02   238.06 248.31   238.04 248.28    15.55  25.80   237.49 247.74   243.08 253.32   236.81 247.06
2020-05-03   237.18 247.43   237.16 247.41    14.67  24.92   236.61 246.86   242.20 252.45   235.93 246.18
2020-05-04   236.30 246.56   236.27 246.53    13.79  24.05   235.73 245.99   241.32 251.57   235.05 245.31
2020-05-05   235.42 245.68   235.39 245.66    12.91  23.17   234.85 245.11   240.43 250.70   234.17 244.43
2020-05-06   234.53 244.81   234.51 244.78    12.02  22.29   233.96 244.24   239.55 249.82   233.28 243.56
2020-05-07   233.65 243.93   233.62 243.90    11.13  21.42   233.08 243.36   238.66 248.95   232.40 242.68
2020-05-08   232.76 243.05   232.73 243.02    10.25  20.54   232.19 242.48   237.77 248.07   231.51 241.80
2020-05-09   231.87 242.17   231.84 242.15     9.36  19.66   231.30 241.60   236.88 247.19   230.62 240.92
2020-05-10   230.98 241.29   230.95 241.26     8.47  18.78   230.41 240.72   235.99 246.31   229.73 240.04
2020-05-11   230.08 240.41   230.06 240.38     7.57  17.90   229.51 239.84   235.10 245.42   228.83 239.16
2020-05-12   229.19 239.52   229.16 239.50     6.68  17.01   228.62 238.95   234.21 244.54   227.94 238.27
2020-05-13   228.29 238.64   228.27 238.61     5.78  16.13   227.72 238.07   233.31 243.65   227.04 237.39
2020-05-14   227.39 237.75   227.37 237.73     4.88  15.24   226.82 237.18   232.41 242.77   226.14 236.50
2020-05-15   226.49 236.86   226.47 236.84     3.98  14.35   225.92 236.29   231.51 241.88   225.24 235.61
2020-05-16   225.59 235.97   225.56 235.95     3.08  13.46   225.02 235.40   230.61 240.99   224.34 234.72
2020-05-17   224.68 235.08   224.66 235.05     2.17  12.57   224.11 234.51   229.70 240.10   223.43 233.83
2020-05-18   223.78 234.19   223.75 234.16     1.26  11.67   223.21 233.62   228.79 239.20   222.53 232.94
2020-05-19   222.87 233.29   222.84 233.26     0.35  10.78   222.30 232.72   227.88 238.31   221.62 232.04
2020-05-20   221.95 232.39   221.93 232.37   359.44   9.88   221.38 231.82   226.97 237.41   220.70 231.14
2020-05-21   221.04 231.49   221.01 231.46   358.53   8.98   220.47 230.92   226.05 236.51   219.79 230.24
2020-05-22   220.12 230.59   220.09 230.56   357.61   8.08   219.55 230.02   225.13 235.60   218.87 229.34
2020-05-23   219.20 229.68   219.17 229.66   356.69   7.17   218.63 229.11   224.21 234.70   217.95 228.43
2020-05-24   218.28 228.77   218.25 228.75   355.76   6.26   217.71 228.20   223.29 233.79   217.02 227.52
2020-05-25   217.35 227.86   217.32 227.84   354.84   5.35   216.78 227.29   222.36 232.88   216.10 226.61
2020-05-26   216.42 226.95   216.39 226.92   353.91   4.44   215.85 226.38   221.43 231.97   215.17 225.70
2020-05-27   215.49 226.04   215.46 226.01   352.97   3.52   214.92 225.47   220.50 231.05   214.24 224.78
2020-05-28   214.55 225.12   214.53 225.09   352.04   2.60   213.98 224.55   219.57 230.13   213.30 223.87
2020-05-29   213.61 224.20   213.59 224.17   351.10   1.68   213.04 223.63   218.63 229.21   212.36 222.94
2020-05-30   212.67 223.27   212.65 223.24   350.16   0.76   212.10 222.70   217.69 228.29   211.42 222.02
2020-05-31   211.73 222.34   211.70 222.32   349.22 359.83   211.16 221.77   216.74 227.36   210.48 221.09
2020-06-01   210.78 221.41   210.75 221.39   348.27 358.90   210.21 220.84   215.80 226.43   209.53 220.16
2020-06-02   209.83 220.48   209.80 220.45   347.32 357.97   209.26 219.91   214.84 225.50   208.58 219.23
2020-06-03   208.88 219.54   208.85 219.52   346.36 357.03   208.31 218.97   213.89 224.56   207.62 218.29
2020-06-04   207.92 218.60   207.89 218.58   345.41 356.09   207.35 218.03   212.93 223.62   206.67 217.35
2020-06-05   206.96 217.66   206.93 217.64   344.44 355.15   206.39 217.09   211.97 222.68   205.71 216.41
2020-06-06   205.99 216.72   205.97 216.69   343.48 354.20   205.42 216.15   211.01 221.73   204.74 215.47
2020-06-07   205.03 215.77   205.00 215.74   342.51 353.25   204.46 215.20   210.04 220.78   203.77 214.52
2020-06-08   204.05 214.81   204.03 214.79   341.54 352.30   203.48 214.24   209.07 219.83   202.80 213.56
2020-06-09   203.08 213.86   203.05 213.83   340.57 351.35   202.51 213.29   208.10 218.87   201.83 212.61
2020-06-10   202.10 212.90   202.08 212.87   339.59 350.39   201.53 212.33   207.12 217.92   200.85 211.65
2020-06-11   201.12 211.94   201.10 211.91   338.61 349.42   200.55 211.37   206.14 216.95   199.87 210.69
2020-06-12   200.14 210.97   200.11 210.94   337.63 348.46   199.57 210.40   205.15 215.99   198.89 209.72
2020-06-13   199.15 210.00   199.12 209.98   336.64 347.49   198.58 209.43   204.17 215.02   197.90 208.75
2020-06-14   198.16 209.03   198.13 209.00   335.65 346.52   197.59 208.46   203.17 214.04   196.91 207.78
2020-06-15   197.16 208.05   197.14 208.03   334.65 345.54   196.59 207.48   202.18 213.07   195.91 206.80
2020-06-16   196.17 207.07   196.14 207.05   333.65 344.56   195.60 206.50   201.18 212.09   194.92 205.82
2020-06-17   195.17 206.09   195.14 206.06   332.65 343.58   194.60 205.52   200.18 211.10   193.91 204.84
2020-06-18   194.16 205.10   194.13 205.08   331.65 342.59   193.59 204.53   199.18 210.12   192.91 203.85
2020-06-19   193.15 204.11   193.13 204.09   330.64 341.60   192.58 203.54   198.17 209.13   191.90 202.86
2020-06-20   192.14 203.12   192.12 203.09   329.63 340.61   191.57 202.55   197.16 208.13   190.89 201.87
2020-06-21   191.13 202.12   191.10 202.10   328.62 339.61   190.56 201.55   196.14 207.14   189.88 200.87
2020-06-22   190.11 201.12   190.08 201.09   327.60 338.61   189.54 200.55   195.13 206.14   188.86 199.87
2020-06-23   189.09 200.12   189.06 200.09   326.58 337.60   188.52 199.55   194.11 205.13   187.84 198.87
2020-06-24   188.07 199.11   188.04 199.08   325.55 336.60   187.50 198.54   193.08 204.13   186.82 197.86
2020-06-25   187.04 198.10   187.01 198.07   324.53 335.59   186.47 197.53   192.06 203.11   185.79 196.85
2020-06-26   186.01 197.09   185.99 197.06   323.50 334.57   185.44 196.52   191.03 202.10   184.76 195.84
2020-06-27   184.98 196.07   184.95 196.04   322.47 333.56   184.41 195.50   189.99 201.08   183.73 194.82
2020-06-28   183.94 195.05   183.92 195.02   321.43 332.54   183.37 194.48   188.96 200.06   182.69 193.80
2020-06-29   182.91 194.03   182.88 194.00   320.39 331.51   182.34 193.46   187.92 199.04   181.66 192.77
2020-06-30   181.87 193.00   181.84 192.97   319.35 330.49   181.30 192.43   186.88 198.01   180.62 191.75
2020-07-01   180.82 191.97   180.80 191.94   318.31 329.46   180.25 191.40   185.84 196.98   179.57 190.72
2020-07-02   179.78 190.94   179.75 190.91   317.27 328.42   179.21 190.37   184.79 195.95   178.53 189.69
2020-07-03   178.73 189.90   178.71 189.88   316.22 327.39   178.16 189.33   183.75 194.92   177.48 188.65
2020-07-04   177.68 188.86   177.66 188.84   315.17 326.35   177.11 188.29   182.70 193.88   176.43 187.61
2020-07-05   176.63 187.82   176.60 187.80   314.12 325.31   176.06 187.25   181.65 192.84   175.38 186.57
2020-07-06   175.58 186.78   175.55 186.75   313.06 324.27   175.01 186.21   180.59 191.80   174.33 185.53
2020-07-07   174.52 185.74   174.49 185.71   312.01 323.22   173.95 185.17   179.54 190.75   173.27 184.48
2020-07-08   173.46 184.69   173.44 184.66   310.95 322.18   172.89 184.12   178.48 189.70   172.21 183.44
2020-07-09   172.40 183.64   172.38 183.61   309.89 321.13   171.83 183.07   177.42 188.65   171.15 182.39
2020-07-10   171.34 182.59   171.32 182.56   308.83 320.07   170.77 182.02   176.36 187.60   170.09 181.34
2020-07-11   170.28 181.53   170.26 181.51   307.77 319.02   169.71 180.96   175.30 186.55   169.03 180.28
2020-07-12   169.22 180.48   169.19 180.45   306.71 317.96   168.65 179.91   174.23 185.49   167.97 179.23
2020-07-13   168.16 179.42   168.13 179.39   305.64 316.91   167.59 178.85   173.17 184.43   166.90 178.17
2020-07-14   167.09 178.36   167.06 178.33   304.58 315.85   166.52 177.79   172.11 183.37   165.84 177.11
2020-07-15   166.02 177.30   166.00 177.27   303.51 314.79   165.45 176.73   171.04 182.31   164.77 176.05
2020-07-16   164.96 176.24   164.93 176.21   302.45 313.72   164.39 175.67   169.97 181.25   163.71 174.98
2020-07-17   163.89 175.17   163.87 175.15   301.38 312.66   163.32 174.60   168.91 180.19   162.64 173.92
2020-07-18   162.82 174.11   162.80 174.08   300.31 311.60   162.25 173.54   167.84 179.12   161.57 172.86
2020-07-19   161.76 173.04   161.73 173.02   299.24 310.53   161.19 172.47   166.77 178.06   160.51 171.79
2020-07-20   160.69 171.98   160.66 171.95   298.18 309.46   160.12 171.41   165.70 176.99   159.44 170.73
2020-07-21   159.62 170.91   159.60 170.88   297.11 308.40   159.05 170.34   164.64 175.92   158.37 169.66
2020-07-22   158.55 169.84   158.53 169.82   296.04 307.33   157.98 169.27   163.57 174.86   157.30 168.59
2020-07-23   157.49 168.77   157.46 168.75   294.98 306.26   156.92 168.20   162.50 173.79   156.24 167.52
2020-07-24   156.42 167.71   156.40 167.68   293.91 305.19   155.85 167.14   161.44 172.72   155.17 166.46
2020-07-25   155.36 166.64   155.33 166.61   292.84 304.13   154.79 166.07   160.37 171.65   154.11 165.39
2020-07-26   154.29 165.57   154.26 165.54   291.78 303.06   153.72 165.00   159.31 170.59   153.04 164.32
2020-07-27   153.23 164.50   153.20 164.48   290.71 301.99   152.66 163.93   158.24 169.52   151.98 163.25
2020-07-28   152.16 163.44   152.14 163.41   289.65 300.92   151.59 162.87   157.18 168.45   150.91 162.19
2020-07-29   151.10 162.37   151.08 162.34   288.59 299.86   150.53 161.80   156.12 167.38   149.85 161.12
2020-07-30   150.04 161.30   150.02 161.28   287.53 298.79   149.47 160.73   155.06 166.32   148.79 160.05
2020-07-31   148.98 160.24   148.96 160.21   286.47 297.73   148.41 159.67   154.00 165.25   147.73 158.99
2020-08-01   147.93 159.17   147.90 159.15   285.41 296.66   147.36 158.60   152.94 164.19   146.68 157.92
2020-08-02   146.87 158.11   146.85 158.08   284.36 295.60   146.30 157.54   151.89 163.13   145.62 156.86
2020-08-03   145.82 157.05   145.79 157.02   283.31 294.54   145.25 156.48   150.83 162.06   144.57 155.80
2020-08-04   144.77 155.99   144.74 155.96   282.25 293.48   144.20 155.42   149.78 161.00   143.52 154.74
2020-08-05   143.72 154.93   143.69 154.90   281.21 292.42   143.15 154.36   148.73 159.94   142.47 153.68
2020-08-06   142.67 153.87   142.64 153.84   280.16 291.36   142.10 153.30   147.69 158.89   141.42 152.62
2020-08-07   141.63 152.82   141.60 152.79   279.11 290.30   141.06 152.25   146.64 157.83   140.37 151.56
2020-08-08   140.58 151.76   140.56 151.73   278.07 289.25   140.01 151.19   145.60 156.78   139.33 150.51
2020-08-09   139.54 150.71   139.52 150.68   277.03 288.20   138.97 150.14   144.56 155.72   138.29 149.46
2020-08-10   138.51 149.66   138.48 149.63   275.99 287.15   137.94 149.09   143.52 154.67   137.25 148.41
2020-08-11   137.47 148.61   137.44 148.58   274.96 286.10   136.90 148.04   142.49 153.63   136.22 147.36
2020-08-12   136.44 147.56   136.41 147.54   273.93 285.05   135.87 146.99   141.45 152.58   135.19 146.31
2020-08-13   135.41 146.52   135.38 146.49   272.90 284.01   134.84 145.95   140.42 151.54   134.16 145.27
2020-08-14   134.38 145.48   134.35 145.45   271.87 282.97   133.81 144.91   139.40 150.50   133.13 144.23
2020-08-15   133.36 144.44   133.33 144.41   270.84 281.93   132.79 143.87   138.37 149.46   132.11 143.19
2020-08-16   132.34 143.41   132.31 143.38   269.82 280.89   131.77 142.84   137.35 148.42   131.09 142.15
2020-08-17   131.32 142.37   131.29 142.35   268.81 279.86   130.75 141.80   136.33 147.39   130.07 141.12
2020-08-18   130.30 141.34   130.28 141.31   267.79 278.83   129.73 140.77   135.32 146.36   129.05 140.09
2020-08-19   129.29 140.31   129.27 140.29   266.78 277.80   128.72 139.74   134.31 145.33   128.04 139.06
2020-08-20   128.28 139.29   128.26 139.26   265.77 276.77   127.71 138.72   133.30 144.30   127.03 138.04
2020-08-21   127.28 138.27   127.25 138.24   264.77 275.75   126.71 137.70   132.29 143.28   126.03 137.01
2020-08-22   126.28 137.25   126.25 137.22   263.76 274.73   125.71 136.68   131.29 142.26   125.03 135.99
2020-08-23   125.28 136.23   125.25 136.20   262.76 273.72   124.71 135.66   130.29 141.24   124.03 134.98
2020-08-24   124.28 135.22   124.25 135.19   261.77 272.70   123.71 134.65   129.30 140.23   123.03 133.97
2020-08-25   123.29 134.21   123.26 134.18   260.78 271.69   122.72 133.64   128.30 139.22   122.04 132.95
2020-08-26   122.30 133.20   122.27 133.17   259.79 270.69   121.73 132.63   127.31 138.21   121.05 131.95
2020-08-27   121.31 132.19   121.29 132.17   258.80 269.68   120.74 131.62   126.33 137.21   120.06 130.94
2020-08-28   120.33 131.19   120.30 131.17   257.82 268.68   119.76 130.62   125.35 136.21   119.08 129.94
2020-08-29   119.35 130.19   119.32 130.17   256.84 267.68   118.78 129.62   124.37 135.21   118.10 128.94
2020-08-30   118.37 129.20   118.35 129.17   255.86 266.69   117.80 128.63   123.39 134.22   117.12 127.95
2020-08-31   117.40 128.21   117.37 128.18   254.89 265.70   116.83 127.64   122.42 133.22   116.15 126.96
2020-09-01   116.43 127.22   116.40 127.19   253.92 264.71   115.86 126.65   121.45 132.24   115.18 125.97
2020-09-02   115.46 126.23   115.44 126.21   252.95 263.72   114.89 125.66   120.48 131.25   114.21 124.98
2020-09-03   114.50 125.25   114.47 125.23   251.99 262.74   113.93 124.68   119.52 130.27   113.25 124.00
2020-09-04   113.54 124.27   113.51 124.25   251.03 261.76   112.97 123.70   118.56 129.29   112.29 123.02
2020-09-05   112.58 123.30   112.56 123.27   250.07 260.79   112.01 122.73   117.60 128.31   111.33 122.05
2020-09-06   111.63 122.33   111.60 122.30   249.12 259.81   111.06 121.76   116.64 127.34   110.38 121.08
2020-09-07   110.68 121.36   110.65 121.33   248.16 258.84   110.11 120.79   115.69 126.37   109.43 120.11
2020-09-08   109.73 120.39   109.70 120.36   247.22 257.88   109.16 119.82   114.74 125.41   108.48 119.14
2020-09-09   108.78 119.43   108.76 119.40   246.27 256.91   108.21 118.86   113.80 124.44   107.53 118.18
2020-09-10   107.84 118.47   107.81 118.44   245.33 255.95   107.27 117.90   112.86 123.48   106.59 117.22
2020-09-11   106.90 117.51   106.88 117.48   244.39 255.00   106.33 116.94   111.92 122.52   105.65 116.26
2020-09-12   105.97 116.56   105.94 116.53   243.45 254.04   105.40 115.99   110.98 121.57   104.71 115.30
2020-09-13   105.03 115.60   105.00 115.58   242.52 253.09   104.46 115.03   110.05 120.62   103.78 114.35
2020-09-14   104.10 114.66   104.07 114.63   241.59 252.14   103.53 114.09   109.11 119.67   102.85 113.40
2020-09-15   103.17 113.71   103.14 113.68   240.66 251.20   102.60 113.14   108.19 118.73   101.92 112.46
2020-09-16   102.24 112.77   102.22 112.74   239.73 250.25   101.67 112.20   107.26 117.78   100.99 111.52
2020-09-17   101.32 111.83   101.29 111.80   238.81 249.31   100.75 111.26   106.34 116.84   100.07 110.58
2020-09-18   100.40 110.89   100.37 110.86   237.89 248.38    99.83 110.32   105.41 115.91    99.15 109.64
2020-09-19    99.48 109.96    99.45 109.93   236.97 247.44    98.91 109.39   104.50 114.97    98.23 108.70
2020-09-20    98.56 109.02    98.54 109.00   236.05 246.51    97.99 108.45   103.58 114.04    97.31 107.77
2020-09-21    97.65 108.09    97.62 108.07   235.14 245.58    97.08 107.52   102.66 113.11    96.40 106.84
2020-09-22    96.74 107.17    96.71 107.14   234.22 244.65    96.17 106.60   101.75 112.18    95.49 105.92
2020-09-23    95.83 106.24    95.80 106.22   233.31 243.73    95.26 105.67   100.84 111.26    94.58 104.99
2020-09-24    94.92 105.32    94.89 105.29   232.41 242.81    94.35 104.75    99.93 110.34    93.67 104.07
2020-09-25    94.01 104.40    93.99 104.37   231.50 241.89    93.44 103.83    99.03 109.42    92.76 103.15
2020-09-26    93.11 103.48    93.08 103.46   230.59 240.97    92.54 102.91    98.12 108.50    91.86 102.23
2020-09-27    92.20 102.57    92.18 102.54   229.69 240.05    91.63 102.00    97.22 107.58    90.95 101.32
2020-09-28    91.30 101.65    91.28 101.63   228.79 239.14    90.73 101.08    96.32 106.67    90.05 100.40
2020-09-29    90.40 100.74    90.38 100.71   227.89 238.23    89.83 100.17    95.42 105.76    89.15  99.49
2020-09-30    89.50  99.83    89.48  99.80   226.99 237.32    88.93  99.26    94.52 104.85    88.25  98.58
2020-10-01    88.61  98.92    88.58  98.90   226.09 236.41    88.04  98.35    93.62 103.94    87.36  97.67
2020-10-02    87.71  98.02    87.68  97.99   225.20 235.50    87.14  97.45    92.73 103.03    86.46  96.77
2020-10-03    86.82  97.11    86.79  97.09   224.30 234.60    86.25  96.54    91.83 102.13    85.57  95.86
2020-10-04    85.92  96.21    85.90  96.18   223.41 233.70    85.35  95.64    90.94 101.22    84.67  94.96
2020-10-05    85.03  95.31    85.00  95.28   222.52 232.79    84.46  94.74    90.04 100.32    83.78  94.06
2020-10-06    84.14  94.41    84.11  94.38   221.63 231.89    83.57  93.84    89.15  99.42    82.89  93.16
2020-10-07    83.25  93.51    83.22  93.48   220.73 230.99    82.68  92.94    88.26  98.52    82.00  92.26
2020-10-08    82.36  92.61    82.33  92.58   219.84 230.10    81.79  92.04    87.37  97.62    81.11  91.36
2020-10-09    81.47  91.71    81.44  91.69   218.95 229.20    80.90  91.14    86.48  96.73    80.22  90.46
2020-10-10    80.58  90.82    80.55  90.79   218.06 228.30    80.01  90.25    85.59  95.83    79.33  89.56
2020-10-11    79.69  89.92    79.66  89.89   217.18 227.41    79.12  89.35    84.70  94.94    78.44  88.67
2020-10-12    78.80  89.03    78.77  89.00   216.29 226.51    78.23  88.46    83.81  94.04    77.55  87.78
2020-10-13    77.91  88.13    77.88  88.11   215.40 225.62    77.34  87.56    82.93  93.15    76.66  86.88
2020-10-14    77.02  87.24    77.00  87.21   214.51 224.73    76.45  86.67    82.04  92.25    75.77  85.99
2020-10-15    76.13  86.35    76.11  86.32   213.62 223.83    75.56  85.78    81.15  91.36    74.88  85.10
2020-10-16    75.25  85.45    75.22  85.43   212.73 222.94    74.68  84.88    80.26  90.47    73.99  84.20
2020-10-17    74.36  84.56    74.33  84.54   211.84 222.05    73.79  83.99    79.37  89.58    73.11  83.31
2020-10-18    73.47  83.67    73.44  83.64   210.95 221.16    72.90  83.10    78.48  88.69    72.22  82.42
2020-10-19    72.58  82.78    72.55  82.75   210.06 220.27    72.01  82.21    77.59  87.79    71.33  81.53
2020-10-20    71.69  81.89    71.66  81.86   209.17 219.38    71.12  81.32    76.70  86.90    70.44  80.64
2020-10-21    70.80  81.00    70.77  80.97   208.28 218.48    70.23  80.43    75.81  86.01    69.55  79.75
2020-10-22    69.90  80.10    69.88  80.08   207.39 217.59    69.33  79.53    74.92  85.12    68.65  78.85
2020-10-23    69.01  79.21    68.99  79.19   206.50 216.70    68.44  78.64    74.03  84.23    67.76  77.96
2020-10-24    68.12  78.32    68.09  78.29   205.61 215.81    67.55  77.75    73.13  83.33    66.87  77.07
2020-10-25    67.22  77.43    67.20  77.40   204.71 214.91    66.65  76.86    72.24  82.44    65.97  76.18
2020-10-26    66.33  76.53    66.30  76.51   203.82 214.02    65.76  75.96    71.34  81.55    65.08  75.28
2020-10-27    65.43  75.64    65.40  75.61   202.92 213.13    64.86  75.07    70.45  80.65    64.18  74.39
2020-10-28    64.56  74.72    64.53  74.69   202.04 212.21    63.99  74.15    69.57  79.73    63.31  73.47
2020-10-29    63.92  73.56    63.90  73.53   201.41 211.05    63.35  72.99    68.94  78.57    62.67  72.31
2020-10-30    63.28  72.40    63.26  72.37   200.77 209.88    62.71  71.83    68.30  77.41    62.03  71.15
2020-10-31    62.64  71.24    62.62  71.21   200.13 208.72    62.07  70.67    67.66  76.25    61.39  69.98
2020-11-01    62.00  70.07    61.98  70.05   199.49 207.56    61.43  69.50    67.02  75.09    60.75  68.82
2020-11-02    61.36  68.91    61.33  68.88   198.85 206.40    60.79  68.34    66.37  73.92    60.11  67.66
2020-11-03    60.71  67.74    60.69  67.72   198.20 205.23    60.14  67.17    65.73  72.76    59.46  66.49

2021-04-07   261.92 268.86   261.89 268.83    39.41  46.35   261.35 268.29   266.93 273.87   260.67 267.61
2021-04-08   260.78 268.23   260.75 268.20    38.26  45.71   260.21 267.66   265.79 273.24   259.52 266.98
2021-04-09   259.63 267.60   259.61 267.57    37.12  45.08   259.06 267.03   264.65 272.61   258.38 266.35
2021-04-10   258.49 266.97   258.47 266.94    35.98  44.46   257.92 266.40   263.51 271.98   257.24 265.72
2021-04-11   257.35 266.34   257.33 266.32    34.84  43.83   256.78 265.77   262.37 271.36   256.10 265.09
2021-04-12   256.21 265.72   256.19 265.69    33.70  43.21   255.64 265.15   261.23 270.74   254.96 264.47
2021-04-13   255.07 265.10   255.05 265.07    32.56  42.59   254.50 264.53   260.09 270.11   253.82 263.85
2021-04-14   254.10 264.31   254.08 264.28    31.59  41.80   253.53 263.74   259.12 269.33   252.85 263.06
2021-04-15   253.23 263.43   253.20 263.40    30.71  40.92   252.66 262.86   258.24 268.45   251.97 262.18
2021-04-16   252.35 262.55   252.32 262.53    29.84  40.04   251.78 261.98   257.36 267.57   251.10 261.30
2021-04-17   251.47 261.68   251.45 261.65    28.96  39.16   250.90 261.11   256.49 266.69   250.22 260.42
2021-04-18   250.60 260.80   250.57 260.77    28.09  38.29   250.03 260.23   255.61 265.81   249.35 259.55
2021-04-19   249.72 259.92   249.70 259.90    27.21  37.41   249.15 259.35   254.74 264.94   248.47 258.67
2021-04-20   248.85 259.05   248.82 259.02    26.34  36.54   248.28 258.48   253.86 264.06   247.60 257.80
2021-04-21   247.97 258.17   247.95 258.15    25.46  35.66   247.40 257.60   252.99 263.19   246.72 256.92
2021-04-22   247.10 257.30   247.07 257.27    24.59  34.79   246.53 256.73   252.11 262.32   245.85 256.05
2021-04-23   246.22 256.43   246.20 256.40    23.71  33.91   245.65 255.86   251.24 261.44   244.97 255.18
2021-04-24   245.35 255.55   245.32 255.53    22.84  33.04   244.78 254.98   250.36 260.57   244.10 254.30
2021-04-25   244.47 254.68   244.45 254.65    21.96  32.17   243.90 254.11   249.49 259.70   243.22 253.43
2021-04-26   243.60 253.81   243.57 253.78    21.08  31.30   243.03 253.24   248.61 258.82   242.35 252.56
2021-04-27   242.72 252.94   242.69 252.91    20.21  30.42   242.15 252.37   247.74 257.95   241.47 251.69
2021-04-28   241.84 252.06   241.82 252.04    19.33  29.55   241.27 251.49   246.86 257.08   240.59 250.81
2021-04-29   240.97 251.19   240.94 251.16    18.45  28.68   240.40 250.62   245.98 256.21   239.72 249.94
2021-04-30   240.09 250.32   240.06 250.29    17.57  27.80   239.52 249.75   245.10 255.33   238.84 249.07
2021-05-01   239.21 249.44   239.18 249.42    16.70  26.93   238.64 248.87   244.22 254.46   237.96 248.19
2021-05-02   238.33 248.57   238.30 248.54    15.82  26.06   237.76 248.00   243.34 253.58   237.08 247.32
2021-05-03   237.45 247.70   237.42 247.67    14.93  25.18   236.88 247.13   242.46 252.71   236.20 246.44
2021-05-04   236.56 246.82   236.54 246.79    14.05  24.31   235.99 246.25   241.58 251.84   235.31 245.57
2021-05-05   235.68 245.94   235.65 245.92    13.17  23.43   235.11 245.37   240.69 250.96   234.43 244.69
2021-05-06   234.79 245.07   234.77 245.04    12.28  22.55   234.22 244.50   239.81 250.08   233.54 243.82
2021-05-07   233.91 244.19   233.88 244.16    11.40  21.68   233.34 243.62   238.92 249.20   232.66 242.94
2021-05-08   233.02 243.31   232.99 243.28    10.51  20.80   232.45 242.74   238.03 248.32   231.77 242.06
2021-05-09   232.13 242.43   232.10 242.40     9.62  19.92   231.56 241.86   237.14 247.44   230.88 241.18
2021-05-10   231.24 241.55   231.21 241.52     8.73  19.04   230.67 240.98   236.25 246.56   229.99 240.30
2021-05-11   230.34 240.67   230.32 240.64     7.83  18.15   229.77 240.10   235.36 245.68   229.09 239.41
2021-05-12   229.45 239.78   229.42 239.75     6.94  17.27   228.88 239.21   234.46 244.80   228.20 238.53
2021-05-13   228.55 238.90   228.53 238.87     6.04  16.38   227.98 238.33   233.57 243.91   227.30 237.64
2021-05-14   227.65 238.01   227.63 237.98     5.14  15.50   227.08 237.44   232.67 243.02   226.40 236.76
2021-05-15   226.75 237.12   226.72 237.09     4.24  14.61   226.18 236.55   231.77 242.13   225.50 235.87
2021-05-16   225.85 236.23   225.82 236.20     3.33  13.71   225.28 235.66   230.86 241.24   224.60 234.98
2021-05-17   224.94 235.33   224.91 235.31     2.43  12.82   224.37 234.76   229.96 240.35   223.69 234.08
2021-05-18   224.03 234.44   224.01 234.41     1.52  11.93   223.46 233.87   229.05 239.45   222.78 233.19
2021-05-19   223.12 233.54   223.10 233.52     0.61  11.03   222.55 232.97   228.14 238.56   221.87 232.29
2021-05-20   222.21 232.64   222.18 232.62   359.70  10.13   221.64 232.07   227.22 237.66   220.96 231.39
2021-05-21   221.29 231.74   221.27 231.72   358.78   9.23   220.72 231.17   226.31 236.76   220.04 230.49
2021-05-22   220.37 230.84   220.35 230.81   357.86   8.33   219.80 230.27   225.39 235.85   219.12 229.59
2021-05-23   219.45 229.93   219.43 229.91   356.94   7.42   218.88 229.36   224.47 234.95   218.20 228.68
2021-05-24   218.53 229.02   218.50 229.00   356.02   6.51   217.96 228.45   223.54 234.04   217.28 227.77
2021-05-25   217.60 228.11   217.57 228.09   355.09   5.60   217.03 227.54   222.62 233.13   216.35 226.86
2021-05-26   216.67 227.20   216.64 227.17   354.16   4.69   216.10 226.63   221.69 232.21   215.42 225.95
2021-05-27   215.74 226.28   215.71 226.26   353.23   3.77   215.17 225.71   220.75 231.30   214.49 225.03
2021-05-28   214.80 225.36   214.78 225.34   352.29   2.85   214.23 224.79   219.82 230.38   213.55 224.11
2021-05-29   213.86 224.44   213.84 224.41   351.35   1.93   213.29 223.87   218.88 229.46   212.61 223.19
2021-05-30   212.92 223.52   212.89 223.49   350.41   1.00   212.35 222.95   217.94 228.53   211.67 222.27
2021-05-31   211.98 222.59   211.95 222.56   349.46   0.08   211.41 222.02   216.99 227.60   210.72 221.34
2021-06-01   211.03 221.66   211.00 221.63   348.51 359.14   210.46 221.09   216.04 226.67   209.78 220.41
2021-06-02   210.08 220.72   210.05 220.70   347.56 358.21   209.51 220.15   215.09 225.74   208.82 219.47
2021-06-03   209.12 219.79   209.09 219.76   346.61 357.27   208.55 219.22   214.14 224.80   207.87 218.54
2021-06-04   208.16 218.85   208.14 218.82   345.65 356.33   207.59 218.28   213.18 223.86   206.91 217.60
2021-06-05   207.20 217.90   207.17 217.88   344.69 355.39   206.63 217.33   212.22 222.92   205.95 216.65
2021-06-06   206.24 216.96   206.21 216.93   343.72 354.44   205.67 216.39   211.25 221.97   204.99 215.71
2021-06-07   205.27 216.01   205.24 215.98   342.76 353.49   204.70 215.44   210.28 221.02   204.02 214.76
2021-06-08   204.30 215.05   204.27 215.03   341.78 352.54   203.73 214.48   209.31 220.07   203.05 213.80
2021-06-09   203.32 214.10   203.29 214.07   340.81 351.58   202.75 213.53   208.34 219.11   202.07 212.85
2021-06-10   202.34 213.14   202.32 213.11   339.83 350.62   201.77 212.57   207.36 218.15   201.09 211.89
2021-06-11   201.36 212.17   201.33 212.15   338.85 349.66   200.79 211.60   206.38 217.19   200.11 210.92
2021-06-12   200.38 211.21   200.35 211.18   337.86 348.69   199.81 210.64   205.39 216.22   199.12 209.96
2021-06-13   199.39 210.24   199.36 210.21   336.87 347.72   198.82 209.67   204.40 215.25   198.14 208.98
2021-06-14   198.39 209.26   198.37 209.24   335.88 346.75   197.82 208.69   203.41 214.28   197.14 208.01
2021-06-15   197.40 208.28   197.37 208.26   334.89 345.77   196.83 207.71   202.41 213.30   196.15 207.03
2021-06-16   196.40 207.30   196.37 207.28   333.89 344.79   195.83 206.73   201.42 212.32   195.15 206.05
2021-06-17   195.40 206.32   195.37 206.29   332.89 343.81   194.83 205.75   200.41 211.34   194.15 205.07
2021-06-18   194.39 205.33   194.37 205.31   331.88 342.82   193.82 204.76   199.41 210.35   193.14 204.08
2021-06-19   193.38 204.34   193.36 204.31   330.87 341.83   192.81 203.77   198.40 209.36   192.13 203.09
2021-06-20   192.37 203.35   192.35 203.32   329.86 340.83   191.80 202.78   197.39 208.36   191.12 202.10
2021-06-21   191.36 202.35   191.33 202.32   328.85 339.84   190.79 201.78   196.37 207.36   190.11 201.10
2021-06-22   190.34 201.35   190.31 201.32   327.83 338.83   189.77 200.78   195.35 206.36   189.09 200.10
2021-06-23   189.32 200.34   189.29 200.32   326.81 337.83   188.75 199.77   194.33 205.36   188.07 199.09
2021-06-24   188.29 199.33   188.27 199.31   325.78 336.82   187.72 198.76   193.31 204.35   187.04 198.08
2021-06-25   187.27 198.32   187.24 198.30   324.75 335.81   186.70 197.75   192.28 203.34   186.02 197.07
2021-06-26   186.24 197.31   186.21 197.28   323.72 334.80   185.67 196.74   191.25 202.32   184.99 196.06
2021-06-27   185.20 196.29   185.18 196.26   322.69 333.78   184.63 195.72   190.22 201.31   183.95 195.04
2021-06-28   184.17 195.27   184.14 195.24   321.66 332.76   183.60 194.70   189.18 200.29   182.92 194.02
2021-06-29   183.13 194.25   183.10 194.22   320.62 331.73   182.56 193.68   188.14 199.26   181.88 193.00
2021-06-30   182.09 193.22   182.06 193.19   319.58 330.71   181.52 192.65   187.10 198.23   180.84 191.97
2021-07-01   181.05 192.19   181.02 192.16   318.53 329.68   180.48 191.62   186.06 197.20   179.79 190.94
2021-07-02   180.00 191.16   179.97 191.13   317.49 328.64   179.43 190.59   185.01 196.17   178.75 189.91
2021-07-03   178.95 190.12   178.92 190.09   316.44 327.61   178.38 189.55   183.97 195.14   177.70 188.87
2021-07-04   177.90 189.08   177.87 189.06   315.39 326.57   177.33 188.51   182.92 194.10   176.65 187.83
2021-07-05   176.85 188.04   176.82 188.01   314.34 325.53   176.28 187.47   181.86 193.06   175.60 186.79
2021-07-06   175.79 187.00   175.77 186.97   313.28 324.49   175.22 186.43   180.81 192.01   174.54 185.75
2021-07-07   174.74 185.95   174.71 185.93   312.23 323.44   174.17 185.38   179.75 190.97   173.49 184.70
2021-07-08   173.68 184.90   173.65 184.88   311.17 322.39   173.11 184.33   178.70 189.92   172.43 183.65
2021-07-09   172.62 183.85   172.60 183.83   310.11 321.34   172.05 183.28   177.64 188.87   171.37 182.60
2021-07-10   171.56 182.80   171.54 182.78   309.05 320.29   170.99 182.23   176.58 187.82   170.31 181.55
2021-07-11   170.50 181.75   170.47 181.72   307.99 319.24   169.93 181.18   175.51 186.76   169.25 180.50
2021-07-12   169.44 180.69   169.41 180.67   306.92 318.18   168.87 180.12   174.45 185.71   168.19 179.44
2021-07-13   168.37 179.63   168.35 179.61   305.86 317.12   167.80 179.06   173.39 184.65   167.12 178.38
2021-07-14   167.31 178.58   167.28 178.55   304.80 316.06   166.74 178.01   172.32 183.59   166.06 177.32
2021-07-15   166.24 177.51   166.22 177.49   303.73 315.00   165.67 176.94   171.26 182.53   164.99 176.26
2021-07-16   165.18 176.45   165.15 176.43   302.66 313.94   164.61 175.88   170.19 181.47   163.93 175.20
2021-07-17   164.11 175.39   164.08 175.36   301.60 312.88   163.54 174.82   169.12 180.40   162.86 174.14
2021-07-18   163.04 174.33   163.02 174.30   300.53 311.81   162.47 173.76   168.06 179.34   161.79 173.08
2021-07-19   161.98 173.26   161.95 173.23   299.46 310.75   161.41 172.69   166.99 178.28   160.73 172.01
2021-07-20   160.91 172.20   160.88 172.17   298.40 309.68   160.34 171.63   165.92 177.21   159.66 170.94
2021-07-21   159.84 171.13   159.82 171.10   297.33 308.62   159.27 170.56   164.86 176.14   158.59 169.88
2021-07-22   158.78 170.06   158.75 170.04   296.26 307.55   158.21 169.49   163.79 175.08   157.53 168.81
2021-07-23   157.71 169.00   157.68 168.97   295.20 306.48   157.14 168.43   162.73 174.01   156.46 167.75
2021-07-24   156.64 167.93   156.62 167.90   294.13 305.42   156.07 167.36   161.66 172.94   155.39 166.68
2021-07-25   155.58 166.86   155.55 166.84   293.07 304.35   155.01 166.29   160.59 171.88   154.33 165.61
2021-07-26   154.52 165.80   154.49 165.77   292.00 303.28   153.95 165.23   159.53 170.81   153.27 164.54
2021-07-27   153.45 164.73   153.43 164.70   290.94 302.22   152.88 164.16   158.47 169.74   152.20 163.48
2021-07-28   152.39 163.66   152.36 163.64   289.88 301.15   151.82 163.09   157.41 168.68   151.14 162.41
2021-07-29   151.33 162.60   151.30 162.57   288.82 300.08   150.76 162.03   156.35 167.61   150.08 161.35
2021-07-30   150.27 161.53   150.25 161.51   287.76 299.02   149.70 160.96   155.29 166.55   149.02 160.28
2021-07-31   149.21 160.47   149.19 160.44   286.70 297.96   148.64 159.90   154.23 165.48   147.96 159.22
2021-08-01   148.16 159.41   148.13 159.38   285.65 296.89   147.59 158.84   153.17 164.42   146.91 158.15
2021-08-02   147.10 158.34   147.08 158.32   284.59 295.83   146.53 157.77   152.12 163.36   145.85 157.09
2021-08-03   146.05 157.28   146.03 157.26   283.54 294.77   145.48 156.71   151.07 162.30   144.80 156.03
2021-08-04   145.00 156.22   144.98 156.20   282.49 293.71   144.43 155.65   150.02 161.24   143.75 154.97
2021-08-05   143.95 155.17   143.93 155.14   281.44 292.65   143.38 154.60   148.97 160.18   142.70 153.92
2021-08-06   142.91 154.11   142.88 154.08   280.40 291.60   142.34 153.54   147.92 159.12   141.66 152.86
2021-08-07   141.86 153.06   141.84 153.03   279.35 290.54   141.29 152.49   146.88 158.07   140.61 151.80
2021-08-08   140.82 152.00   140.80 151.98   278.31 289.49   140.25 151.43   145.84 157.02   139.57 150.75
2021-08-09   139.78 150.95   139.76 150.92   277.27 288.44   139.21 150.38   144.80 155.97   138.53 149.70
2021-08-10   138.75 149.90   138.72 149.88   276.23 287.39   138.18 149.33   143.76 154.92   137.50 148.65
2021-08-11   137.71 148.86   137.69 148.83   275.20 286.34   137.14 148.29   142.73 153.87   136.46 147.61
2021-08-12   136.68 147.81   136.66 147.78   274.17 285.30   136.11 147.24   141.70 152.83   135.43 146.56
2021-08-13   135.65 146.77   135.63 146.74   273.14 284.26   135.08 146.20   140.67 151.78   134.40 145.52
2021-08-14   134.63 145.73   134.60 145.70   272.12 283.22   134.06 145.16   139.64 150.74   133.38 144.48
2021-08-15   133.61 144.69   133.58 144.67   271.09 282.18   133.04 144.12   138.62 149.71   132.36 143.44
2021-08-16   132.59 143.66   132.56 143.63   270.07 281.14   132.02 143.09   137.60 148.67   131.34 142.41
2021-08-17   131.57 142.62   131.54 142.60   269.06 280.11   131.00 142.05   136.58 147.64   130.32 141.37
2021-08-18   130.56 141.60   130.53 141.57   268.04 279.08   129.99 141.03   135.57 146.61   129.30 140.34
2021-08-19   129.55 140.57   129.52 140.54   267.03 278.06   128.98 140.00   134.56 145.58   128.29 139.32
2021-08-20   128.54 139.54   128.51 139.52   266.02 277.03   127.97 138.97   133.55 144.56   127.29 138.29
2021-08-21   127.53 138.52   127.51 138.50   265.02 276.01   126.96 137.95   132.55 143.54   126.28 137.27
2021-08-22   126.53 137.50   126.51 137.48   264.02 274.99   125.96 136.93   131.55 142.52   125.28 136.25
2021-08-23   125.53 136.49   125.51 136.46   263.02 273.98   124.96 135.92   130.55 141.50   124.28 135.24
2021-08-24   124.54 135.48   124.51 135.45   262.03 272.96   123.97 134.91   129.55 140.49   123.29 134.23
2021-08-25   123.55 134.47   123.52 134.44   261.03 271.95   122.98 133.90   128.56 139.48   122.30 133.22
2021-08-26   122.56 133.46   122.53 133.43   260.05 270.95   121.99 132.89   127.57 138.48   121.31 132.21
2021-08-27   121.57 132.46   121.55 132.43   259.06 269.95   121.00 131.89   126.59 137.47   120.32 131.21
2021-08-28   120.59 131.46   120.57 131.43   258.08 268.95   120.02 130.89   125.61 136.47   119.34 130.21
2021-08-29   119.61 130.46   119.59 130.43   257.10 267.95   119.04 129.89   124.63 135.48   118.36 129.21
2021-08-30   118.64 129.47   118.61 129.44   256.12 266.95   118.07 128.90   123.65 134.48   117.39 128.22
2021-08-31   117.67 128.48   117.64 128.45   255.15 265.96   117.10 127.91   122.68 133.49   116.41 127.23
2021-09-01   116.70 127.49   116.67 127.46   254.18 264.98   116.13 126.92   121.71 132.50   115.45 126.24
2021-09-02   115.73 126.50   115.70 126.48   253.22 263.99   115.16 125.93   120.75 131.52   114.48 125.25
2021-09-03   114.77 125.52   114.74 125.50   252.25 263.01   114.20 124.95   119.78 130.54   113.52 124.27
2021-09-04   113.81 124.54   113.78 124.52   251.29 262.03   113.24 123.97   118.82 129.56   112.56 123.29
2021-09-05   112.85 123.57   112.82 123.54   250.34 261.06   112.28 123.00   117.87 128.59   111.60 122.32
2021-09-06   111.90 122.60   111.87 122.57   249.38 260.09   111.33 122.03   116.91 127.61   110.65 121.35
2021-09-07   110.95 121.63   110.92 121.60   248.43 259.12   110.38 121.06   115.96 126.64   109.70 120.38
2021-09-08   110.00 120.66   109.97 120.64   247.49 258.15   109.43 120.09   115.01 125.68   108.75 119.41
2021-09-09   109.05 119.70   109.03 119.67   246.54 257.19   108.48 119.13   114.07 124.72   107.80 118.45
2021-09-10   108.11 118.74   108.09 118.71   245.60 256.23   107.54 118.17   113.13 123.76   106.86 117.49
2021-09-11   107.17 117.78   107.15 117.76   244.66 255.27   106.60 117.21   112.19 122.80   105.92 116.53
2021-09-12   106.24 116.83   106.21 116.80   243.72 254.32   105.67 116.26   111.25 121.85   104.99 115.58
2021-09-13   105.30 115.88   105.28 115.85   242.79 253.37   104.73 115.31   110.32 120.90   104.05 114.63
2021-09-14   104.37 114.93   104.35 114.91   241.86 252.42   103.80 114.36   109.39 119.95   103.12 113.68
2021-09-15   103.44 113.99   103.42 113.96   240.93 251.47   102.87 113.42   108.46 119.00   102.19 112.74
2021-09-16   102.52 113.04   102.49 113.02   240.01 250.53   101.95 112.47   107.53 118.06   101.27 111.79
2021-09-17   101.59 112.10   101.57 112.08   239.08 249.59   101.02 111.53   106.61 117.12   100.34 110.85
2021-09-18   100.67 111.17   100.65 111.14   238.16 248.66   100.10 110.60   105.69 116.18    99.42 109.92
2021-09-19    99.75 110.23    99.73 110.21   237.24 247.72    99.18 109.66   104.77 115.25    98.50 108.98
2021-09-20    98.84 109.30    98.81 109.28   236.33 246.79    98.27 108.73   103.85 114.32    97.59 108.05
2021-09-21    97.92 108.37    97.90 108.35   235.41 245.86    97.35 107.80   102.94 113.39    96.67 107.12
2021-09-22    97.01 107.45    96.98 107.42   234.50 244.93    96.44 106.88   102.03 112.46    95.76 106.19
2021-09-23    96.10 106.52    96.07 106.49   233.59 244.01    95.53 105.95   101.12 111.54    94.85 105.27
2021-09-24    95.19 105.60    95.17 105.57   232.68 243.09    94.62 105.03   100.21 110.61    93.94 104.35
2021-09-25    94.29 104.68    94.26 104.65   231.77 242.17    93.72 104.11    99.30 109.69    93.04 103.43
2021-09-26    93.38 103.76    93.36 103.73   230.87 241.25    92.81 103.19    98.40 108.78    92.13 102.51
2021-09-27    92.48 102.84    92.45 102.82   229.97 240.33    91.91 102.27    97.49 107.86    91.23 101.59
2021-09-28    91.58 101.93    91.55 101.90   229.06 239.42    91.01 101.36    96.59 106.95    90.33 100.68
2021-09-29    90.68 101.02    90.65 100.99   228.16 238.51    90.11 100.45    95.69 106.03    89.43  99.77
2021-09-30    89.78 100.11    89.75 100.08   227.27 237.60    89.21  99.54    94.79 105.12    88.53  98.86
2021-10-01    88.88  99.20    88.86  99.17   226.37 236.69    88.31  98.63    93.90 104.22    87.63  97.95
2021-10-02    87.99  98.29    87.96  98.27   225.47 235.78    87.42  97.72    93.00 103.31    86.73  97.04
2021-10-03    87.09  97.39    87.06  97.36   224.58 234.88    86.52  96.82    92.11 102.40    85.84  96.14
2021-10-04    86.20  96.49    86.17  96.46   223.68 233.97    85.63  95.92    91.21 101.50    84.95  95.23
2021-10-05    85.30  95.58    85.28  95.56   222.79 233.07    84.73  95.01    90.32 100.60    84.05  94.33
2021-10-06    84.41  94.68    84.39  94.66   221.90 232.17    83.84  94.11    89.43  99.70    83.16  93.43
2021-10-07    83.52  93.78    83.49  93.76   221.01 231.27    82.95  93.21    88.54  98.80    82.27  92.53
2021-10-08    82.63  92.88    82.60  92.86   220.12 230.37    82.06  92.31    87.65  97.90    81.38  91.63
2021-10-09    81.74  91.99    81.71  91.96   219.23 229.47    81.17  91.42    86.76  97.00    80.49  90.74
2021-10-10    80.85  91.09    80.82  91.06   218.34 228.58    80.28  90.52    85.87  96.11    79.60  89.84
2021-10-11    79.96  90.20    79.93  90.17   217.45 227.68    79.39  89.63    84.98  95.21    78.71  88.94
2021-10-12    79.07  89.30    79.05  89.27   216.56 226.79    78.50  88.73    84.09  94.32    77.82  88.05
2021-10-13    78.18  88.41    78.16  88.38   215.67 225.89    77.61  87.84    83.20  93.42    76.93  87.16
2021-10-14    77.29  87.51    77.27  87.49   214.78 225.00    76.72  86.94    82.31  92.53    76.04  86.26
2021-10-15    76.41  86.62    76.38  86.59   213.89 224.11    75.84  86.05    81.42  91.63    75.15  85.37
2021-10-16    75.52  85.73    75.49  85.70   213.00 223.21    74.95  85.16    80.53  90.74    74.27  84.48
2021-10-17    74.63  84.83    74.60  84.81   212.11 222.32    74.06  84.26    79.64  89.85    73.38  83.58
2021-10-18    73.74  83.94    73.71  83.92   211.22 221.43    73.17  83.37    78.75  88.96    72.49  82.69
2021-10-19    72.85  83.05    72.82  83.02   210.33 220.54    72.28  82.48    77.86  88.07    71.60  81.80
2021-10-20    71.96  82.16    71.93  82.13   209.44 219.65    71.39  81.59    76.97  87.17    70.71  80.91
2021-10-21    71.07  81.27    71.04  81.24   208.55 218.75    70.50  80.70    76.08  86.28    69.81  80.01
2021-10-22    70.17  80.37    70.15  80.35   207.66 217.86    69.60  79.80    75.19  85.39    68.92  79.12
2021-10-23    69.28  79.48    69.25  79.45   206.77 216.97    68.71  78.91    74.30  84.50    68.03  78.23
2021-10-24    68.39  78.59    68.36  78.56   205.87 216.07    67.82  78.02    73.40  83.60    67.14  77.34
2021-10-25    67.49  77.69    67.46  77.67   204.98 215.18    66.92  77.12    72.51  82.71    66.24  76.44
2021-10-26    66.60  76.80    66.57  76.77   204.08 214.29    66.03  76.23    71.61  81.81    65.34  75.55
2021-10-27    65.70  75.90    65.67  75.88   203.19 213.39    65.13  75.33    70.71  80.92    64.45  74.65
2021-10-28    64.80  75.01    64.77  74.98   202.29 212.50    64.23  74.44    69.81  80.02    63.55  73.76
2021-10-29    64.11  73.90    64.08  73.88   201.59 211.39    63.54  73.33    69.12  78.92    62.86  72.65
2021-10-30    63.47  72.74    63.44  72.71   200.96 210.23    62.90  72.17    68.48  77.76    62.22  71.49
2021-10-31    62.83  71.58    62.80  71.55   200.32 209.07    62.26  71.01    67.84  76.59    61.58  70.33
2021-11-01    62.19  70.41    62.16  70.39   199.67 207.90    61.62  69.84    67.20  75.43    60.94  69.16
2021-11-02    61.54  69.25    61.52  69.22   199.03 206.74    60.97  68.68    66.56  74.26    60.29  68.00
2021-11-03    60.90  68.08    60.87  68.06   198.38 205.57    60.33  67.51    65.91  73.10    59.64  66.83

2022-04-08   261.13 268.41   261.10 268.39    38.61  45.90   260.56 267.84   266.14 273.43   259.88 267.16
2022-04-09   259.98 267.79   259.96 267.76    37.47  45.27   259.41 267.22   265.00 272.80   258.73 266.53
2022-04-10   258.84 267.16   258.82 267.13    36.33  44.64   258.27 266.59   263.86 272.17   257.59 265.91
2022-04-11   257.70 266.53   257.67 266.51    35.19  44.02   257.13 265.96   262.72 271.55   256.45 265.28
2022-04-12   256.56 265.91   256.53 265.88    34.05  43.40   255.99 265.34   261.58 270.92   255.31 264.66
2022-04-13   255.42 265.29   255.39 265.26    32.91  42.77   254.85 264.72   260.44 270.30   254.17 264.03
2022-04-14   254.37 264.58   254.34 264.55    31.86  42.07   253.80 264.01   259.38 269.59   253.12 263.33
2022-04-15   253.49 263.70   253.47 263.67    30.98  41.19   252.92 263.13   258.51 268.71   252.24 262.45
2022-04-16   252.62 262.82   252.59 262.79    30.10  40.31   252.05 262.25   257.63 267.83   251.36 261.57
2022-04-17   251.74 261.94   251.71 261.91    29.23  39.43   251.17 261.37   256.75 266.96   250.49 260.69
2022-04-18   250.86 261.06   250.84 261.04    28.35  38.55   250.29 260.49   255.88 266.08   249.61 259.81
2022-04-19   249.99 260.19   249.96 260.16    27.47  37.67   249.42 259.62   255.00 265.20   248.74 258.94
2022-04-20   249.11 259.31   249.09 259.29    26.60  36.80   248.54 258.74   254.13 264.33   247.86 258.06
2022-04-21   248.24 258.44   248.21 258.41    25.72  35.92   247.67 257.87   253.25 263.45   246.99 257.19
2022-04-22   247.36 257.56   247.33 257.54    24.85  35.05   246.79 256.99   252.38 262.58   246.11 256.31
2022-04-23   246.49 256.69   246.46 256.66    23.97  34.18   245.92 256.12   251.50 261.70   245.23 255.44
2022-04-24   245.61 255.81   245.58 255.79    23.10  33.30   245.04 255.24   250.63 260.83   244.36 254.56
2022-04-25   244.73 254.94   244.71 254.91    22.22  32.43   244.16 254.37   249.75 259.96   243.48 253.69
2022-04-26   243.86 254.07   243.83 254.04    21.34  31.56   243.29 253.50   248.87 259.08   242.61 252.82
2022-04-27   242.98 253.19   242.95 253.17    20.47  30.68   242.41 252.62   248.00 258.21   241.73 251.94
2022-04-28   242.10 252.32   242.08 252.29    19.59  29.81   241.53 251.75   247.12 257.34   240.85 251.07
2022-04-29   241.22 251.45   241.20 251.42    18.71  28.94   240.65 250.88   246.24 256.46   239.97 250.20
2022-04-30   240.35 250.57   240.32 250.55    17.83  28.06   239.78 250.00   245.36 255.59   239.09 249.32
2022-05-01   239.47 249.70   239.44 249.67    16.95  27.19   238.90 249.13   244.48 254.71   238.21 248.45
2022-05-02   238.58 248.82   238.56 248.80    16.07  26.31   238.01 248.25   243.60 253.84   237.33 247.57
2022-05-03   237.70 247.95   237.68 247.92    15.19  25.44   237.13 247.38   242.72 252.96   236.45 246.70
2022-05-04   236.82 247.07   236.79 247.05    14.31  24.56   236.25 246.50   241.83 252.09   235.57 245.82
2022-05-05   235.93 246.20   235.91 246.17    13.42  23.68   235.36 245.63   240.95 251.21   234.68 244.95
2022-05-06   235.05 245.32   235.02 245.29    12.54  22.81   234.48 244.75   240.06 250.33   233.80 244.07
2022-05-07   234.16 244.44   234.13 244.41    11.65  21.93   233.59 243.87   239.18 249.45   232.91 243.19
2022-05-08   233.27 243.56   233.25 243.53    10.76  21.05   232.70 242.99   238.29 248.58   232.02 242.31
2022-05-09   232.38 242.68   232.35 242.65     9.87  20.17   231.81 242.11   237.40 247.69   231.13 241.43
2022-05-10   231.49 241.80   231.46 241.77     8.98  19.28   230.92 241.23   236.50 246.81   230.24 240.55
2022-05-11   230.59 240.91   230.57 240.89     8.08  18.40   230.02 240.34   235.61 245.93   229.34 239.66
2022-05-12   229.70 240.03   229.67 240.00     7.19  17.52   229.13 239.46   234.71 245.04   228.45 238.78
2022-05-13   228.80 239.14   228.77 239.11     6.29  16.63   228.23 238.57   233.82 244.16   227.55 237.89
2022-05-14   227.90 238.25   227.87 238.23     5.39  15.74   227.33 237.68   232.92 243.27   226.65 237.00
2022-05-15   227.00 237.36   226.97 237.34     4.49  14.85   226.43 236.79   232.01 242.38   225.75 236.11
2022-05-16   226.09 236.47   226.07 236.44     3.58  13.96   225.52 235.90   231.11 241.49   224.84 235.22
2022-05-17   225.19 235.58   225.16 235.55     2.67  13.06   224.62 235.01   230.20 240.59   223.94 234.33
2022-05-18   224.28 234.68   224.25 234.65     1.76  12.17   223.71 234.11   229.29 239.70   223.03 233.43
2022-05-19   223.37 233.78   223.34 233.76     0.85  11.27   222.80 233.21   228.38 238.80   222.11 232.53
2022-05-20   222.45 232.88   222.42 232.86   359.94  10.37   221.88 232.31   227.47 237.90   221.20 231.63
2022-05-21   221.53 231.98   221.51 231.95   359.02   9.47   220.96 231.41   226.55 237.00   220.28 230.73
2022-05-22   220.61 231.08   220.59 231.05   358.10   8.56   220.04 230.51   225.63 236.09   219.36 229.83
2022-05-23   219.69 230.17   219.67 230.14   357.18   7.66   219.12 229.60   224.71 235.18   218.44 228.92
2022-05-24   218.77 229.26   218.74 229.23   356.25   6.75   218.20 228.69   223.78 234.27   217.52 228.01
2022-05-25   217.84 228.35   217.81 228.32   355.33   5.83   217.27 227.78   222.85 233.36   216.59 227.10
2022-05-26   216.91 227.43   216.88 227.41   354.40   4.92   216.34 226.86   221.92 232.45   215.66 226.18
2022-05-27   215.97 226.52   215.95 226.49   353.46   4.00   215.40 225.95   220.99 231.53   214.72 225.26
2022-05-28   215.04 225.59   215.01 225.57   352.52   3.08   214.47 225.02   220.05 230.61   213.79 224.34
2022-05-29   214.10 224.67   214.07 224.65   351.58   2.16   213.53 224.10   219.11 229.69   212.85 223.42
2022-05-30   213.15 223.75   213.13 223.72   350.64   1.23   212.58 223.18   218.17 228.76   211.90 222.50
2022-05-31   212.21 222.82   212.18 222.79   349.70   0.30   211.64 222.25   217.22 227.83   210.96 221.57
2022-06-01   211.26 221.89   211.23 221.86   348.75 359.37   210.69 221.32   216.27 226.90   210.01 220.63
2022-06-02   210.31 220.95   210.28 220.92   347.79 358.44   209.74 220.38   215.32 225.97   209.05 219.70
2022-06-03   209.35 220.01   209.32 219.99   346.84 357.50   208.78 219.44   214.36 225.03   208.10 218.76
2022-06-04   208.39 219.07   208.36 219.04   345.88 356.56   207.82 218.50   213.41 224.09   207.14 217.82
2022-06-05   207.43 218.13   207.40 218.10   344.92 355.61   206.86 217.56   212.44 223.14   206.18 216.88
2022-06-06   206.46 217.18   206.44 217.15   343.95 354.67   205.89 216.61   211.48 222.19   205.21 215.93
2022-06-07   205.49 216.23   205.47 216.20   342.98 353.72   204.92 215.66   210.51 221.24   204.24 214.98
2022-06-08   204.52 215.27   204.49 215.25   342.01 352.76   203.95 214.70   209.54 220.29   203.27 214.02
2022-06-09   203.54 214.32   203.52 214.29   341.03 351.80   202.97 213.75   208.56 219.33   202.29 213.07
2022-06-10   202.56 213.36   202.54 213.33   340.05 350.84   201.99 212.79   207.58 218.37   201.31 212.10
2022-06-11   201.58 212.39   201.55 212.36   339.07 349.88   201.01 211.82   206.60 217.41   200.33 211.14
2022-06-12   200.60 211.42   200.57 211.40   338.08 348.91   200.03 210.85   205.61 216.44   199.34 210.17
2022-06-13   199.61 210.45   199.58 210.43   337.09 347.94   199.04 209.88   204.62 215.47   198.35 209.20
2022-06-14   198.61 209.48   198.59 209.45   336.10 346.96   198.04 208.91   203.63 214.49   197.36 208.23
2022-06-15   197.62 208.50   197.59 208.47   335.10 345.99   197.05 207.93   202.63 213.51   196.37 207.25
2022-06-16   196.62 207.52   196.59 207.49   334.10 345.00   196.05 206.95   201.63 212.53   195.37 206.27
2022-06-17   195.61 206.53   195.59 206.51   333.10 344.02   195.04 205.96   200.63 211.55   194.36 205.28
2022-06-18   194.61 205.54   194.58 205.52   332.09 343.03   194.04 204.97   199.62 210.56   193.36 204.29
2022-06-19   193.60 204.55   193.57 204.52   331.08 342.04   193.03 203.98   198.61 209.57   192.35 203.30
2022-06-20   192.58 203.56   192.56 203.53   330.07 341.04   192.01 202.99   197.60 208.57   191.33 202.31
2022-06-21   191.57 202.56   191.54 202.53   329.06 340.04   191.00 201.99   196.58 207.57   190.32 201.31
2022-06-22   190.55 201.56   190.52 201.53   328.04 339.04   189.98 200.99   195.56 206.57   189.30 200.30
2022-06-23   189.53 200.55   189.50 200.52   327.01 338.04   188.96 199.98   194.54 205.56   188.28 199.30
2022-06-24   188.50 199.54   188.48 199.51   325.99 337.03   187.93 198.97   193.52 204.56   187.25 198.29
2022-06-25   187.47 198.53   187.45 198.50   324.96 336.02   186.90 197.96   192.49 203.54   186.22 197.28
2022-06-26   186.44 197.51   186.42 197.49   323.93 335.00   185.87 196.94   191.46 202.53   185.19 196.26
2022-06-27   185.41 196.50   185.38 196.47   322.90 333.98   184.84 195.93   190.42 201.51   184.16 195.24
2022-06-28   184.37 195.47   184.35 195.45   321.86 332.96   183.80 194.90   189.39 200.49   183.12 194.22
2022-06-29   183.33 194.45   183.31 194.42   320.82 331.94   182.76 193.88   188.35 199.46   182.08 193.20
2022-06-30   182.29 193.42   182.27 193.40   319.78 330.91   181.72 192.85   187.31 198.44   181.04 192.17
2022-07-01   181.25 192.39   181.22 192.36   318.74 329.88   180.68 191.82   186.26 197.41   180.00 191.14
2022-07-02   180.20 191.36   180.18 191.33   317.69 328.85   179.63 190.79   185.22 196.37   178.95 190.11
2022-07-03   179.15 190.32   179.13 190.30   316.64 327.81   178.58 189.75   184.17 195.34   177.90 189.07
2022-07-04   178.10 189.28   178.08 189.26   315.59 326.77   177.53 188.71   183.12 194.30   176.85 188.03
2022-07-05   177.05 188.24   177.03 188.22   314.54 325.73   176.48 187.67   182.07 193.26   175.80 186.99
2022-07-06   176.00 187.20   175.97 187.17   313.49 324.69   175.43 186.63   181.01 192.21   174.75 185.95
2022-07-07   174.94 186.15   174.92 186.13   312.43 323.64   174.37 185.58   179.96 191.17   173.69 184.90
2022-07-08   173.88 185.11   173.86 185.08   311.37 322.59   173.31 184.54   178.90 190.12   172.63 183.86
2022-07-09   172.83 184.06   172.80 184.03   310.31 321.54   172.26 183.49   177.84 189.07   171.57 182.81
2022-07-10   171.77 183.00   171.74 182.98   309.25 320.49   171.20 182.43   176.78 188.02   170.51 181.75
2022-07-11   170.70 181.95   170.68 181.92   308.19 319.44   170.13 181.38   175.72 186.97   169.45 180.70
2022-07-12   169.64 180.90   169.61 180.87   307.13 318.38   169.07 180.33   174.66 185.91   168.39 179.64
2022-07-13   168.58 179.84   168.55 179.81   306.07 317.33   168.01 179.27   173.59 184.85   167.33 178.59
2022-07-14   167.51 178.78   167.49 178.75   305.00 316.27   166.94 178.21   172.53 183.80   166.26 177.53
2022-07-15   166.45 177.72   166.42 177.69   303.94 315.21   165.88 177.15   171.46 182.74   165.20 176.47
2022-07-16   165.38 176.66   165.36 176.63   302.87 314.15   164.81 176.09   170.40 181.67   164.13 175.41
2022-07-17   164.32 175.60   164.29 175.57   301.81 313.08   163.75 175.03   169.33 180.61   163.07 174.35
2022-07-18   163.25 174.53   163.23 174.51   300.74 312.02   162.68 173.96   168.27 179.55   162.00 173.28
2022-07-19   162.19 173.47   162.16 173.44   299.67 310.96   161.62 172.90   167.20 178.49   160.94 172.22
2022-07-20   161.12 172.41   161.09 172.38   298.61 309.89   160.55 171.84   166.14 177.42   159.87 171.16
2022-07-21   160.06 171.34   160.03 171.31   297.54 308.83   159.49 170.77   165.07 176.36   158.80 170.09
2022-07-22   158.99 170.28   158.96 170.25   296.48 307.76   158.42 169.71   164.01 175.29   157.74 169.03
2022-07-23   157.93 169.21   157.90 169.18   295.41 306.70   157.36 168.64   162.94 174.23   156.67 167.96
2022-07-24   156.86 168.15   156.83 168.12   294.35 305.63   156.29 167.58   161.88 173.16   155.61 166.89
2022-07-25   155.80 167.08   155.77 167.05   293.29 304.57   155.23 166.51   160.81 172.10   154.55 165.83
2022-07-26   154.74 166.01   154.71 165.99   292.22 303.50   154.17 165.44   159.75 171.03   153.48 164.76
2022-07-27   153.67 164.95   153.65 164.92   291.16 302.44   153.10 164.38   158.69 169.96   152.42 163.70
2022-07-28   152.61 163.89   152.59 163.86   290.10 301.37   152.04 163.32   157.63 168.90   151.36 162.63
2022-07-29   151.55 162.82   151.53 162.79   289.04 300.31   150.98 162.25   156.57 167.84   150.30 161.57
2022-07-30   150.50 161.76   150.47 161.73   287.98 299.25   149.93 161.19   155.51 166.77   149.25 160.51
2022-07-31   149.44 160.70   149.41 160.67   286.93 298.18   148.87 160.13   154.46 165.71   148.19 159.45
2022-08-01   148.39 159.63   148.36 159.61   285.87 297.12   147.82 159.06   153.40 164.65   147.14 158.38
2022-08-02   147.33 158.57   147.31 158.55   284.82 296.06   146.76 158.00   152.35 163.59   146.08 157.32
2022-08-03   146.28 157.52   146.26 157.49   283.77 295.00   145.71 156.95   151.30 162.53   145.03 156.26
2022-08-04   145.24 156.46   145.21 156.43   282.72 293.95   144.67 155.89   150.25 161.47   143.98 155.21
2022-08-05   144.19 155.40   144.16 155.37   281.68 292.89   143.62 154.83   149.20 160.42   142.94 154.15
2022-08-06   143.14 154.35   143.12 154.32   280.63 291.83   142.57 153.78   148.16 159.36   141.89 153.10
2022-08-07   142.10 153.29   142.08 153.27   279.59 290.78   141.53 152.72   147.12 158.31   140.85 152.04
2022-08-08   141.06 152.24   141.04 152.22   278.55 289.73   140.49 151.67   146.08 157.26   139.81 150.99
2022-08-09   140.02 151.19   140.00 151.17   277.51 288.68   139.45 150.62   145.04 156.21   138.77 149.94
2022-08-10   138.99 150.15   138.96 150.12   276.48 287.63   138.42 149.58   144.00 155.16   137.74 148.90
2022-08-11   137.96 149.10   137.93 149.07   275.44 286.59   137.39 148.53   142.97 154.12   136.71 147.85
2022-08-12   136.93 148.06   136.90 148.03   274.42 285.55   136.36 147.49   141.94 153.07   135.68 146.81
2022-08-13   135.90 147.02   135.87 146.99   273.39 284.51   135.33 146.45   140.92 152.03   134.65 145.77
2022-08-14   134.88 145.98   134.85 145.95   272.36 283.47   134.31 145.41   139.89 150.99   133.63 144.73
2022-08-15   133.86 144.94   133.83 144.92   271.34 282.43   133.29 144.37   138.87 149.96   132.60 143.69
2022-08-16   132.84 143.91   132.81 143.88   270.32 281.40   132.27 143.34   137.85 148.93   131.59 142.66
2022-08-17   131.82 142.88   131.80 142.85   269.31 280.37   131.25 142.31   136.84 147.89   130.57 141.63
2022-08-18   130.81 141.85   130.78 141.82   268.30 279.34   130.24 141.28   135.82 146.87   129.56 140.60
2022-08-19   129.80 140.83   129.77 140.80   267.29 278.31   129.23 140.26   134.82 145.84   128.55 139.57
2022-08-20   128.79 139.80   128.77 139.78   266.28 277.29   128.22 139.23   133.81 144.82   127.54 138.55
2022-08-21   127.79 138.78   127.76 138.76   265.28 276.27   127.22 138.21   132.81 143.80   126.54 137.53
2022-08-22   126.79 137.77   126.76 137.74   264.28 275.25   126.22 137.20   131.81 142.78   125.54 136.52
2022-08-23   125.79 136.75   125.77 136.73   263.28 274.24   125.22 136.18   130.81 141.77   124.54 135.50
2022-08-24   124.80 135.74   124.77 135.71   262.29 273.23   124.23 135.17   129.82 140.76   123.55 134.49
2022-08-25   123.81 134.73   123.78 134.71   261.30 272.22   123.24 134.16   128.82 139.75   122.56 133.48
2022-08-26   122.82 133.73   122.80 133.70   260.31 271.21   122.25 133.16   127.84 138.74   121.57 132.48
2022-08-27   121.84 132.73   121.81 132.70   259.33 270.21   121.27 132.16   126.85 137.74   120.59 131.47
2022-08-28   120.86 131.73   120.83 131.70   258.34 269.21   120.29 131.16   125.87 136.74   119.61 130.48
2022-08-29   119.88 130.73   119.85 130.70   257.37 268.22   119.31 130.16   124.89 135.75   118.63 129.48
2022-08-30   118.90 129.74   118.88 129.71   256.39 267.22   118.33 129.17   123.92 134.75   117.65 128.49
2022-08-31   117.93 128.75   117.91 128.72   255.42 266.24   117.36 128.18   122.95 133.76   116.68 127.50
2022-09-01   116.96 127.76   116.94 127.73   254.45 265.25   116.39 127.19   121.98 132.78   115.71 126.51
2022-09-02   116.00 126.78   115.97 126.75   253.49 264.26   115.43 126.21   121.01 131.79   114.75 125.53
2022-09-03   115.04 125.80   115.01 125.77   252.52 263.28   114.47 125.23   120.05 130.81   113.79 124.55
2022-09-04   114.08 124.82   114.05 124.79   251.57 262.31   113.51 124.25   119.09 129.83   112.83 123.57
2022-09-05   113.12 123.85   113.10 123.82   250.61 261.33   112.55 123.28   118.14 128.86   111.87 122.59
2022-09-06   112.17 122.87   112.14 122.85   249.66 260.36   111.60 122.30   117.18 127.89   110.92 121.62
2022-09-07   111.22 121.91   111.19 121.88   248.71 259.39   110.65 121.34   116.23 126.92   109.97 120.66
2022-09-08   110.27 120.94   110.25 120.91   247.76 258.43   109.70 120.37   115.29 125.96   109.02 119.69
2022-09-09   109.33 119.98   109.30 119.95   246.82 257.47   108.76 119.41   114.34 124.99   108.08 118.73
2022-09-10   108.39 119.02   108.36 118.99   245.87 256.51   107.82 118.45   113.40 124.03   107.14 117.77
2022-09-11   107.45 118.06   107.42 118.04   244.94 255.55   106.88 117.49   112.46 123.08   106.20 116.81
2022-09-12   106.51 117.11   106.49 117.08   244.00 254.60   105.94 116.54   111.53 122.13   105.26 115.86
2022-09-13   105.58 116.16   105.55 116.13   243.07 253.65   105.01 115.59   110.59 121.17   104.33 114.91
2022-09-14   104.65 115.21   104.62 115.19   242.14 252.70   104.08 114.64   109.66 120.23   103.40 113.96
2022-09-15   103.72 114.27   103.69 114.24   241.21 251.75   103.15 113.70   108.74 119.28   102.47 113.02
2022-09-16   102.79 113.33   102.77 113.30   240.28 250.81   102.22 112.76   107.81 118.34   101.54 112.07
2022-09-17   101.87 112.39   101.84 112.36   239.36 249.87   101.30 111.82   106.89 117.40   100.62 111.13
2022-09-18   100.95 111.45   100.92 111.42   238.44 248.94   100.38 110.88   105.97 116.46    99.70 110.20
2022-09-19   100.03 110.51   100.01 110.49   237.52 248.00    99.46 109.94   105.05 115.53    98.78 109.26
2022-09-20    99.12 109.58    99.09 109.56   236.60 247.07    98.55 109.01   104.13 114.60    97.86 108.33
2022-09-21    98.20 108.65    98.17 108.63   235.69 246.14    97.63 108.08   103.22 113.67    96.95 107.40
2022-09-22    97.29 107.73    97.26 107.70   234.78 245.21    96.72 107.16   102.30 112.74    96.04 106.48
2022-09-23    96.38 106.80    96.35 106.78   233.87 244.29    95.81 106.23   101.39 111.82    95.13 105.55
2022-09-24    95.47 105.88    95.44 105.85   232.96 243.37    94.90 105.31   100.49 110.89    94.22 104.63
2022-09-25    94.56 104.96    94.54 104.93   232.05 242.45    93.99 104.39    99.58 109.97    93.31 103.71
2022-09-26    93.66 104.04    93.63 104.02   231.15 241.53    93.09 103.47    98.67 109.06    92.41 102.79
2022-09-27    92.76 103.13    92.73 103.10   230.24 240.61    92.19 102.56    97.77 108.14    91.51 101.87
2022-09-28    91.85 102.21    91.83 102.19   229.34 239.70    91.28 101.64    96.87 107.23    90.60 100.96
2022-09-29    90.95 101.30    90.93 101.27   228.44 238.79    90.38 100.73    95.97 106.31    89.70 100.05
2022-09-30    90.06 100.39    90.03 100.36   227.54 237.88    89.49  99.82    95.07 105.40    88.80  99.14
2022-10-01    89.16  99.48    89.13  99.45   226.65 236.97    88.59  98.91    94.17 104.50    87.91  98.23
2022-10-02    88.26  98.57    88.24  98.55   225.75 236.06    87.69  98.00    93.28 103.59    87.01  97.32
2022-10-03    87.37  97.67    87.34  97.64   224.85 235.16    86.80  97.10    92.38 102.68    86.12  96.42
2022-10-04    86.47  96.76    86.45  96.74   223.96 234.25    85.90  96.19    91.49 101.78    85.22  95.51
2022-10-05    85.58  95.86    85.55  95.83   223.07 233.35    85.01  95.29    90.59 100.88    84.33  94.61
2022-10-06    84.69  94.96    84.66  94.93   222.17 232.45    84.12  94.39    89.70  99.98    83.44  93.71
2022-10-07    83.80  94.06    83.77  94.03   221.28 231.55    83.23  93.49    88.81  99.08    82.54  92.81
2022-10-08    82.90  93.16    82.88  93.13   220.39 230.65    82.33  92.59    87.92  98.18    81.65  91.91
2022-10-09    82.01  92.26    81.99  92.24   219.50 229.75    81.44  91.69    87.03  97.28    80.76  91.01
2022-10-10    81.12  91.37    81.10  91.34   218.61 228.85    80.55  90.80    86.14  96.38    79.87  90.12
2022-10-11    80.23  90.47    80.21  90.44   217.72 227.96    79.66  89.90    85.25  95.48    78.98  89.22
2022-10-12    79.34  89.57    79.32  89.55   216.83 227.06    78.77  89.00    84.36  94.59    78.09  88.32
2022-10-13    78.45  88.68    78.43  88.65   215.94 226.17    77.88  88.11    83.47  93.69    77.20  87.43
2022-10-14    77.57  87.79    77.54  87.76   215.05 225.27    77.00  87.22    82.58  92.80    76.31  86.53
2022-10-15    76.68  86.89    76.65  86.86   214.16 224.38    76.11  86.32    81.69  91.91    75.43  85.64
2022-10-16    75.79  86.00    75.76  85.97   213.27 223.49    75.22  85.43    80.80  91.01    74.54  84.75
2022-10-17    74.90  85.10    74.87  85.08   212.38 222.59    74.33  84.53    79.91  90.12    73.65  83.85
2022-10-18    74.01  84.21    73.98  84.19   211.49 221.70    73.44  83.64    79.02  89.23    72.76  82.96
2022-10-19    73.12  83.32    73.09  83.29   210.60 220.81    72.55  82.75    78.13  88.33    71.86  82.07
2022-10-20    72.22  82.43    72.20  82.40   209.71 219.91    71.65  81.86    77.24  87.44    70.97  81.17
2022-10-21    71.33  81.53    71.31  81.51   208.82 219.02    70.76  80.96    76.35  86.55    70.08  80.28
2022-10-22    70.44  80.64    70.41  80.61   207.93 218.13    69.87  80.07    75.45  85.65    69.19  79.39
2022-10-23    69.55  79.75    69.52  79.72   207.03 217.23    68.98  79.18    74.56  84.76    68.29  78.49
2022-10-24    68.65  78.85    68.62  78.82   206.14 216.34    68.08  78.28    73.67  83.87    67.40  77.60
2022-10-25    67.75  77.96    67.73  77.93   205.24 215.44    67.18  77.39    72.77  82.97    66.50  76.71
2022-10-26    66.86  77.06    66.83  77.03   204.35 214.55    66.29  76.49    71.87  82.08    65.61  75.81
2022-10-27    65.96  76.17    65.93  76.14   203.45 213.65    65.39  75.60    70.97  81.18    64.71  74.91
2022-10-28    65.06  75.27    65.03  75.24   202.55 212.76    64.49  74.70    70.08  80.28    63.81  74.02
2022-10-29    64.29  74.24    64.26  74.22   201.77 211.73    63.72  73.67    69.30  79.26    63.04  72.99
2022-10-30    63.65  73.08    63.62  73.05   201.13 210.57    63.08  72.51    68.66  78.10    62.40  71.83
2022-10-31    63.01  71.92    62.98  71.89   200.49 209.40    62.44  71.35    68.02  76.93    61.76  70.67
2022-11-01    62.36  70.75    62.34  70.73   199.85 208.24    61.79  70.18    67.38  75.77    61.11  69.50
2022-11-02    61.72  69.59    61.69  69.56   199.21 207.07    61.15  69.02    66.73  74.60    60.47  68.33
2022-11-03    61.07  68.42    61.04  68.39   198.56 205.91    60.50  67.85    66.09  73.43    59.82  67.17
2022-11-04    60.42  67.25    60.40  67.22   197.91 204.74    59.85  66.68    65.44  72.27    59.17  66.00

2023-04-08   261.48 268.61   261.46 268.58    38.97  46.10   260.91 268.04   266.50 273.62   260.23 267.36
2023-04-09   260.34 267.98   260.31 267.95    37.83  45.47   259.77 267.41   265.36 272.99   259.09 266.73
2023-04-10   259.20 267.35   259.17 267.32    36.68  44.84   258.63 266.78   264.21 272.37   257.95 266.10
2023-04-11   258.06 266.73   258.03 266.70    35.54  44.21   257.49 266.16   263.07 271.74   256.80 265.47
2023-04-12   256.91 266.10   256.89 266.07    34.40  43.59   256.34 265.53   261.93 271.12   255.66 264.85
2023-04-13   255.77 265.48   255.75 265.45    33.26  42.97   255.20 264.91   260.79 270.49   254.52 264.23
2023-04-14   254.64 264.85   254.61 264.82    32.13  42.34   254.07 264.28   259.66 269.87   253.39 263.60
2023-04-15   253.76 263.97   253.74 263.94    31.25  41.46   253.19 263.40   258.78 268.98   252.51 262.72
2023-04-16   252.89 263.09   252.86 263.06    30.37  40.58   252.32 262.52   257.90 268.10   251.63 261.84
2023-04-17   252.01 262.21   251.98 262.18    29.50  39.70   251.44 261.64   257.02 267.23   250.76 260.96
2023-04-18   251.13 261.33   251.11 261.31    28.62  38.82   250.56 260.76   256.15 266.35   249.88 260.08
2023-04-19   250.26 260.46   250.23 260.43    27.74  37.94   249.69 259.89   255.27 265.47   249.00 259.20
2023-04-20   249.38 259.58   249.35 259.55    26.87  37.07   248.81 259.01   254.39 264.59   248.13 258.33
2023-04-21   248.50 258.70   248.48 258.68    25.99  36.19   247.93 258.13   253.52 263.72   247.25 257.45
2023-04-22   247.63 257.83   247.60 257.80    25.11  35.32   247.06 257.26   252.64 262.84   246.38 256.58
2023-04-23   246.75 256.95   246.72 256.93    24.24  34.44   246.18 256.38   251.77 261.97   245.50 255.70
2023-04-24   245.87 256.08   245.85 256.05    23.36  33.57   245.30 255.51   250.89 261.09   244.62 254.83
2023-04-25   245.00 255.20   244.97 255.18    22.49  32.69   244.43 254.63   250.01 260.22   243.75 253.95
2023-04-26   244.12 254.33   244.09 254.30    21.61  31.82   243.55 253.76   249.14 259.35   242.87 253.08
2023-04-27   243.24 253.46   243.22 253.43    20.73  30.94   242.67 252.89   248.26 258.47   241.99 252.21
2023-04-28   242.36 252.58   242.34 252.56    19.85  30.07   241.79 252.01   247.38 257.60   241.11 251.33
2023-04-29   241.49 251.71   241.46 251.68    18.97  29.19   240.92 251.14   246.50 256.72   240.23 250.46
2023-04-30   240.61 250.83   240.58 250.81    18.09  28.32   240.04 250.26   245.62 255.85   239.35 249.58
2023-05-01   239.72 249.96   239.70 249.93    17.21  27.44   239.15 249.39   244.74 254.97   238.47 248.71
2023-05-02   238.84 249.08   238.82 249.05    16.33  26.57   238.27 248.51   243.86 254.10   237.59 247.83
2023-05-03   237.96 248.21   237.93 248.18    15.45  25.69   237.39 247.64   242.98 253.22   236.71 246.95
2023-05-04   237.08 247.33   237.05 247.30    14.56  24.82   236.51 246.76   242.09 252.34   235.82 246.08
2023-05-05   236.19 246.45   236.16 246.42    13.68  23.94   235.62 245.88   241.21 251.47   234.94 245.20
2023-05-06   235.30 245.57   235.28 245.54    12.79  23.06   234.73 245.00   240.32 250.59   234.05 244.32
2023-05-07   234.42 244.69   234.39 244.67    11.90  22.18   233.85 244.12   239.43 249.71   233.16 243.44
2023-05-08   233.53 243.81   233.50 243.78    11.01  21.30   232.96 243.24   238.54 248.83   232.27 242.56
2023-05-09   232.63 242.93   232.61 242.90    10.12  20.42   232.06 242.36   237.65 247.94   231.38 241.68
2023-05-10   231.74 242.05   231.71 242.02     9.23  19.53   231.17 241.48   236.76 247.06   230.49 240.79
2023-05-11   230.85 241.16   230.82 241.13     8.33  18.65   230.28 240.59   235.86 246.18   229.59 239.91
2023-05-12   229.95 240.27   229.92 240.25     7.44  17.76   229.38 239.70   234.96 245.29   228.70 239.02
2023-05-13   229.05 239.39   229.02 239.36     6.54  16.87   228.48 238.82   234.06 244.40   227.80 238.14
2023-05-14   228.15 238.50   228.12 238.47     5.64  15.98   227.58 237.93   233.16 243.51   226.90 237.25
2023-05-15   227.24 237.61   227.22 237.58     4.73  15.09   226.67 237.04   232.26 242.62   225.99 236.36
2023-05-16   226.34 236.71   226.31 236.69     3.83  14.20   225.77 236.14   231.35 241.73   225.09 235.46
2023-05-17   225.43 235.82   225.40 235.79     2.92  13.31   224.86 235.25   230.45 240.83   224.18 234.57
2023-05-18   224.52 234.92   224.49 234.90     2.01  12.41   223.95 234.35   229.54 239.94   223.27 233.67
2023-05-19   223.61 234.02   223.58 234.00     1.10  11.51   223.04 233.45   228.62 239.04   222.36 232.77
2023-05-20   222.69 233.12   222.67 233.10     0.18  10.61   222.12 232.55   227.71 238.14   221.44 231.87
2023-05-21   221.77 232.22   221.75 232.19   359.26   9.71   221.20 231.65   226.79 237.23   220.52 230.97
2023-05-22   220.85 231.31   220.83 231.29   358.34   8.80   220.28 230.74   225.87 236.33   219.60 230.06
2023-05-23   219.93 230.40   219.90 230.38   357.42   7.89   219.36 229.83   224.95 235.42   218.68 229.15
2023-05-24   219.00 229.49   218.98 229.47   356.49   6.98   218.43 228.92   224.02 234.51   217.75 228.24
2023-05-25   218.08 228.58   218.05 228.55   355.56   6.07   217.51 228.01   223.09 233.60   216.82 227.33
2023-05-26   217.14 227.66   217.12 227.64   354.63   5.15   216.57 227.09   222.16 232.68   215.89 226.41
2023-05-27   216.21 226.75   216.18 226.72   353.70   4.23   215.64 226.18   221.22 231.76   214.96 225.50
2023-05-28   215.27 225.83   215.24 225.80   352.76   3.31   214.70 225.26   220.29 230.84   214.02 224.57
2023-05-29   214.33 224.90   214.30 224.87   351.82   2.39   213.76 224.33   219.34 229.92   213.08 223.65
2023-05-30   213.39 223.97   213.36 223.95   350.87   1.46   212.82 223.40   218.40 228.99   212.13 222.72
2023-05-31   212.44 223.04   212.41 223.02   349.93   0.53   211.87 222.47   217.45 228.06   211.19 221.79
2023-06-01   211.49 222.11   211.46 222.08   348.97 359.60   210.92 221.54   216.50 227.13   210.24 220.86
2023-06-02   210.53 221.18   210.51 221.15   348.02 358.66   209.96 220.61   215.55 226.19   209.28 219.92
2023-06-03   209.58 220.24   209.55 220.21   347.06 357.72   209.01 219.67   214.59 225.25   208.33 218.99
2023-06-04   208.62 219.29   208.59 219.27   346.10 356.78   208.05 218.72   213.63 224.31   207.37 218.04
2023-06-05   207.65 218.35   207.63 218.32   345.14 355.84   207.08 217.78   212.67 223.36   206.40 217.10
2023-06-06   206.69 217.40   206.66 217.37   344.17 354.89   206.12 216.83   211.70 222.41   205.43 216.15
2023-06-07   205.72 216.45   205.69 216.42   343.20 353.94   205.15 215.88   210.73 221.46   204.46 215.20
2023-06-08   204.74 215.49   204.72 215.47   342.23 352.98   204.17 214.92   209.76 220.51   203.49 214.24
2023-06-09   203.76 214.53   203.74 214.51   341.25 352.02   203.19 213.96   208.78 219.55   202.51 213.28
2023-06-10   202.78 213.57   202.76 213.55   340.27 351.06   202.21 213.00   207.80 218.59   201.53 212.32
2023-06-11   201.80 212.61   201.77 212.58   339.29 350.09   201.23 212.04   206.82 217.62   200.55 211.36
2023-06-12   200.81 211.64   200.79 211.61   338.30 349.13   200.24 211.07   205.83 216.65   199.56 210.39
2023-06-13   199.82 210.67   199.80 210.64   337.31 348.15   199.25 210.10   204.84 215.68   198.57 209.41
2023-06-14   198.83 209.69   198.80 209.66   336.32 347.18   198.26 209.12   203.84 214.70   197.58 208.44
2023-06-15   197.83 208.71   197.80 208.68   335.32 346.20   197.26 208.14   202.85 213.73   196.58 207.46
2023-06-16   196.83 207.73   196.80 207.70   334.32 345.22   196.26 207.16   201.85 212.74   195.58 206.48
2023-06-17   195.83 206.74   195.80 206.72   333.31 344.23   195.26 206.17   200.84 211.76   194.58 205.49
2023-06-18   194.82 205.75   194.79 205.73   332.31 343.24   194.25 205.18   199.83 210.77   193.57 204.50
2023-06-19   193.81 204.76   193.78 204.73   331.30 342.25   193.24 204.19   198.82 209.78   192.56 203.51
2023-06-20   192.79 203.76   192.77 203.74   330.28 341.25   192.22 203.19   197.81 208.78   191.54 202.51
2023-06-21   191.78 202.76   191.75 202.74   329.27 340.25   191.21 202.19   196.79 207.78   190.53 201.51
2023-06-22   190.76 201.76   190.73 201.74   328.25 339.25   190.19 201.19   195.77 206.78   189.51 200.51
2023-06-23   189.74 200.76   189.71 200.73   327.22 338.24   189.17 200.19   194.75 205.77   188.48 199.50
2023-06-24   188.71 199.75   188.68 199.72   326.20 337.23   188.14 199.18   193.73 204.76   187.46 198.50
2023-06-25   187.68 198.73   187.66 198.71   325.17 336.22   187.11 198.16   192.70 203.75   186.43 197.48
2023-06-26   186.65 197.72   186.62 197.69   324.14 335.21   186.08 197.15   191.67 202.73   185.40 196.47
2023-06-27   185.62 196.70   185.59 196.67   323.10 334.19   185.05 196.13   190.63 201.71   184.37 195.45
2023-06-28   184.58 195.68   184.55 195.65   322.07 333.17   184.01 195.11   189.60 200.69   183.33 194.43
2023-06-29   183.54 194.65   183.51 194.63   321.03 332.14   182.97 194.08   188.56 199.67   182.29 193.40
2023-06-30   182.50 193.63   182.47 193.60   319.99 331.11   181.93 193.06   187.51 198.64   181.25 192.38
2023-07-01   181.46 192.60   181.43 192.57   318.94 330.08   180.89 192.03   186.47 197.61   180.20 191.34
2023-07-02   180.41 191.56   180.38 191.54   317.90 329.05   179.84 190.99   185.42 196.58   179.16 190.31
2023-07-03   179.36 190.53   179.34 190.50   316.85 328.01   178.79 189.96   184.38 195.54   178.11 189.28
2023-07-04   178.31 189.49   178.29 189.46   315.80 326.98   177.74 188.92   183.33 194.50   177.06 188.24
2023-07-05   177.26 188.45   177.23 188.42   314.75 325.94   176.69 187.88   182.27 193.46   176.01 187.20
2023-07-06   176.21 187.41   176.18 187.38   313.69 324.89   175.64 186.84   181.22 192.42   174.96 186.16
2023-07-07   175.15 186.36   175.12 186.33   312.64 323.85   174.58 185.79   180.17 191.38   173.90 185.11
2023-07-08   174.09 185.31   174.07 185.29   311.58 322.80   173.52 184.74   179.11 190.33   172.84 184.06
2023-07-09   173.04 184.26   173.01 184.24   310.52 321.75   172.47 183.69   178.05 189.28   171.79 183.01
2023-07-10   171.98 183.21   171.95 183.19   309.46 320.70   171.41 182.64   176.99 188.23   170.73 181.96
2023-07-11   170.92 182.16   170.89 182.13   308.40 319.65   170.35 181.59   175.93 187.18   169.67 180.91
2023-07-12   169.85 181.11   169.83 181.08   307.34 318.59   169.28 180.54   174.87 186.12   168.60 179.86
2023-07-13   168.79 180.05   168.77 180.02   306.28 317.54   168.22 179.48   173.81 185.07   167.54 178.80
2023-07-14   167.73 178.99   167.70 178.97   305.22 316.48   167.16 178.42   172.74 184.01   166.48 177.74
2023-07-15   166.67 177.94   166.64 177.91   304.15 315.42   166.10 177.37   171.68 182.95   165.42 176.68
2023-07-16   165.60 176.88   165.58 176.85   303.09 314.36   165.03 176.31   170.62 181.89   164.35 175.63
2023-07-17   164.54 175.82   164.51 175.79   302.03 313.30   163.97 175.25   169.55 180.83   163.29 174.56
2023-07-18   163.47 174.75   163.45 174.73   300.96 312.24   162.90 174.18   168.49 179.77   162.22 173.50
2023-07-19   162.41 173.69   162.38 173.67   299.90 311.18   161.84 173.12   167.42 178.71   161.16 172.44
2023-07-20   161.34 172.63   161.32 172.60   298.83 310.12   160.77 172.06   166.36 177.64   160.09 171.38
2023-07-21   160.28 171.57   160.25 171.54   297.77 309.05   159.71 171.00   165.30 176.58   159.03 170.32
2023-07-22   159.22 170.50   159.19 170.48   296.70 307.99   158.65 169.93   164.23 175.52   157.97 169.25
2023-07-23   158.15 169.44   158.13 169.41   295.64 306.93   157.58 168.87   163.17 174.45   156.90 168.19
2023-07-24   157.09 168.37   157.07 168.35   294.58 305.86   156.52 167.80   162.11 173.39   155.84 167.12
2023-07-25   156.03 167.31   156.00 167.28   293.52 304.80   155.46 166.74   161.05 172.33   154.78 166.06
2023-07-26   154.97 166.25   154.94 166.22   292.46 303.74   154.40 165.68   159.98 171.26   153.72 165.00
2023-07-27   153.91 165.18   153.88 165.16   291.40 302.67   153.34 164.61   158.92 170.20   152.66 163.93
2023-07-28   152.85 164.12   152.82 164.10   290.34 301.61   152.28 163.55   157.87 169.14   151.60 162.87
2023-07-29   151.79 163.06   151.77 163.03   289.28 300.55   151.22 162.49   156.81 168.08   150.54 161.81
2023-07-30   150.74 162.00   150.71 161.97   288.23 299.49   150.17 161.43   155.75 167.01   149.49 160.75
2023-07-31   149.68 160.94   149.66 160.91   287.17 298.43   149.11 160.37   154.70 165.95   148.43 159.69
2023-08-01   148.63 159.88   148.60 159.85   286.12 297.37   148.06 159.31   153.65 164.89   147.38 158.63
2023-08-02   147.58 158.82   147.55 158.79   285.07 296.31   147.01 158.25   152.60 163.84   146.33 157.57
2023-08-03   146.53 157.76   146.51 157.74   284.02 295.25   145.96 157.19   151.55 162.78   145.28 156.51
2023-08-04   145.48 156.71   145.46 156.68   282.97 294.20   144.91 156.14   150.50 161.72   144.23 155.46
2023-08-05   144.44 155.65   144.41 155.63   281.93 293.14   143.87 155.08   149.45 160.67   143.19 154.40
2023-08-06   143.40 154.60   143.37 154.57   280.88 292.09   142.83 154.03   148.41 159.62   142.15 153.35
2023-08-07   142.36 153.55   142.33 153.52   279.84 291.04   141.79 152.98   147.37 158.56   141.11 152.30
2023-08-08   141.32 152.50   141.29 152.47   278.81 289.99   140.75 151.93   146.33 157.52   140.07 151.25
2023-08-09   140.28 151.45   140.26 151.43   277.77 288.94   139.71 150.88   145.30 156.47   139.03 150.20
2023-08-10   139.25 150.41   139.22 150.38   276.74 287.89   138.68 149.84   144.26 155.42   138.00 149.16
2023-08-11   138.22 149.36   138.19 149.34   275.71 286.85   137.65 148.79   143.23 154.38   136.97 148.11
2023-08-12   137.19 148.32   137.16 148.30   274.68 285.81   136.62 147.75   142.21 153.34   135.94 147.07
2023-08-13   136.16 147.28   136.14 147.26   273.65 284.77   135.59 146.71   141.18 152.30   134.91 146.03
2023-08-14   135.14 146.25   135.12 146.22   272.63 283.73   134.57 145.68   140.16 151.26   133.89 145.00
2023-08-15   134.12 145.21   134.10 145.19   271.61 282.70   133.55 144.64   139.14 150.23   132.87 143.96
2023-08-16   133.10 144.18   133.08 144.15   270.59 281.67   132.53 143.61   138.12 149.20   131.85 142.93
2023-08-17   132.09 143.15   132.06 143.12   269.58 280.64   131.52 142.58   137.11 148.17   130.84 141.90
2023-08-18   131.08 142.12   131.05 142.10   268.57 279.61   130.51 141.55   136.09 147.14   129.83 140.87
2023-08-19   130.07 141.10   130.04 141.07   267.56 278.59   129.50 140.53   135.09 146.12   128.82 139.85
2023-08-20   129.07 140.08   129.04 140.05   266.55 277.57   128.50 139.51   134.08 145.09   127.82 138.83
2023-08-21   128.06 139.06   128.04 139.03   265.55 276.55   127.49 138.49   133.08 144.08   126.81 137.81
2023-08-22   127.07 138.04   127.04 138.02   264.55 275.53   126.50 137.47   132.08 143.06   125.81 136.79
2023-08-23   126.07 137.03   126.04 137.00   263.56 274.52   125.50 136.46   131.08 142.05   124.82 135.78
2023-08-24   125.08 136.02   125.05 135.99   262.56 273.51   124.51 135.45   130.09 141.04   123.83 134.77
2023-08-25   124.09 135.01   124.06 134.99   261.57 272.50   123.52 134.44   129.10 140.03   122.84 133.76
2023-08-26   123.10 134.01   123.07 133.98   260.59 271.50   122.53 133.44   128.12 139.03   121.85 132.76
2023-08-27   122.12 133.01   122.09 132.98   259.60 270.50   121.55 132.44   127.13 138.02   120.87 131.76
2023-08-28   121.14 132.01   121.11 131.98   258.62 269.50   120.57 131.44   126.15 137.03   119.89 130.76
2023-08-29   120.16 131.02   120.13 130.99   257.65 268.50   119.59 130.45   125.18 136.03   118.91 129.76
2023-08-30   119.19 130.02   119.16 130.00   256.67 267.51   118.62 129.45   124.20 135.04   117.94 128.77
2023-08-31   118.22 129.03   118.19 129.01   255.70 266.52   117.65 128.46   123.23 134.05   116.96 127.78
2023-09-01   117.25 128.05   117.22 128.02   254.74 265.54   116.68 127.48   122.26 133.06   116.00 126.80
2023-09-02   116.28 127.07   116.26 127.04   253.77 264.55   115.71 126.50   121.30 132.08   115.03 125.81
2023-09-03   115.32 126.09   115.30 126.06   252.81 263.57   114.75 125.52   120.34 131.10   114.07 124.83
2023-09-04   114.36 125.11   114.34 125.08   251.85 262.60   113.79 124.54   119.38 130.12   113.11 123.86
2023-09-05   113.41 124.14   113.38 124.11   250.90 261.62   112.84 123.57   118.42 129.15   112.16 122.88
2023-09-06   112.46 123.16   112.43 123.14   249.94 260.65   111.89 122.59   117.47 128.18   111.20 121.91
2023-09-07   111.51 122.20   111.48 122.17   248.99 259.68   110.94 121.63   116.52 127.21   110.25 120.95
2023-09-08   110.56 121.23   110.53 121.21   248.05 258.72   109.99 120.66   115.57 126.25   109.31 119.98
2023-09-09   109.61 120.27   109.59 120.24   247.10 257.76   109.04 119.70   114.63 125.29   108.36 119.02
2023-09-10   108.67 119.31   108.65 119.28   246.16 256.80   108.10 118.74   113.69 124.33   107.42 118.06
2023-09-11   107.73 118.36   107.71 118.33   245.22 255.84   107.16 117.79   112.75 123.37   106.48 117.10
2023-09-12   106.80 117.40   106.77 117.38   244.29 254.89   106.23 116.83   111.81 122.42   105.55 116.15
2023-09-13   105.87 116.45   105.84 116.43   243.35 253.94   105.30 115.88   110.88 121.47   104.62 115.20
2023-09-14   104.94 115.50   104.91 115.48   242.42 252.99   104.37 114.93   109.95 120.52   103.68 114.25
2023-09-15   104.01 114.56   103.98 114.53   241.49 252.05   103.44 113.99   109.02 119.57   102.76 113.31
2023-09-16   103.08 113.62   103.06 113.59   240.57 251.10   102.51 113.05   108.10 118.63   101.83 112.37
2023-09-17   102.16 112.68   102.13 112.65   239.65 250.17   101.59 112.11   107.17 117.69   100.91 111.43
2023-09-18   101.24 111.74   101.21 111.71   238.73 249.23   100.67 111.17   106.25 116.76    99.99 110.49
2023-09-19   100.32 110.81   100.29 110.78   237.81 248.29    99.75 110.24   105.33 115.82    99.07 109.56
2023-09-20    99.40 109.87    99.38 109.85   236.89 247.36    98.83 109.30   104.42 114.89    98.15 108.62
2023-09-21    98.49 108.94    98.46 108.92   235.98 246.43    97.92 108.37   103.50 113.96    97.24 107.69
2023-09-22    97.58 108.02    97.55 107.99   235.06 245.50    97.01 107.45   102.59 113.03    96.32 106.77
2023-09-23    96.67 107.09    96.64 107.07   234.15 244.58    96.10 106.52   101.68 112.11    95.41 105.84
2023-09-24    95.76 106.17    95.73 106.14   233.24 243.66    95.19 105.60   100.77 111.19    94.51 104.92
2023-09-25    94.85 105.25    94.82 105.22   232.34 242.74    94.28 104.68    99.86 110.26    93.60 104.00
2023-09-26    93.94 104.33    93.92 104.30   231.43 241.82    93.37 103.76    98.96 109.35    92.69 103.08
2023-09-27    93.04 103.41    93.01 103.39   230.53 240.90    92.47 102.84    98.06 108.43    91.79 102.16
2023-09-28    92.14 102.50    92.11 102.47   229.63 239.99    91.57 101.93    97.15 107.51    90.89 101.25
2023-09-29    91.24 101.59    91.21 101.56   228.73 239.07    90.67 101.02    96.25 106.60    89.99 100.34
2023-09-30    90.34 100.68    90.31 100.65   227.83 238.16    89.77 100.11    95.35 105.69    89.09  99.43
2023-10-01    89.44  99.77    89.41  99.74   226.93 237.25    88.87  99.20    94.46 104.78    88.19  98.52
2023-10-02    88.54  98.86    88.52  98.83   226.03 236.35    87.97  98.29    93.56 103.87    87.29  97.61
2023-10-03    87.65  97.95    87.62  97.93   225.14 235.44    87.08  97.38    92.66 102.97    86.40  96.70
2023-10-04    86.75  97.05    86.73  97.02   224.24 234.54    86.18  96.48    91.77 102.06    85.50  95.80
2023-10-05    85.86  96.14    85.83  96.12   223.35 233.63    85.29  95.57    90.87 101.16    84.61  94.89
2023-10-06    84.97  95.24    84.94  95.22   222.45 232.73    84.40  94.67    89.98 100.26    83.72  93.99
2023-10-07    84.07  94.34    84.05  94.31   221.56 231.83    83.50  93.77    89.09  99.36    82.82  93.09
2023-10-08    83.18  93.44    83.16  93.41   220.67 230.93    82.61  92.87    88.20  98.46    81.93  92.19
2023-10-09    82.29  92.54    82.26  92.52   219.78 230.03    81.72  91.97    87.31  97.56    81.04  91.29
2023-10-10    81.40  91.64    81.37  91.62   218.89 229.13    80.83  91.07    86.42  96.66    80.15  90.39
2023-10-11    80.51  90.75    80.48  90.72   218.00 228.23    79.94  90.18    85.52  95.76    79.26  89.50
2023-10-12    79.62  89.85    79.59  89.82   217.11 227.34    79.05  89.28    84.63  94.87    78.37  88.60
2023-10-13    78.73  88.95    78.70  88.93   216.22 226.44    78.16  88.38    83.74  93.97    77.48  87.70
2023-10-14    77.84  88.06    77.81  88.03   215.33 225.55    77.27  87.49    82.85  93.07    76.59  86.81
2023-10-15    76.95  87.16    76.92  87.14   214.44 224.65    76.38  86.59    81.96  92.18    75.70  85.91
2023-10-16    76.06  86.27    76.03  86.24   213.54 223.76    75.49  85.70    81.07  91.29    74.81  85.02
2023-10-17    75.17  85.38    75.14  85.35   212.65 222.86    74.60  84.81    80.18  90.39    73.92  84.13
2023-10-18    74.28  84.48    74.25  84.46   211.76 221.97    73.71  83.91    79.29  89.50    73.02  83.23
2023-10-19    73.38  83.59    73.36  83.56   210.87 221.07    72.81  83.02    78.40  88.60    72.13  82.34
2023-10-20    72.49  82.69    72.46  82.67   209.98 220.18    71.92  82.12    77.51  87.71    71.24  81.44
2023-10-21    71.60  81.80    71.57  81.77   209.09 219.29    71.03  81.23    76.61  86.81    70.35  80.55
2023-10-22    70.70  80.90    70.68  80.88   208.19 218.39    70.13  80.33    75.72  85.92    69.45  79.65
2023-10-23    69.81  80.01    69.78  79.98   207.30 217.50    69.24  79.44    74.82  85.02    68.56  78.76
2023-10-24    68.91  79.11    68.89  79.09   206.40 216.60    68.34  78.54    73.93  84.13    67.66  77.86
2023-10-25    68.02  78.22    67.99  78.19   205.50 215.71    67.45  77.65    73.03  83.23    66.77  76.97
2023-10-26    67.12  77.32    67.09  77.29   204.61 214.81    66.55  76.75    72.13  82.34    65.87  76.07
2023-10-27    66.22  76.42    66.19  76.40   203.71 213.91    65.65  75.85    71.23  81.44    64.97  75.17
2023-10-28    65.32  75.53    65.29  75.50   202.81 213.01    64.75  74.96    70.33  80.54    64.07  74.27
2023-10-29    64.46  74.58    64.43  74.56   201.95 212.07    63.89  74.01    69.48  79.60    63.21  73.33
2023-10-30    63.82  73.42    63.79  73.39   201.31 210.90    63.25  72.85    68.84  78.43    62.57  72.17
2023-10-31    63.18  72.25    63.15  72.23   200.67 209.74    62.61  71.68    68.19  77.27    61.93  71.00
2023-11-01    62.54  71.09    62.51  71.06   200.02 208.57    61.97  70.52    67.55  76.10    61.29  69.84
2023-11-02    61.89  69.92    61.86  69.89   199.38 207.41    61.32  69.35    66.91  74.93    60.64  68.67
2023-11-03    61.24  68.75    61.22  68.72   198.73 206.24    60.67  68.18    66.26  73.77    59.99  67.50
2023-11-04    60.59  67.58    60.56  67.55   198.08 205.07    60.02  67.01    65.61  72.60    59.34  66.33
