
       Target
                ecliptic
RA      Dec     latitude
288.539  40.877  62.325

Checked interval [2020-01-01, 2023-12-31]
|           Window [days]                 |    Normal V3 PA [deg]    |
   Start           End         Duration         Start         End         RA            Dec     
 2020-04-09      2020-11-04       209.00     263.82990      64.20994     288.53856      40.87713 
 2021-04-10      2021-11-04       208.08     263.22486      64.39448     288.53856      40.87713 
 2022-04-10      2022-11-05       209.00     263.48853      63.81883     288.53856      40.87713 
 2023-04-10      2023-11-05       209.00     263.75737      64.05998     288.53856      40.87713 


                V3PA          NIRCam           NIRSpec         NIRISS           MIRI          FGS
   Date      min    max      min    max       min    max     min    max      min    max      min    max

2020-04-10   260.27 267.22   260.24 267.19    37.76  44.70   259.70 266.65   265.29 272.23   259.02 265.96
2020-04-11   259.13 266.63   259.10 266.60    36.61  44.11   258.56 266.06   264.14 271.64   257.87 265.38
2020-04-12   257.98 266.04   257.95 266.01    35.47  43.53   257.41 265.47   263.00 271.06   256.73 264.79
2020-04-13   256.84 265.46   256.81 265.43    34.32  42.94   256.27 264.89   261.85 270.47   255.59 264.21
2020-04-14   255.69 264.87   255.67 264.85    33.18  42.36   255.12 264.30   260.71 269.89   254.44 263.62
2020-04-15   254.55 264.29   254.52 264.27    32.04  41.78   253.98 263.72   259.57 269.31   253.30 263.04
2020-04-16   253.46 263.67   253.43 263.64    30.95  41.15   252.89 263.10   258.47 268.68   252.21 262.42
2020-04-17   252.60 262.81   252.57 262.78    30.09  40.29   252.03 262.24   257.62 267.82   251.35 261.56
2020-04-18   251.74 261.95   251.72 261.92    29.23  39.43   251.17 261.38   256.76 266.96   250.49 260.70
2020-04-19   250.89 261.09   250.86 261.06    28.38  38.58   250.32 260.52   255.90 266.10   249.64 259.84
2020-04-20   250.03 260.23   250.01 260.21    27.52  37.72   249.46 259.66   255.05 265.25   248.78 258.98
2020-04-21   249.18 259.38   249.15 259.35    26.66  36.86   248.61 258.81   254.19 264.39   247.93 258.13
2020-04-22   248.32 258.52   248.29 258.49    25.81  36.01   247.75 257.95   253.34 263.54   247.07 257.27
2020-04-23   247.47 257.67   247.44 257.64    24.95  35.15   246.90 257.10   252.48 262.68   246.21 256.42
2020-04-24   246.61 256.81   246.58 256.79    24.10  34.30   246.04 256.24   251.63 261.83   245.36 255.56
2020-04-25   245.75 255.96   245.73 255.93    23.24  33.45   245.18 255.39   250.77 260.97   244.50 254.71
2020-04-26   244.90 255.11   244.87 255.08    22.39  32.59   244.33 254.54   249.91 260.12   243.65 253.85
2020-04-27   244.04 254.25   244.02 254.23    21.53  31.74   243.47 253.68   249.06 259.27   242.79 253.00
2020-04-28   243.19 253.40   243.16 253.37    20.67  30.89   242.62 252.83   248.20 258.41   241.93 252.15
2020-04-29   242.33 252.55   242.30 252.52    19.82  30.03   241.76 251.98   247.34 257.56   241.08 251.30
2020-04-30   241.47 251.69   241.44 251.67    18.96  29.18   240.90 251.12   246.49 256.71   240.22 250.44
2020-05-01   240.61 250.84   240.58 250.81    18.10  28.33   240.04 250.27   245.63 255.86   239.36 249.59
2020-05-02   239.75 249.99   239.72 249.96    17.24  27.47   239.18 249.42   244.77 255.00   238.50 248.74
2020-05-03   238.89 249.13   238.86 249.11    16.38  26.62   238.32 248.56   243.91 254.15   237.64 247.88
2020-05-04   238.03 248.28   238.00 248.25    15.52  25.76   237.46 247.71   243.04 253.29   236.78 247.03
2020-05-05   237.16 247.42   237.14 247.40    14.65  24.91   236.59 246.85   242.18 252.44   235.91 246.17
2020-05-06   236.30 246.57   236.27 246.54    13.79  24.05   235.73 246.00   241.31 251.58   235.05 245.31
2020-05-07   235.43 245.71   235.41 245.68    12.92  23.20   234.86 245.14   240.45 250.72   234.18 244.46
2020-05-08   234.56 244.85   234.54 244.82    12.05  22.34   233.99 244.28   239.58 249.87   233.31 243.60
2020-05-09   233.69 243.99   233.67 243.96    11.18  21.48   233.12 243.42   238.71 249.01   232.44 242.74
2020-05-10   232.82 243.13   232.80 243.10    10.31  20.62   232.25 242.56   237.84 248.14   231.57 241.88
2020-05-11   231.95 242.27   231.92 242.24     9.44  19.75   231.38 241.70   236.96 247.28   230.70 241.02
2020-05-12   231.07 241.40   231.05 241.38     8.56  18.89   230.50 240.83   236.09 246.42   229.82 240.15
2020-05-13   230.20 240.54   230.17 240.51     7.68  18.03   229.63 239.97   235.21 245.55   228.94 239.29
2020-05-14   229.32 239.67   229.29 239.64     6.80  17.16   228.75 239.10   234.33 244.69   228.06 238.42
2020-05-15   228.43 238.80   228.41 238.78     5.92  16.29   227.86 238.23   233.45 243.82   227.18 237.55
2020-05-16   227.55 237.93   227.52 237.91     5.03  15.42   226.98 237.36   232.56 242.95   226.30 236.68
2020-05-17   226.66 237.06   226.63 237.03     4.15  14.55   226.09 236.49   231.68 242.07   225.41 235.81
2020-05-18   225.77 236.18   225.74 236.16     3.26  13.67   225.20 235.61   230.79 241.20   224.52 234.93
2020-05-19   224.88 235.31   224.85 235.28     2.36  12.79   224.31 234.74   229.89 240.32   223.63 234.06
2020-05-20   223.98 234.43   223.95 234.40     1.47  11.91   223.41 233.86   229.00 239.44   222.73 233.18
2020-05-21   223.08 233.55   223.06 233.52     0.57  11.03   222.51 232.98   228.10 238.56   221.83 232.29
2020-05-22   222.18 232.66   222.15 232.63   359.67  10.15   221.61 232.09   227.20 237.68   220.93 231.41
2020-05-23   221.28 231.77   221.25 231.75   358.76   9.26   220.71 231.20   226.29 236.79   220.03 230.52
2020-05-24   220.37 230.88   220.34 230.86   357.86   8.37   219.80 230.31   225.38 235.90   219.12 229.63
2020-05-25   219.46 229.99   219.43 229.96   356.94   7.48   218.89 229.42   224.47 235.01   218.21 228.74
2020-05-26   218.54 229.10   218.52 229.07   356.03   6.58   217.97 228.53   223.56 234.11   217.29 227.84
2020-05-27   217.63 228.20   217.60 228.17   355.11   5.68   217.06 227.63   222.64 233.21   216.37 226.95
2020-05-28   216.70 227.29   216.68 227.27   354.19   4.78   216.13 226.72   221.72 232.31   215.45 226.04
2020-05-29   215.78 226.39   215.75 226.36   353.27   3.88   215.21 225.82   220.79 231.41   214.53 225.14
2020-05-30   214.85 225.48   214.82 225.46   352.34   2.97   214.28 224.91   219.87 230.50   213.60 224.23
2020-05-31   213.92 224.57   213.89 224.54   351.41   2.06   213.35 224.00   218.93 229.59   212.67 223.32
2020-06-01   212.98 223.66   212.96 223.63   350.47   1.14   212.41 223.09   218.00 228.67   211.73 222.40
2020-06-02   212.04 222.74   212.02 222.71   349.53   0.22   211.47 222.17   217.06 227.75   210.79 221.49
2020-06-03   211.10 221.81   211.07 221.79   348.59 359.30   210.53 221.24   216.12 226.83   209.85 220.56
2020-06-04   210.15 220.89   210.13 220.86   347.64 358.38   209.58 220.32   215.17 225.90   208.90 219.64
2020-06-05   209.20 219.96   209.18 219.93   346.69 357.45   208.63 219.39   214.22 224.97   207.95 218.71
2020-06-06   208.25 219.03   208.22 219.00   345.73 356.51   207.68 218.46   213.26 224.04   207.00 217.78
2020-06-07   207.29 218.09   207.26 218.06   344.78 355.58   206.72 217.52   212.30 223.10   206.04 216.84
2020-06-08   206.33 217.15   206.30 217.12   343.81 354.64   205.76 216.58   211.34 222.16   205.07 215.90
2020-06-09   205.36 216.20   205.33 216.18   342.85 353.69   204.79 215.63   210.37 221.22   204.11 214.95
2020-06-10   204.39 215.25   204.36 215.23   341.87 352.74   203.82 214.68   209.40 220.27   203.14 214.00
2020-06-11   203.41 214.30   203.39 214.28   340.90 351.79   202.84 213.73   208.43 219.32   202.16 213.05
2020-06-12   202.43 213.35   202.41 213.32   339.92 350.83   201.86 212.78   207.45 218.36   201.18 212.09
2020-06-13   201.45 212.38   201.42 212.36   338.94 349.87   200.88 211.81   206.46 217.40   200.20 211.13
2020-06-14   200.46 211.42   200.43 211.39   337.95 348.91   199.89 210.85   205.48 216.43   199.21 210.17
2020-06-15   199.47 210.45   199.44 210.42   336.96 347.94   198.90 209.88   204.48 215.46   198.22 209.20
2020-06-16   198.47 209.48   198.45 209.45   335.96 346.96   197.90 208.91   203.49 214.49   197.22 208.23
2020-06-17   197.47 208.50   197.45 208.47   334.96 345.99   196.90 207.93   202.49 213.51   196.22 207.25
2020-06-18   196.47 207.52   196.44 207.49   333.96 345.00   195.90 206.95   201.48 212.53   195.22 206.27
2020-06-19   195.46 206.53   195.43 206.50   332.95 344.02   194.89 205.96   200.48 211.55   194.21 205.28
2020-06-20   194.45 205.54   194.42 205.51   331.94 343.03   193.88 204.97   199.46 210.56   193.20 204.29
2020-06-21   193.43 204.55   193.41 204.52   330.92 342.03   192.86 203.98   198.45 209.56   192.18 203.29
2020-06-22   192.41 203.55   192.38 203.52   329.90 341.03   191.84 202.98   197.43 208.56   191.16 202.30
2020-06-23   191.39 202.54   191.36 202.52   328.87 340.03   190.82 201.97   196.40 207.56   190.14 201.29
2020-06-24   190.36 201.54   190.33 201.51   327.85 339.02   189.79 200.97   195.37 206.55   189.11 200.29
2020-06-25   189.33 200.52   189.30 200.50   326.81 338.01   188.76 199.95   194.34 205.54   188.08 199.27
2020-06-26   188.29 199.51   188.26 199.48   325.78 337.00   187.72 198.94   193.31 204.52   187.04 198.26
2020-06-27   187.25 198.49   187.23 198.46   324.74 335.98   186.68 197.92   192.27 203.50   186.00 197.24
2020-06-28   186.21 197.47   186.18 197.44   323.70 334.95   185.64 196.90   191.22 202.48   184.96 196.22
2020-06-29   185.16 196.44   185.14 196.41   322.65 333.93   184.59 195.87   190.18 201.45   183.91 195.19
2020-06-30   184.11 195.41   184.09 195.38   321.60 332.89   183.54 194.84   189.13 200.42   182.86 194.16
2020-07-01   183.06 194.37   183.03 194.35   320.55 331.86   182.49 193.80   188.07 199.39   181.81 193.12
2020-07-02   182.00 193.33   181.98 193.31   319.49 330.82   181.43 192.76   187.02 198.35   180.75 192.08
2020-07-03   180.94 192.29   180.92 192.26   318.43 329.78   180.37 191.72   185.96 197.31   179.69 191.04
2020-07-04   179.88 191.24   179.85 191.22   317.37 328.73   179.31 190.67   184.90 196.26   178.63 189.99
2020-07-05   178.81 190.19   178.79 190.17   316.30 327.68   178.24 189.62   183.83 195.21   177.56 188.94
2020-07-06   177.75 189.14   177.72 189.11   315.23 326.63   177.18 188.57   182.76 194.16   176.50 187.89
2020-07-07   176.68 188.08   176.65 188.06   314.16 325.57   176.11 187.51   181.69 193.10   175.42 186.83
2020-07-08   175.60 187.02   175.58 187.00   313.09 324.51   175.03 186.45   180.62 192.04   174.35 185.77
2020-07-09   174.53 185.96   174.50 185.93   312.01 323.45   173.96 185.39   179.54 190.98   173.28 184.71
2020-07-10   173.45 184.90   173.42 184.87   310.94 322.38   172.88 184.33   178.46 189.91   172.20 183.65
2020-07-11   172.37 183.83   172.34 183.80   309.86 321.31   171.80 183.26   177.38 188.84   171.12 182.58
2020-07-12   171.29 182.76   171.26 182.73   308.77 320.24   170.72 182.19   176.30 187.77   170.04 181.51
2020-07-13   170.20 181.68   170.18 181.66   307.69 319.17   169.63 181.11   175.22 186.70   168.95 180.43
2020-07-14   169.12 180.61   169.09 180.58   306.61 318.09   168.55 180.04   174.13 185.62   167.87 179.36
2020-07-15   168.03 179.53   168.00 179.50   305.52 317.02   167.46 178.96   173.05 184.54   166.78 178.28
2020-07-16   166.94 178.45   166.92 178.42   304.43 315.94   166.37 177.88   171.96 183.46   165.69 177.20
2020-07-17   165.86 177.37   165.83 177.34   303.34 314.85   165.29 176.80   170.87 182.38   164.60 176.12
2020-07-18   164.77 176.28   164.74 176.26   302.25 313.77   164.20 175.71   169.78 181.30   163.52 175.03
2020-07-19   163.68 175.20   163.65 175.17   301.16 312.68   163.11 174.63   168.69 180.21   162.43 173.95
2020-07-20   162.59 174.11   162.56 174.08   300.07 311.60   162.02 173.54   167.60 179.13   161.33 172.86
2020-07-21   161.49 173.02   161.47 173.00   298.98 310.51   160.92 172.45   166.51 178.04   160.24 171.77
2020-07-22   160.40 171.93   160.38 171.91   297.89 309.42   159.83 171.36   165.42 176.95   159.15 170.68
2020-07-23   159.31 170.84   159.29 170.82   296.80 308.33   158.74 170.27   164.33 175.86   158.06 169.59
2020-07-24   158.22 169.75   158.20 169.73   295.71 307.24   157.65 169.18   163.24 174.77   156.97 168.50
2020-07-25   157.13 168.66   157.11 168.64   294.62 306.15   156.56 168.09   162.15 173.68   155.88 167.41
2020-07-26   156.04 167.57   156.02 167.55   293.53 305.06   155.47 167.00   161.06 172.59   154.79 166.32
2020-07-27   154.96 166.48   154.93 166.45   292.44 303.97   154.39 165.91   159.97 171.50   153.70 165.23
2020-07-28   153.87 165.39   153.84 165.36   291.36 302.88   153.30 164.82   158.88 170.41   152.62 164.14
2020-07-29   152.78 164.30   152.75 164.27   290.27 301.79   152.21 163.73   157.80 169.31   151.53 163.05
2020-07-30   151.70 163.21   151.67 163.18   289.18 300.70   151.13 162.64   156.71 168.22   150.45 161.96
2020-07-31   150.61 162.12   150.59 162.09   288.10 299.61   150.04 161.55   155.63 167.13   149.36 160.87
2020-08-01   149.53 161.03   149.50 161.00   287.02 298.52   148.96 160.46   154.55 166.05   148.28 159.78
2020-08-02   148.45 159.94   148.42 159.92   285.94 297.43   147.88 159.37   153.47 164.96   147.20 158.69
2020-08-03   147.37 158.86   147.35 158.83   284.86 296.34   146.80 158.29   152.39 163.87   146.12 157.60
2020-08-04   146.30 157.77   146.27 157.74   283.78 295.26   145.73 157.20   151.31 162.79   145.05 156.52
2020-08-05   145.22 156.69   145.20 156.66   282.71 294.17   144.65 156.12   150.24 161.70   143.97 155.44
2020-08-06   144.15 155.60   144.13 155.58   281.64 293.09   143.58 155.03   149.17 160.62   142.90 154.35
2020-08-07   143.08 154.52   143.06 154.50   280.57 292.01   142.51 153.95   148.10 159.54   141.83 153.27
2020-08-08   142.02 153.44   141.99 153.42   279.51 290.93   141.45 152.87   147.03 158.46   140.77 152.19
2020-08-09   140.96 152.37   140.93 152.34   278.44 289.86   140.39 151.80   145.97 157.38   139.70 151.12
2020-08-10   139.90 151.29   139.87 151.27   277.38 288.78   139.33 150.72   144.91 156.31   138.64 150.04
2020-08-11   138.84 150.22   138.81 150.20   276.33 287.71   138.27 149.65   143.85 155.24   137.59 148.97
2020-08-12   137.78 149.15   137.76 149.13   275.27 286.64   137.21 148.58   142.80 154.17   136.53 147.90
2020-08-13   136.73 148.09   136.71 148.06   274.22 285.57   136.16 147.52   141.75 153.10   135.48 146.83
2020-08-14   135.69 147.02   135.66 146.99   273.17 284.51   135.12 146.45   140.70 152.04   134.44 145.77
2020-08-15   134.64 145.96   134.62 145.93   272.13 283.45   134.07 145.39   139.66 150.97   133.39 144.71
2020-08-16   133.60 144.90   133.57 144.87   271.09 282.39   133.03 144.33   138.62 149.92   132.35 143.65
2020-08-17   132.56 143.85   132.54 143.82   270.05 281.33   131.99 143.28   137.58 148.86   131.31 142.59
2020-08-18   131.53 142.79   131.50 142.77   269.02 280.28   130.96 142.22   136.55 147.81   130.28 141.54
2020-08-19   130.50 141.74   130.47 141.72   267.99 279.23   129.93 141.17   135.52 146.76   129.25 140.49
2020-08-20   129.48 140.70   129.45 140.67   266.96 278.19   128.91 140.13   134.49 145.71   128.22 139.45
2020-08-21   128.45 139.66   128.43 139.63   265.94 277.14   127.88 139.09   133.47 144.67   127.20 138.41
2020-08-22   127.44 138.62   127.41 138.59   264.92 276.11   126.87 138.05   132.45 143.63   126.18 137.37
2020-08-23   126.42 137.58   126.39 137.56   263.91 275.07   125.85 137.01   131.44 142.60   125.17 136.33
2020-08-24   125.41 136.55   125.38 136.52   262.90 274.04   124.84 135.98   130.43 141.57   124.16 135.30
2020-08-25   124.40 135.52   124.38 135.50   261.89 273.01   123.83 134.95   129.42 140.54   123.15 134.27
2020-08-26   123.40 134.50   123.37 134.47   260.89 271.99   122.83 133.93   128.42 139.51   122.15 133.25
2020-08-27   122.40 133.48   122.38 133.45   259.89 270.97   121.83 132.91   127.42 138.49   121.15 132.23
2020-08-28   121.41 132.46   121.38 132.43   258.90 269.95   120.84 131.89   126.42 137.48   120.16 131.21
2020-08-29   120.42 131.45   120.39 131.42   257.90 268.94   119.85 130.88   125.43 136.46   119.17 130.20
2020-08-30   119.43 130.44   119.40 130.41   256.92 267.93   118.86 129.87   124.45 135.45   118.18 129.19
2020-08-31   118.45 129.43   118.42 129.41   255.94 266.92   117.88 128.86   123.46 134.45   117.20 128.18
2020-09-01   117.47 128.43   117.44 128.41   254.96 265.92   116.90 127.86   122.48 133.45   116.22 127.18
2020-09-02   116.49 127.44   116.47 127.41   253.98 264.92   115.92 126.87   121.51 132.45   115.24 126.18
2020-09-03   115.52 126.44   115.50 126.41   253.01 263.93   114.95 125.87   120.54 131.46   114.27 125.19
2020-09-04   114.56 125.45   114.53 125.43   252.04 262.94   113.99 124.88   119.57 130.47   113.31 124.20
2020-09-05   113.59 124.47   113.57 124.44   251.08 261.95   113.02 123.90   118.61 129.48   112.34 123.22
2020-09-06   112.63 123.48   112.61 123.46   250.12 260.97   112.06 122.91   117.65 128.50   111.38 122.23
2020-09-07   111.68 122.51   111.65 122.48   249.17 259.99   111.11 121.94   116.69 127.52   110.43 121.26
2020-09-08   110.73 121.53   110.70 121.51   248.21 259.02   110.16 120.96   115.74 126.55   109.48 120.28
2020-09-09   109.78 120.56   109.75 120.53   247.27 258.05   109.21 119.99   114.79 125.58   108.53 119.31
2020-09-10   108.83 119.59   108.81 119.57   246.32 257.08   108.26 119.02   113.85 124.61   107.58 118.34
2020-09-11   107.89 118.63   107.87 118.61   245.38 256.12   107.32 118.06   112.91 123.65   106.64 117.38
2020-09-12   106.95 117.67   106.93 117.65   244.44 255.16   106.38 117.10   111.97 122.69   105.70 116.42
2020-09-13   106.02 116.72   105.99 116.69   243.51 254.20   105.45 116.15   111.04 121.73   104.77 115.47
2020-09-14   105.09 115.77   105.06 115.74   242.58 253.25   104.52 115.20   110.11 120.78   103.84 114.51
2020-09-15   104.16 114.82   104.14 114.79   241.65 252.30   103.59 114.25   109.18 119.83   102.91 113.57
2020-09-16   103.24 113.87   103.21 113.85   240.73 251.36   102.67 113.30   108.25 118.89   101.99 112.62
2020-09-17   102.32 112.93   102.29 112.90   239.80 250.42   101.75 112.36   107.33 117.95   101.07 111.68
2020-09-18   101.40 111.99   101.37 111.97   238.89 249.48   100.83 111.42   106.41 117.01   100.15 110.74
2020-09-19   100.48 111.06   100.46 111.03   237.97 248.55    99.91 110.49   105.50 116.07    99.23 109.81
2020-09-20    99.57 110.13    99.55 110.10   237.06 247.61    99.00 109.56   104.59 115.14    98.32 108.88
2020-09-21    98.66 109.20    98.64 109.17   236.15 246.69    98.09 108.63   103.68 114.21    97.41 107.95
2020-09-22    97.76 108.27    97.73 108.25   235.24 245.76    97.19 107.70   102.77 113.29    96.51 107.02
2020-09-23    96.85 107.35    96.83 107.33   234.34 244.84    96.28 106.78   101.87 112.37    95.60 106.10
2020-09-24    95.95 106.43    95.93 106.41   233.44 243.92    95.38 105.86   100.97 111.45    94.70 105.18
2020-09-25    95.05 105.52    95.03 105.49   232.54 243.00    94.48 104.95   100.07 110.53    93.80 104.27
2020-09-26    94.16 104.60    94.13 104.58   231.64 242.09    93.59 104.03    99.17 109.62    92.91 103.35
2020-09-27    93.26 103.69    93.24 103.67   230.75 241.18    92.69 103.12    98.28 108.71    92.01 102.44
2020-09-28    92.37 102.79    92.34 102.76   229.86 240.27    91.80 102.22    97.39 107.80    91.12 101.53
2020-09-29    91.48 101.88    91.45 101.85   228.97 239.37    90.91 101.31    96.50 106.90    90.23 100.63
2020-09-30    90.59 100.98    90.57 100.95   228.08 238.47    90.02 100.41    95.61 105.99    89.34  99.73
2020-10-01    89.71 100.08    89.68 100.05   227.19 237.56    89.14  99.51    94.72 105.09    88.46  98.83
2020-10-02    88.82  99.18    88.80  99.15   226.31 236.67    88.25  98.61    93.84 104.19    87.57  97.93
2020-10-03    87.94  98.28    87.91  98.26   225.43 235.77    87.37  97.71    92.96 103.30    86.69  97.03
2020-10-04    87.06  97.39    87.03  97.36   224.55 234.88    86.49  96.82    92.07 102.40    85.81  96.14
2020-10-05    86.18  96.50    86.15  96.47   223.67 233.99    85.61  95.93    91.20 101.51    84.93  95.25
2020-10-06    85.30  95.61    85.28  95.58   222.79 233.10    84.73  95.04    90.32 100.62    84.05  94.36
2020-10-07    84.42  94.72    84.40  94.69   221.91 232.21    83.85  94.15    89.44  99.73    83.17  93.47
2020-10-08    83.55  93.83    83.52  93.81   221.04 231.32    82.98  93.26    88.56  98.85    82.30  92.58
2020-10-09    82.67  92.95    82.65  92.92   220.16 230.44    82.10  92.38    87.69  97.96    81.42  91.70
2020-10-10    81.80  92.06    81.77  92.04   219.29 229.55    81.23  91.49    86.81  97.08    80.55  90.81
2020-10-11    80.93  91.18    80.90  91.16   218.41 228.67    80.36  90.61    85.94  96.20    79.68  89.93
2020-10-12    80.05  90.30    80.03  90.28   217.54 227.79    79.48  89.73    85.07  95.32    78.80  89.05
2020-10-13    79.18  89.42    79.15  89.40   216.67 226.91    78.61  88.85    84.20  94.44    77.93  88.17
2020-10-14    78.31  88.54    78.28  88.52   215.80 226.03    77.74  87.97    83.32  93.56    77.06  87.29
2020-10-15    77.44  87.67    77.41  87.64   214.93 225.15    76.87  87.10    82.45  92.68    76.19  86.42
2020-10-16    76.57  86.79    76.54  86.76   214.05 224.28    76.00  86.22    81.58  91.80    75.32  85.54
2020-10-17    75.70  85.91    75.67  85.89   213.18 223.40    75.13  85.34    80.71  90.93    74.44  84.66
2020-10-18    74.82  85.04    74.80  85.01   212.31 222.52    74.25  84.47    79.84  90.05    73.57  83.79
2020-10-19    73.95  84.16    73.93  84.14   211.44 221.65    73.38  83.59    78.97  89.18    72.70  82.91
2020-10-20    73.08  83.29    73.05  83.26   210.57 220.77    72.51  82.72    78.10  88.30    71.83  82.04
2020-10-21    72.21  82.41    72.18  82.39   209.70 219.90    71.64  81.84    77.22  87.43    70.96  81.16
2020-10-22    71.34  81.54    71.31  81.51   208.82 219.03    70.77  80.97    76.35  86.55    70.09  80.29
2020-10-23    70.46  80.66    70.44  80.64   207.95 218.15    69.89  80.09    75.48  85.68    69.21  79.41
2020-10-24    69.59  79.79    69.56  79.76   207.08 217.28    69.02  79.22    74.60  84.80    68.34  78.54
2020-10-25    68.71  78.91    68.69  78.89   206.20 216.40    68.14  78.34    73.73  83.93    67.46  77.66
2020-10-26    67.84  78.04    67.81  78.01   205.33 215.53    67.27  77.47    72.85  83.05    66.59  76.79
2020-10-27    66.96  77.16    66.94  77.14   204.45 214.65    66.39  76.59    71.98  82.18    65.71  75.91
2020-10-28    66.08  76.29    66.06  76.26   203.57 213.78    65.51  75.72    71.10  81.30    64.83  75.04
2020-10-29    65.20  75.41    65.18  75.38   202.69 212.90    64.63  74.84    70.22  80.43    63.95  74.16
2020-10-30    64.40  74.45    64.38  74.43   201.89 211.94    63.83  73.88    69.42  79.47    63.15  73.20
2020-10-31    63.81  73.29    63.78  73.26   201.30 210.77    63.24  72.72    68.82  78.30    62.56  72.04
2020-11-01    63.21  72.12    63.19  72.09   200.70 209.61    62.64  71.55    68.23  77.13    61.96  70.87
2020-11-02    62.61  70.95    62.59  70.92   200.10 208.44    62.04  70.38    67.63  75.97    61.36  69.70
2020-11-03    62.01  69.78    61.99  69.75   199.50 207.27    61.44  69.21    67.03  74.80    60.76  68.53
2020-11-04    61.41  68.61    61.38  68.58   198.90 206.10    60.84  68.04    66.43  73.62    60.16  67.36

2021-04-11   259.48 266.80   259.45 266.77    36.96  44.29   258.91 266.23   264.49 271.82   258.23 265.55
2021-04-12   258.33 266.21   258.30 266.19    35.82  43.70   257.76 265.64   263.35 271.23   257.08 264.96
2021-04-13   257.19 265.63   257.16 265.60    34.67  43.12   256.62 265.06   262.20 270.64   255.94 264.38
2021-04-14   256.04 265.05   256.02 265.02    33.53  42.53   255.47 264.48   261.06 270.06   254.79 263.80
2021-04-15   254.90 264.47   254.87 264.44    32.39  41.95   254.33 263.90   259.92 269.48   253.65 263.22
2021-04-16   253.76 263.89   253.73 263.86    31.25  41.38   253.19 263.32   258.77 268.90   252.51 262.64
2021-04-17   252.86 263.07   252.83 263.04    30.35  40.56   252.29 262.50   257.88 268.08   251.61 261.82
2021-04-18   252.00 262.21   251.98 262.18    29.49  39.70   251.43 261.64   257.02 267.22   250.75 260.96
2021-04-19   251.15 261.35   251.12 261.32    28.64  38.84   250.58 260.78   256.16 266.37   249.90 260.10
2021-04-20   250.29 260.49   250.27 260.47    27.78  37.98   249.72 259.92   255.31 265.51   249.04 259.24
2021-04-21   249.44 259.64   249.41 259.61    26.92  37.12   248.87 259.07   254.45 264.65   248.19 258.39
2021-04-22   248.58 258.78   248.55 258.75    26.07  36.27   248.01 258.21   253.60 263.80   247.33 257.53
2021-04-23   247.73 257.93   247.70 257.90    25.21  35.41   247.16 257.36   252.74 262.94   246.47 256.67
2021-04-24   246.87 257.07   246.84 257.04    24.36  34.56   246.30 256.50   251.88 262.09   245.62 255.82
2021-04-25   246.01 256.22   245.99 256.19    23.50  33.70   245.44 255.65   251.03 261.23   244.76 254.97
2021-04-26   245.16 255.36   245.13 255.34    22.65  32.85   244.59 254.79   250.17 260.38   243.91 254.11
2021-04-27   244.30 254.51   244.27 254.48    21.79  32.00   243.73 253.94   249.32 259.53   243.05 253.26
2021-04-28   243.44 253.66   243.42 253.63    20.93  31.14   242.87 253.09   248.46 258.67   242.19 252.41
2021-04-29   242.59 252.80   242.56 252.78    20.07  30.29   242.02 252.23   247.60 257.82   241.34 251.55
2021-04-30   241.73 251.95   241.70 251.92    19.22  29.44   241.16 251.38   246.74 256.97   240.48 250.70
2021-05-01   240.87 251.10   240.84 251.07    18.36  28.58   240.30 250.53   245.88 256.11   239.62 249.85
2021-05-02   240.01 250.24   239.98 250.22    17.50  27.73   239.44 249.67   245.02 255.26   238.76 248.99
2021-05-03   239.15 249.39   239.12 249.36    16.63  26.87   238.58 248.82   244.16 254.40   237.90 248.14
2021-05-04   238.28 248.53   238.26 248.51    15.77  26.02   237.71 247.96   243.30 253.55   237.03 247.28
2021-05-05   237.42 247.68   237.39 247.65    14.91  25.16   236.85 247.11   242.44 252.69   236.17 246.43
2021-05-06   236.56 246.82   236.53 246.79    14.04  24.31   235.99 246.25   241.57 251.83   235.30 245.57
2021-05-07   235.69 245.96   235.66 245.94    13.18  23.45   235.12 245.39   240.70 250.98   234.44 244.71
2021-05-08   234.82 245.10   234.79 245.08    12.31  22.59   234.25 244.53   239.84 250.12   233.57 243.85
2021-05-09   233.95 244.24   233.92 244.22    11.44  21.73   233.38 243.67   238.96 249.26   232.70 242.99
2021-05-10   233.08 243.38   233.05 243.36    10.56  20.87   232.51 242.81   238.09 248.40   231.83 242.13
2021-05-11   232.20 242.52   232.18 242.49     9.69  20.01   231.63 241.95   237.22 247.53   230.95 241.27
2021-05-12   231.33 241.65   231.30 241.63     8.81  19.14   230.76 241.08   236.34 246.67   230.08 240.40
2021-05-13   230.45 240.79   230.42 240.76     7.94  18.28   229.88 240.22   235.46 245.80   229.20 239.54
2021-05-14   229.57 239.92   229.54 239.89     7.06  17.41   229.00 239.35   234.58 244.94   228.32 238.67
2021-05-15   228.69 239.05   228.66 239.03     6.17  16.54   228.12 238.48   233.70 244.07   227.43 237.80
2021-05-16   227.80 238.18   227.77 238.15     5.29  15.67   227.23 237.61   232.82 243.20   226.55 236.93
2021-05-17   226.91 237.31   226.89 237.28     4.40  14.79   226.34 236.74   231.93 242.32   225.66 236.06
2021-05-18   226.02 236.43   226.00 236.41     3.51  13.92   225.45 235.86   231.04 241.45   224.77 235.18
2021-05-19   225.13 235.55   225.10 235.53     2.62  13.04   224.56 234.98   230.14 240.57   223.88 234.30
2021-05-20   224.23 234.67   224.21 234.65     1.72  12.16   223.66 234.10   229.25 239.69   222.98 233.42
2021-05-21   223.33 233.79   223.31 233.77     0.82  11.28   222.76 233.22   228.35 238.81   222.08 232.54
2021-05-22   222.43 232.91   222.40 232.88   359.92  10.39   221.86 232.34   227.45 237.92   221.18 231.66
2021-05-23   221.53 232.02   221.50 231.99   359.01   9.51   220.96 231.45   226.54 237.03   220.28 230.77
2021-05-24   220.62 231.13   220.59 231.10   358.11   8.62   220.05 230.56   225.63 236.14   219.37 229.88
2021-05-25   219.71 230.24   219.68 230.21   357.19   7.72   219.14 229.67   224.72 235.25   218.46 228.98
2021-05-26   218.79 229.34   218.76 229.31   356.28   6.83   218.22 228.77   223.81 234.35   217.54 228.09
2021-05-27   217.87 228.44   217.85 228.41   355.36   5.93   217.30 227.87   222.89 233.46   216.62 227.19
2021-05-28   216.95 227.54   216.92 227.51   354.44   5.03   216.38 226.97   221.97 232.55   215.70 226.29
2021-05-29   216.03 226.63   216.00 226.61   353.51   4.12   215.46 226.06   221.04 231.65   214.78 225.38
2021-05-30   215.10 225.72   215.07 225.70   352.58   3.21   214.53 225.15   220.11 230.74   213.85 224.47
2021-05-31   214.16 224.81   214.14 224.78   351.65   2.30   213.59 224.24   219.18 229.83   212.91 223.56
2021-06-01   213.23 223.90   213.20 223.87   350.72   1.38   212.66 223.33   218.24 228.91   211.98 222.64
2021-06-02   212.29 222.98   212.26 222.95   349.78   0.46   211.72 222.41   217.30 227.99   211.04 221.73
2021-06-03   211.34 222.05   211.32 222.03   348.83 359.54   210.77 221.48   216.36 227.07   210.09 220.80
2021-06-04   210.40 221.13   210.37 221.10   347.88 358.62   209.83 220.56   215.41 226.14   209.15 219.88
2021-06-05   209.44 220.20   209.42 220.17   346.93 357.69   208.87 219.63   214.46 225.21   208.19 218.95
2021-06-06   208.49 219.26   208.46 219.24   345.98 356.75   207.92 218.69   213.50 224.28   207.24 218.01
2021-06-07   207.53 218.33   207.50 218.30   345.02 355.81   206.96 217.76   212.54 223.34   206.28 217.08
2021-06-08   206.57 217.38   206.54 217.36   344.05 354.87   206.00 216.81   211.58 222.40   205.31 216.13
2021-06-09   205.60 216.44   205.57 216.41   343.09 353.93   205.03 215.87   210.61 221.45   204.35 215.19
2021-06-10   204.63 215.49   204.60 215.46   342.11 352.98   204.06 214.92   209.64 220.50   203.37 214.24
2021-06-11   203.65 214.54   203.62 214.51   341.14 352.02   203.08 213.97   208.66 219.55   202.40 213.29
2021-06-12   202.67 213.58   202.64 213.55   340.16 351.07   202.10 213.01   207.68 218.59   201.42 212.33
2021-06-13   201.69 212.62   201.66 212.59   339.17 350.10   201.12 212.05   206.70 217.63   200.43 211.37
2021-06-14   200.70 211.65   200.67 211.62   338.18 349.14   200.13 211.08   205.71 216.67   199.45 210.40
2021-06-15   199.70 210.68   199.68 210.65   337.19 348.17   199.13 210.11   204.72 215.70   198.45 209.43
2021-06-16   198.71 209.71   198.68 209.68   336.19 347.19   198.14 209.14   203.72 214.72   197.46 208.46
2021-06-17   197.71 208.73   197.68 208.70   335.19 346.22   197.14 208.16   202.72 213.74   196.46 207.48
2021-06-18   196.70 207.75   196.67 207.72   334.19 345.23   196.13 207.18   201.72 212.76   195.45 206.49
2021-06-19   195.69 206.76   195.67 206.73   333.18 344.25   195.12 206.19   200.71 211.77   194.44 205.51
2021-06-20   194.68 205.77   194.65 205.74   332.17 343.26   194.11 205.20   199.69 210.78   193.43 204.52
2021-06-21   193.66 204.77   193.64 204.75   331.15 342.26   193.09 204.20   198.68 209.79   192.41 203.52
2021-06-22   192.64 203.77   192.61 203.75   330.13 341.26   192.07 203.20   197.66 208.79   191.39 202.52
2021-06-23   191.62 202.77   191.59 202.74   329.10 340.26   191.05 202.20   196.63 207.78   190.37 201.52
2021-06-24   190.59 201.76   190.56 201.73   328.07 339.25   190.02 201.19   195.60 206.78   189.34 200.51
2021-06-25   189.55 200.75   189.53 200.72   327.04 338.24   188.98 200.18   194.57 205.76   188.30 199.50
2021-06-26   188.52 199.73   188.49 199.71   326.01 337.22   187.95 199.16   193.53 204.75   187.27 198.48
2021-06-27   187.48 198.71   187.45 198.69   324.97 336.20   186.91 198.14   192.49 203.73   186.23 197.46
2021-06-28   186.43 197.69   186.41 197.66   323.92 335.18   185.86 197.12   191.45 202.70   185.18 196.44
2021-06-29   185.39 196.66   185.36 196.63   322.87 334.15   184.82 196.09   190.40 201.68   184.14 195.41
2021-06-30   184.34 195.63   184.31 195.60   321.82 333.12   183.77 195.06   189.35 200.64   183.09 194.38
2021-07-01   183.28 194.59   183.26 194.57   320.77 332.08   182.71 194.02   188.30 199.61   182.03 193.34
2021-07-02   182.23 193.55   182.20 193.53   319.71 331.04   181.66 192.98   187.24 198.57   180.97 192.30
2021-07-03   181.17 192.51   181.14 192.48   318.65 330.00   180.60 191.94   186.18 197.53   179.91 191.26
2021-07-04   180.10 191.46   180.08 191.44   317.59 328.95   179.53 190.89   185.12 196.48   178.85 190.21
2021-07-05   179.04 190.41   179.01 190.39   316.52 327.90   178.47 189.84   184.05 195.43   177.79 189.16
2021-07-06   177.97 189.36   177.94 189.33   315.45 326.85   177.40 188.79   182.98 194.38   176.72 188.11
2021-07-07   176.90 188.30   176.87 188.28   314.38 325.79   176.33 187.73   181.91 193.32   175.65 187.05
2021-07-08   175.82 187.24   175.80 187.22   313.31 324.73   175.25 186.67   180.84 192.26   174.57 185.99
2021-07-09   174.75 186.18   174.72 186.15   312.23 323.67   174.18 185.61   179.76 191.20   173.50 184.93
2021-07-10   173.67 185.12   173.64 185.09   311.16 322.60   173.10 184.55   178.68 190.13   172.42 183.86
2021-07-11   172.59 184.05   172.56 184.02   310.08 321.53   172.02 183.48   177.60 189.06   171.34 182.80
2021-07-12   171.51 182.98   171.48 182.95   308.99 320.46   170.94 182.41   176.52 187.99   170.26 181.72
2021-07-13   170.42 181.90   170.40 181.88   307.91 319.39   169.85 181.33   175.44 186.92   169.17 180.65
2021-07-14   169.34 180.83   169.31 180.80   306.83 318.31   168.77 180.26   174.35 185.84   168.09 179.58
2021-07-15   168.25 179.75   168.23 179.72   305.74 317.24   167.68 179.18   173.27 184.76   167.00 178.50
2021-07-16   167.17 178.67   167.14 178.64   304.65 316.16   166.60 178.10   172.18 183.68   165.92 177.42
2021-07-17   166.08 177.59   166.05 177.56   303.57 315.08   165.51 177.02   171.09 182.60   164.83 176.34
2021-07-18   164.99 176.50   164.96 176.48   302.48 313.99   164.42 175.93   170.00 181.52   163.74 175.25
2021-07-19   163.90 175.42   163.87 175.39   301.39 312.91   163.33 174.85   168.91 180.44   162.65 174.17
2021-07-20   162.81 174.33   162.78 174.31   300.30 311.82   162.24 173.76   167.83 179.35   161.56 173.08
2021-07-21   161.72 173.25   161.69 173.22   299.21 310.73   161.15 172.68   166.74 178.26   160.47 172.00
2021-07-22   160.63 172.16   160.60 172.13   298.12 309.65   160.06 171.59   165.65 177.17   159.38 170.91
2021-07-23   159.54 171.07   159.51 171.04   297.03 308.56   158.97 170.50   164.56 176.09   158.29 169.82
2021-07-24   158.45 169.98   158.42 169.95   295.94 307.47   157.88 169.41   163.47 175.00   157.20 168.73
2021-07-25   157.36 168.89   157.34 168.86   294.85 306.38   156.79 168.32   162.38 173.91   156.11 167.64
2021-07-26   156.27 167.80   156.25 167.77   293.76 305.29   155.70 167.23   161.29 172.82   155.02 166.55
2021-07-27   155.19 166.71   155.16 166.68   292.67 304.20   154.62 166.14   160.20 171.73   153.94 165.46
2021-07-28   154.10 165.62   154.07 165.60   291.59 303.11   153.53 165.05   159.11 170.64   152.85 164.37
2021-07-29   153.01 164.53   152.99 164.51   290.50 302.02   152.44 163.96   158.03 169.55   151.76 163.28
2021-07-30   151.93 163.44   151.90 163.42   289.42 300.93   151.36 162.87   156.95 168.46   150.68 162.19
2021-07-31   150.85 162.35   150.82 162.33   288.34 299.84   150.28 161.78   155.86 167.37   149.60 161.10
2021-08-01   149.77 161.27   149.74 161.24   287.26 298.75   149.20 160.70   154.78 166.28   148.52 160.02
2021-08-02   148.69 160.18   148.66 160.15   286.18 297.67   148.12 159.61   153.70 165.20   147.44 158.93
2021-08-03   147.61 159.10   147.59 159.07   285.10 296.58   147.04 158.53   152.63 164.11   146.36 157.84
2021-08-04   146.54 158.01   146.51 157.98   284.03 295.50   145.97 157.44   151.55 163.03   145.29 156.76
2021-08-05   145.47 156.93   145.44 156.90   282.95 294.42   144.90 156.36   150.48 161.94   144.21 155.68
2021-08-06   144.40 155.85   144.37 155.82   281.88 293.33   143.83 155.28   149.41 160.86   143.14 154.60
2021-08-07   143.33 154.77   143.30 154.74   280.82 292.26   142.76 154.20   148.34 159.78   142.08 153.52
2021-08-08   142.26 153.69   142.24 153.66   279.75 291.18   141.69 153.12   147.28 158.71   141.01 152.44
2021-08-09   141.20 152.62   141.18 152.59   278.69 290.10   140.63 152.05   146.22 157.63   139.95 151.37
2021-08-10   140.14 151.54   140.12 151.52   277.63 289.03   139.57 150.97   145.16 156.56   138.89 150.29
2021-08-11   139.09 150.47   139.06 150.45   276.57 287.96   138.52 149.90   144.10 155.49   137.84 149.22
2021-08-12   138.03 149.40   138.01 149.38   275.52 286.89   137.46 148.83   143.05 154.42   136.78 148.15
2021-08-13   136.98 148.34   136.96 148.31   274.47 285.83   136.41 147.77   142.00 153.35   135.73 147.09
2021-08-14   135.94 147.28   135.91 147.25   273.43 284.76   135.37 146.71   140.95 152.29   134.69 146.02
2021-08-15   134.90 146.22   134.87 146.19   272.38 283.70   134.33 145.65   139.91 151.23   133.64 144.96
2021-08-16   133.86 145.16   133.83 145.13   271.34 282.65   133.29 144.59   138.87 150.17   132.60 143.91
2021-08-17   132.82 144.10   132.79 144.08   270.31 281.59   132.25 143.53   137.83 149.12   131.57 142.85
2021-08-18   131.79 143.05   131.76 143.03   269.27 280.54   131.22 142.48   136.80 148.07   130.54 141.80
2021-08-19   130.76 142.01   130.73 141.98   268.25 279.49   130.19 141.44   135.77 147.02   129.51 140.75
2021-08-20   129.73 140.96   129.71 140.93   267.22 278.45   129.16 140.39   134.75 145.98   128.48 139.71
2021-08-21   128.71 139.92   128.69 139.89   266.20 277.41   128.14 139.35   133.73 144.93   127.46 138.67
2021-08-22   127.70 138.88   127.67 138.86   265.18 276.37   127.13 138.31   132.71 143.90   126.44 137.63
2021-08-23   126.68 137.85   126.66 137.82   264.17 275.33   126.11 137.28   131.70 142.86   125.43 136.60
2021-08-24   125.67 136.82   125.65 136.79   263.16 274.30   125.10 136.25   130.69 141.83   124.42 135.57
2021-08-25   124.67 135.79   124.64 135.76   262.15 273.28   124.10 135.22   129.68 140.80   123.42 134.54
2021-08-26   123.66 134.77   123.64 134.74   261.15 272.25   123.09 134.20   128.68 139.78   122.41 133.52
2021-08-27   122.67 133.75   122.64 133.72   260.15 271.23   122.10 133.18   127.68 138.76   121.42 132.50
2021-08-28   121.67 132.73   121.65 132.70   259.16 270.22   121.10 132.16   126.69 137.75   120.42 131.48
2021-08-29   120.68 131.72   120.66 131.69   258.17 269.21   120.11 131.15   125.70 136.73   119.43 130.47
2021-08-30   119.70 130.71   119.67 130.68   257.18 268.20   119.13 130.14   124.71 135.73   118.45 129.46
2021-08-31   118.71 129.71   118.69 129.68   256.20 267.19   118.14 129.14   123.73 134.72   117.46 128.45
2021-09-01   117.74 128.70   117.71 128.68   255.22 266.19   117.17 128.13   122.75 133.72   116.49 127.45
2021-09-02   116.76 127.71   116.74 127.68   254.25 265.20   116.19 127.14   121.78 132.72   115.51 126.46
2021-09-03   115.79 126.72   115.77 126.69   253.28 264.20   115.22 126.15   120.81 131.73   114.54 125.46
2021-09-04   114.83 125.73   114.80 125.70   252.31 263.21   114.26 125.16   119.84 130.74   113.57 124.48
2021-09-05   113.86 124.74   113.84 124.71   251.35 262.23   113.29 124.17   118.88 129.76   112.61 123.49
2021-09-06   112.90 123.76   112.88 123.73   250.39 261.25   112.33 123.19   117.92 128.77   111.65 122.51
2021-09-07   111.95 122.78   111.92 122.75   249.44 260.27   111.38 122.21   116.96 127.80   110.70 121.53
2021-09-08   111.00 121.81   110.97 121.78   248.48 259.30   110.43 121.24   116.01 126.82   109.75 120.56
2021-09-09   110.05 120.84   110.02 120.81   247.54 258.32   109.48 120.27   115.06 125.85   108.80 119.59
2021-09-10   109.10 119.87   109.08 119.84   246.59 257.36   108.53 119.30   114.12 124.89   107.85 118.62
2021-09-11   108.16 118.91   108.14 118.88   245.65 256.40   107.59 118.34   113.18 123.92   106.91 117.66
2021-09-12   107.23 117.95   107.20 117.92   244.71 255.44   106.66 117.38   112.24 122.96   105.98 116.70
2021-09-13   106.29 116.99   106.27 116.97   243.78 254.48   105.72 116.42   111.31 122.01   105.04 115.74
2021-09-14   105.36 116.04   105.34 116.02   242.85 253.53   104.79 115.47   110.38 121.06   104.11 114.79
2021-09-15   104.44 115.09   104.41 115.07   241.92 252.58   103.87 114.52   109.45 120.11   103.18 113.84
2021-09-16   103.51 114.15   103.48 114.12   241.00 251.64   102.94 113.58   108.53 119.17   102.26 112.90
2021-09-17   102.59 113.21   102.56 113.18   240.08 250.70   102.02 112.64   107.61 118.22   101.34 111.96
2021-09-18   101.67 112.27   101.65 112.24   239.16 249.76   101.10 111.70   106.69 117.29   100.42 111.02
2021-09-19   100.76 111.34   100.73 111.31   238.25 248.82   100.19 110.77   105.77 116.35    99.51 110.09
2021-09-20    99.85 110.40    99.82 110.38   237.33 247.89    99.28 109.83   104.86 115.42    98.60 109.15
2021-09-21    98.94 109.48    98.91 109.45   236.42 246.96    98.37 108.91   103.95 114.49    97.69 108.23
2021-09-22    98.03 108.55    98.00 108.53   235.52 246.04    97.46 107.98   103.05 113.57    96.78 107.30
2021-09-23    97.13 107.63    97.10 107.60   234.61 245.12    96.56 107.06   102.14 112.64    95.88 106.38
2021-09-24    96.23 106.71    96.20 106.68   233.71 244.20    95.66 106.14   101.24 111.73    94.97 105.46
2021-09-25    95.33 105.79    95.30 105.77   232.81 243.28    94.76 105.22   100.34 110.81    94.08 104.54
2021-09-26    94.43 104.88    94.40 104.85   231.92 242.37    93.86 104.31    99.45 109.90    93.18 103.63
2021-09-27    93.54 103.97    93.51 103.94   231.02 241.46    92.97 103.40    98.55 108.99    92.28 102.72
2021-09-28    92.64 103.06    92.62 103.04   230.13 240.55    92.07 102.49    97.66 108.08    91.39 101.81
2021-09-29    91.75 102.16    91.73 102.13   229.24 239.64    91.18 101.59    96.77 107.17    90.50 100.91
2021-09-30    90.87 101.25    90.84 101.23   228.35 238.74    90.30 100.68    95.88 106.27    89.61 100.00
2021-10-01    89.98 100.35    89.95 100.33   227.47 237.84    89.41  99.78    94.99 105.37    88.73  99.10
2021-10-02    89.09  99.45    89.07  99.43   226.58 236.94    88.52  98.88    94.11 104.47    87.84  98.20
2021-10-03    88.21  98.56    88.19  98.53   225.70 236.05    87.64  97.99    93.23 103.57    86.96  97.31
2021-10-04    87.33  97.66    87.30  97.64   224.82 235.15    86.76  97.09    92.35 102.68    86.08  96.41
2021-10-05    86.45  96.77    86.42  96.75   223.94 234.26    85.88  96.20    91.47 101.79    85.20  95.52
2021-10-06    85.57  95.88    85.55  95.85   223.06 233.37    85.00  95.31    90.59 100.90    84.32  94.63
2021-10-07    84.69  94.99    84.67  94.97   222.18 232.48    84.12  94.42    89.71 100.01    83.44  93.74
2021-10-08    83.82  94.11    83.79  94.08   221.31 231.59    83.25  93.54    88.83  99.12    82.57  92.86
2021-10-09    82.94  93.22    82.92  93.19   220.43 230.71    82.37  92.65    87.96  98.24    81.69  91.97
2021-10-10    82.07  92.34    82.04  92.31   219.56 229.82    81.50  91.77    87.08  97.35    80.82  91.09
2021-10-11    81.19  91.45    81.17  91.43   218.68 228.94    80.62  90.88    86.21  96.47    79.94  90.20
2021-10-12    80.32  90.57    80.30  90.55   217.81 228.06    79.75  90.00    85.34  95.59    79.07  89.32
2021-10-13    79.45  89.69    79.42  89.67   216.94 227.18    78.88  89.12    84.46  94.71    78.20  88.44
2021-10-14    78.58  88.81    78.55  88.79   216.06 226.30    78.01  88.24    83.59  93.83    77.33  87.56
2021-10-15    77.70  87.93    77.68  87.91   215.19 225.42    77.13  87.36    82.72  92.95    76.45  86.68
2021-10-16    76.83  87.06    76.81  87.03   214.32 224.54    76.26  86.49    81.85  92.07    75.58  85.81
2021-10-17    75.96  86.18    75.93  86.15   213.45 223.67    75.39  85.61    80.98  91.20    74.71  84.93
2021-10-18    75.09  85.30    75.06  85.28   212.58 222.79    74.52  84.73    80.10  90.32    73.84  84.05
2021-10-19    74.22  84.43    74.19  84.40   211.71 221.92    73.65  83.86    79.23  89.44    72.97  83.18
2021-10-20    73.35  83.55    73.32  83.53   210.83 221.04    72.78  82.98    78.36  88.57    72.09  82.30
2021-10-21    72.47  82.68    72.45  82.65   209.96 220.16    71.90  82.11    77.49  87.69    71.22  81.43
2021-10-22    71.60  81.80    71.57  81.78   209.09 219.29    71.03  81.23    76.61  86.82    70.35  80.55
2021-10-23    70.73  80.93    70.70  80.90   208.21 218.41    70.16  80.36    75.74  85.94    69.48  79.68
2021-10-24    69.85  80.05    69.82  80.02   207.34 217.54    69.28  79.48    74.87  85.07    68.60  78.80
2021-10-25    68.98  79.18    68.95  79.15   206.46 216.66    68.41  78.61    73.99  84.19    67.73  77.93
2021-10-26    68.10  78.30    68.07  78.27   205.59 215.79    67.53  77.73    73.11  83.32    66.85  77.05
2021-10-27    67.22  77.42    67.20  77.40   204.71 214.91    66.65  76.85    72.24  82.44    65.97  76.17
2021-10-28    66.34  76.55    66.32  76.52   203.83 214.03    65.77  75.98    71.36  81.56    65.09  75.30
2021-10-29    65.46  75.67    65.44  75.64   202.95 213.16    64.89  75.10    70.48  80.68    64.21  74.42
2021-10-30    64.58  74.79    64.55  74.76   202.07 212.28    64.01  74.22    69.60  79.81    63.33  73.54
2021-10-31    63.98  73.63    63.95  73.60   201.47 211.12    63.41  73.06    68.99  78.65    62.73  72.38
2021-11-01    63.38  72.46    63.35  72.44   200.87 209.95    62.81  71.89    68.40  77.48    62.13  71.21
2021-11-02    62.78  71.29    62.76  71.27   200.27 208.78    62.21  70.72    67.80  76.31    61.53  70.04
2021-11-03    62.18  70.12    62.15  70.10   199.67 207.61    61.61  69.55    67.20  75.14    60.93  68.87
2021-11-04    61.58  68.95    61.55  68.92   199.07 206.44    61.01  68.38    66.59  73.96    60.33  67.70

2022-04-11   259.83 266.98   259.80 266.95    37.32  44.46   259.26 266.41   264.84 271.99   258.58 265.73
2022-04-12   258.68 266.39   258.66 266.36    36.17  43.88   258.11 265.82   263.70 271.40   257.43 265.14
2022-04-13   257.54 265.80   257.51 265.78    35.02  43.29   256.97 265.23   262.55 270.82   256.29 264.55
2022-04-14   256.39 265.22   256.37 265.20    33.88  42.71   255.82 264.65   261.41 270.24   255.14 263.97
2022-04-15   255.25 264.64   255.22 264.62    32.74  42.13   254.68 264.07   260.26 269.66   254.00 263.39
2022-04-16   254.11 264.06   254.08 264.04    31.59  41.55   253.54 263.49   259.12 269.08   252.86 262.81
2022-04-17   253.12 263.33   253.09 263.30    30.61  40.82   252.55 262.76   258.14 268.34   251.87 262.08
2022-04-18   252.26 262.47   252.24 262.44    29.75  39.96   251.69 261.90   257.28 267.48   251.01 261.22
2022-04-19   251.41 261.61   251.38 261.58    28.89  39.10   250.84 261.04   256.42 266.62   250.16 260.36
2022-04-20   250.55 260.75   250.52 260.72    28.04  38.24   249.98 260.18   255.57 265.77   249.30 259.50
2022-04-21   249.69 259.89   249.67 259.87    27.18  37.38   249.12 259.32   254.71 264.91   248.44 258.64
2022-04-22   248.84 259.04   248.81 259.01    26.33  36.53   248.27 258.47   253.85 264.05   247.59 257.79
2022-04-23   247.98 258.18   247.96 258.16    25.47  35.67   247.41 257.61   253.00 263.20   246.73 256.93
2022-04-24   247.13 257.33   247.10 257.30    24.61  34.81   246.56 256.76   252.14 262.34   245.87 256.08
2022-04-25   246.27 256.47   246.24 256.45    23.76  33.96   245.70 255.90   251.28 261.49   245.02 255.22
2022-04-26   245.41 255.62   245.39 255.59    22.90  33.11   244.84 255.05   250.43 260.63   244.16 254.37
2022-04-27   244.56 254.76   244.53 254.74    22.04  32.25   243.99 254.19   249.57 259.78   243.30 253.51
2022-04-28   243.70 253.91   243.67 253.88    21.19  31.40   243.13 253.34   248.71 258.92   242.45 252.66
2022-04-29   242.84 253.06   242.81 253.03    20.33  30.54   242.27 252.49   247.85 258.07   241.59 251.80
2022-04-30   241.98 252.20   241.95 252.17    19.47  29.69   241.41 251.63   247.00 257.22   240.73 250.95
2022-05-01   241.12 251.35   241.09 251.32    18.61  28.83   240.55 250.78   246.14 256.36   239.87 250.10
2022-05-02   240.26 250.49   240.23 250.47    17.75  27.98   239.69 249.92   245.28 255.51   239.01 249.24
2022-05-03   239.40 249.64   239.37 249.61    16.89  27.12   238.83 249.07   244.41 254.65   238.15 248.39
2022-05-04   238.53 248.78   238.51 248.75    16.02  26.27   237.96 248.21   243.55 253.80   237.28 247.53
2022-05-05   237.67 247.92   237.64 247.90    15.16  25.41   237.10 247.35   242.69 252.94   236.42 246.67
2022-05-06   236.80 247.07   236.78 247.04    14.29  24.55   236.23 246.50   241.82 252.08   235.55 245.81
2022-05-07   235.94 246.21   235.91 246.18    13.42  23.69   235.37 245.64   240.95 251.22   234.69 244.96
2022-05-08   235.07 245.35   235.04 245.32    12.55  22.84   234.50 244.78   240.08 250.36   233.82 244.10
2022-05-09   234.20 244.49   234.17 244.46    11.68  21.97   233.63 243.92   239.21 249.50   232.95 243.24
2022-05-10   233.32 243.62   233.30 243.60    10.81  21.11   232.75 243.05   238.34 248.64   232.07 242.37
2022-05-11   232.45 242.76   232.42 242.73     9.94  20.25   231.88 242.19   237.46 247.78   231.20 241.51
2022-05-12   231.57 241.90   231.55 241.87     9.06  19.38   231.00 241.33   236.59 246.91   230.32 240.65
2022-05-13   230.69 241.03   230.67 241.00     8.18  18.52   230.12 240.46   235.71 246.05   229.44 239.78
2022-05-14   229.81 240.16   229.79 240.14     7.30  17.65   229.24 239.59   234.83 245.18   228.56 238.91
2022-05-15   228.93 239.29   228.90 239.26     6.42  16.78   228.36 238.72   233.94 244.31   227.68 238.04
2022-05-16   228.04 238.42   228.02 238.39     5.53  15.91   227.47 237.85   233.06 243.43   226.79 237.17
2022-05-17   227.15 237.55   227.13 237.52     4.64  15.03   226.58 236.98   232.17 242.56   225.90 236.29
2022-05-18   226.26 236.67   226.24 236.64     3.75  14.16   225.69 236.10   231.28 241.68   225.01 235.42
2022-05-19   225.37 235.79   225.34 235.76     2.86  13.28   224.80 235.22   230.38 240.81   224.12 234.54
2022-05-20   224.47 234.91   224.44 234.88     1.96  12.40   223.90 234.34   229.49 239.92   223.22 233.66
2022-05-21   223.57 234.03   223.54 234.00     1.06  11.51   223.00 233.46   228.59 239.04   222.32 232.78
2022-05-22   222.67 233.14   222.64 233.11     0.16  10.63   222.10 232.57   227.68 238.16   221.42 231.89
2022-05-23   221.76 232.25   221.74 232.23   359.25   9.74   221.19 231.68   226.78 237.27   220.51 231.00
2022-05-24   220.85 231.36   220.83 231.33   358.34   8.85   220.28 230.79   225.87 236.38   219.60 230.11
2022-05-25   219.94 230.47   219.91 230.44   357.43   7.95   219.37 229.90   224.96 235.48   218.69 229.22
2022-05-26   219.03 229.57   219.00 229.54   356.51   7.06   218.46 229.00   224.04 234.58   217.77 228.32
2022-05-27   218.11 228.67   218.08 228.64   355.59   6.16   217.54 228.10   223.12 233.68   216.86 227.42
2022-05-28   217.18 227.77   217.16 227.74   354.67   5.25   216.61 227.20   222.20 232.78   215.93 226.52
2022-05-29   216.26 226.86   216.23 226.83   353.75   4.35   215.69 226.29   221.27 231.88   215.01 225.61
2022-05-30   215.33 225.95   215.30 225.92   352.82   3.44   214.76 225.38   220.34 230.97   214.08 224.70
2022-05-31   214.39 225.04   214.37 225.01   351.88   2.52   213.82 224.47   219.41 230.05   213.14 223.79
2022-06-01   213.46 224.12   213.43 224.09   350.94   1.61   212.89 223.55   218.47 229.14   212.21 222.87
2022-06-02   212.52 223.20   212.49 223.17   350.00   0.69   211.95 222.63   217.53 228.22   211.27 221.95
2022-06-03   211.57 222.28   211.55 222.25   349.06 359.77   211.00 221.71   216.59 227.29   210.32 221.03
2022-06-04   210.62 221.35   210.60 221.32   348.11 358.84   210.05 220.78   215.64 226.37   209.37 220.10
2022-06-05   209.67 220.42   209.64 220.39   347.16 357.91   209.10 219.85   214.69 225.43   208.42 219.17
2022-06-06   208.71 219.48   208.69 219.46   346.20 356.97   208.14 218.91   213.73 224.50   207.46 218.23
2022-06-07   207.75 218.55   207.73 218.52   345.24 356.03   207.18 217.98   212.77 223.56   206.50 217.30
2022-06-08   206.79 217.60   206.76 217.58   344.28 355.09   206.22 217.03   211.80 222.62   205.54 216.35
2022-06-09   205.82 216.66   205.79 216.63   343.31 354.15   205.25 216.09   210.84 221.67   204.57 215.41
2022-06-10   204.85 215.71   204.82 215.68   342.33 353.19   204.28 215.14   209.86 220.72   203.60 214.46
2022-06-11   203.87 214.75   203.84 214.73   341.36 352.24   203.30 214.18   208.89 219.77   202.62 213.50
2022-06-12   202.89 213.79   202.86 213.77   340.38 351.28   202.32 213.22   207.90 218.81   201.64 212.54
2022-06-13   201.90 212.83   201.88 212.81   339.39 350.32   201.33 212.26   206.92 217.85   200.65 211.58
2022-06-14   200.91 211.87   200.89 211.84   338.40 349.35   200.34 211.30   205.93 216.88   199.66 210.61
2022-06-15   199.92 210.89   199.89 210.87   337.41 348.38   199.35 210.32   204.94 215.91   198.67 209.64
2022-06-16   198.92 209.92   198.90 209.89   336.41 347.41   198.35 209.35   203.94 214.93   197.67 208.67
2022-06-17   197.92 208.94   197.90 208.91   335.41 346.43   197.35 208.37   202.94 213.96   196.67 207.69
2022-06-18   196.92 207.96   196.89 207.93   334.40 345.44   196.35 207.39   201.93 212.97   195.67 206.71
2022-06-19   195.91 206.97   195.88 206.94   333.39 344.46   195.34 206.40   200.92 211.98   194.66 205.72
2022-06-20   194.89 205.98   194.87 205.95   332.38 343.46   194.32 205.41   199.91 210.99   193.64 204.73
2022-06-21   193.87 204.98   193.85 204.95   331.36 342.47   193.30 204.41   198.89 210.00   192.62 203.73
2022-06-22   192.85 203.98   192.83 203.95   330.34 341.47   192.28 203.41   197.87 209.00   191.60 202.73
2022-06-23   191.83 202.98   191.80 202.95   329.31 340.46   191.26 202.41   196.84 207.99   190.58 201.73
2022-06-24   190.80 201.97   190.77 201.94   328.28 339.46   190.23 201.40   195.81 206.98   189.55 200.72
2022-06-25   189.76 200.96   189.74 200.93   327.25 338.44   189.19 200.39   194.78 205.97   188.51 199.70
2022-06-26   188.73 199.94   188.70 199.91   326.21 337.43   188.16 199.37   193.74 204.95   187.48 198.69
2022-06-27   187.69 198.92   187.66 198.89   325.17 336.41   187.12 198.35   192.70 203.93   186.44 197.67
2022-06-28   186.64 197.89   186.62 197.87   324.13 335.38   186.07 197.32   191.66 202.91   185.39 196.64
2022-06-29   185.59 196.87   185.57 196.84   323.08 334.35   185.02 196.30   190.61 201.88   184.34 195.61
2022-06-30   184.54 195.83   184.52 195.81   322.03 333.32   183.97 195.26   189.56 200.85   183.29 194.58
2022-07-01   183.49 194.80   183.46 194.77   320.98 332.28   182.92 194.23   188.50 199.81   182.24 193.55
2022-07-02   182.43 193.76   182.41 193.73   319.92 331.24   181.86 193.19   187.45 198.77   181.18 192.51
2022-07-03   181.37 192.71   181.34 192.69   318.86 330.20   180.80 192.14   186.39 197.73   180.12 191.46
2022-07-04   180.31 191.67   180.28 191.64   317.80 329.15   179.74 191.10   185.32 196.68   179.06 190.42
2022-07-05   179.24 190.62   179.22 190.59   316.73 328.10   178.67 190.05   184.26 195.63   177.99 189.37
2022-07-06   178.17 189.56   178.15 189.54   315.66 327.05   177.60 188.99   183.19 194.58   176.92 188.31
2022-07-07   177.10 188.51   177.08 188.48   314.59 325.99   176.53 187.94   182.12 193.52   175.85 187.26
2022-07-08   176.03 187.45   176.00 187.42   313.52 324.94   175.46 186.88   181.04 192.46   174.78 186.20
2022-07-09   174.95 186.39   174.93 186.36   312.44 323.87   174.38 185.82   179.97 191.40   173.70 185.13
2022-07-10   173.88 185.32   173.85 185.29   311.36 322.81   173.31 184.75   178.89 190.34   172.63 184.07
2022-07-11   172.80 184.25   172.77 184.23   310.28 321.74   172.23 183.68   177.81 189.27   171.55 183.00
2022-07-12   171.72 183.18   171.69 183.16   309.20 320.67   171.15 182.61   176.73 188.20   170.46 181.93
2022-07-13   170.63 182.11   170.61 182.08   308.12 319.60   170.06 181.54   175.65 187.12   169.38 180.86
2022-07-14   169.55 181.03   169.52 181.01   307.04 318.52   168.98 180.46   174.56 186.05   168.30 179.78
2022-07-15   168.46 179.96   168.44 179.93   305.95 317.45   167.89 179.39   173.48 184.97   167.21 178.71
2022-07-16   167.38 178.88   167.35 178.85   304.86 316.37   166.81 178.31   172.39 183.89   166.13 177.63
2022-07-17   166.29 177.80   166.26 177.77   303.78 315.29   165.72 177.23   171.31 182.81   165.04 176.55
2022-07-18   165.20 176.72   165.18 176.69   302.69 314.20   164.63 176.15   170.22 181.73   163.95 175.47
2022-07-19   164.11 175.63   164.09 175.61   301.60 313.12   163.54 175.06   169.13 180.65   162.86 174.38
2022-07-20   163.03 174.55   163.00 174.52   300.51 312.04   162.46 173.98   168.04 179.56   161.78 173.30
2022-07-21   161.94 173.46   161.91 173.44   299.42 310.95   161.37 172.89   166.95 178.48   160.69 172.21
2022-07-22   160.85 172.38   160.82 172.35   298.34 309.86   160.28 171.81   165.86 177.39   159.60 171.13
2022-07-23   159.76 171.29   159.73 171.26   297.25 308.78   159.19 170.72   164.78 176.30   158.51 170.04
2022-07-24   158.67 170.20   158.65 170.18   296.16 307.69   158.10 169.63   163.69 175.22   157.42 168.95
2022-07-25   157.58 169.11   157.56 169.09   295.07 306.60   157.01 168.54   162.60 174.13   156.33 167.86
2022-07-26   156.50 168.03   156.47 168.00   293.99 305.51   155.93 167.46   161.51 173.04   155.25 166.77
2022-07-27   155.41 166.94   155.39 166.91   292.90 304.42   154.84 166.37   160.43 171.95   154.16 165.69
2022-07-28   154.33 165.85   154.30 165.82   291.81 303.34   153.76 165.28   159.34 170.86   153.08 164.60
2022-07-29   153.24 164.76   153.22 164.73   290.73 302.25   152.67 164.19   158.26 169.78   151.99 163.51
2022-07-30   152.16 163.67   152.13 163.65   289.65 301.16   151.59 163.10   157.18 168.69   150.91 162.42
2022-07-31   151.08 162.59   151.05 162.56   288.57 300.07   150.51 162.02   156.10 167.60   149.83 161.34
2022-08-01   150.00 161.50   149.97 161.47   287.49 298.99   149.43 160.93   155.02 166.52   148.75 160.25
2022-08-02   148.92 160.42   148.90 160.39   286.41 297.90   148.35 159.85   153.94 165.43   147.67 159.17
2022-08-03   147.85 159.33   147.82 159.31   285.34 296.82   147.28 158.76   152.86 164.35   146.60 158.08
2022-08-04   146.78 158.25   146.75 158.22   284.26 295.74   146.21 157.68   151.79 163.27   145.53 157.00
2022-08-05   145.71 157.17   145.68 157.14   283.19 294.66   145.14 156.60   150.72 162.18   144.45 155.92
2022-08-06   144.64 156.09   144.61 156.06   282.12 293.58   144.07 155.52   149.65 161.11   143.39 154.84
2022-08-07   143.57 155.01   143.54 154.99   281.06 292.50   143.00 154.44   148.59 160.03   142.32 153.76
2022-08-08   142.51 153.94   142.48 153.91   280.00 291.42   141.94 153.37   147.52 158.95   141.26 152.69
2022-08-09   141.45 152.86   141.42 152.84   278.94 290.35   140.88 152.29   146.46 157.88   140.20 151.61
2022-08-10   140.39 151.79   140.36 151.77   277.88 289.28   139.82 151.22   145.41 156.81   139.14 150.54
2022-08-11   139.34 150.72   139.31 150.70   276.82 288.21   138.77 150.15   144.35 155.74   138.09 149.47
2022-08-12   138.28 149.66   138.26 149.63   275.77 287.14   137.71 149.09   143.30 154.67   137.03 148.41
2022-08-13   137.24 148.59   137.21 148.57   274.72 286.08   136.67 148.02   142.25 153.61   135.99 147.34
2022-08-14   136.19 147.53   136.16 147.50   273.68 285.02   135.62 146.96   141.21 152.55   134.94 146.28
2022-08-15   135.15 146.47   135.12 146.45   272.64 283.96   134.58 145.90   140.17 151.49   133.90 145.22
2022-08-16   134.11 145.42   134.09 145.39   271.60 282.90   133.54 144.85   139.13 150.43   132.86 144.17
2022-08-17   133.08 144.36   133.05 144.34   270.56 281.85   132.51 143.79   138.09 149.38   131.83 143.11
2022-08-18   132.05 143.31   132.02 143.29   269.53 280.80   131.48 142.74   137.06 148.33   130.80 142.06
2022-08-19   131.02 142.27   130.99 142.24   268.51 279.76   130.45 141.70   136.03 147.28   129.77 141.02
2022-08-20   129.99 141.22   129.97 141.20   267.48 278.71   129.42 140.65   135.01 146.24   128.74 139.97
2022-08-21   128.97 140.18   128.95 140.16   266.46 277.67   128.40 139.61   133.99 145.20   127.72 138.93
2022-08-22   127.96 139.15   127.93 139.12   265.45 276.64   127.39 138.58   132.97 144.16   126.71 137.90
2022-08-23   126.95 138.12   126.92 138.09   264.43 275.60   126.38 137.55   131.96 143.13   125.70 136.86
2022-08-24   125.94 137.09   125.91 137.06   263.42 274.57   125.37 136.52   130.95 142.10   124.69 135.83
2022-08-25   124.93 136.06   124.91 136.03   262.42 273.55   124.36 135.49   129.95 141.07   123.68 134.81
2022-08-26   123.93 135.04   123.91 135.01   261.42 272.52   123.36 134.47   128.95 140.05   122.68 133.79
2022-08-27   122.93 134.02   122.91 133.99   260.42 271.51   122.36 133.45   127.95 139.03   121.68 132.77
2022-08-28   121.94 133.00   121.92 132.98   259.43 270.49   121.37 132.43   126.96 138.02   120.69 131.75
2022-08-29   120.95 131.99   120.93 131.97   258.44 269.48   120.38 131.42   125.97 137.01   119.70 130.74
2022-08-30   119.97 130.98   119.94 130.96   257.45 268.47   119.40 130.41   124.98 136.00   118.72 129.73
2022-08-31   118.99 129.98   118.96 129.95   256.47 267.47   118.42 129.41   124.00 135.00   117.73 128.73
2022-09-01   118.01 128.98   117.98 128.95   255.50 266.47   117.44 128.41   123.02 134.00   116.76 127.73
2022-09-02   117.03 127.98   117.01 127.96   254.52 265.47   116.46 127.41   122.05 133.00   115.78 126.73
2022-09-03   116.06 126.99   116.04 126.97   253.55 264.48   115.49 126.42   121.08 132.01   114.81 125.74
2022-09-04   115.10 126.00   115.07 125.98   252.59 263.49   114.53 125.43   120.11 131.02   113.85 124.75
2022-09-05   114.14 125.02   114.11 124.99   251.62 262.51   113.57 124.45   119.15 130.03   112.89 123.77
2022-09-06   113.18 124.04   113.15 124.01   250.67 261.53   112.61 123.47   118.19 129.05   111.93 122.79
2022-09-07   112.22 123.06   112.20 123.03   249.71 260.55   111.65 122.49   117.24 128.08   110.97 121.81
2022-09-08   111.27 122.09   111.25 122.06   248.76 259.58   110.70 121.52   116.29 127.10   110.02 120.84
2022-09-09   110.32 121.12   110.30 121.09   247.81 258.61   109.75 120.55   115.34 126.13   109.07 119.87
2022-09-10   109.38 120.15   109.35 120.13   246.87 257.64   108.81 119.58   114.40 125.17   108.13 118.90
2022-09-11   108.44 119.19   108.41 119.16   245.93 256.68   107.87 118.62   113.46 124.20   107.19 117.94
2022-09-12   107.50 118.23   107.48 118.20   244.99 255.72   106.93 117.66   112.52 123.25   106.25 116.98
2022-09-13   106.57 117.28   106.54 117.25   244.06 254.76   106.00 116.71   111.58 122.29   105.32 116.02
2022-09-14   105.64 116.32   105.61 116.30   243.13 253.81   105.07 115.75   110.65 121.34   104.39 115.07
2022-09-15   104.71 115.38   104.69 115.35   242.20 252.86   104.14 114.81   109.73 120.39   103.46 114.13
2022-09-16   103.79 114.43   103.76 114.41   241.28 251.92   103.22 113.86   108.80 119.45   102.54 113.18
2022-09-17   102.87 113.49   102.84 113.46   240.35 250.98   102.30 112.92   107.88 118.51   101.62 112.24
2022-09-18   101.95 112.55   101.92 112.53   239.44 250.04   101.38 111.98   106.96 117.57   100.70 111.30
2022-09-19   101.03 111.62   101.01 111.59   238.52 249.11   100.46 111.05   106.05 116.63    99.78 110.37
2022-09-20   100.12 110.69   100.10 110.66   237.61 248.17    99.55 110.12   105.14 115.70    98.87 109.44
2022-09-21    99.21 109.76    99.19 109.73   236.70 247.25    98.64 109.19   104.23 114.77    97.96 108.51
2022-09-22    98.31 108.83    98.28 108.81   235.79 246.32    97.74 108.26   103.32 113.85    97.06 107.58
2022-09-23    97.40 107.91    97.38 107.88   234.89 245.40    96.83 107.34   102.42 112.93    96.15 106.66
2022-09-24    96.50 106.99    96.47 106.96   233.99 244.48    95.93 106.42   101.52 112.01    95.25 105.74
2022-09-25    95.60 106.07    95.58 106.05   233.09 243.56    95.03 105.50   100.62 111.09    94.35 104.82
2022-09-26    94.71 105.16    94.68 105.13   232.19 242.65    94.14 104.59    99.72 110.18    93.45 103.91
2022-09-27    93.81 104.25    93.78 104.22   231.30 241.74    93.24 103.68    98.83 109.27    92.56 103.00
2022-09-28    92.92 103.34    92.89 103.31   230.41 240.83    92.35 102.77    97.93 108.36    91.67 102.09
2022-09-29    92.03 102.44    92.00 102.41   229.52 239.92    91.46 101.87    97.04 107.45    90.78 101.18
2022-09-30    91.14 101.53    91.11 101.51   228.63 239.02    90.57 100.96    96.15 106.55    89.89 100.28
2022-10-01    90.25 100.63    90.23 100.60   227.74 238.12    89.68 100.06    95.27 105.65    89.00  99.38
2022-10-02    89.37  99.73    89.34  99.71   226.86 237.22    88.80  99.16    94.38 104.75    88.12  98.48
2022-10-03    88.48  98.83    88.46  98.81   225.97 236.32    87.91  98.26    93.50 103.85    87.23  97.58
2022-10-04    87.60  97.94    87.58  97.91   225.09 235.43    87.03  97.37    92.62 102.96    86.35  96.69
2022-10-05    86.72  97.05    86.70  97.02   224.21 234.53    86.15  96.48    91.74 102.06    85.47  95.80
2022-10-06    85.84  96.16    85.82  96.13   223.33 233.64    85.27  95.59    90.86 101.17    84.59  94.91
2022-10-07    84.97  95.27    84.94  95.24   222.45 232.75    84.40  94.70    89.98 100.28    83.71  94.02
2022-10-08    84.09  94.38    84.06  94.35   221.58 231.87    83.52  93.81    89.10  99.39    82.84  93.13
2022-10-09    83.21  93.49    83.19  93.47   220.70 230.98    82.64  92.92    88.23  98.51    81.96  92.24
2022-10-10    82.34  92.61    82.31  92.58   219.82 230.10    81.77  92.04    87.35  97.62    81.09  91.36
2022-10-11    81.46  91.72    81.44  91.70   218.95 229.21    80.89  91.15    86.48  96.74    80.21  90.47
2022-10-12    80.59  90.84    80.56  90.82   218.08 228.33    80.02  90.27    85.60  95.86    79.34  89.59
2022-10-13    79.72  89.96    79.69  89.93   217.20 227.45    79.15  89.39    84.73  94.98    78.46  88.71
2022-10-14    78.84  89.08    78.82  89.05   216.33 226.57    78.27  88.51    83.86  94.10    77.59  87.83
2022-10-15    77.97  88.20    77.94  88.18   215.46 225.69    77.40  87.63    82.99  93.22    76.72  86.95
2022-10-16    77.10  87.32    77.07  87.30   214.59 224.81    76.53  86.75    82.11  92.34    75.85  86.07
2022-10-17    76.23  86.45    76.20  86.42   213.71 223.93    75.66  85.88    81.24  91.46    74.97  85.19
2022-10-18    75.35  85.57    75.33  85.54   212.84 223.06    74.78  85.00    80.37  90.58    74.10  84.32
2022-10-19    74.48  84.69    74.45  84.66   211.97 222.18    73.91  84.12    79.50  89.71    73.23  83.44
2022-10-20    73.61  83.81    73.58  83.79   211.09 221.30    73.04  83.24    78.62  88.83    72.36  82.56
2022-10-21    72.73  82.94    72.71  82.91   210.22 220.43    72.16  82.37    77.75  87.95    71.48  81.69
2022-10-22    71.86  82.06    71.83  82.04   209.35 219.55    71.29  81.49    76.87  87.08    70.61  80.81
2022-10-23    70.99  81.19    70.96  81.16   208.47 218.67    70.42  80.62    76.00  86.20    69.73  79.94
2022-10-24    70.11  80.31    70.08  80.28   207.60 217.80    69.54  79.74    75.12  85.33    68.86  79.06
2022-10-25    69.23  79.43    69.21  79.41   206.72 216.92    68.66  78.86    74.25  84.45    67.98  78.18
2022-10-26    68.36  78.56    68.33  78.53   205.84 216.04    67.79  77.99    73.37  83.57    67.11  77.31
2022-10-27    67.48  77.68    67.45  77.65   204.97 215.17    66.91  77.11    72.49  82.69    66.23  76.43
2022-10-28    66.60  76.80    66.57  76.77   204.09 214.29    66.03  76.23    71.61  81.82    65.35  75.55
2022-10-29    65.72  75.92    65.69  75.90   203.20 213.41    65.15  75.35    70.73  80.94    64.47  74.67
2022-10-30    64.83  75.04    64.81  75.02   202.32 212.53    64.26  74.47    69.85  80.06    63.58  73.79
2022-10-31    64.14  73.97    64.12  73.94   201.63 211.46    63.57  73.40    69.16  78.99    62.89  72.72
2022-11-01    63.55  72.80    63.52  72.77   201.03 210.29    62.98  72.23    68.56  77.82    62.29  71.55
2022-11-02    62.95  71.63    62.92  71.60   200.43 209.12    62.38  71.06    67.96  76.64    61.70  70.38
2022-11-03    62.34  70.46    62.32  70.43   199.83 207.94    61.77  69.89    67.36  75.47    61.09  69.21
2022-11-04    61.74  69.28    61.71  69.26   199.23 206.77    61.17  68.71    66.76  74.30    60.49  68.03
2022-11-05    61.13  68.11    61.11  68.08   198.62 205.60    60.56  67.54    66.15  73.13    59.88  66.86

2023-04-11   260.18 267.16   260.16 267.13    37.67  44.65   259.61 266.59   265.20 272.17   258.93 265.91
2023-04-12   259.04 266.57   259.01 266.54    36.52  44.06   258.47 266.00   264.05 271.59   257.79 265.32
2023-04-13   257.89 265.99   257.86 265.96    35.38  43.47   257.32 265.42   262.91 271.00   256.64 264.74
2023-04-14   256.74 265.40   256.72 265.38    34.23  42.89   256.17 264.83   261.76 270.42   255.49 264.15
2023-04-15   255.60 264.82   255.57 264.80    33.09  42.31   255.03 264.25   260.62 269.84   254.35 263.57
2023-04-16   254.46 264.24   254.43 264.22    31.94  41.73   253.89 263.67   259.47 269.26   253.21 262.99
2023-04-17   253.38 263.59   253.36 263.57    30.87  41.08   252.81 263.02   258.40 268.61   252.13 262.34
2023-04-18   252.53 262.73   252.50 262.71    30.01  40.22   251.96 262.16   257.54 267.75   251.28 261.48
2023-04-19   251.67 261.87   251.64 261.85    29.16  39.36   251.10 261.30   256.68 266.89   250.42 260.62
2023-04-20   250.81 261.01   250.79 260.99    28.30  38.50   250.24 260.44   255.83 266.03   249.56 259.76
2023-04-21   249.95 260.16   249.93 260.13    27.44  37.64   249.38 259.59   254.97 265.17   248.70 258.90
2023-04-22   249.10 259.30   249.07 259.27    26.59  36.79   248.53 258.73   254.11 264.31   247.85 258.05
2023-04-23   248.24 258.44   248.21 258.42    25.73  35.93   247.67 257.87   253.26 263.46   246.99 257.19
2023-04-24   247.38 257.59   247.36 257.56    24.87  35.07   246.81 257.02   252.40 262.60   246.13 256.33
2023-04-25   246.53 256.73   246.50 256.70    24.01  34.22   245.96 256.16   251.54 261.75   245.28 255.48
2023-04-26   245.67 255.87   245.64 255.85    23.16  33.36   245.10 255.30   250.69 260.89   244.42 254.62
2023-04-27   244.81 255.02   244.79 254.99    22.30  32.51   244.24 254.45   249.83 260.03   243.56 253.77
2023-04-28   243.95 254.16   243.93 254.14    21.44  31.65   243.38 253.59   248.97 259.18   242.70 252.91
2023-04-29   243.09 253.31   243.07 253.28    20.58  30.80   242.52 252.74   248.11 258.32   241.84 252.06
2023-04-30   242.24 252.45   242.21 252.43    19.72  29.94   241.67 251.88   247.25 257.47   240.98 251.20
2023-05-01   241.37 251.60   241.35 251.57    18.86  29.09   240.80 251.03   246.39 256.61   240.12 250.35
2023-05-02   240.51 250.74   240.49 250.72    18.00  28.23   239.94 250.17   245.53 255.76   239.26 249.49
2023-05-03   239.65 249.89   239.62 249.86    17.14  27.37   239.08 249.32   244.67 254.90   238.40 248.64
2023-05-04   238.79 249.03   238.76 249.00    16.27  26.52   238.22 248.46   243.80 254.04   237.54 247.78
2023-05-05   237.92 248.17   237.89 248.15    15.41  25.66   237.35 247.60   242.94 253.19   236.67 246.92
2023-05-06   237.05 247.31   237.03 247.29    14.54  24.80   236.48 246.74   242.07 252.33   235.80 246.06
2023-05-07   236.19 246.45   236.16 246.43    13.67  23.94   235.62 245.88   241.20 251.47   234.93 245.20
2023-05-08   235.32 245.59   235.29 245.57    12.80  23.08   234.75 245.02   240.33 250.61   234.06 244.34
2023-05-09   234.44 244.73   234.42 244.71    11.93  22.22   233.87 244.16   239.46 249.75   233.19 243.48
2023-05-10   233.57 243.87   233.54 243.84    11.06  21.36   233.00 243.30   238.59 248.88   232.32 242.62
2023-05-11   232.69 243.00   232.67 242.98    10.18  20.49   232.12 242.43   237.71 248.02   231.44 241.75
2023-05-12   231.82 242.14   231.79 242.11     9.30  19.63   231.25 241.57   236.83 247.15   230.57 240.89
2023-05-13   230.94 241.27   230.91 241.24     8.42  18.76   230.37 240.70   235.95 246.29   229.69 240.02
2023-05-14   230.06 240.40   230.03 240.38     7.54  17.89   229.49 239.83   235.07 245.42   228.80 239.15
2023-05-15   229.17 239.53   229.14 239.50     6.66  17.02   228.60 238.96   234.19 244.55   227.92 238.28
2023-05-16   228.28 238.66   228.26 238.63     5.77  16.15   227.71 238.09   233.30 243.67   227.03 237.41
2023-05-17   227.39 237.78   227.37 237.76     4.88  15.27   226.82 237.21   232.41 242.80   226.14 236.53
2023-05-18   226.50 236.91   226.48 236.88     3.99  14.39   225.93 236.34   231.52 241.92   225.25 235.65
2023-05-19   225.61 236.03   225.58 236.00     3.09  13.51   225.04 235.46   230.62 241.04   224.36 234.78
2023-05-20   224.71 235.14   224.68 235.12     2.20  12.63   224.14 234.57   229.72 240.16   223.46 233.89
2023-05-21   223.81 234.26   223.78 234.23     1.30  11.75   223.24 233.69   228.82 239.28   222.56 233.01
2023-05-22   222.90 233.37   222.88 233.35     0.39  10.86   222.33 232.80   227.92 238.39   221.65 232.12
2023-05-23   222.00 232.48   221.97 232.46   359.49   9.97   221.43 231.91   227.01 237.50   220.75 231.23
2023-05-24   221.09 231.59   221.06 231.57   358.58   9.08   220.52 231.02   226.10 236.61   219.84 230.34
2023-05-25   220.17 230.70   220.15 230.67   357.66   8.18   219.60 230.13   225.19 235.71   218.92 229.45
2023-05-26   219.26 229.80   219.23 229.77   356.75   7.29   218.69 229.23   224.27 234.81   218.01 228.55
2023-05-27   218.34 228.90   218.31 228.87   355.83   6.39   217.77 228.33   223.35 233.91   217.09 227.65
2023-05-28   217.41 227.99   217.39 227.97   354.90   5.48   216.84 227.42   222.43 233.01   216.16 226.74
2023-05-29   216.49 227.09   216.46 227.06   353.98   4.57   215.92 226.52   221.50 232.10   215.24 225.84
2023-05-30   215.56 226.18   215.53 226.15   353.04   3.66   214.99 225.61   220.57 231.19   214.31 224.92
2023-05-31   214.62 225.26   214.60 225.24   352.11   2.75   214.05 224.69   219.64 230.28   213.37 224.01
2023-06-01   213.68 224.34   213.66 224.32   351.17   1.83   213.11 223.77   218.70 229.36   212.43 223.09
2023-06-02   212.74 223.42   212.72 223.40   350.23   0.91   212.17 222.85   217.76 228.44   211.49 222.17
2023-06-03   211.80 222.50   211.77 222.47   349.28 359.99   211.23 221.93   216.81 227.51   210.55 221.25
2023-06-04   210.85 221.57   210.82 221.54   348.33 359.06   210.28 221.00   215.86 226.59   209.60 220.32
2023-06-05   209.89 220.64   209.87 220.61   347.38 358.13   209.32 220.07   214.91 225.65   208.64 219.39
2023-06-06   208.94 219.70   208.91 219.68   346.42 357.19   208.37 219.13   213.95 224.72   207.69 218.45
2023-06-07   207.97 218.76   207.95 218.74   345.46 356.25   207.40 218.19   212.99 223.78   206.72 217.51
2023-06-08   207.01 217.82   206.98 217.79   344.50 355.31   206.44 217.25   212.02 222.84   205.76 216.57
2023-06-09   206.04 216.87   206.01 216.85   343.53 354.36   205.47 216.30   211.05 221.89   204.79 215.62
2023-06-10   205.07 215.92   205.04 215.90   342.55 353.41   204.50 215.35   210.08 220.94   203.82 214.67
2023-06-11   204.09 214.97   204.06 214.94   341.58 352.45   203.52 214.40   209.10 219.98   202.84 213.72
2023-06-12   203.11 214.01   203.08 213.98   340.59 351.50   202.54 213.44   208.12 219.02   201.86 212.76
2023-06-13   202.12 213.04   202.09 213.02   339.61 350.53   201.55 212.47   207.14 218.06   200.87 211.79
2023-06-14   201.13 212.08   201.10 212.05   338.62 349.56   200.56 211.51   206.15 217.09   199.88 210.83
2023-06-15   200.14 211.11   200.11 211.08   337.62 348.59   199.57 210.54   205.15 216.12   198.89 209.86
2023-06-16   199.14 210.13   199.11 210.10   336.62 347.62   198.57 209.56   204.15 215.15   197.89 208.88
2023-06-17   198.14 209.15   198.11 209.12   335.62 346.64   197.57 208.58   203.15 214.17   196.88 207.90
2023-06-18   197.13 208.17   197.10 208.14   334.62 345.65   196.56 207.60   202.14 213.18   195.88 206.92
2023-06-19   196.12 207.18   196.09 207.15   333.61 344.67   195.55 206.61   201.13 212.19   194.87 205.93
2023-06-20   195.10 206.19   195.08 206.16   332.59 343.67   194.53 205.62   200.12 211.20   193.85 204.93
2023-06-21   194.09 205.19   194.06 205.16   331.57 342.68   193.52 204.62   199.10 210.20   192.83 203.94
2023-06-22   193.06 204.19   193.04 204.16   330.55 341.68   192.49 203.62   198.08 209.20   191.81 202.94
2023-06-23   192.04 203.18   192.01 203.16   329.52 340.67   191.47 202.61   197.05 208.20   190.79 201.93
2023-06-24   191.01 202.17   190.98 202.15   328.49 339.66   190.44 201.60   196.02 207.19   189.76 200.92
2023-06-25   189.97 201.16   189.95 201.14   327.46 338.65   189.40 200.59   194.99 206.18   188.72 199.91
2023-06-26   188.94 200.14   188.91 200.12   326.42 337.63   188.37 199.57   193.95 205.16   187.68 198.89
2023-06-27   187.89 199.12   187.87 199.10   325.38 336.61   187.32 198.55   192.91 204.14   186.64 197.87
2023-06-28   186.85 198.10   186.82 198.07   324.34 335.59   186.28 197.53   191.87 203.11   185.60 196.85
2023-06-29   185.80 197.07   185.78 197.04   323.29 334.56   185.23 196.50   190.82 202.09   184.55 195.82
2023-06-30   184.75 196.04   184.73 196.01   322.24 333.53   184.18 195.47   189.77 201.05   183.50 194.79
2023-07-01   183.70 195.00   183.67 194.98   321.19 332.49   183.13 194.43   188.71 200.02   182.45 193.75
2023-07-02   182.64 193.96   182.61 193.94   320.13 331.45   182.07 193.39   187.66 198.98   181.39 192.71
2023-07-03   181.58 192.92   181.55 192.89   319.07 330.41   181.01 192.35   186.60 197.94   180.33 191.67
2023-07-04   180.52 191.87   180.49 191.85   318.01 329.36   179.95 191.30   185.53 196.89   179.27 190.62
2023-07-05   179.45 190.82   179.43 190.80   316.94 328.31   178.88 190.25   184.47 195.84   178.20 189.57
2023-07-06   178.38 189.77   178.36 189.75   315.87 327.26   177.81 189.20   183.40 194.79   177.13 188.52
2023-07-07   177.31 188.72   177.29 188.69   314.80 326.20   176.74 188.15   182.33 193.73   176.06 187.47
2023-07-08   176.24 187.66   176.22 187.63   313.73 325.15   175.67 187.09   181.26 192.67   174.99 186.41
2023-07-09   175.17 186.60   175.14 186.57   312.65 324.08   174.60 186.03   180.18 191.61   173.92 185.35
2023-07-10   174.09 185.53   174.06 185.51   311.58 323.02   173.52 184.96   179.11 190.55   172.84 184.28
2023-07-11   173.01 184.47   172.99 184.44   310.50 321.95   172.44 183.90   178.03 189.48   171.76 183.21
2023-07-12   171.93 183.40   171.91 183.37   309.42 320.88   171.36 182.83   176.95 188.41   170.68 182.15
2023-07-13   170.85 182.33   170.82 182.30   308.34 319.81   170.28 181.76   175.87 187.34   169.60 181.07
2023-07-14   169.77 181.25   169.74 181.23   307.26 318.74   169.20 180.68   174.78 186.27   168.52 180.00
2023-07-15   168.68 180.18   168.66 180.15   306.17 317.66   168.11 179.61   173.70 185.19   167.43 178.93
2023-07-16   167.60 179.10   167.57 179.07   305.09 316.59   167.03 178.53   172.61 184.11   166.35 177.85
2023-07-17   166.51 178.02   166.49 177.99   304.00 315.51   165.94 177.45   171.53 183.04   165.26 176.77
2023-07-18   165.43 176.94   165.40 176.91   302.92 314.43   164.86 176.37   170.44 181.96   164.18 175.69
2023-07-19   164.34 175.86   164.31 175.83   301.83 313.35   163.77 175.29   169.36 180.87   163.09 174.61
2023-07-20   163.25 174.78   163.23 174.75   300.74 312.26   162.68 174.21   168.27 179.79   162.00 173.52
2023-07-21   162.17 173.69   162.14 173.67   299.65 311.18   161.60 173.12   167.18 178.71   160.92 172.44
2023-07-22   161.08 172.61   161.05 172.58   298.57 310.09   160.51 172.04   166.10 177.62   159.83 171.36
2023-07-23   159.99 171.52   159.97 171.49   297.48 309.01   159.42 170.95   165.01 176.54   158.74 170.27
2023-07-24   158.91 170.44   158.88 170.41   296.39 307.92   158.34 169.87   163.92 175.45   157.66 169.18
2023-07-25   157.82 169.35   157.80 169.32   295.31 306.84   157.25 168.78   162.84 174.36   156.57 168.10
2023-07-26   156.74 168.26   156.71 168.24   294.22 305.75   156.17 167.69   161.75 173.28   155.49 167.01
2023-07-27   155.65 167.18   155.63 167.15   293.14 304.66   155.08 166.61   160.67 172.19   154.40 165.93
2023-07-28   154.57 166.09   154.54 166.06   292.06 303.58   154.00 165.52   159.58 171.11   153.32 164.84
2023-07-29   153.49 165.00   153.46 164.98   290.98 302.49   152.92 164.43   158.50 170.02   152.24 163.75
2023-07-30   152.41 163.92   152.38 163.89   289.89 301.41   151.84 163.35   157.42 168.93   151.16 162.67
2023-07-31   151.33 162.83   151.30 162.81   288.82 300.32   150.76 162.26   156.34 167.85   150.08 161.58
2023-08-01   150.25 161.75   150.22 161.72   287.74 299.24   149.68 161.18   155.27 166.77   149.00 160.50
2023-08-02   149.18 160.67   149.15 160.64   286.66 298.16   148.61 160.10   154.19 165.68   147.93 159.42
2023-08-03   148.10 159.59   148.08 159.56   285.59 297.07   147.53 159.02   153.12 164.60   146.85 158.34
2023-08-04   147.03 158.51   147.00 158.48   284.52 295.99   146.46 157.94   152.05 163.52   145.78 157.25
2023-08-05   145.96 157.43   145.94 157.40   283.45 294.91   145.39 156.86   150.98 162.44   144.71 156.18
2023-08-06   144.90 156.35   144.87 156.32   282.38 293.84   144.33 155.78   149.91 161.36   143.64 155.10
2023-08-07   143.83 155.27   143.80 155.25   281.32 292.76   143.26 154.70   148.85 160.29   142.58 154.02
2023-08-08   142.77 154.20   142.74 154.17   280.26 291.69   142.20 153.63   147.79 159.22   141.52 152.95
2023-08-09   141.71 153.13   141.68 153.10   279.20 290.62   141.14 152.56   146.73 158.14   140.46 151.88
2023-08-10   140.66 152.06   140.63 152.03   278.14 289.55   140.09 151.49   145.67 157.07   139.40 150.81
2023-08-11   139.60 150.99   139.58 150.96   277.09 288.48   139.03 150.42   144.62 156.01   138.35 149.74
2023-08-12   138.55 149.93   138.53 149.90   276.04 287.41   137.98 149.36   143.57 154.94   137.30 148.68
2023-08-13   137.51 148.86   137.48 148.84   274.99 286.35   136.94 148.29   142.52 153.88   136.25 147.61
2023-08-14   136.46 147.80   136.44 147.78   273.95 285.29   135.89 147.23   141.48 152.82   135.21 146.55
2023-08-15   135.42 146.75   135.40 146.72   272.91 284.23   134.85 146.18   140.44 151.76   134.17 145.50
2023-08-16   134.38 145.69   134.36 145.67   271.87 283.18   133.81 145.12   139.40 150.71   133.13 144.44
2023-08-17   133.35 144.64   133.32 144.61   270.84 282.13   132.78 144.07   138.37 149.66   132.10 143.39
2023-08-18   132.32 143.59   132.29 143.57   269.81 281.08   131.75 143.02   137.34 148.61   131.07 142.34
2023-08-19   131.29 142.55   131.27 142.52   268.78 280.03   130.72 141.98   136.31 147.56   130.04 141.30
2023-08-20   130.27 141.51   130.25 141.48   267.76 278.99   129.70 140.94   135.29 146.52   129.02 140.25
2023-08-21   129.25 140.47   129.23 140.44   266.74 277.95   128.68 139.90   134.27 145.48   128.00 139.22
2023-08-22   128.24 139.43   128.21 139.40   265.73 276.92   127.67 138.86   133.25 144.45   126.99 138.18
2023-08-23   127.23 138.40   127.20 138.37   264.71 275.89   126.66 137.83   132.24 143.41   125.98 137.15
2023-08-24   126.22 137.37   126.19 137.34   263.71 274.86   125.65 136.80   131.23 142.39   124.97 136.12
2023-08-25   125.21 136.35   125.19 136.32   262.70 273.83   124.64 135.78   130.23 141.36   123.96 135.10
2023-08-26   124.21 135.32   124.19 135.30   261.70 272.81   123.64 134.75   129.23 140.34   122.96 134.07
2023-08-27   123.22 134.31   123.19 134.28   260.71 271.79   122.65 133.74   128.23 139.32   121.97 133.06
2023-08-28   122.23 133.29   122.20 133.27   259.71 270.78   121.66 132.72   127.24 138.31   120.97 132.04
2023-08-29   121.24 132.28   121.21 132.26   258.72 269.77   120.67 131.71   126.25 137.30   119.99 131.03
2023-08-30   120.25 131.27   120.23 131.25   257.74 268.76   119.68 130.70   125.27 136.29   119.00 130.02
2023-08-31   119.27 130.27   119.25 130.25   256.76 267.76   118.70 129.70   124.29 135.29   118.02 129.02
2023-09-01   118.29 129.27   118.27 129.25   255.78 266.76   117.72 128.70   123.31 134.29   117.04 128.02
2023-09-02   117.32 128.28   117.29 128.25   254.81 265.76   116.75 127.71   122.34 133.29   116.07 127.03
2023-09-03   116.35 127.28   116.33 127.26   253.84 264.77   115.78 126.71   121.37 132.30   115.10 126.03
2023-09-04   115.39 126.30   115.36 126.27   252.87 263.78   114.82 125.73   120.40 131.31   114.14 125.05
2023-09-05   114.42 125.31   114.40 125.29   251.91 262.80   113.85 124.74   119.44 130.33   113.17 124.06
2023-09-06   113.47 124.33   113.44 124.31   250.95 261.82   112.90 123.76   118.48 129.35   112.21 123.08
2023-09-07   112.51 123.35   112.48 123.33   250.00 260.84   111.94 122.78   117.53 128.37   111.26 122.10
2023-09-08   111.56 122.38   111.53 122.35   249.05 259.87   110.99 121.81   116.58 127.40   110.31 121.13
2023-09-09   110.61 121.41   110.59 121.39   248.10 258.90   110.04 120.84   115.63 126.43   109.36 120.16
2023-09-10   109.67 120.45   109.64 120.42   247.16 257.93   109.10 119.88   114.68 125.46   108.42 119.20
2023-09-11   108.73 119.48   108.70 119.46   246.22 256.97   108.16 118.91   113.74 124.50   107.48 118.23
2023-09-12   107.79 118.52   107.76 118.50   245.28 256.01   107.22 117.95   112.81 123.54   106.54 117.27
2023-09-13   106.86 117.57   106.83 117.54   244.34 255.06   106.29 117.00   111.87 122.58   105.61 116.32
2023-09-14   105.93 116.62   105.90 116.59   243.41 254.11   105.36 116.05   110.94 121.63   104.68 115.37
2023-09-15   105.00 115.67   104.97 115.64   242.49 253.16   104.43 115.10   110.01 120.68   103.75 114.42
2023-09-16   104.08 114.72   104.05 114.70   241.56 252.21   103.51 114.15   109.09 119.74   102.82 113.47
2023-09-17   103.15 113.78   103.13 113.76   240.64 251.27   102.58 113.21   108.17 118.80   101.90 112.53
2023-09-18   102.24 112.84   102.21 112.82   239.72 250.33   101.67 112.27   107.25 117.86   100.99 111.59
2023-09-19   101.32 111.91   101.29 111.88   238.81 249.40   100.75 111.34   106.34 116.93   100.07 110.66
2023-09-20   100.41 110.98   100.38 110.95   237.90 248.47    99.84 110.41   105.42 115.99    99.16 109.73
2023-09-21    99.50 110.05    99.47 110.02   236.99 247.54    98.93 109.48   104.51 115.06    98.25 108.80
2023-09-22    98.59 109.12    98.57 109.10   236.08 246.61    98.02 108.55   103.61 114.14    97.34 107.87
2023-09-23    97.69 108.20    97.66 108.17   235.17 245.69    97.12 107.63   102.70 113.22    96.44 106.95
2023-09-24    96.79 107.28    96.76 107.25   234.27 244.77    96.22 106.71   101.80 112.30    95.53 106.03
2023-09-25    95.89 106.36    95.86 106.34   233.37 243.85    95.32 105.79   100.90 111.38    94.63 105.11
2023-09-26    94.99 105.45    94.96 105.42   232.48 242.94    94.42 104.88   100.00 110.46    93.74 104.20
2023-09-27    94.09 104.54    94.07 104.51   231.58 242.02    93.52 103.97    99.11 109.55    92.84 103.29
2023-09-28    93.20 103.63    93.17 103.60   230.69 241.12    92.63 103.06    98.22 108.64    91.95 102.38
2023-09-29    92.31 102.72    92.28 102.69   229.80 240.21    91.74 102.15    97.32 107.74    91.06 101.47
2023-09-30    91.42 101.82    91.39 101.79   228.91 239.30    90.85 101.25    96.43 106.83    90.17 100.57
2023-10-01    90.53 100.91    90.51 100.89   228.02 238.40    89.96 100.34    95.55 105.93    89.28  99.66
2023-10-02    89.65 100.01    89.62  99.99   227.13 237.50    89.08  99.44    94.66 105.03    88.40  98.76
2023-10-03    88.76  99.12    88.74  99.09   226.25 236.60    88.19  98.55    93.78 104.13    87.51  97.87
2023-10-04    87.88  98.22    87.85  98.19   225.37 235.71    87.31  97.65    92.90 103.24    86.63  96.97
2023-10-05    87.00  97.33    86.97  97.30   224.49 234.81    86.43  96.76    92.01 102.34    85.75  96.08
2023-10-06    86.12  96.43    86.09  96.41   223.61 233.92    85.55  95.86    91.13 101.45    84.87  95.18
2023-10-07    85.24  95.54    85.21  95.52   222.73 233.03    84.67  94.97    90.25 100.56    83.99  94.29
2023-10-08    84.36  94.66    84.34  94.63   221.85 232.14    83.79  94.09    89.38  99.67    83.11  93.40
2023-10-09    83.48  93.77    83.46  93.74   220.97 231.26    82.91  93.20    88.50  98.78    82.23  92.52
2023-10-10    82.61  92.88    82.58  92.86   220.10 230.37    82.04  92.31    87.62  97.90    81.36  91.63
2023-10-11    81.73  92.00    81.71  91.97   219.22 229.49    81.16  91.43    86.75  97.01    80.48  90.75
2023-10-12    80.86  91.11    80.83  91.09   218.35 228.60    80.29  90.54    85.87  96.13    79.61  89.86
2023-10-13    79.98  90.23    79.96  90.21   217.47 227.72    79.41  89.66    85.00  95.25    78.73  88.98
2023-10-14    79.11  89.35    79.08  89.32   216.60 226.84    78.54  88.78    84.13  94.37    77.86  88.10
2023-10-15    78.24  88.47    78.21  88.44   215.72 225.96    77.67  87.90    83.25  93.49    76.99  87.22
2023-10-16    77.36  87.59    77.34  87.56   214.85 225.08    76.79  87.02    82.38  92.61    76.11  86.34
2023-10-17    76.49  86.71    76.46  86.69   213.98 224.20    75.92  86.14    81.51  91.73    75.24  85.46
2023-10-18    75.62  85.83    75.59  85.81   213.10 223.32    75.05  85.26    80.63  90.85    74.37  84.58
2023-10-19    74.74  84.96    74.72  84.93   212.23 222.44    74.17  84.39    79.76  89.97    73.49  83.70
2023-10-20    73.87  84.08    73.84  84.05   211.36 221.56    73.30  83.51    78.88  89.09    72.62  82.83
2023-10-21    72.99  83.20    72.97  83.17   210.48 220.69    72.42  82.63    78.01  88.21    71.74  81.95
2023-10-22    72.12  82.32    72.09  82.30   209.61 219.81    71.55  81.75    77.13  87.34    70.87  81.07
2023-10-23    71.24  81.44    71.22  81.42   208.73 218.93    70.67  80.87    76.26  86.46    69.99  80.19
2023-10-24    70.37  80.57    70.34  80.54   207.85 218.05    69.80  80.00    75.38  85.58    69.12  79.32
2023-10-25    69.49  79.69    69.46  79.66   206.98 217.18    68.92  79.12    74.50  84.70    68.24  78.44
2023-10-26    68.61  78.81    68.58  78.78   206.10 216.30    68.04  78.24    73.63  83.83    67.36  77.56
2023-10-27    67.73  77.93    67.70  77.91   205.22 215.42    67.16  77.36    72.75  82.95    66.48  76.68
2023-10-28    66.85  77.05    66.82  77.03   204.34 214.54    66.28  76.48    71.87  82.07    65.60  75.80
2023-10-29    65.97  76.17    65.94  76.15   203.46 213.66    65.40  75.60    70.98  81.19    64.72  74.92
2023-10-30    65.08  75.29    65.06  75.27   202.57 212.78    64.51  74.72    70.10  80.31    63.83  74.04
2023-10-31    64.30  74.31    64.28  74.28   201.79 211.79    63.73  73.74    69.32  79.32    63.05  73.06
2023-11-01    63.70  73.14    63.68  73.11   201.19 210.62    63.13  72.57    68.72  78.15    62.45  71.88
2023-11-02    63.10  71.96    63.08  71.94   200.59 209.45    62.53  71.39    68.12  76.98    61.85  70.71
2023-11-03    62.50  70.79    62.47  70.76   199.99 208.28    61.93  70.22    67.52  75.80    61.25  69.54
2023-11-04    61.90  69.61    61.87  69.59   199.38 207.10    61.33  69.04    66.91  74.63    60.65  68.36
2023-11-05    61.29  68.44    61.26  68.41   198.78 205.93    60.72  67.87    66.30  73.45    60.04  67.19
