
       Target
                ecliptic
RA      Dec     latitude
287.369  46.768  68.202

Checked interval [2020-01-01, 2023-12-31]
|           Window [days]                 |    Normal V3 PA [deg]    |
   Start           End         Duration         Start         End         RA            Dec     
 2020-04-09      2020-11-09       214.00     263.54504      58.30923     287.36941      46.76815 
 2021-04-09      2021-11-10       215.00     263.82094      57.63261     287.36941      46.76815 
 2022-04-09      2022-11-10       215.00     264.09832      57.88534     287.36941      46.76815 
 2023-04-10      2023-11-10       214.00     263.47040      58.13137     287.36941      46.76815 


                V3PA          NIRCam           NIRSpec         NIRISS           MIRI          FGS
   Date      min    max      min    max       min    max     min    max      min    max      min    max

2020-04-10   259.87 267.04   259.84 267.01    37.36  44.53   259.30 266.47   264.88 272.06   258.62 265.79
2020-04-11   258.74 266.35   258.71 266.33    36.23  43.84   258.17 265.78   263.75 271.37   257.49 265.10
2020-04-12   257.61 265.67   257.58 265.64    35.10  43.15   257.04 265.10   262.62 270.68   256.36 264.42
2020-04-13   256.48 264.98   256.45 264.96    33.97  42.47   255.91 264.41   261.50 270.00   255.23 263.73
2020-04-14   255.35 264.30   255.33 264.27    32.84  41.79   254.78 263.73   260.37 269.32   254.10 263.05
2020-04-15   254.23 263.62   254.20 263.59    31.71  41.11   253.66 263.05   259.24 268.64   252.98 262.37
2020-04-16   253.10 262.94   253.07 262.92    30.59  40.43   252.53 262.37   258.12 267.96   251.85 261.69
2020-04-17   252.02 262.23   251.99 262.20    29.50  39.71   251.45 261.66   257.03 267.24   250.77 260.97
2020-04-18   251.12 261.32   251.09 261.30    28.60  38.81   250.55 260.75   256.13 266.34   249.87 260.07
2020-04-19   250.22 260.42   250.19 260.40    27.71  37.91   249.65 259.85   255.23 265.44   248.97 259.17
2020-04-20   249.32 259.52   249.29 259.50    26.81  37.01   248.75 258.95   254.34 264.54   248.07 258.27
2020-04-21   248.42 258.63   248.40 258.60    25.91  36.11   247.85 258.06   253.44 263.64   247.17 257.38
2020-04-22   247.53 257.73   247.50 257.70    25.02  35.22   246.96 257.16   252.54 262.74   246.28 256.48
2020-04-23   246.63 256.83   246.61 256.81    24.12  34.32   246.06 256.26   251.65 261.85   245.38 255.58
2020-04-24   245.74 255.94   245.71 255.91    23.22  33.42   245.17 255.37   250.75 260.95   244.48 254.68
2020-04-25   244.84 255.04   244.81 255.01    22.33  32.53   244.27 254.47   249.86 260.06   243.59 253.79
2020-04-26   243.94 254.15   243.92 254.12    21.43  31.63   243.37 253.58   248.96 259.16   242.69 252.89
2020-04-27   243.05 253.25   243.02 253.22    20.54  30.74   242.48 252.68   248.06 258.27   241.80 252.00
2020-04-28   242.15 252.36   242.13 252.33    19.64  29.84   241.58 251.79   247.17 257.37   240.90 251.11
2020-04-29   241.26 251.46   241.23 251.44    18.74  28.95   240.69 250.89   246.27 256.48   240.01 250.21
2020-04-30   240.36 250.57   240.34 250.54    17.85  28.06   239.79 250.00   245.38 255.58   239.11 249.32
2020-05-01   239.47 249.68   239.44 249.65    16.95  27.16   238.90 249.11   244.48 254.69   238.21 248.43
2020-05-02   238.57 248.78   238.54 248.76    16.06  26.27   238.00 248.21   243.58 253.80   237.32 247.53
2020-05-03   237.67 247.89   237.65 247.86    15.16  25.38   237.10 247.32   242.69 252.90   236.42 246.64
2020-05-04   236.77 247.00   236.75 246.97    14.26  24.48   236.20 246.43   241.79 252.01   235.52 245.74
2020-05-05   235.88 246.10   235.85 246.07    13.36  23.59   235.31 245.53   240.89 251.12   234.63 244.85
2020-05-06   234.98 245.21   234.95 245.18    12.46  22.69   234.41 244.64   239.99 250.22   233.73 243.96
2020-05-07   234.08 244.31   234.05 244.29    11.57  21.80   233.51 243.74   239.09 249.33   232.83 243.06
2020-05-08   233.18 243.42   233.15 243.39    10.66  20.90   232.61 242.85   238.19 248.43   231.93 242.17
2020-05-09   232.28 242.52   232.25 242.50     9.76  20.01   231.71 241.95   237.29 247.54   231.03 241.27
2020-05-10   231.37 241.63   231.35 241.60     8.86  19.11   230.80 241.06   236.39 246.64   230.12 240.37
2020-05-11   230.47 240.73   230.44 240.70     7.96  18.22   229.90 240.16   235.49 245.74   229.22 239.48
2020-05-12   229.57 239.83   229.54 239.80     7.05  17.32   229.00 239.26   234.58 244.85   228.31 238.58
2020-05-13   228.66 238.93   228.63 238.91     6.15  16.42   228.09 238.36   233.68 243.95   227.41 237.68
2020-05-14   227.75 238.03   227.73 238.01     5.24  15.52   227.18 237.46   232.77 243.05   226.50 236.78
2020-05-15   226.84 237.13   226.82 237.11     4.33  14.62   226.27 236.56   231.86 242.15   225.59 235.88
2020-05-16   225.93 236.23   225.91 236.20     3.42  13.72   225.36 235.66   230.95 241.25   224.68 234.98
2020-05-17   225.02 235.33   225.00 235.30     2.51  12.82   224.45 234.76   230.04 240.34   223.77 234.08
2020-05-18   224.11 234.42   224.08 234.40     1.60  11.91   223.54 233.85   229.13 239.44   222.86 233.17
2020-05-19   223.20 233.52   223.17 233.49     0.68  11.01   222.63 232.95   228.21 238.53   221.95 232.27
2020-05-20   222.28 232.61   222.25 232.59   359.77  10.10   221.71 232.04   227.30 237.63   221.03 231.36
2020-05-21   221.36 231.70   221.34 231.68   358.85   9.19   220.79 231.13   226.38 236.72   220.11 230.45
2020-05-22   220.44 230.80   220.42 230.77   357.93   8.28   219.87 230.23   225.46 235.81   219.19 229.54
2020-05-23   219.52 229.88   219.50 229.86   357.01   7.37   218.95 229.31   224.54 234.90   218.27 228.63
2020-05-24   218.60 228.97   218.57 228.94   356.09   6.46   218.03 228.40   223.61 233.99   217.35 227.72
2020-05-25   217.67 228.06   217.65 228.03   355.16   5.54   217.10 227.49   222.69 233.07   216.42 226.81
2020-05-26   216.75 227.14   216.72 227.11   354.23   4.63   216.18 226.57   221.76 232.16   215.50 225.89
2020-05-27   215.82 226.22   215.79 226.20   353.30   3.71   215.25 225.65   220.83 231.24   214.57 224.97
2020-05-28   214.89 225.30   214.86 225.28   352.37   2.79   214.32 224.73   219.90 230.32   213.64 224.05
2020-05-29   213.95 224.38   213.93 224.35   351.44   1.87   213.38 223.81   218.97 229.40   212.70 223.13
2020-05-30   213.02 223.46   212.99 223.43   350.50   0.94   212.45 222.89   218.03 228.47   211.77 222.21
2020-05-31   212.08 222.53   212.05 222.51   349.57   0.02   211.51 221.96   217.09 227.55   210.83 221.28
2020-06-01   211.14 221.60   211.11 221.58   348.63 359.09   210.57 221.03   216.15 226.62   209.89 220.35
2020-06-02   210.20 220.67   210.17 220.65   347.68 358.16   209.63 220.10   215.21 225.69   208.95 219.42
2020-06-03   209.25 219.74   209.22 219.71   346.74 357.23   208.68 219.17   214.27 224.76   208.00 218.49
2020-06-04   208.30 218.81   208.28 218.78   345.79 356.29   207.73 218.24   213.32 223.82   207.05 217.56
2020-06-05   207.35 217.87   207.33 217.84   344.84 355.36   206.78 217.30   212.37 222.89   206.10 216.62
2020-06-06   206.40 216.93   206.38 216.90   343.89 354.42   205.83 216.36   211.42 221.95   205.15 215.68
2020-06-07   205.45 215.99   205.42 215.96   342.94 353.48   204.88 215.42   210.46 221.00   204.20 214.74
2020-06-08   204.49 215.05   204.46 215.02   341.98 352.53   203.92 214.48   209.51 220.06   203.24 213.80
2020-06-09   203.53 214.10   203.51 214.07   341.02 351.59   202.96 213.53   208.55 219.11   202.28 212.85
2020-06-10   202.57 213.15   202.54 213.12   340.06 350.64   202.00 212.58   207.58 218.17   201.32 211.90
2020-06-11   201.61 212.20   201.58 212.17   339.09 349.69   201.04 211.63   206.62 217.22   200.35 210.95
2020-06-12   200.64 211.25   200.61 211.22   338.13 348.73   200.07 210.68   205.65 216.26   199.39 210.00
2020-06-13   199.67 210.29   199.64 210.26   337.16 347.78   199.10 209.72   204.68 215.31   198.42 209.04
2020-06-14   198.70 209.33   198.67 209.30   336.18 346.82   198.13 208.76   203.71 214.35   197.45 208.08
2020-06-15   197.72 208.37   197.69 208.34   335.21 345.86   197.15 207.80   202.74 213.39   196.47 207.12
2020-06-16   196.74 207.41   196.72 207.38   334.23 344.89   196.17 206.84   201.76 212.42   195.49 206.16
2020-06-17   195.76 206.44   195.74 206.41   333.25 343.93   195.19 205.87   200.78 211.45   194.51 205.19
2020-06-18   194.78 205.47   194.76 205.44   332.27 342.96   194.21 204.90   199.80 210.49   193.53 204.22
2020-06-19   193.80 204.50   193.77 204.47   331.28 341.99   193.23 203.93   198.81 209.51   192.55 203.25
2020-06-20   192.81 203.52   192.78 203.50   330.30 341.01   192.24 202.95   197.82 208.54   191.56 202.27
2020-06-21   191.82 202.55   191.79 202.52   329.31 340.03   191.25 201.98   196.83 207.56   190.57 201.30
2020-06-22   190.83 201.57   190.80 201.54   328.31 339.05   190.26 201.00   195.84 206.58   189.58 200.32
2020-06-23   189.83 200.59   189.81 200.56   327.32 338.07   189.26 200.02   194.85 205.60   188.58 199.33
2020-06-24   188.83 199.60   188.81 199.57   326.32 337.09   188.26 199.03   193.85 204.62   187.58 198.35
2020-06-25   187.83 198.61   187.81 198.59   325.32 336.10   187.26 198.04   192.85 203.63   186.58 197.36
2020-06-26   186.83 197.62   186.81 197.60   324.32 335.11   186.26 197.05   191.85 202.64   185.58 196.37
2020-06-27   185.83 196.63   185.80 196.60   323.32 334.12   185.26 196.06   190.84 201.65   184.58 195.38
2020-06-28   184.82 195.64   184.79 195.61   322.31 333.12   184.25 195.07   189.84 200.65   183.57 194.38
2020-06-29   183.81 194.64   183.79 194.61   321.30 332.13   183.24 194.07   188.83 199.65   182.56 193.39
2020-06-30   182.80 193.64   182.77 193.61   320.29 331.13   182.23 193.07   187.82 198.65   181.55 192.39
2020-07-01   181.79 192.64   181.76 192.61   319.28 330.12   181.22 192.07   186.80 197.65   180.54 191.38
2020-07-02   180.77 191.63   180.75 191.60   318.26 329.12   180.20 191.06   185.79 196.65   179.52 190.38
2020-07-03   179.76 190.62   179.73 190.60   317.24 328.11   179.19 190.05   184.77 195.64   178.50 189.37
2020-07-04   178.74 189.61   178.71 189.59   316.22 327.10   178.17 189.04   183.75 194.63   177.49 188.36
2020-07-05   177.71 188.60   177.69 188.58   315.20 326.09   177.14 188.03   182.73 193.62   176.46 187.35
2020-07-06   176.69 187.59   176.67 187.56   314.18 325.08   176.12 187.02   181.71 192.60   175.44 186.34
2020-07-07   175.67 186.57   175.64 186.55   313.15 324.06   175.10 186.00   180.68 191.59   174.42 185.32
2020-07-08   174.64 185.56   174.61 185.53   312.13 323.04   174.07 184.99   179.66 190.57   173.39 184.31
2020-07-09   173.61 184.54   173.59 184.51   311.10 322.02   173.04 183.97   178.63 189.55   172.36 183.29
2020-07-10   172.58 183.51   172.56 183.49   310.07 321.00   172.01 182.94   177.60 188.53   171.33 182.26
2020-07-11   171.55 182.49   171.53 182.46   309.04 319.98   170.98 181.92   176.57 187.51   170.30 181.24
2020-07-12   170.52 181.47   170.49 181.44   308.01 318.95   169.95 180.90   175.54 186.48   169.27 180.22
2020-07-13   169.49 180.44   169.46 180.41   306.97 317.93   168.92 179.87   174.50 185.45   168.24 179.19
2020-07-14   168.45 179.41   168.43 179.38   305.94 316.90   167.88 178.84   173.47 184.43   167.20 178.16
2020-07-15   167.42 178.38   167.39 178.35   304.90 315.87   166.85 177.81   172.43 183.40   166.17 177.13
2020-07-16   166.38 177.35   166.35 177.32   303.87 314.84   165.81 176.78   171.40 182.36   165.13 176.10
2020-07-17   165.34 176.32   165.32 176.29   302.83 313.80   164.77 175.75   170.36 181.33   164.09 175.07
2020-07-18   164.30 175.28   164.28 175.26   301.79 312.77   163.73 174.71   169.32 180.30   163.05 174.03
2020-07-19   163.27 174.25   163.24 174.22   300.75 311.74   162.70 173.68   168.28 179.26   162.02 173.00
2020-07-20   162.23 173.21   162.20 173.19   299.71 310.70   161.66 172.64   167.24 178.23   160.98 171.96
2020-07-21   161.19 172.18   161.16 172.15   298.68 309.66   160.62 171.61   166.20 177.19   159.94 170.92
2020-07-22   160.15 171.14   160.12 171.11   297.64 308.63   159.58 170.57   165.16 176.15   158.90 169.89
2020-07-23   159.11 170.10   159.08 170.07   296.60 307.59   158.54 169.53   164.12 175.12   157.86 168.85
2020-07-24   158.07 169.06   158.04 169.03   295.56 306.55   157.50 168.49   163.08 174.08   156.82 167.81
2020-07-25   157.03 168.02   157.00 168.00   294.52 305.51   156.46 167.45   162.04 173.04   155.78 166.77
2020-07-26   155.99 166.98   155.96 166.96   293.48 304.47   155.42 166.41   161.00 172.00   154.74 165.73
2020-07-27   154.95 165.94   154.92 165.92   292.44 303.43   154.38 165.37   159.96 170.96   153.70 164.69
2020-07-28   153.91 164.90   153.88 164.88   291.40 302.39   153.34 164.33   158.92 169.92   152.66 163.65
2020-07-29   152.87 163.86   152.84 163.83   290.36 301.35   152.30 163.29   157.88 168.88   151.62 162.61
2020-07-30   151.83 162.82   151.80 162.79   289.32 300.31   151.26 162.25   156.85 167.84   150.58 161.57
2020-07-31   150.79 161.78   150.77 161.75   288.28 299.27   150.22 161.21   155.81 166.80   149.54 160.53
2020-08-01   149.76 160.74   149.73 160.71   287.24 298.23   149.19 160.17   154.77 165.76   148.51 159.49
2020-08-02   148.72 159.70   148.69 159.67   286.21 297.19   148.15 159.13   153.74 164.72   147.47 158.45
2020-08-03   147.68 158.66   147.66 158.64   285.17 296.15   147.11 158.09   152.70 163.68   146.43 157.41
2020-08-04   146.65 157.62   146.62 157.60   284.14 295.11   146.08 157.05   151.67 162.64   145.40 156.37
2020-08-05   145.62 156.59   145.59 156.56   283.10 294.07   145.05 156.02   150.63 161.60   144.37 155.33
2020-08-06   144.59 155.55   144.56 155.52   282.07 293.04   144.02 154.98   149.60 160.56   143.33 154.30
2020-08-07   143.55 154.51   143.53 154.48   281.04 292.00   142.98 153.94   148.57 159.53   142.30 153.26
2020-08-08   142.52 153.48   142.50 153.45   280.01 290.96   141.95 152.91   147.54 158.49   141.27 152.22
2020-08-09   141.50 152.44   141.47 152.41   278.98 289.93   140.93 151.87   146.51 157.46   140.25 151.19
2020-08-10   140.47 151.41   140.44 151.38   277.96 288.89   139.90 150.84   145.49 156.42   139.22 150.16
2020-08-11   139.45 150.37   139.42 150.35   276.93 287.86   138.88 149.80   144.46 155.39   138.19 149.12
2020-08-12   138.42 149.34   138.40 149.32   275.91 286.83   137.85 148.77   143.44 154.36   137.17 148.09
2020-08-13   137.40 148.31   137.37 148.29   274.89 285.80   136.83 147.74   142.42 153.33   136.15 147.06
2020-08-14   136.38 147.28   136.35 147.26   273.87 284.77   135.81 146.71   141.40 152.30   135.13 146.03
2020-08-15   135.36 146.26   135.34 146.23   272.85 283.74   134.79 145.69   140.38 151.27   134.11 145.01
2020-08-16   134.35 145.23   134.32 145.21   271.83 282.72   133.78 144.66   139.36 150.25   133.09 143.98
2020-08-17   133.33 144.21   133.30 144.18   270.82 281.69   132.76 143.64   138.35 149.22   132.08 142.96
2020-08-18   132.32 143.18   132.29 143.16   269.81 280.67   131.75 142.61   137.33 148.20   131.07 141.93
2020-08-19   131.31 142.16   131.28 142.14   268.80 279.65   130.74 141.59   136.32 147.18   130.06 140.91
2020-08-20   130.30 141.14   130.27 141.12   267.79 278.63   129.73 140.57   135.32 146.16   129.05 139.89
2020-08-21   129.29 140.13   129.27 140.10   266.78 277.62   128.72 139.56   134.31 145.14   128.04 138.88
2020-08-22   128.29 139.11   128.26 139.09   265.78 276.60   127.72 138.54   133.30 144.13   127.04 137.86
2020-08-23   127.29 138.10   127.26 138.07   264.78 275.59   126.72 137.53   132.30 143.11   126.04 136.85
2020-08-24   126.29 137.09   126.26 137.06   263.78 274.57   125.72 136.52   131.30 142.10   125.04 135.84
2020-08-25   125.29 136.08   125.26 136.05   262.78 273.57   124.72 135.51   130.31 141.09   124.04 134.83
2020-08-26   124.30 135.07   124.27 135.04   261.78 272.56   123.73 134.50   129.31 140.09   123.04 133.82
2020-08-27   123.30 134.06   123.28 134.04   260.79 271.55   122.73 133.49   128.32 139.08   122.05 132.81
2020-08-28   122.31 133.06   122.28 133.04   259.80 270.55   121.74 132.49   127.33 138.08   121.06 131.81
2020-08-29   121.32 132.06   121.30 132.03   258.81 269.55   120.75 131.49   126.34 137.08   120.07 130.81
2020-08-30   120.34 131.06   120.31 131.04   257.82 268.55   119.77 130.49   125.35 136.08   119.09 129.81
2020-08-31   119.35 130.06   119.33 130.04   256.84 267.55   118.78 129.49   124.37 135.08   118.10 128.81
2020-09-01   118.37 129.07   118.35 129.04   255.86 266.56   117.80 128.50   123.39 134.09   117.12 127.82
2020-09-02   117.39 128.08   117.37 128.05   254.88 265.57   116.82 127.51   122.41 133.09   116.14 126.83
2020-09-03   116.42 127.09   116.39 127.06   253.90 264.58   115.85 126.52   121.43 132.10   115.16 125.84
2020-09-04   115.44 126.10   115.41 126.07   252.93 263.59   114.87 125.53   120.46 131.11   114.19 124.85
2020-09-05   114.47 125.11   114.44 125.09   251.96 262.60   113.90 124.54   119.48 130.13   113.22 123.86
2020-09-06   113.50 124.13   113.47 124.10   250.99 261.62   112.93 123.56   118.51 129.15   112.25 122.88
2020-09-07   112.53 123.15   112.50 123.12   250.02 260.64   111.96 122.58   117.55 128.16   111.28 121.90
2020-09-08   111.57 122.17   111.54 122.14   249.05 259.66   111.00 121.60   116.58 127.19   110.32 120.92
2020-09-09   110.60 121.19   110.58 121.17   248.09 258.68   110.03 120.62   115.62 126.21   109.35 119.94
2020-09-10   109.64 120.22   109.62 120.19   247.13 257.71   109.07 119.65   114.66 125.24   108.39 118.97
2020-09-11   108.68 119.25   108.66 119.22   246.17 256.74   108.11 118.68   113.70 124.26   107.43 118.00
2020-09-12   107.73 118.28   107.70 118.25   245.21 255.77   107.16 117.71   112.74 123.29   106.48 117.03
2020-09-13   106.77 117.31   106.75 117.28   244.26 254.80   106.20 116.74   111.79 122.33   105.52 116.06
2020-09-14   105.82 116.34   105.79 116.32   243.31 253.83   105.25 115.77   110.83 121.36   104.57 115.09
2020-09-15   104.87 115.38   104.84 115.35   242.36 252.87   104.30 114.81   109.88 120.40   103.62 114.13
2020-09-16   103.92 114.42   103.89 114.39   241.41 251.91   103.35 113.85   108.94 119.44   102.67 113.17
2020-09-17   102.97 113.46   102.95 113.43   240.46 250.95   102.40 112.89   107.99 118.48   101.72 112.21
2020-09-18   102.03 112.50   102.00 112.48   239.52 249.99   101.46 111.93   107.05 117.52   100.78 111.25
2020-09-19   101.09 111.55   101.06 111.52   238.58 249.04   100.52 110.98   106.10 116.56    99.84 110.30
2020-09-20   100.15 110.60   100.12 110.57   237.64 248.08    99.58 110.03   105.16 115.61    98.90 109.35
2020-09-21    99.21 109.65    99.18 109.62   236.70 247.13    98.64 109.08   104.22 114.66    97.96 108.39
2020-09-22    98.27 108.70    98.25 108.67   235.76 246.18    97.70 108.13   103.29 113.71    97.02 107.45
2020-09-23    97.34 107.75    97.31 107.72   234.82 245.24    96.77 107.18   102.35 112.76    96.09 106.50
2020-09-24    96.40 106.80    96.38 106.78   233.89 244.29    95.83 106.23   101.42 111.82    95.15 105.55
2020-09-25    95.47 105.86    95.44 105.83   232.96 243.35    94.90 105.29   100.49 110.88    94.22 104.61
2020-09-26    94.54 104.92    94.51 104.89   232.03 242.41    93.97 104.35    99.56 109.93    93.29 103.67
2020-09-27    93.61 103.98    93.58 103.95   231.10 241.47    93.04 103.41    98.63 109.00    92.36 102.73
2020-09-28    92.68 103.04    92.66 103.02   230.17 240.53    92.11 102.47    97.70 108.06    91.43 101.79
2020-09-29    91.76 102.11    91.73 102.08   229.24 239.59    91.19 101.54    96.77 107.12    90.51 100.85
2020-09-30    90.83 101.17    90.81 101.14   228.32 238.66    90.26 100.60    95.85 106.19    89.58  99.92
2020-10-01    89.91 100.24    89.88 100.21   227.40 237.72    89.34  99.67    94.92 105.25    88.66  98.99
2020-10-02    88.99  99.30    88.96  99.28   226.47 236.79    88.42  98.73    94.00 104.32    87.74  98.05
2020-10-03    88.06  98.37    88.04  98.35   225.55 235.86    87.49  97.80    93.08 103.39    86.81  97.12
2020-10-04    87.14  97.45    87.12  97.42   224.63 234.93    86.57  96.88    92.16 102.46    85.89  96.19
2020-10-05    86.22  96.52    86.20  96.49   223.71 234.00    85.65  95.95    91.24 101.53    84.97  95.27
2020-10-06    85.31  95.59    85.28  95.56   222.79 233.08    84.74  95.02    90.32 100.61    84.06  94.34
2020-10-07    84.39  94.66    84.36  94.64   221.88 232.15    83.82  94.09    89.40  99.68    83.14  93.41
2020-10-08    83.47  93.74    83.44  93.71   220.96 231.23    82.90  93.17    88.49  98.76    82.22  92.49
2020-10-09    82.55  92.82    82.53  92.79   220.04 230.30    81.98  92.25    87.57  97.83    81.30  91.57
2020-10-10    81.64  91.89    81.61  91.87   219.13 229.38    81.07  91.32    86.65  96.91    80.39  90.64
2020-10-11    80.72  90.97    80.70  90.95   218.21 228.46    80.15  90.40    85.74  95.99    79.47  89.72
2020-10-12    79.81  90.05    79.78  90.02   217.30 227.54    79.24  89.48    84.82  95.07    78.56  88.80
2020-10-13    78.89  89.13    78.87  89.10   216.38 226.62    78.32  88.56    83.91  94.15    77.64  87.88
2020-10-14    77.98  88.21    77.95  88.18   215.47 225.70    77.41  87.64    82.99  93.23    76.73  86.96
2020-10-15    77.06  87.29    77.04  87.27   214.55 224.78    76.49  86.72    82.08  92.31    75.81  86.04
2020-10-16    76.15  86.37    76.12  86.35   213.64 223.86    75.58  85.80    81.17  91.39    74.90  85.12
2020-10-17    75.24  85.46    75.21  85.43   212.72 222.94    74.67  84.89    80.25  90.47    73.99  84.20
2020-10-18    74.32  84.54    74.30  84.51   211.81 222.02    73.75  83.97    79.34  89.55    73.07  83.29
2020-10-19    73.41  83.62    73.38  83.59   210.90 221.11    72.84  83.05    78.42  88.63    72.16  82.37
2020-10-20    72.49  82.70    72.47  82.68   209.98 220.19    71.92  82.13    77.51  87.72    71.24  81.45
2020-10-21    71.58  81.78    71.55  81.76   209.07 219.27    71.01  81.21    76.59  86.80    70.33  80.53
2020-10-22    70.66  80.87    70.64  80.84   208.15 218.36    70.09  80.30    75.68  85.88    69.41  79.62
2020-10-23    69.75  79.95    69.72  79.92   207.24 217.44    69.18  79.38    74.76  84.97    68.50  78.70
2020-10-24    68.83  79.03    68.81  79.01   206.32 216.52    68.26  78.46    73.85  84.05    67.58  77.78
2020-10-25    67.91  78.12    67.89  78.09   205.40 215.60    67.34  77.55    72.93  83.13    66.66  76.86
2020-10-26    67.00  77.20    66.97  77.17   204.48 214.68    66.43  76.63    72.01  82.21    65.75  75.95
2020-10-27    66.08  76.28    66.05  76.25   203.57 213.77    65.51  75.71    71.09  81.29    64.83  75.03
2020-10-28    65.16  75.36    65.13  75.33   202.65 212.85    64.59  74.79    70.17  80.38    63.91  74.11
2020-10-29    64.24  74.44    64.21  74.41   201.73 211.93    63.67  73.87    69.25  79.46    62.99  73.19
2020-10-30    63.32  73.52    63.29  73.49   200.81 211.01    62.75  72.95    68.33  78.54    62.07  72.27
2020-10-31    62.40  72.60    62.37  72.57   199.88 210.09    61.83  72.03    67.41  77.62    61.15  71.35
2020-11-01    61.47  71.68    61.45  71.65   198.96 209.17    60.90  71.11    66.49  76.69    60.22  70.43
2020-11-02    60.55  70.76    60.52  70.73   198.04 208.24    59.98  70.19    65.56  75.77    59.30  69.51
2020-11-03    59.78  69.67    59.76  69.65   197.27 207.16    59.21  69.10    64.80  74.69    58.53  68.42
2020-11-04    59.08  68.52    59.06  68.49   196.57 206.01    58.51  67.95    64.10  73.53    57.83  67.27
2020-11-05    58.39  67.36    58.36  67.34   195.87 204.85    57.82  66.79    63.40  72.38    57.13  66.11
2020-11-06    57.68  66.21    57.66  66.18   195.17 203.69    57.11  65.64    62.70  71.22    56.43  64.96
2020-11-07    56.98  65.05    56.95  65.02   194.47 202.54    56.41  64.48    62.00  70.07    55.73  63.80
2020-11-08    56.27  63.89    56.25  63.87   193.76 201.38    55.70  63.32    61.29  68.91    55.02  62.64
2020-11-09    55.57  62.73    55.54  62.71   193.05 200.22    55.00  62.16    60.58  67.75    54.32  61.48

2021-04-10   260.22 267.24   260.19 267.22    37.70  44.73   259.65 266.67   265.23 272.26   258.97 265.99
2021-04-11   259.09 266.56   259.06 266.53    36.57  44.04   258.52 265.99   264.10 271.57   257.83 265.31
2021-04-12   257.96 265.87   257.93 265.84    35.44  43.36   257.39 265.30   262.97 270.89   256.71 264.62
2021-04-13   256.83 265.19   256.80 265.16    34.31  42.67   256.26 264.62   261.84 270.20   255.58 263.94
2021-04-14   255.70 264.51   255.67 264.48    33.19  41.99   255.13 263.94   260.71 269.52   254.45 263.25
2021-04-15   254.57 263.83   254.55 263.80    32.06  41.31   254.00 263.26   259.59 268.84   253.32 262.57
2021-04-16   253.45 263.15   253.42 263.12    30.93  40.63   252.88 262.58   258.46 268.16   252.19 261.90
2021-04-17   252.32 262.47   252.29 262.44    29.81  39.96   251.75 261.90   257.33 267.49   251.07 261.22
2021-04-18   251.39 261.60   251.36 261.57    28.88  39.09   250.82 261.03   256.41 266.61   250.14 260.35
2021-04-19   250.49 260.70   250.47 260.67    27.98  38.18   249.92 260.13   255.51 265.71   249.24 259.45
2021-04-20   249.59 259.80   249.57 259.77    27.08  37.28   249.02 259.23   254.61 264.81   248.34 258.55
2021-04-21   248.70 258.90   248.67 258.87    26.18  36.39   248.13 258.33   253.71 263.91   247.45 257.65
2021-04-22   247.80 258.00   247.77 257.97    25.29  35.49   247.23 257.43   252.82 263.02   246.55 256.75
2021-04-23   246.90 257.10   246.88 257.08    24.39  34.59   246.33 256.53   251.92 262.12   245.65 255.85
2021-04-24   246.01 256.21   245.98 256.18    23.49  33.69   245.44 255.64   251.02 261.22   244.76 254.96
2021-04-25   245.11 255.31   245.08 255.28    22.60  32.80   244.54 254.74   250.13 260.33   243.86 254.06
2021-04-26   244.21 254.42   244.19 254.39    21.70  31.90   243.64 253.85   249.23 259.43   242.96 253.16
2021-04-27   243.32 253.52   243.29 253.49    20.81  31.01   242.75 252.95   248.33 258.54   242.07 252.27
2021-04-28   242.42 252.63   242.40 252.60    19.91  30.11   241.85 252.06   247.44 257.64   241.17 251.38
2021-04-29   241.53 251.73   241.50 251.71    19.01  29.22   240.96 251.16   246.54 256.75   240.28 250.48
2021-04-30   240.63 250.84   240.60 250.81    18.12  28.32   240.06 250.27   245.65 255.85   239.38 249.59
2021-05-01   239.73 249.94   239.71 249.92    17.22  27.43   239.16 249.37   244.75 254.96   238.48 248.69
2021-05-02   238.84 249.05   238.81 249.02    16.32  26.54   238.27 248.48   243.85 254.06   237.59 247.80
2021-05-03   237.94 248.15   237.91 248.13    15.43  25.64   237.37 247.58   242.95 253.17   236.69 246.90
2021-05-04   237.04 247.26   237.01 247.23    14.53  24.75   236.47 246.69   242.06 252.28   235.79 246.01
2021-05-05   236.14 246.37   236.12 246.34    13.63  23.85   235.57 245.80   241.16 251.38   234.89 245.12
2021-05-06   235.24 245.47   235.22 245.44    12.73  22.96   234.67 244.90   240.26 250.49   233.99 244.22
2021-05-07   234.34 244.58   234.32 244.55    11.83  22.06   233.77 244.01   239.36 249.59   233.09 243.32
2021-05-08   233.44 243.68   233.41 243.65    10.93  21.17   232.87 243.11   238.46 248.70   232.19 242.43
2021-05-09   232.54 242.78   232.51 242.76    10.03  20.27   231.97 242.21   237.55 247.80   231.29 241.53
2021-05-10   231.64 241.89   231.61 241.86     9.12  19.37   231.07 241.32   236.65 246.90   230.39 240.64
2021-05-11   230.73 240.99   230.71 240.96     8.22  18.48   230.16 240.42   235.75 246.00   229.48 239.74
2021-05-12   229.83 240.09   229.80 240.06     7.31  17.58   229.26 239.52   234.84 245.11   228.58 238.84
2021-05-13   228.92 239.19   228.89 239.16     6.41  16.68   228.35 238.62   233.94 244.21   227.67 237.94
2021-05-14   228.01 238.29   227.99 238.26     5.50  15.78   227.44 237.72   233.03 243.31   226.76 237.04
2021-05-15   227.10 237.39   227.08 237.36     4.59  14.88   226.53 236.82   232.12 242.40   225.85 236.14
2021-05-16   226.19 236.49   226.17 236.46     3.68  13.97   225.62 235.92   231.21 241.50   224.94 235.24
2021-05-17   225.28 235.58   225.25 235.56     2.77  13.07   224.71 235.01   230.30 240.60   224.03 234.33
2021-05-18   224.37 234.68   224.34 234.65     1.86  12.17   223.80 234.11   229.38 239.69   223.12 233.43
2021-05-19   223.45 233.77   223.43 233.75     0.94  11.26   222.88 233.20   228.47 238.79   222.20 232.52
2021-05-20   222.54 232.87   222.51 232.84     0.02  10.35   221.97 232.30   227.55 237.88   221.29 231.61
2021-05-21   221.62 231.96   221.59 231.93   359.10   9.44   221.05 231.39   226.63 236.97   220.37 230.71
2021-05-22   220.70 231.05   220.67 231.02   358.18   8.53   220.13 230.48   225.71 236.06   219.45 229.80
2021-05-23   219.77 230.13   219.75 230.11   357.26   7.62   219.20 229.56   224.79 235.15   218.52 228.88
2021-05-24   218.85 229.22   218.82 229.19   356.34   6.71   218.28 228.65   223.87 234.24   217.60 227.97
2021-05-25   217.92 228.31   217.90 228.28   355.41   5.79   217.35 227.74   222.94 233.32   216.67 227.05
2021-05-26   217.00 227.39   216.97 227.36   354.48   4.88   216.43 226.82   222.01 232.40   215.75 226.14
2021-05-27   216.07 226.47   216.04 226.44   353.55   3.96   215.50 225.90   221.08 231.48   214.82 225.22
2021-05-28   215.13 225.55   215.11 225.52   352.62   3.04   214.56 224.98   220.15 230.56   213.88 224.30
2021-05-29   214.20 224.63   214.17 224.60   351.69   2.11   213.63 224.06   219.21 229.64   212.95 223.38
2021-05-30   213.26 223.70   213.24 223.67   350.75   1.19   212.69 223.13   218.28 228.72   212.01 222.45
2021-05-31   212.32 222.77   212.30 222.75   349.81   0.26   211.75 222.20   217.34 227.79   211.07 221.52
2021-06-01   211.38 221.85   211.36 221.82   348.87 359.33   210.81 221.28   216.40 226.86   210.13 220.59
2021-06-02   210.44 220.91   210.41 220.89   347.93 358.40   209.87 220.34   215.45 225.93   209.19 219.66
2021-06-03   209.49 219.98   209.47 219.95   346.98 357.47   208.92 219.41   214.51 225.00   208.24 218.73
2021-06-04   208.55 219.05   208.52 219.02   346.03 356.53   207.98 218.48   213.56 224.06   207.29 217.80
2021-06-05   207.59 218.11   207.57 218.08   345.08 355.60   207.02 217.54   212.61 223.12   206.34 216.86
2021-06-06   206.64 217.17   206.62 217.14   344.13 354.66   206.07 216.60   211.66 222.18   205.39 215.92
2021-06-07   205.69 216.23   205.66 216.20   343.17 353.71   205.12 215.66   210.70 221.24   204.44 214.97
2021-06-08   204.73 215.28   204.70 215.25   342.22 352.77   204.16 214.71   209.74 220.30   203.48 214.03
2021-06-09   203.77 214.33   203.74 214.31   341.26 351.82   203.20 213.76   208.78 219.35   202.52 213.08
2021-06-10   202.80 213.38   202.78 213.36   340.29 350.87   202.23 212.81   207.82 218.40   201.55 212.13
2021-06-11   201.84 212.43   201.81 212.41   339.33 349.92   201.27 211.86   206.85 217.45   200.59 211.18
2021-06-12   200.87 211.48   200.84 211.45   338.36 348.96   200.30 210.91   205.89 216.49   199.62 210.23
2021-06-13   199.90 210.52   199.87 210.49   337.39 348.01   199.33 209.95   204.92 215.54   198.65 209.27
2021-06-14   198.93 209.56   198.90 209.53   336.41 347.05   198.36 208.99   203.94 214.58   197.68 208.31
2021-06-15   197.95 208.60   197.92 208.57   335.44 346.09   197.38 208.03   202.97 213.61   196.70 207.35
2021-06-16   196.97 207.63   196.95 207.61   334.46 345.12   196.40 207.06   201.99 212.65   195.72 206.38
2021-06-17   195.99 206.67   195.97 206.64   333.48 344.15   195.42 206.10   201.01 211.68   194.74 205.41
2021-06-18   195.01 205.70   194.98 205.67   332.50 343.18   194.44 205.13   200.02 210.71   193.76 204.44
2021-06-19   194.02 204.72   194.00 204.70   331.51 342.21   193.45 204.15   199.04 209.74   192.77 203.47
2021-06-20   193.03 203.75   193.01 203.72   330.52 341.23   192.46 203.18   198.05 208.76   191.78 202.50
2021-06-21   192.04 202.77   192.02 202.74   329.53 340.26   191.47 202.20   197.06 207.78   190.79 201.52
2021-06-22   191.05 201.79   191.02 201.76   328.54 339.28   190.48 201.22   196.06 206.80   189.80 200.54
2021-06-23   190.05 200.81   190.03 200.78   327.54 338.29   189.48 200.24   195.07 205.82   188.80 199.55
2021-06-24   189.06 199.82   189.03 199.79   326.54 337.31   188.49 199.25   194.07 204.83   187.80 198.57
2021-06-25   188.05 198.83   188.03 198.80   325.54 336.32   187.48 198.26   193.07 203.85   186.80 197.58
2021-06-26   187.05 197.84   187.02 197.81   324.54 335.33   186.48 197.27   192.07 202.86   185.80 196.59
2021-06-27   186.05 196.85   186.02 196.82   323.53 334.33   185.48 196.28   191.06 201.86   184.80 195.60
2021-06-28   185.04 195.85   185.01 195.82   322.53 333.34   184.47 195.28   190.05 200.87   183.79 194.60
2021-06-29   184.03 194.85   184.00 194.83   321.52 332.34   183.46 194.28   189.04 199.87   182.78 193.60
2021-06-30   183.02 193.85   182.99 193.83   320.50 331.34   182.45 193.28   188.03 198.87   181.77 192.60
2021-07-01   182.00 192.85   181.98 192.82   319.49 330.34   181.43 192.28   187.02 197.86   180.75 191.60
2021-07-02   180.99 191.84   180.96 191.82   318.47 329.33   180.42 191.27   186.00 196.86   179.74 190.59
2021-07-03   179.97 190.84   179.94 190.81   317.46 328.32   179.40 190.27   184.98 195.85   178.72 189.59
2021-07-04   178.95 189.83   178.92 189.80   316.44 327.31   178.38 189.26   183.96 194.84   177.70 188.58
2021-07-05   177.93 188.81   177.90 188.79   315.41 326.30   177.36 188.24   182.94 193.83   176.68 187.56
2021-07-06   176.90 187.80   176.88 187.77   314.39 325.29   176.33 187.23   181.92 192.82   175.65 186.55
2021-07-07   175.88 186.78   175.85 186.76   313.37 324.27   175.31 186.21   180.89 191.80   174.63 185.53
2021-07-08   174.85 185.77   174.83 185.74   312.34 323.25   174.28 185.20   179.87 190.78   173.60 184.52
2021-07-09   173.82 184.75   173.80 184.72   311.31 322.23   173.25 184.18   178.84 189.76   172.57 183.50
2021-07-10   172.79 183.72   172.77 183.70   310.28 321.21   172.22 183.15   177.81 188.74   171.54 182.47
2021-07-11   171.76 182.70   171.74 182.67   309.25 320.19   171.19 182.13   176.78 187.72   170.51 181.45
2021-07-12   170.73 181.68   170.70 181.65   308.22 319.16   170.16 181.11   175.75 186.69   169.48 180.43
2021-07-13   169.70 180.65   169.67 180.62   307.18 318.14   169.13 180.08   174.71 185.66   168.45 179.40
2021-07-14   168.66 179.62   168.64 179.59   306.15 317.11   168.09 179.05   173.68 184.64   167.41 178.37
2021-07-15   167.63 178.59   167.60 178.56   305.12 316.08   167.06 178.02   172.64 183.61   166.38 177.34
2021-07-16   166.59 177.56   166.57 177.53   304.08 315.05   166.02 176.99   171.61 182.58   165.34 176.31
2021-07-17   165.55 176.53   165.53 176.50   303.04 314.02   164.98 175.96   170.57 181.54   164.30 175.28
2021-07-18   164.52 175.50   164.49 175.47   302.00 312.98   163.95 174.93   169.53 180.51   163.27 174.24
2021-07-19   163.48 174.46   163.45 174.43   300.97 311.95   162.91 173.89   168.49 179.48   162.23 173.21
2021-07-20   162.44 173.43   162.41 173.40   299.93 310.91   161.87 172.86   167.46 178.44   161.19 172.17
2021-07-21   161.40 172.39   161.38 172.36   298.89 309.88   160.83 171.82   166.42 177.40   160.15 171.14
2021-07-22   160.36 171.35   160.34 171.33   297.85 308.84   159.79 170.78   165.38 176.37   159.11 170.10
2021-07-23   159.32 170.32   159.30 170.29   296.81 307.80   158.75 169.75   164.34 175.33   158.07 169.06
2021-07-24   158.28 169.28   158.26 169.25   295.77 306.76   157.71 168.71   163.30 174.29   157.03 168.03
2021-07-25   157.25 168.24   157.22 168.21   294.73 305.73   156.68 167.67   162.26 173.25   155.99 166.99
2021-07-26   156.21 167.20   156.18 167.17   293.69 304.69   155.64 166.63   161.22 172.22   154.96 165.95
2021-07-27   155.17 166.16   155.14 166.13   292.66 303.65   154.60 165.59   160.18 171.18   153.92 164.91
2021-07-28   154.13 165.12   154.10 165.10   291.62 302.61   153.56 164.55   159.15 170.14   152.88 163.87
2021-07-29   153.09 164.08   153.07 164.06   290.58 301.57   152.52 163.51   158.11 169.10   151.84 162.83
2021-07-30   152.05 163.04   152.03 163.02   289.54 300.53   151.48 162.47   157.07 168.06   150.80 161.79
2021-07-31   151.02 162.01   150.99 161.98   288.51 299.49   150.45 161.44   156.03 167.02   149.77 160.75
2021-08-01   149.98 160.97   149.96 160.94   287.47 298.45   149.41 160.40   155.00 165.98   148.73 159.72
2021-08-02   148.95 159.93   148.92 159.90   286.44 297.42   148.38 159.36   153.96 164.94   147.70 158.68
2021-08-03   147.91 158.89   147.89 158.86   285.40 296.38   147.34 158.32   152.93 163.91   146.66 157.64
2021-08-04   146.88 157.85   146.85 157.83   284.37 295.34   146.31 157.28   151.90 162.87   145.63 156.60
2021-08-05   145.85 156.82   145.82 156.79   283.34 294.30   145.28 156.25   150.86 161.83   144.60 155.57
2021-08-06   144.82 155.78   144.79 155.75   282.31 293.27   144.25 155.21   149.83 160.80   143.57 154.53
2021-08-07   143.79 154.75   143.76 154.72   281.28 292.23   143.22 154.18   148.80 159.76   142.54 153.50
2021-08-08   142.76 153.71   142.73 153.69   280.25 291.20   142.19 153.14   147.78 158.73   141.51 152.46
2021-08-09   141.73 152.68   141.71 152.65   279.22 290.17   141.16 152.11   146.75 157.69   140.48 151.43
2021-08-10   140.71 151.65   140.68 151.62   278.20 289.13   140.14 151.08   145.72 156.66   139.46 150.40
2021-08-11   139.69 150.62   139.66 150.59   277.17 288.10   139.12 150.05   144.70 155.63   138.43 149.36
2021-08-12   138.66 149.59   138.64 149.56   276.15 287.07   138.09 149.02   143.68 154.60   137.41 148.33
2021-08-13   137.64 148.56   137.62 148.53   275.13 286.04   137.07 147.99   142.66 153.57   136.39 147.31
2021-08-14   136.62 147.53   136.60 147.50   274.11 285.02   136.05 146.96   141.64 152.54   135.37 146.28
2021-08-15   135.61 146.50   135.58 146.48   273.09 283.99   135.04 145.93   140.62 151.52   134.36 145.25
2021-08-16   134.59 145.48   134.57 145.45   272.08 282.97   134.02 144.91   139.61 150.49   133.34 144.23
2021-08-17   133.58 144.46   133.55 144.43   271.07 281.94   133.01 143.89   138.59 149.47   132.33 143.21
2021-08-18   132.57 143.44   132.54 143.41   270.06 280.92   132.00 142.87   137.58 148.45   131.32 142.19
2021-08-19   131.56 142.42   131.53 142.39   269.05 279.90   130.99 141.85   136.57 147.43   130.31 141.17
2021-08-20   130.55 141.40   130.53 141.37   268.04 278.89   129.98 140.83   135.57 146.41   129.30 140.15
2021-08-21   129.55 140.38   129.52 140.36   267.03 277.87   128.98 139.81   134.56 145.40   128.30 139.13
2021-08-22   128.54 139.37   128.52 139.34   266.03 276.86   127.97 138.80   133.56 144.38   127.29 138.12
2021-08-23   127.54 138.36   127.52 138.33   265.03 275.84   126.97 137.79   132.56 143.37   126.29 137.11
2021-08-24   126.55 137.35   126.52 137.32   264.03 274.83   125.98 136.78   131.56 142.36   125.29 136.10
2021-08-25   125.55 136.34   125.52 136.31   263.04 273.83   124.98 135.77   130.56 141.35   124.30 135.09
2021-08-26   124.56 135.33   124.53 135.31   262.04 272.82   123.99 134.76   129.57 140.35   123.30 134.08
2021-08-27   123.56 134.33   123.54 134.30   261.05 271.82   122.99 133.76   128.58 139.34   122.31 133.08
2021-08-28   122.57 133.33   122.55 133.30   260.06 270.81   122.00 132.76   127.59 138.34   121.32 132.08
2021-08-29   121.59 132.33   121.56 132.30   259.07 269.81   121.02 131.76   126.60 137.34   120.34 131.08
2021-08-30   120.60 131.33   120.57 131.30   258.09 268.82   120.03 130.76   125.62 136.34   119.35 130.08
2021-08-31   119.62 130.33   119.59 130.31   257.11 267.82   119.05 129.76   124.63 135.35   118.37 129.08
2021-09-01   118.64 129.34   118.61 129.31   256.13 266.83   118.07 128.77   123.65 134.35   117.39 128.09
2021-09-02   117.66 128.35   117.63 128.32   255.15 265.84   117.09 127.78   122.68 133.36   116.41 127.10
2021-09-03   116.68 127.36   116.66 127.33   254.17 264.85   116.11 126.79   121.70 132.37   115.43 126.11
2021-09-04   115.71 126.37   115.68 126.35   253.20 263.86   115.14 125.80   120.73 131.39   114.46 125.12
2021-09-05   114.74 125.39   114.71 125.36   252.23 262.87   114.17 124.82   119.75 130.40   113.49 124.14
2021-09-06   113.77 124.40   113.74 124.38   251.26 261.89   113.20 123.83   118.79 129.42   112.52 123.15
2021-09-07   112.80 123.42   112.78 123.40   250.29 260.91   112.23 122.85   117.82 128.44   111.55 122.17
2021-09-08   111.84 122.45   111.81 122.42   249.33 259.93   111.27 121.88   116.85 127.46   110.59 121.20
2021-09-09   110.88 121.47   110.85 121.44   248.36 258.96   110.31 120.90   115.89 126.49   109.63 120.22
2021-09-10   109.92 120.50   109.89 120.47   247.40 257.98   109.35 119.93   114.93 125.51   108.67 119.25
2021-09-11   108.96 119.53   108.93 119.50   246.45 257.01   108.39 118.96   113.97 124.54   107.71 118.27
2021-09-12   108.00 118.56   107.98 118.53   245.49 256.04   107.43 117.99   113.02 123.57   106.75 117.31
2021-09-13   107.05 117.59   107.02 117.56   244.54 255.08   106.48 117.02   112.06 122.60   105.80 116.34
2021-09-14   106.10 116.62   106.07 116.60   243.58 254.11   105.53 116.05   111.11 121.64   104.85 115.37
2021-09-15   105.15 115.66   105.12 115.64   242.63 253.15   104.58 115.09   110.16 120.68   103.90 114.41
2021-09-16   104.20 114.70   104.17 114.67   241.69 252.19   103.63 114.13   109.21 119.72   102.95 113.45
2021-09-17   103.25 113.74   103.23 113.72   240.74 251.23   102.68 113.17   108.27 118.76   102.00 112.49
2021-09-18   102.31 112.79   102.28 112.76   239.80 250.27   101.74 112.22   107.32 117.80   101.06 111.54
2021-09-19   101.37 111.83   101.34 111.81   238.86 249.32   100.80 111.26   106.38 116.85   100.12 110.58
2021-09-20   100.43 110.88   100.40 110.85   237.92 248.37    99.86 110.31   105.44 115.89    99.18 109.63
2021-09-21    99.49 109.93    99.46 109.90   236.98 247.42    98.92 109.36   104.50 114.94    98.24 108.68
2021-09-22    98.55 108.98    98.53 108.95   236.04 246.47    97.98 108.41   103.57 114.00    97.30 107.73
2021-09-23    97.62 108.03    97.59 108.01   235.11 245.52    97.05 107.46   102.63 113.05    96.37 106.78
2021-09-24    96.68 107.09    96.66 107.06   234.17 244.58    96.11 106.52   101.70 112.10    95.43 105.84
2021-09-25    95.75 106.15    95.73 106.12   233.24 243.63    95.18 105.58   100.77 111.16    94.50 104.89
2021-09-26    94.82 105.20    94.80 105.18   232.31 242.69    94.25 104.63    99.84 110.22    93.57 103.95
2021-09-27    93.89 104.26    93.87 104.24   231.38 241.75    93.32 103.69    98.91 109.28    92.64 103.01
2021-09-28    92.97 103.33    92.94 103.30   230.45 240.81    92.40 102.76    97.98 108.34    91.72 102.08
2021-09-29    92.04 102.39    92.01 102.36   229.53 239.88    91.47 101.82    97.05 107.41    90.79 101.14
2021-09-30    91.11 101.46    91.09 101.43   228.60 238.94    90.54 100.89    96.13 106.47    89.86 100.20
2021-10-01    90.19 100.52    90.16 100.50   227.68 238.01    89.62  99.95    95.21 105.54    88.94  99.27
2021-10-02    89.27  99.59    89.24  99.56   226.76 237.08    88.70  99.02    94.28 104.60    88.02  98.34
2021-10-03    88.35  98.66    88.32  98.63   225.83 236.15    87.78  98.09    93.36 103.67    87.10  97.41
2021-10-04    87.43  97.73    87.40  97.70   224.91 235.22    86.86  97.16    92.44 102.74    86.18  96.48
2021-10-05    86.51  96.80    86.48  96.77   223.99 234.29    85.94  96.23    91.52 101.82    85.26  95.55
2021-10-06    85.59  95.87    85.56  95.85   223.08 233.36    85.02  95.30    90.60 100.89    84.34  94.62
2021-10-07    84.67  94.95    84.64  94.92   222.16 232.44    84.10  94.38    89.68  99.96    83.42  93.70
2021-10-08    83.75  94.02    83.73  94.00   221.24 231.51    83.18  93.45    88.77  99.04    82.50  92.77
2021-10-09    82.84  93.10    82.81  93.07   220.32 230.59    82.27  92.53    87.85  98.11    81.58  91.85
2021-10-10    81.92  92.18    81.89  92.15   219.41 229.66    81.35  91.61    86.93  97.19    80.67  90.93
2021-10-11    81.00  91.25    80.98  91.23   218.49 228.74    80.43  90.68    86.02  96.27    79.75  90.00
2021-10-12    80.09  90.33    80.06  90.31   217.58 227.82    79.52  89.76    85.10  95.35    78.84  89.08
2021-10-13    79.17  89.41    79.15  89.39   216.66 226.90    78.60  88.84    84.19  94.43    77.92  88.16
2021-10-14    78.26  88.49    78.23  88.47   215.75 225.98    77.69  87.92    83.27  93.51    77.01  87.24
2021-10-15    77.34  87.57    77.32  87.55   214.83 225.06    76.77  87.00    82.36  92.59    76.09  86.32
2021-10-16    76.43  86.65    76.40  86.63   213.92 224.14    75.86  86.08    81.44  91.67    75.18  85.40
2021-10-17    75.51  85.73    75.49  85.71   213.00 223.22    74.94  85.16    80.53  90.75    74.26  84.48
2021-10-18    74.60  84.82    74.57  84.79   212.09 222.30    74.03  84.25    79.62  89.83    73.35  83.57
2021-10-19    73.69  83.90    73.66  83.87   211.17 221.39    73.12  83.33    78.70  88.91    72.43  82.65
2021-10-20    72.77  82.98    72.74  82.95   210.26 220.47    72.20  82.41    77.79  88.00    71.52  81.73
2021-10-21    71.86  82.06    71.83  82.04   209.34 219.55    71.29  81.49    76.87  87.08    70.60  80.81
2021-10-22    70.94  81.14    70.91  81.12   208.43 218.63    70.37  80.57    75.95  86.16    69.69  79.89
2021-10-23    70.02  80.23    70.00  80.20   207.51 217.71    69.45  79.66    75.04  85.24    68.77  78.98
2021-10-24    69.11  79.31    69.08  79.28   206.59 216.80    68.54  78.74    74.12  84.32    67.86  78.06
2021-10-25    68.19  78.39    68.16  78.36   205.68 215.88    67.62  77.82    73.20  83.40    66.94  77.14
2021-10-26    67.27  77.47    67.24  77.44   204.76 214.96    66.70  76.90    72.29  82.49    66.02  76.22
2021-10-27    66.35  76.55    66.33  76.53   203.84 214.04    65.78  75.98    71.37  81.57    65.10  75.30
2021-10-28    65.43  75.63    65.41  75.61   202.92 213.12    64.86  75.06    70.45  80.65    64.18  74.38
2021-10-29    64.51  74.71    64.48  74.69   202.00 212.20    63.94  74.14    69.53  79.73    63.26  73.46
2021-10-30    63.59  73.79    63.56  73.76   201.08 211.28    63.02  73.22    68.60  78.81    62.34  72.54
2021-10-31    62.67  72.87    62.64  72.84   200.15 210.36    62.10  72.30    67.68  77.88    61.41  71.62
2021-11-01    61.74  71.95    61.72  71.92   199.23 209.43    61.17  71.38    66.76  76.96    60.49  70.70
2021-11-02    60.82  71.02    60.79  71.00   198.30 208.51    60.25  70.45    65.83  76.04    59.57  69.77
2021-11-03    59.98  70.01    59.95  69.98   197.47 207.50    59.41  69.44    64.99  75.02    58.73  68.76
2021-11-04    59.28  68.85    59.25  68.83   196.77 206.34    58.71  68.28    64.30  73.87    58.03  67.60
2021-11-05    58.58  67.70    58.55  67.67   196.07 205.19    58.01  67.13    63.60  72.71    57.33  66.45
2021-11-06    57.88  66.54    57.85  66.52   195.37 204.03    57.31  65.97    62.89  71.56    56.63  65.29
2021-11-07    57.17  65.38    57.15  65.36   194.66 202.87    56.60  64.81    62.19  70.40    55.92  64.13
2021-11-08    56.47  64.23    56.44  64.20   193.95 201.71    55.90  63.66    61.48  69.24    55.22  62.97
2021-11-09    55.76  63.07    55.73  63.04   193.25 200.55    55.19  62.50    60.77  68.08    54.51  61.82
2021-11-10    55.05  61.91    55.02  61.88   192.54 199.39    54.48  61.34    60.06  66.92    53.80  60.65

2022-04-10   260.56 267.45   260.54 267.42    38.05  44.94   259.99 266.88   265.58 272.47   259.31 266.20
2022-04-11   259.43 266.76   259.41 266.74    36.92  44.25   258.86 266.19   264.45 271.78   258.18 265.51
2022-04-12   258.30 266.08   258.28 266.05    35.79  43.56   257.73 265.51   263.32 271.09   257.05 264.83
2022-04-13   257.17 265.39   257.15 265.37    34.66  42.88   256.60 264.82   262.19 270.41   255.92 264.14
2022-04-14   256.04 264.71   256.02 264.68    33.53  42.20   255.47 264.14   261.06 269.73   254.79 263.46
2022-04-15   254.92 264.03   254.89 264.00    32.40  41.52   254.35 263.46   259.93 269.05   253.66 262.78
2022-04-16   253.79 263.35   253.76 263.33    31.28  40.84   253.22 262.78   258.80 268.37   252.54 262.10
2022-04-17   252.66 262.67   252.63 262.65    30.15  40.16   252.09 262.10   257.68 267.69   251.41 261.42
2022-04-18   251.66 261.87   251.64 261.84    29.15  39.36   251.09 261.30   256.68 266.89   250.41 260.62
2022-04-19   250.76 260.97   250.74 260.94    28.25  38.46   250.19 260.40   255.78 265.98   249.51 259.72
2022-04-20   249.86 260.07   249.84 260.04    27.35  37.56   249.29 259.50   254.88 265.08   248.61 258.82
2022-04-21   248.97 259.17   248.94 259.14    26.45  36.66   248.40 258.60   253.98 264.18   247.72 257.92
2022-04-22   248.07 258.27   248.04 258.24    25.56  35.76   247.50 257.70   253.08 263.29   246.82 257.02
2022-04-23   247.17 257.37   247.15 257.35    24.66  34.86   246.60 256.80   252.19 262.39   245.92 256.12
2022-04-24   246.27 256.47   246.25 256.45    23.76  33.96   245.70 255.90   251.29 261.49   245.02 255.22
2022-04-25   245.38 255.58   245.35 255.55    22.87  33.07   244.81 255.01   250.39 260.59   244.13 254.33
2022-04-26   244.48 254.68   244.45 254.66    21.97  32.17   243.91 254.11   249.50 259.70   243.23 253.43
2022-04-27   243.58 253.79   243.56 253.76    21.07  31.27   243.01 253.22   248.60 258.80   242.33 252.53
2022-04-28   242.69 252.89   242.66 252.86    20.17  30.38   242.12 252.32   247.70 257.91   241.44 251.64
2022-04-29   241.79 251.99   241.76 251.97    19.28  29.48   241.22 251.42   246.81 257.01   240.54 250.74
2022-04-30   240.89 251.10   240.87 251.07    18.38  28.59   240.32 250.53   245.91 256.11   239.64 249.85
2022-05-01   240.00 250.20   239.97 250.18    17.48  27.69   239.43 249.63   245.01 255.22   238.74 248.95
2022-05-02   239.10 249.31   239.07 249.28    16.58  26.80   238.53 248.74   244.11 254.32   237.85 248.06
2022-05-03   238.20 248.41   238.17 248.39    15.69  25.90   237.63 247.84   243.21 253.43   236.95 247.16
2022-05-04   237.30 247.52   237.27 247.49    14.79  25.01   236.73 246.95   242.32 252.53   236.05 246.27
2022-05-05   236.40 246.62   236.37 246.60    13.89  24.11   235.83 246.05   241.42 251.64   235.15 245.37
2022-05-06   235.50 245.73   235.47 245.70    12.99  23.21   234.93 245.16   240.52 250.74   234.25 244.48
2022-05-07   234.60 244.83   234.57 244.80    12.09  22.32   234.03 244.26   239.61 249.85   233.35 243.58
2022-05-08   233.70 243.93   233.67 243.91    11.18  21.42   233.13 243.36   238.71 248.95   232.45 242.68
2022-05-09   232.79 243.04   232.77 243.01    10.28  20.52   232.22 242.47   237.81 248.05   231.54 241.79
2022-05-10   231.89 242.14   231.86 242.11     9.38  19.63   231.32 241.57   236.90 247.15   230.64 240.89
2022-05-11   230.98 241.24   230.96 241.21     8.47  18.73   230.41 240.67   236.00 246.26   229.73 239.99
2022-05-12   230.08 240.34   230.05 240.31     7.57  17.83   229.51 239.77   235.09 245.36   228.83 239.09
2022-05-13   229.17 239.44   229.14 239.41     6.66  16.93   228.60 238.87   234.19 244.46   227.92 238.19
2022-05-14   228.26 238.54   228.24 238.51     5.75  16.03   227.69 237.97   233.28 243.55   227.01 237.29
2022-05-15   227.35 237.64   227.33 237.61     4.84  15.12   226.78 237.07   232.37 242.65   226.10 236.39
2022-05-16   226.44 236.73   226.41 236.71     3.93  14.22   225.87 236.16   231.46 241.75   225.19 235.48
2022-05-17   225.53 235.83   225.50 235.80     3.01  13.32   224.96 235.26   230.54 240.84   224.28 234.58
2022-05-18   224.61 234.92   224.59 234.90     2.10  12.41   224.04 234.35   229.63 239.94   223.36 233.67
2022-05-19   223.70 234.01   223.67 233.99     1.18  11.50   223.13 233.44   228.71 239.03   222.45 232.76
2022-05-20   222.78 233.11   222.75 233.08     0.27  10.59   222.21 232.54   227.79 238.12   221.53 231.86
2022-05-21   221.86 232.20   221.83 232.17   359.35   9.68   221.29 231.63   226.87 237.21   220.61 230.95
2022-05-22   220.94 231.28   220.91 231.26   358.42   8.77   220.37 230.71   225.95 236.30   219.69 230.03
2022-05-23   220.01 230.37   219.99 230.35   357.50   7.86   219.44 229.80   225.03 235.39   218.76 229.12
2022-05-24   219.09 229.46   219.06 229.43   356.58   6.94   218.52 228.89   224.10 234.47   217.84 228.21
2022-05-25   218.16 228.54   218.14 228.51   355.65   6.03   217.59 227.97   223.18 233.56   216.91 227.29
2022-05-26   217.23 227.62   217.21 227.60   354.72   5.11   216.66 227.05   222.25 232.64   215.98 226.37
2022-05-27   216.30 226.70   216.27 226.68   353.79   4.19   215.73 226.13   221.32 231.72   215.05 225.45
2022-05-28   215.37 225.78   215.34 225.75   352.86   3.27   214.80 225.21   220.38 230.80   214.12 224.53
2022-05-29   214.43 224.86   214.41 224.83   351.92   2.34   213.86 224.29   219.45 229.87   213.18 223.61
2022-05-30   213.49 223.93   213.47 223.90   350.98   1.42   212.92 223.36   218.51 228.95   212.24 222.68
2022-05-31   212.55 223.00   212.53 222.98   350.04   0.49   211.98 222.43   217.57 228.02   211.30 221.75
2022-06-01   211.61 222.07   211.59 222.05   349.10 359.56   211.04 221.50   216.63 227.09   210.36 220.82
2022-06-02   210.67 221.14   210.64 221.11   348.15 358.63   210.10 220.57   215.68 226.16   209.42 219.89
2022-06-03   209.72 220.21   209.69 220.18   347.21 357.69   209.15 219.64   214.74 225.22   208.47 218.95
2022-06-04   208.77 219.27   208.74 219.24   346.26 356.76   208.20 218.70   213.79 224.28   207.52 218.02
2022-06-05   207.82 218.33   207.79 218.30   345.31 355.82   207.25 217.76   212.83 223.35   206.57 217.08
2022-06-06   206.86 217.39   206.84 217.36   344.35 354.88   206.29 216.82   211.88 222.40   205.61 216.14
2022-06-07   205.91 216.45   205.88 216.42   343.40 353.93   205.34 215.88   210.92 221.46   204.66 215.19
2022-06-08   204.95 215.50   204.92 215.47   342.44 352.99   204.38 214.93   209.96 220.51   203.70 214.25
2022-06-09   203.99 214.55   203.96 214.52   341.47 352.04   203.42 213.98   209.00 219.57   202.74 213.30
2022-06-10   203.02 213.60   203.00 213.57   340.51 351.09   202.45 213.03   208.04 218.62   201.77 212.35
2022-06-11   202.06 212.65   202.03 212.62   339.54 350.13   201.49 212.08   207.07 217.66   200.81 211.40
2022-06-12   201.09 211.69   201.06 211.66   338.57 349.18   200.52 211.12   206.10 216.71   199.84 210.44
2022-06-13   200.11 210.73   200.09 210.71   337.60 348.22   199.54 210.16   205.13 215.75   198.86 209.48
2022-06-14   199.14 209.77   199.11 209.74   336.63 347.26   198.57 209.20   204.16 214.79   197.89 208.52
2022-06-15   198.16 208.81   198.14 208.78   335.65 346.30   197.59 208.24   203.18 213.82   196.91 207.56
2022-06-16   197.18 207.84   197.16 207.82   334.67 345.33   196.61 207.27   202.20 212.86   195.93 206.59
2022-06-17   196.20 206.87   196.18 206.85   333.69 344.36   195.63 206.30   201.22 211.89   194.95 205.62
2022-06-18   195.22 205.90   195.19 205.88   332.70 343.39   194.65 205.33   200.23 210.92   193.97 204.65
2022-06-19   194.23 204.93   194.20 204.90   331.72 342.42   193.66 204.36   199.25 209.94   192.98 203.68
2022-06-20   193.24 203.95   193.21 203.93   330.73 341.44   192.67 203.38   198.26 208.97   191.99 202.70
2022-06-21   192.25 202.97   192.22 202.95   329.74 340.46   191.68 202.40   197.26 207.99   191.00 201.72
2022-06-22   191.25 201.99   191.23 201.96   328.74 339.48   190.68 201.42   196.27 207.01   190.00 200.74
2022-06-23   190.26 201.01   190.23 200.98   327.74 338.49   189.69 200.44   195.27 206.02   189.01 199.76
2022-06-24   189.26 200.02   189.23 199.99   326.75 337.51   188.69 199.45   194.27 205.04   188.01 198.77
2022-06-25   188.26 199.03   188.23 199.01   325.74 336.52   187.69 198.46   193.27 204.05   187.01 197.78
2022-06-26   187.25 198.04   187.23 198.01   324.74 335.53   186.68 197.47   192.27 203.06   186.00 196.79
2022-06-27   186.25 197.05   186.22 197.02   323.73 334.53   185.68 196.48   191.26 202.06   185.00 195.80
2022-06-28   185.24 196.05   185.21 196.02   322.73 333.54   184.67 195.48   190.25 201.06   183.99 194.80
2022-06-29   184.23 195.05   184.20 195.02   321.72 332.54   183.66 194.48   189.24 200.07   182.98 193.80
2022-06-30   183.22 194.05   183.19 194.02   320.70 331.54   182.65 193.48   188.23 199.06   181.96 192.80
2022-07-01   182.20 193.05   182.17 193.02   319.69 330.53   181.63 192.48   187.22 198.06   180.95 191.80
2022-07-02   181.18 192.04   181.16 192.01   318.67 329.53   180.61 191.47   186.20 197.06   179.93 190.79
2022-07-03   180.17 191.03   180.14 191.01   317.65 328.52   179.60 190.46   185.18 196.05   178.92 189.78
2022-07-04   179.15 190.02   179.12 190.00   316.63 327.51   178.58 189.45   184.16 195.04   177.90 188.77
2022-07-05   178.12 189.01   178.10 188.98   315.61 326.50   177.55 188.44   183.14 194.03   176.87 187.76
2022-07-06   177.10 188.00   177.07 187.97   314.59 325.48   176.53 187.43   182.12 193.01   175.85 186.75
2022-07-07   176.08 186.98   176.05 186.95   313.56 324.47   175.51 186.41   181.09 192.00   174.82 185.73
2022-07-08   175.05 185.96   175.02 185.94   312.54 323.45   174.48 185.39   180.06 190.98   173.80 184.71
2022-07-09   174.02 184.94   173.99 184.92   311.51 322.43   173.45 184.37   179.04 189.96   172.77 183.69
2022-07-10   172.99 183.92   172.97 183.89   310.48 321.41   172.42 183.35   178.01 188.94   171.74 182.67
2022-07-11   171.96 182.90   171.93 182.87   309.45 320.39   171.39 182.33   176.98 187.91   170.71 181.65
2022-07-12   170.93 181.87   170.90 181.85   308.42 319.36   170.36 181.30   175.94 186.89   169.68 180.62
2022-07-13   169.90 180.85   169.87 180.82   307.38 318.33   169.33 180.28   174.91 185.86   168.65 179.60
2022-07-14   168.86 179.82   168.84 179.79   306.35 317.31   168.29 179.25   173.88 184.84   167.61 178.57
2022-07-15   167.83 178.79   167.80 178.76   305.32 316.28   167.26 178.22   172.84 183.81   166.58 177.54
2022-07-16   166.79 177.76   166.77 177.73   304.28 315.25   166.22 177.19   171.81 182.78   165.54 176.51
2022-07-17   165.76 176.73   165.73 176.70   303.24 314.22   165.19 176.16   170.77 181.74   164.51 175.48
2022-07-18   164.72 175.70   164.69 175.67   302.21 313.18   164.15 175.13   169.74 180.71   163.47 174.45
2022-07-19   163.68 174.66   163.66 174.64   301.17 312.15   163.11 174.09   168.70 179.68   162.43 173.41
2022-07-20   162.65 173.63   162.62 173.60   300.13 311.12   162.08 173.06   167.66 178.65   161.40 172.38
2022-07-21   161.61 172.60   161.58 172.57   299.10 310.08   161.04 172.03   166.62 177.61   160.36 171.34
2022-07-22   160.57 171.56   160.54 171.53   298.06 309.05   160.00 170.99   165.59 176.58   159.32 170.31
2022-07-23   159.53 170.52   159.51 170.50   297.02 308.01   158.96 169.95   164.55 175.54   158.28 169.27
2022-07-24   158.50 169.49   158.47 169.46   295.98 306.97   157.93 168.92   163.51 174.50   157.25 168.24
2022-07-25   157.46 168.45   157.43 168.42   294.95 305.94   156.89 167.88   162.47 173.47   156.21 167.20
2022-07-26   156.42 167.41   156.39 167.39   293.91 304.90   155.85 166.84   161.44 172.43   155.17 166.16
2022-07-27   155.38 166.38   155.36 166.35   292.87 303.86   154.81 165.81   160.40 171.39   154.13 165.13
2022-07-28   154.35 165.34   154.32 165.31   291.83 302.83   153.78 164.77   159.36 170.35   153.10 164.09
2022-07-29   153.31 164.30   153.28 164.27   290.80 301.79   152.74 163.73   158.33 169.32   152.06 163.05
2022-07-30   152.28 163.26   152.25 163.24   289.76 300.75   151.71 162.69   157.29 168.28   151.02 162.01
2022-07-31   151.24 162.23   151.21 162.20   288.73 299.71   150.67 161.66   156.26 167.24   149.99 160.98
2022-08-01   150.21 161.19   150.18 161.16   287.69 298.68   149.64 160.62   155.22 166.21   148.96 159.94
2022-08-02   149.17 160.15   149.15 160.13   286.66 297.64   148.60 159.58   154.19 165.17   147.92 158.90
2022-08-03   148.14 159.12   148.11 159.09   285.63 296.60   147.57 158.55   153.16 164.13   146.89 157.87
2022-08-04   147.11 158.08   147.08 158.06   284.60 295.57   146.54 157.51   152.12 163.10   145.86 156.83
2022-08-05   146.08 157.05   146.05 157.02   283.57 294.53   145.51 156.48   151.09 162.06   144.83 155.80
2022-08-06   145.05 156.01   145.02 155.99   282.54 293.50   144.48 155.44   150.07 161.03   143.80 154.76
2022-08-07   144.02 154.98   144.00 154.95   281.51 292.47   143.45 154.41   149.04 159.99   142.77 153.73
2022-08-08   143.00 153.95   142.97 153.92   280.48 291.43   142.43 153.38   148.01 158.96   141.75 152.70
2022-08-09   141.97 152.92   141.94 152.89   279.46 290.40   141.40 152.35   146.99 157.93   140.72 151.67
2022-08-10   140.95 151.89   140.92 151.86   278.44 289.37   140.38 151.32   145.96 156.90   139.70 150.63
2022-08-11   139.93 150.86   139.90 150.83   277.41 288.34   139.36 150.29   144.94 155.87   138.67 149.61
2022-08-12   138.91 149.83   138.88 149.80   276.39 287.32   138.34 149.26   143.92 154.84   137.65 148.58
2022-08-13   137.89 148.80   137.86 148.77   275.37 286.29   137.32 148.23   142.90 153.82   136.64 147.55
2022-08-14   136.87 147.78   136.84 147.75   274.36 285.26   136.30 147.21   141.88 152.79   135.62 146.53
2022-08-15   135.85 146.75   135.83 146.73   273.34 284.24   135.28 146.18   140.87 151.77   134.60 145.50
2022-08-16   134.84 145.73   134.81 145.70   272.33 283.22   134.27 145.16   139.86 150.74   133.59 144.48
2022-08-17   133.83 144.71   133.80 144.68   271.32 282.20   133.26 144.14   138.85 149.72   132.58 143.46
2022-08-18   132.82 143.69   132.79 143.66   270.31 281.18   132.25 143.12   137.84 148.70   131.57 142.44
2022-08-19   131.81 142.67   131.79 142.64   269.30 280.16   131.24 142.10   136.83 147.69   130.56 141.42
2022-08-20   130.81 141.66   130.78 141.63   268.29 279.14   130.24 141.09   135.82 146.67   129.56 140.40
2022-08-21   129.80 140.64   129.78 140.61   267.29 278.13   129.23 140.07   134.82 145.66   128.55 139.39
2022-08-22   128.80 139.63   128.78 139.60   266.29 277.12   128.23 139.06   133.82 144.64   127.55 138.38
2022-08-23   127.80 138.62   127.78 138.59   265.29 276.11   127.23 138.05   132.82 143.63   126.55 137.37
2022-08-24   126.81 137.61   126.78 137.58   264.29 275.10   126.24 137.04   131.82 142.62   125.56 136.36
2022-08-25   125.81 136.60   125.78 136.58   263.30 274.09   125.24 136.03   130.83 141.62   124.56 135.35
2022-08-26   124.82 135.60   124.79 135.57   262.31 273.08   124.25 135.03   129.83 140.61   123.57 134.35
2022-08-27   123.83 134.59   123.80 134.57   261.32 272.08   123.26 134.02   128.84 139.61   122.58 133.34
2022-08-28   122.84 133.59   122.81 133.57   260.33 271.08   122.27 133.02   127.85 138.61   121.59 132.34
2022-08-29   121.85 132.60   121.83 132.57   259.34 270.08   121.28 132.03   126.87 137.61   120.60 131.34
2022-08-30   120.87 131.60   120.84 131.57   258.36 269.09   120.30 131.03   125.88 136.61   119.62 130.35
2022-08-31   119.89 130.60   119.86 130.58   257.38 268.09   119.32 130.03   124.90 135.62   118.64 129.35
2022-09-01   118.91 129.61   118.88 129.59   256.40 267.10   118.34 129.04   123.92 134.63   117.66 128.36
2022-09-02   117.93 128.62   117.90 128.60   255.42 266.11   117.36 128.05   122.95 133.64   116.68 127.37
2022-09-03   116.96 127.63   116.93 127.61   254.44 265.12   116.39 127.06   121.97 132.65   115.71 126.38
2022-09-04   115.98 126.65   115.96 126.62   253.47 264.14   115.41 126.08   121.00 131.66   114.73 125.40
2022-09-05   115.01 125.66   114.99 125.64   252.50 263.15   114.44 125.09   120.03 130.68   113.76 124.41
2022-09-06   114.05 124.68   114.02 124.66   251.53 262.17   113.48 124.11   119.06 129.70   112.79 123.43
2022-09-07   113.08 123.70   113.05 123.68   250.57 261.19   112.51 123.13   118.09 128.72   111.83 122.45
2022-09-08   112.12 122.73   112.09 122.70   249.60 260.21   111.55 122.16   117.13 127.74   110.86 121.48
2022-09-09   111.15 121.75   111.13 121.72   248.64 259.24   110.58 121.18   116.17 126.77   109.90 120.50
2022-09-10   110.19 120.78   110.17 120.75   247.68 258.27   109.62 120.21   115.21 125.79   108.94 119.53
2022-09-11   109.24 119.81   109.21 119.78   246.72 257.30   108.67 119.24   114.25 124.82   107.99 118.56
2022-09-12   108.28 118.84   108.26 118.81   245.77 256.33   107.71 118.27   113.30 123.85   107.03 117.59
2022-09-13   107.33 117.87   107.30 117.85   244.82 255.36   106.76 117.30   112.34 122.89   106.08 116.62
2022-09-14   106.38 116.91   106.35 116.88   243.87 254.40   105.81 116.34   111.39 121.92   105.13 115.66
2022-09-15   105.43 115.95   105.40 115.92   242.92 253.43   104.86 115.38   110.44 120.96   104.18 114.70
2022-09-16   104.48 114.99   104.45 114.96   241.97 252.47   103.91 114.42   109.50 120.00   103.23 113.74
2022-09-17   103.54 114.03   103.51 114.00   241.02 251.52   102.97 113.46   108.55 119.04   102.29 112.78
2022-09-18   102.59 113.07   102.57 113.05   240.08 250.56   102.02 112.50   107.61 118.09   101.34 111.82
2022-09-19   101.65 112.12   101.62 112.09   239.14 249.61   101.08 111.55   106.67 117.13   100.40 110.87
2022-09-20   100.71 111.17   100.68 111.14   238.20 248.65   100.14 110.60   105.73 116.18    99.46 109.92
2022-09-21    99.77 110.22    99.75 110.19   237.26 247.70    99.20 109.65   104.79 115.23    98.52 108.96
2022-09-22    98.84 109.27    98.81 109.24   236.32 246.75    98.27 108.70   103.85 114.28    97.59 108.02
2022-09-23    97.90 108.32    97.88 108.29   235.39 245.81    97.33 107.75   102.92 113.34    96.65 107.07
2022-09-24    96.97 107.38    96.94 107.35   234.46 244.86    96.40 106.81   101.98 112.39    95.72 106.13
2022-09-25    96.04 106.43    96.01 106.41   233.52 243.92    95.47 105.86   101.05 111.45    94.79 105.18
2022-09-26    95.11 105.49    95.08 105.46   232.59 242.98    94.54 104.92   100.12 110.51    93.86 104.24
2022-09-27    94.18 104.55    94.15 104.53   231.66 242.04    93.61 103.98    99.19 109.57    92.93 103.30
2022-09-28    93.25 103.61    93.22 103.59   230.74 241.10    92.68 103.04    98.27 108.63    92.00 102.36
2022-09-29    92.32 102.68    92.30 102.65   229.81 240.16    91.75 102.11    97.34 107.69    91.07 101.43
2022-09-30    91.40 101.74    91.37 101.72   228.89 239.23    90.83 101.17    96.41 106.76    90.15 100.49
2022-10-01    90.47 100.81    90.45 100.78   227.96 238.30    89.90 100.24    95.49 105.82    89.22  99.56
2022-10-02    89.55  99.88    89.53  99.85   227.04 237.36    88.98  99.31    94.57 104.89    88.30  98.63
2022-10-03    88.63  98.94    88.60  98.92   226.12 236.43    88.06  98.37    93.65 103.96    87.38  97.69
2022-10-04    87.71  98.02    87.68  97.99   225.20 235.50    87.14  97.45    92.72 103.03    86.46  96.76
2022-10-05    86.79  97.09    86.76  97.06   224.28 234.57    86.22  96.52    91.80 102.10    85.54  95.84
2022-10-06    85.87  96.16    85.84  96.13   223.36 233.65    85.30  95.59    90.89 101.17    84.62  94.91
2022-10-07    84.95  95.23    84.93  95.21   222.44 232.72    84.38  94.66    89.97 100.25    83.70  93.98
2022-10-08    84.03  94.31    84.01  94.28   221.52 231.79    83.46  93.74    89.05  99.32    82.78  93.06
2022-10-09    83.12  93.38    83.09  93.36   220.60 230.87    82.55  92.81    88.13  98.40    81.87  92.13
2022-10-10    82.20  92.46    82.17  92.43   219.69 229.95    81.63  91.89    87.22  97.47    80.95  91.21
2022-10-11    81.28  91.54    81.26  91.51   218.77 229.02    80.71  90.97    86.30  96.55    80.03  90.29
2022-10-12    80.37  90.61    80.34  90.59   217.86 228.10    79.80  90.04    85.38  95.63    79.12  89.36
2022-10-13    79.45  89.69    79.43  89.67   216.94 227.18    78.88  89.12    84.47  94.71    78.20  88.44
2022-10-14    78.54  88.77    78.51  88.75   216.02 226.26    77.97  88.20    83.55  93.79    77.29  87.52
2022-10-15    77.62  87.85    77.60  87.83   215.11 225.34    77.05  87.28    82.64  92.87    76.37  86.60
2022-10-16    76.71  86.93    76.68  86.91   214.19 224.42    76.14  86.36    81.72  91.95    75.46  85.68
2022-10-17    75.79  86.01    75.77  85.99   213.28 223.50    75.22  85.44    80.81  91.03    74.54  84.76
2022-10-18    74.88  85.09    74.85  85.07   212.36 222.58    74.31  84.52    79.89  90.11    73.63  83.84
2022-10-19    73.96  84.17    73.93  84.15   211.45 221.66    73.39  83.60    78.98  89.19    72.71  82.92
2022-10-20    73.05  83.26    73.02  83.23   210.53 220.74    72.48  82.69    78.06  88.27    71.79  82.00
2022-10-21    72.13  82.34    72.10  82.31   209.62 219.82    71.56  81.77    77.14  87.35    70.88  81.09
2022-10-22    71.21  81.42    71.19  81.39   208.70 218.91    70.64  80.85    76.23  86.43    69.96  80.17
2022-10-23    70.30  80.50    70.27  80.47   207.78 217.99    69.73  79.93    75.31  85.51    69.04  79.25
2022-10-24    69.38  79.58    69.35  79.55   206.86 217.07    68.81  79.01    74.39  84.59    68.13  78.33
2022-10-25    68.46  78.66    68.43  78.63   205.95 216.15    67.89  78.09    73.47  83.68    67.21  77.41
2022-10-26    67.54  77.74    67.51  77.71   205.03 215.23    66.97  77.17    72.56  82.76    66.29  76.49
2022-10-27    66.62  76.82    66.59  76.79   204.11 214.31    66.05  76.25    71.64  81.84    65.37  75.57
2022-10-28    65.70  75.90    65.67  75.87   203.19 213.39    65.13  75.33    70.71  80.91    64.45  74.65
2022-10-29    64.78  74.98    64.75  74.95   202.26 212.47    64.21  74.41    69.79  79.99    63.53  73.73
2022-10-30    63.85  74.06    63.83  74.03   201.34 211.54    63.28  73.49    68.87  79.07    62.60  72.81
2022-10-31    62.93  73.13    62.90  73.11   200.42 210.62    62.36  72.56    67.95  78.15    61.68  71.88
2022-11-01    62.01  72.21    61.98  72.18   199.49 209.70    61.44  71.64    67.02  77.23    60.75  70.96
2022-11-02    61.08  71.29    61.05  71.26   198.57 208.77    60.51  70.72    66.09  76.30    59.83  70.04
2022-11-03    60.17  70.34    60.14  70.32   197.66 207.83    59.60  69.77    65.19  75.36    58.92  69.09
2022-11-04    59.47  69.19    59.44  69.16   196.96 206.67    58.90  68.62    64.49  74.20    58.22  67.93
2022-11-05    58.77  68.03    58.74  68.00   196.26 205.52    58.20  67.46    63.78  73.04    57.52  66.78
2022-11-06    58.07  66.87    58.04  66.84   195.55 204.36    57.50  66.30    63.08  71.89    56.82  65.62
2022-11-07    57.36  65.71    57.33  65.68   194.85 203.20    56.79  65.14    62.38  70.73    56.11  64.46
2022-11-08    56.65  64.55    56.63  64.53   194.14 202.04    56.08  63.98    61.67  69.57    55.40  63.30
2022-11-09    55.94  63.39    55.92  63.36   193.43 200.88    55.37  62.82    60.96  68.41    54.69  62.14
2022-11-10    55.23  62.23    55.21  62.20   192.72 199.72    54.66  61.66    60.25  67.24    53.98  60.98

2023-04-11   259.78 266.98   259.76 266.95    37.27  44.46   259.21 266.41   264.80 271.99   258.53 265.72
2023-04-12   258.65 266.29   258.63 266.26    36.14  43.78   258.08 265.72   263.67 271.30   257.40 265.04
2023-04-13   257.52 265.60   257.49 265.58    35.01  43.09   256.95 265.03   262.54 270.62   256.27 264.35
2023-04-14   256.39 264.92   256.36 264.90    33.88  42.41   255.82 264.35   261.41 269.94   255.14 263.67
2023-04-15   255.26 264.24   255.24 264.21    32.75  41.73   254.69 263.67   260.28 269.26   254.01 262.99
2023-04-16   254.13 263.56   254.11 263.54    31.62  41.05   253.56 262.99   259.15 268.58   252.88 262.31
2023-04-17   253.00 262.88   252.98 262.86    30.49  40.37   252.43 262.31   258.02 267.90   251.75 261.63
2023-04-18   251.94 262.15   251.91 262.12    29.43  39.63   251.37 261.58   256.95 267.16   250.69 260.90
2023-04-19   251.04 261.24   251.01 261.22    28.53  38.73   250.47 260.67   256.05 266.26   249.79 259.99
2023-04-20   250.14 260.34   250.11 260.32    27.63  37.83   249.57 259.77   255.15 265.36   248.89 259.09
2023-04-21   249.24 259.44   249.21 259.42    26.73  36.93   248.67 258.87   254.26 264.46   247.99 258.19
2023-04-22   248.34 258.54   248.31 258.52    25.83  36.03   247.77 257.97   253.36 263.56   247.09 257.29
2023-04-23   247.44 257.64   247.42 257.62    24.93  35.13   246.87 257.07   252.46 262.66   246.19 256.39
2023-04-24   246.55 256.75   246.52 256.72    24.03  34.23   245.98 256.18   251.56 261.76   245.29 255.49
2023-04-25   245.65 255.85   245.62 255.82    23.13  33.33   245.08 255.28   250.66 260.86   244.40 254.60
2023-04-26   244.75 254.95   244.72 254.92    22.24  32.44   244.18 254.38   249.76 259.97   243.50 253.70
2023-04-27   243.85 254.05   243.83 254.03    21.34  31.54   243.28 253.48   248.87 259.07   242.60 252.80
2023-04-28   242.95 253.16   242.93 253.13    20.44  30.64   242.38 252.59   247.97 258.17   241.70 251.91
2023-04-29   242.06 252.26   242.03 252.23    19.54  29.75   241.49 251.69   247.07 257.28   240.81 251.01
2023-04-30   241.16 251.36   241.13 251.34    18.65  28.85   240.59 250.79   246.17 256.38   239.91 250.11
2023-05-01   240.26 250.47   240.23 250.44    17.75  27.95   239.69 249.90   245.27 255.48   239.01 249.22
2023-05-02   239.36 249.57   239.33 249.54    16.85  27.06   238.79 249.00   244.38 254.59   238.11 248.32
2023-05-03   238.46 248.67   238.43 248.65    15.95  26.16   237.89 248.10   243.48 253.69   237.21 247.42
2023-05-04   237.56 247.78   237.53 247.75    15.05  25.27   236.99 247.21   242.58 252.79   236.31 246.53
2023-05-05   236.66 246.88   236.63 246.86    14.15  24.37   236.09 246.31   241.67 251.90   235.41 245.63
2023-05-06   235.76 245.98   235.73 245.96    13.25  23.47   235.19 245.41   240.77 251.00   234.51 244.73
2023-05-07   234.86 245.09   234.83 245.06    12.34  22.57   234.29 244.52   239.87 250.10   233.61 243.84
2023-05-08   233.95 244.19   233.93 244.16    11.44  21.68   233.38 243.62   238.97 249.20   232.70 242.94
2023-05-09   233.05 243.29   233.02 243.26    10.54  20.78   232.48 242.72   238.06 248.31   231.80 242.04
2023-05-10   232.14 242.39   232.12 242.36     9.63  19.88   231.57 241.82   237.16 247.41   230.89 241.14
2023-05-11   231.24 241.49   231.21 241.46     8.72  18.98   230.67 240.92   236.25 246.51   229.99 240.24
2023-05-12   230.33 240.59   230.30 240.56     7.82  18.08   229.76 240.02   235.35 245.61   229.08 239.34
2023-05-13   229.42 239.69   229.39 239.66     6.91  17.18   228.85 239.12   234.44 244.70   228.17 238.44
2023-05-14   228.51 238.79   228.48 238.76     6.00  16.27   227.94 238.22   233.53 243.80   227.26 237.54
2023-05-15   227.60 237.88   227.57 237.86     5.09  15.37   227.03 237.31   232.62 242.90   226.35 236.63
2023-05-16   226.69 236.98   226.66 236.95     4.17  14.47   226.12 236.41   231.70 241.99   225.44 235.73
2023-05-17   225.77 236.07   225.75 236.05     3.26  13.56   225.20 235.50   230.79 241.09   224.52 234.82
2023-05-18   224.86 235.16   224.83 235.14     2.34  12.65   224.29 234.59   229.87 240.18   223.61 233.91
2023-05-19   223.94 234.26   223.91 234.23     1.43  11.74   223.37 233.69   228.95 239.27   222.69 233.01
2023-05-20   223.02 233.35   222.99 233.32     0.51  10.83   222.45 232.78   228.04 238.36   221.77 232.10
2023-05-21   222.10 232.44   222.07 232.41   359.59   9.92   221.53 231.87   227.11 237.45   220.85 231.18
2023-05-22   221.18 231.52   221.15 231.50   358.66   9.01   220.61 230.95   226.19 236.54   219.93 230.27
2023-05-23   220.25 230.61   220.23 230.58   357.74   8.10   219.68 230.04   225.27 235.62   219.00 229.36
2023-05-24   219.33 229.69   219.30 229.67   356.81   7.18   218.76 229.12   224.34 234.71   218.08 228.44
2023-05-25   218.40 228.77   218.37 228.75   355.88   6.26   217.83 228.20   223.41 233.79   217.15 227.52
2023-05-26   217.47 227.85   217.44 227.83   354.95   5.34   216.90 227.28   222.48 232.87   216.22 226.60
2023-05-27   216.53 226.93   216.51 226.91   354.02   4.42   215.96 226.36   221.55 231.95   215.28 225.68
2023-05-28   215.60 226.01   215.57 225.98   353.09   3.50   215.03 225.44   220.61 231.03   214.35 224.76
2023-05-29   214.66 225.08   214.64 225.06   352.15   2.57   214.09 224.51   219.68 230.10   213.41 223.83
2023-05-30   213.72 224.16   213.70 224.13   351.21   1.64   213.15 223.59   218.74 229.17   212.47 222.91
2023-05-31   212.78 223.23   212.76 223.20   350.27   0.72   212.21 222.66   217.80 228.24   211.53 221.98
2023-06-01   211.84 222.30   211.81 222.27   349.33 359.78   211.27 221.73   216.85 227.31   210.59 221.05
2023-06-02   210.89 221.36   210.87 221.34   348.38 358.85   210.32 220.79   215.91 226.38   209.64 220.11
2023-06-03   209.94 220.43   209.92 220.40   347.43 357.92   209.37 219.86   214.96 225.44   208.69 219.18
2023-06-04   208.99 219.49   208.97 219.46   346.48 356.98   208.42 218.92   214.01 224.51   207.74 218.24
2023-06-05   208.04 218.55   208.01 218.52   345.53 356.04   207.47 217.98   213.06 223.57   206.79 217.30
2023-06-06   207.09 217.61   207.06 217.58   344.57 355.09   206.52 217.04   212.10 222.62   205.83 216.36
2023-06-07   206.13 216.66   206.10 216.64   343.61 354.15   205.56 216.09   211.14 221.68   204.88 215.41
2023-06-08   205.17 215.72   205.14 215.69   342.65 353.20   204.60 215.15   210.18 220.73   203.92 214.46
2023-06-09   204.20 214.77   204.18 214.74   341.69 352.25   203.63 214.20   209.22 219.78   202.95 213.51
2023-06-10   203.24 213.81   203.21 213.79   340.73 351.30   202.67 213.24   208.25 218.83   201.99 212.56
2023-06-11   202.27 212.86   202.24 212.83   339.76 350.35   201.70 212.29   207.29 217.87   201.02 211.61
2023-06-12   201.30 211.90   201.27 211.88   338.79 349.39   200.73 211.33   206.32 216.92   200.05 210.65
2023-06-13   200.33 210.94   200.30 210.92   337.81 348.43   199.76 210.37   205.34 215.96   199.08 209.69
2023-06-14   199.35 209.98   199.33 209.95   336.84 347.47   198.78 209.41   204.37 215.00   198.10 208.73
2023-06-15   198.37 209.02   198.35 208.99   335.86 346.50   197.80 208.45   203.39 214.03   197.12 207.77
2023-06-16   197.39 208.05   197.37 208.02   334.88 345.54   196.82 207.48   202.41 213.06   196.14 206.80
2023-06-17   196.41 207.08   196.38 207.05   333.90 344.57   195.84 206.51   201.43 212.09   195.16 205.83
2023-06-18   195.42 206.11   195.40 206.08   332.91 343.59   194.85 205.54   200.44 211.12   194.17 204.86
2023-06-19   194.44 205.13   194.41 205.11   331.92 342.62   193.87 204.56   199.45 210.15   193.19 203.88
2023-06-20   193.45 204.16   193.42 204.13   330.93 341.64   192.88 203.59   198.46 209.17   192.20 202.90
2023-06-21   192.45 203.18   192.43 203.15   329.94 340.66   191.88 202.61   197.47 208.19   191.20 201.93
2023-06-22   191.46 202.19   191.43 202.17   328.95 339.68   190.89 201.62   196.47 207.21   190.21 200.94
2023-06-23   190.46 201.21   190.43 201.18   327.95 338.70   189.89 200.64   195.48 206.22   189.21 199.96
2023-06-24   189.46 200.22   189.43 200.20   326.95 337.71   188.89 199.65   194.48 205.24   188.21 198.97
2023-06-25   188.46 199.23   188.43 199.21   325.95 336.72   187.89 198.66   193.47 204.25   187.21 197.98
2023-06-26   187.45 198.24   187.43 198.21   324.94 335.73   186.88 197.67   192.47 203.26   186.20 196.99
2023-06-27   186.45 197.25   186.42 197.22   323.94 334.73   185.88 196.68   191.46 202.26   185.20 196.00
2023-06-28   185.44 196.25   185.41 196.22   322.93 333.74   184.87 195.68   190.45 201.26   184.19 195.00
2023-06-29   184.43 195.25   184.40 195.22   321.92 332.74   183.86 194.68   189.44 200.27   183.18 194.00
2023-06-30   183.42 194.25   183.39 194.22   320.90 331.74   182.85 193.68   188.43 199.26   182.17 193.00
2023-07-01   182.40 193.25   182.38 193.22   319.89 330.73   181.83 192.68   187.42 198.26   181.15 191.99
2023-07-02   181.39 192.24   181.36 192.21   318.87 329.73   180.82 191.67   186.40 197.25   180.13 190.99
2023-07-03   180.37 191.23   180.34 191.21   317.85 328.72   179.80 190.66   185.38 196.25   179.12 189.98
2023-07-04   179.35 190.22   179.32 190.20   316.83 327.71   178.78 189.65   184.36 195.24   178.10 188.97
2023-07-05   178.33 189.21   178.30 189.18   315.81 326.70   177.76 188.64   183.34 194.23   177.08 187.96
2023-07-06   177.30 188.20   177.28 188.17   314.79 325.68   176.73 187.63   182.32 193.21   176.05 186.95
2023-07-07   176.28 187.18   176.25 187.15   313.77 324.67   175.71 186.61   181.29 192.20   175.03 185.93
2023-07-08   175.25 186.16   175.23 186.14   312.74 323.65   174.68 185.59   180.27 191.18   174.00 184.91
2023-07-09   174.23 185.15   174.20 185.12   311.71 322.63   173.66 184.58   179.24 190.16   172.97 183.89
2023-07-10   173.20 184.12   173.17 184.10   310.68 321.61   172.63 183.55   178.21 189.14   171.95 182.87
2023-07-11   172.17 183.10   172.14 183.08   309.65 320.59   171.60 182.53   177.18 188.12   170.92 181.85
2023-07-12   171.14 182.08   171.11 182.05   308.62 319.57   170.57 181.51   176.15 187.09   169.89 180.83
2023-07-13   170.10 181.05   170.08 181.03   307.59 318.54   169.53 180.48   175.12 186.07   168.85 179.80
2023-07-14   169.07 180.03   169.05 180.00   306.56 317.51   168.50 179.46   174.09 185.04   167.82 178.78
2023-07-15   168.04 179.00   168.01 178.97   305.53 316.49   167.47 178.43   173.05 184.01   166.79 177.75
2023-07-16   167.01 177.97   166.98 177.94   304.49 315.46   166.44 177.40   172.02 182.99   165.75 176.72
2023-07-17   165.97 176.94   165.94 176.91   303.46 314.43   165.40 176.37   170.99 181.96   164.72 175.69
2023-07-18   164.94 175.91   164.91 175.88   302.42 313.40   164.37 175.34   169.95 180.93   163.68 174.66
2023-07-19   163.90 174.88   163.87 174.85   301.39 312.37   163.33 174.31   168.92 179.89   162.65 173.63
2023-07-20   162.86 173.85   162.84 173.82   300.35 311.33   162.29 173.28   167.88 178.86   161.61 172.60
2023-07-21   161.83 172.81   161.80 172.79   299.32 310.30   161.26 172.24   166.84 177.83   160.58 171.56
2023-07-22   160.79 171.78   160.77 171.75   298.28 309.27   160.22 171.21   165.81 176.79   159.54 170.53
2023-07-23   159.76 170.75   159.73 170.72   297.24 308.23   159.19 170.18   164.77 175.76   158.51 169.49
2023-07-24   158.72 169.71   158.69 169.68   296.21 307.20   158.15 169.14   163.74 174.73   157.47 168.46
2023-07-25   157.68 168.68   157.66 168.65   295.17 306.16   157.11 168.11   162.70 173.69   156.43 167.42
2023-07-26   156.65 167.64   156.62 167.61   294.14 305.13   156.08 167.07   161.66 172.66   155.40 166.39
2023-07-27   155.61 166.60   155.59 166.58   293.10 304.09   155.04 166.03   160.63 171.62   154.36 165.35
2023-07-28   154.58 165.57   154.55 165.54   292.07 303.06   154.01 165.00   159.59 170.58   153.33 164.32
2023-07-29   153.54 164.53   153.52 164.51   291.03 302.02   152.97 163.96   158.56 169.55   152.29 163.28
2023-07-30   152.51 163.50   152.48 163.47   290.00 300.99   151.94 162.93   157.53 168.51   151.26 162.25
2023-07-31   151.48 162.46   151.45 162.44   288.96 299.95   150.91 161.89   156.49 167.48   150.23 161.21
2023-08-01   150.44 161.43   150.42 161.40   287.93 298.92   149.87 160.86   155.46 166.44   149.19 160.18
2023-08-02   149.41 160.39   149.39 160.37   286.90 297.88   148.84 159.82   154.43 165.41   148.16 159.14
2023-08-03   148.38 159.36   148.36 159.33   285.87 296.85   147.81 158.79   153.40 164.37   147.13 158.11
2023-08-04   147.35 158.33   147.33 158.30   284.84 295.81   146.78 157.76   152.37 163.34   146.10 157.08
2023-08-05   146.33 157.29   146.30 157.27   283.81 294.78   145.76 156.72   151.34 162.31   145.07 156.04
2023-08-06   145.30 156.26   145.27 156.23   282.79 293.75   144.73 155.69   150.31 161.28   144.05 155.01
2023-08-07   144.27 155.23   144.25 155.20   281.76 292.72   143.70 154.66   149.29 160.24   143.02 153.98
2023-08-08   143.25 154.20   143.22 154.17   280.74 291.69   142.68 153.63   148.26 159.21   142.00 152.95
2023-08-09   142.22 153.17   142.20 153.14   279.71 290.66   141.65 152.60   147.24 158.18   140.97 151.92
2023-08-10   141.20 152.14   141.18 152.11   278.69 289.63   140.63 151.57   146.22 157.16   139.95 150.89
2023-08-11   140.18 151.11   140.16 151.09   277.67 288.60   139.61 150.54   145.20 156.13   138.93 149.86
2023-08-12   139.16 150.09   139.14 150.06   276.65 287.57   138.59 149.52   144.18 155.10   137.91 148.84
2023-08-13   138.15 149.06   138.12 149.04   275.63 286.55   137.58 148.49   143.16 154.08   136.90 147.81
2023-08-14   137.13 148.04   137.11 148.01   274.62 285.53   136.56 147.47   142.15 153.05   135.88 146.79
2023-08-15   136.12 147.02   136.09 146.99   273.61 284.50   135.55 146.45   141.13 152.03   134.87 145.77
2023-08-16   135.11 146.00   135.08 145.97   272.59 283.48   134.54 145.43   140.12 151.01   133.86 144.74
2023-08-17   134.10 144.98   134.07 144.95   271.58 282.46   133.53 144.41   139.11 149.99   132.85 143.73
2023-08-18   133.09 143.96   133.06 143.93   270.58 281.45   132.52 143.39   138.10 148.97   131.84 142.71
2023-08-19   132.08 142.94   132.06 142.92   269.57 280.43   131.51 142.37   137.10 147.96   130.83 141.69
2023-08-20   131.08 141.93   131.05 141.90   268.57 279.42   130.51 141.36   136.09 146.94   129.83 140.68
2023-08-21   130.08 140.92   130.05 140.89   267.56 278.40   129.51 140.35   135.09 145.93   128.83 139.66
2023-08-22   129.08 139.90   129.05 139.88   266.56 277.39   128.51 139.33   134.09 144.92   127.83 138.65
2023-08-23   128.08 138.89   128.05 138.87   265.57 276.38   127.51 138.32   133.09 143.91   126.83 137.64
2023-08-24   127.08 137.89   127.06 137.86   264.57 275.37   126.51 137.32   132.10 142.90   125.83 136.64
2023-08-25   126.09 136.88   126.06 136.86   263.58 274.37   125.52 136.31   131.10 141.90   124.84 135.63
2023-08-26   125.10 135.88   125.07 135.85   262.58 273.37   124.53 135.31   130.11 140.89   123.85 134.63
2023-08-27   124.11 134.88   124.08 134.85   261.60 272.36   123.54 134.31   129.12 139.89   122.86 133.63
2023-08-28   123.12 133.88   123.09 133.85   260.61 271.36   122.55 133.31   128.14 138.89   121.87 132.63
2023-08-29   122.14 132.88   122.11 132.85   259.62 270.37   121.57 132.31   127.15 137.90   120.88 131.63
2023-08-30   121.15 131.88   121.13 131.86   258.64 269.37   120.58 131.31   126.17 136.90   119.90 130.63
2023-08-31   120.17 130.89   120.15 130.86   257.66 268.38   119.60 130.32   125.19 135.91   118.92 129.64
2023-09-01   119.19 129.90   119.17 129.87   256.68 267.39   118.62 129.33   124.21 134.92   117.94 128.65
2023-09-02   118.22 128.91   118.19 128.88   255.70 266.40   117.65 128.34   123.23 133.93   116.97 127.66
2023-09-03   117.24 127.92   117.22 127.90   254.73 265.41   116.67 127.35   122.26 132.94   115.99 126.67
2023-09-04   116.27 126.94   116.25 126.91   253.76 264.43   115.70 126.37   121.29 131.95   115.02 125.69
2023-09-05   115.30 125.96   115.28 125.93   252.79 263.44   114.73 125.39   120.32 130.97   114.05 124.70
2023-09-06   114.33 124.97   114.31 124.95   251.82 262.46   113.76 124.40   119.35 129.99   113.08 123.72
2023-09-07   113.37 124.00   113.34 123.97   250.86 261.48   112.80 123.43   118.38 129.01   112.12 122.75
2023-09-08   112.41 123.02   112.38 122.99   249.89 260.51   111.84 122.45   117.42 128.03   111.16 121.77
2023-09-09   111.45 122.05   111.42 122.02   248.93 259.53   110.88 121.48   116.46 127.06   110.19 120.79
2023-09-10   110.49 121.07   110.46 121.05   247.97 258.56   109.92 120.50   115.50 126.09   109.24 119.82
2023-09-11   109.53 120.10   109.50 120.08   247.02 257.59   108.96 119.53   114.54 125.12   108.28 118.85
2023-09-12   108.57 119.13   108.55 119.11   246.06 256.62   108.00 118.56   113.59 124.15   107.32 117.88
2023-09-13   107.62 118.17   107.59 118.14   245.11 255.66   107.05 117.60   112.64 123.18   106.37 116.92
2023-09-14   106.67 117.20   106.64 117.18   244.16 254.69   106.10 116.63   111.69 122.22   105.42 115.95
2023-09-15   105.72 116.24   105.70 116.22   243.21 253.73   105.15 115.67   110.74 121.26   104.47 114.99
2023-09-16   104.77 115.28   104.75 115.26   242.26 252.77   104.20 114.71   109.79 120.30   103.52 114.03
2023-09-17   103.83 114.33   103.80 114.30   241.32 251.81   103.26 113.76   108.84 119.34   102.58 113.07
2023-09-18   102.89 113.37   102.86 113.34   240.37 250.86   102.32 112.80   107.90 118.38   101.64 112.12
2023-09-19   101.94 112.42   101.92 112.39   239.43 249.90   101.37 111.85   106.96 117.43   100.69 111.16
2023-09-20   101.00 111.46   100.98 111.44   238.49 248.95   100.43 110.89   106.02 116.48    99.75 110.21
2023-09-21   100.07 110.51   100.04 110.49   237.55 248.00    99.50 109.94   105.08 115.53    98.82 109.26
2023-09-22    99.13 109.56    99.10 109.54   236.62 247.05    98.56 108.99   104.15 114.58    97.88 108.31
2023-09-23    98.20 108.62    98.17 108.59   235.68 246.10    97.63 108.05   103.21 113.63    96.94 107.37
2023-09-24    97.26 107.67    97.24 107.65   234.75 245.16    96.69 107.10   102.28 112.69    96.01 106.42
2023-09-25    96.33 106.73    96.30 106.70   233.82 244.22    95.76 106.16   101.34 111.74    95.08 105.48
2023-09-26    95.40 105.79    95.37 105.76   232.89 243.27    94.83 105.22   100.41 110.80    94.15 104.54
2023-09-27    94.47 104.85    94.44 104.82   231.96 242.33    93.90 104.28    99.49 109.86    93.22 103.60
2023-09-28    93.54 103.91    93.52 103.88   231.03 241.40    92.97 103.34    98.56 108.92    92.29 102.66
2023-09-29    92.62 102.97    92.59 102.95   230.10 240.46    92.05 102.40    97.63 107.99    91.36 101.72
2023-09-30    91.69 102.04    91.66 102.01   229.18 239.52    91.12 101.47    96.71 107.05    90.44 100.79
2023-10-01    90.77 101.10    90.74 101.08   228.25 238.59    90.20 100.53    95.78 106.12    89.51  99.85
2023-10-02    89.84 100.17    89.82 100.14   227.33 237.66    89.27  99.60    94.86 105.18    88.59  98.92
2023-10-03    88.92  99.24    88.89  99.21   226.41 236.72    88.35  98.67    93.94 104.25    87.67  97.99
2023-10-04    88.00  98.31    87.97  98.28   225.49 235.79    87.43  97.74    93.01 103.32    86.75  97.06
2023-10-05    87.08  97.38    87.05  97.35   224.57 234.87    86.51  96.81    92.09 102.39    85.83  96.13
2023-10-06    86.16  96.45    86.13  96.42   223.65 233.94    85.59  95.88    91.17 101.46    84.91  95.20
2023-10-07    85.24  95.52    85.21  95.50   222.73 233.01    84.67  94.95    90.25 100.54    83.99  94.27
2023-10-08    84.32  94.60    84.29  94.57   221.81 232.08    83.75  94.03    89.34  99.61    83.07  93.35
2023-10-09    83.40  93.67    83.38  93.64   220.89 231.16    82.83  93.10    88.42  98.69    82.15  92.42
2023-10-10    82.49  92.75    82.46  92.72   219.97 230.23    81.92  92.18    87.50  97.76    81.23  91.50
2023-10-11    81.57  91.82    81.54  91.80   219.06 229.31    81.00  91.25    86.58  96.84    80.32  90.57
2023-10-12    80.65  90.90    80.62  90.87   218.14 228.39    80.08  90.33    85.67  95.91    79.40  89.65
2023-10-13    79.73  89.98    79.71  89.95   217.22 227.46    79.16  89.41    84.75  94.99    78.48  88.73
2023-10-14    78.82  89.06    78.79  89.03   216.31 226.54    78.25  88.49    83.83  94.07    77.57  87.80
2023-10-15    77.90  88.13    77.88  88.11   215.39 225.62    77.33  87.56    82.92  93.15    76.65  86.88
2023-10-16    76.99  87.21    76.96  87.19   214.47 224.70    76.42  86.64    82.00  92.23    75.74  85.96
2023-10-17    76.07  86.29    76.04  86.27   213.56 223.78    75.50  85.72    81.08  91.31    74.82  85.04
2023-10-18    75.15  85.37    75.13  85.35   212.64 222.86    74.58  84.80    80.17  90.39    73.90  84.12
2023-10-19    74.24  84.45    74.21  84.42   211.72 221.94    73.67  83.88    79.25  89.47    72.99  83.20
2023-10-20    73.32  83.53    73.29  83.50   210.81 221.02    72.75  82.96    78.33  88.55    72.07  82.28
2023-10-21    72.40  82.61    72.38  82.58   209.89 220.10    71.83  82.04    77.42  87.63    71.15  81.36
2023-10-22    71.48  81.69    71.46  81.66   208.97 219.18    70.91  81.12    76.50  86.71    70.23  80.44
2023-10-23    70.57  80.77    70.54  80.74   208.05 218.26    70.00  80.20    75.58  85.79    69.32  79.52
2023-10-24    69.65  79.85    69.62  79.82   207.14 217.34    69.08  79.28    74.66  84.87    68.40  78.60
2023-10-25    68.73  78.93    68.70  78.90   206.22 216.42    68.16  78.36    73.74  83.94    67.48  77.68
2023-10-26    67.81  78.01    67.78  77.98   205.30 215.50    67.24  77.44    72.82  83.02    66.56  76.76
2023-10-27    66.89  77.09    66.86  77.06   204.37 214.57    66.32  76.52    71.90  82.10    65.64  75.84
2023-10-28    65.96  76.16    65.94  76.14   203.45 213.65    65.39  75.59    70.98  81.18    64.71  74.91
2023-10-29    65.04  75.24    65.01  75.22   202.53 212.73    64.47  74.67    70.06  80.26    63.79  73.99
2023-10-30    64.12  74.32    64.09  74.29   201.60 211.81    63.55  73.75    69.13  79.33    62.87  73.07
2023-10-31    63.19  73.39    63.17  73.37   200.68 210.88    62.62  72.82    68.21  78.41    61.94  72.14
2023-11-01    62.27  72.47    62.24  72.44   199.75 209.96    61.70  71.90    67.28  77.49    61.01  71.22
2023-11-02    61.34  71.54    61.31  71.52   198.83 209.03    60.77  70.97    66.35  76.56    60.09  70.29
2023-11-03    60.41  70.62    60.38  70.59   197.90 208.10    59.84  70.05    65.42  75.63    59.16  69.37
2023-11-04    59.65  69.51    59.63  69.49   197.14 207.00    59.08  68.94    64.67  74.53    58.40  68.26
2023-11-05    58.95  68.35    58.93  68.33   196.44 205.84    58.38  67.78    63.97  73.37    57.70  67.10
2023-11-06    58.25  67.19    58.22  67.17   195.74 204.68    57.68  66.62    63.26  72.21    57.00  65.94
2023-11-07    57.54  66.03    57.51  66.01   195.03 203.52    56.97  65.46    62.56  71.05    56.29  64.78
2023-11-08    56.83  64.87    56.81  64.85   194.32 202.36    56.26  64.30    61.85  69.89    55.58  63.62
2023-11-09    56.12  63.71    56.10  63.68   193.61 201.20    55.55  63.14    61.14  68.72    54.87  62.46
2023-11-10    55.41  62.55    55.38  62.52   192.90 200.03    54.84  61.98    60.42  67.56    54.16  61.29
