
       Target
                ecliptic
RA      Dec     latitude
288.610  49.969  70.906

Checked interval [2020-01-01, 2023-12-31]
|           Window [days]                 |    Normal V3 PA [deg]    |
   Start           End         Duration         Start         End         RA            Dec     
 2020-04-12      2020-11-17       219.00     261.99178      51.45582     288.61048      49.96855 
 2021-04-13      2021-11-17       218.00     261.34890      51.71157     288.61048      49.96855 
 2022-04-13      2022-11-17       218.00     261.62996      51.95877     288.61048      49.96855 
 2023-04-13      2023-11-18       219.00     261.91543      51.23440     288.61048      49.96855 


                V3PA          NIRCam           NIRSpec         NIRISS           MIRI          FGS
   Date      min    max      min    max       min    max     min    max      min    max      min    max

2020-04-13   258.46 265.34   258.43 265.31    35.95  42.83   257.89 264.77   263.48 270.35   257.21 264.09
2020-04-14   257.34 264.61   257.32 264.58    34.83  42.09   256.77 264.04   262.36 269.62   256.09 263.36
2020-04-15   256.23 263.88   256.20 263.85    33.72  41.36   255.66 263.31   261.24 268.89   254.98 262.63
2020-04-16   255.11 263.15   255.09 263.12    32.60  40.64   254.54 262.58   260.13 268.17   253.86 261.90
2020-04-17   254.00 262.42   253.97 262.40    31.49  39.91   253.43 261.85   259.01 267.44   252.75 261.17
2020-04-18   252.89 261.70   252.86 261.67    30.37  39.19   252.32 261.13   257.90 266.72   251.63 260.45
2020-04-19   251.77 260.98   251.75 260.95    29.26  38.47   251.20 260.41   256.79 265.99   250.52 259.73
2020-04-20   250.66 260.26   250.63 260.23    28.15  37.75   250.09 259.69   255.67 265.27   249.41 259.01
2020-04-21   249.55 259.54   249.52 259.51    27.03  37.03   248.98 258.97   254.56 264.56   248.30 258.29
2020-04-22   248.53 258.73   248.50 258.71    26.01  36.22   247.96 258.16   253.54 263.75   247.27 257.48
2020-04-23   247.61 257.82   247.59 257.79    25.10  35.31   247.04 257.25   252.63 262.83   246.36 256.57
2020-04-24   246.70 256.91   246.67 256.88    24.19  34.39   246.13 256.34   251.72 261.92   245.45 255.65
2020-04-25   245.79 255.99   245.76 255.97    23.28  33.48   245.22 255.42   250.80 261.01   244.54 254.74
2020-04-26   244.88 255.08   244.85 255.05    22.37  32.57   244.31 254.51   249.89 260.10   243.63 253.83
2020-04-27   243.97 254.17   243.94 254.14    21.46  31.66   243.40 253.60   248.98 259.18   242.72 252.92
2020-04-28   243.06 253.26   243.03 253.23    20.55  30.75   242.49 252.69   248.07 258.27   241.81 252.01
2020-04-29   242.15 252.35   242.12 252.32    19.64  29.84   241.58 251.78   247.16 257.36   240.90 251.10
2020-04-30   241.24 251.44   241.21 251.41    18.73  28.93   240.67 250.87   246.25 256.45   239.99 250.19
2020-05-01   240.33 250.53   240.30 250.50    17.82  28.02   239.76 249.96   245.34 255.54   239.08 249.28
2020-05-02   239.42 249.62   239.39 249.59    16.91  27.11   238.85 249.05   244.44 254.64   238.17 248.37
2020-05-03   238.51 248.71   238.48 248.69    16.00  26.20   237.94 248.14   243.53 253.73   237.26 247.46
2020-05-04   237.60 247.80   237.58 247.78    15.09  25.29   237.03 247.23   242.62 252.82   236.35 246.55
2020-05-05   236.69 246.90   236.67 246.87    14.18  24.38   236.12 246.33   241.71 251.91   235.44 245.65
2020-05-06   235.78 245.99   235.76 245.96    13.27  23.48   235.21 245.42   240.80 251.00   234.53 244.74
2020-05-07   234.87 245.08   234.85 245.06    12.36  22.57   234.30 244.51   239.89 250.10   233.62 243.83
2020-05-08   233.96 244.17   233.94 244.15    11.45  21.66   233.39 243.60   238.98 249.19   232.71 242.92
2020-05-09   233.05 243.27   233.03 243.24    10.54  20.75   232.48 242.70   238.07 248.28   231.80 242.02
2020-05-10   232.14 242.36   232.11 242.33     9.63  19.85   231.57 241.79   237.16 247.37   230.89 241.11
2020-05-11   231.23 241.45   231.20 241.42     8.72  18.94   230.66 240.88   236.25 246.47   229.98 240.20
2020-05-12   230.32 240.54   230.29 240.52     7.81  18.03   229.75 239.97   235.33 245.56   229.07 239.29
2020-05-13   229.41 239.63   229.38 239.61     6.89  17.12   228.84 239.06   234.42 244.65   228.15 238.38
2020-05-14   228.49 238.72   228.47 238.70     5.98  16.21   227.92 238.15   233.51 243.74   227.24 237.47
2020-05-15   227.58 237.82   227.55 237.79     5.07  15.30   227.01 237.25   232.59 242.83   226.33 236.56
2020-05-16   226.66 236.91   226.64 236.88     4.15  14.39   226.09 236.34   231.68 241.92   225.41 235.65
2020-05-17   225.75 235.99   225.72 235.97     3.23  13.48   225.18 235.42   230.76 241.01   224.50 234.74
2020-05-18   224.83 235.08   224.80 235.06     2.32  12.57   224.26 234.51   229.85 240.10   223.58 233.83
2020-05-19   223.91 234.17   223.89 234.14     1.40  11.66   223.34 233.60   228.93 239.19   222.66 232.92
2020-05-20   222.99 233.26   222.97 233.23     0.48  10.75   222.42 232.69   228.01 238.27   221.74 232.01
2020-05-21   222.07 232.35   222.05 232.32   359.56   9.83   221.50 231.78   227.09 237.36   220.82 231.09
2020-05-22   221.15 231.43   221.13 231.40   358.64   8.92   220.58 230.86   226.17 236.45   219.90 230.18
2020-05-23   220.23 230.52   220.21 230.49   357.72   8.00   219.66 229.95   225.25 235.53   218.98 229.26
2020-05-24   219.31 229.60   219.28 229.57   356.80   7.09   218.74 229.03   224.32 234.61   218.06 228.35
2020-05-25   218.38 228.68   218.36 228.65   355.87   6.17   217.81 228.11   223.40 233.70   217.13 227.43
2020-05-26   217.46 227.76   217.43 227.74   354.95   5.25   216.89 227.19   222.47 232.78   216.21 226.51
2020-05-27   216.53 226.84   216.50 226.82   354.02   4.33   215.96 226.27   221.55 231.86   215.28 225.59
2020-05-28   215.60 225.92   215.58 225.89   353.09   3.41   215.03 225.35   220.62 230.94   214.35 224.67
2020-05-29   214.67 225.00   214.64 224.97   352.16   2.49   214.10 224.43   219.69 230.01   213.42 223.75
2020-05-30   213.74 224.08   213.71 224.05   351.23   1.56   213.17 223.51   218.75 229.09   212.49 222.82
2020-05-31   212.81 223.15   212.78 223.12   350.29   0.64   212.24 222.58   217.82 228.17   211.56 221.90
2020-06-01   211.87 222.22   211.84 222.20   349.36 359.71   211.30 221.65   216.89 227.24   210.62 220.97
2020-06-02   210.93 221.30   210.91 221.27   348.42 358.78   210.36 220.73   215.95 226.31   209.68 220.04
2020-06-03   210.00 220.37   209.97 220.34   347.48 357.85   209.43 219.80   215.01 225.38   208.74 219.12
2020-06-04   209.06 219.44   209.03 219.41   346.54 356.92   208.49 218.87   214.07 224.45   207.80 218.18
2020-06-05   208.11 218.50   208.09 218.48   345.60 355.99   207.54 217.93   213.13 223.52   206.86 217.25
2020-06-06   207.17 217.57   207.14 217.54   344.66 355.06   206.60 217.00   212.19 222.58   205.92 216.32
2020-06-07   206.22 216.63   206.20 216.61   343.71 354.12   205.65 216.06   211.24 221.65   204.97 215.38
2020-06-08   205.28 215.69   205.25 215.67   342.76 353.18   204.71 215.12   210.29 220.71   204.03 214.44
2020-06-09   204.33 214.75   204.30 214.73   341.82 352.24   203.76 214.18   209.34 219.77   203.08 213.50
2020-06-10   203.38 213.81   203.35 213.79   340.86 351.30   202.81 213.24   208.39 218.83   202.13 212.56
2020-06-11   202.42 212.87   202.40 212.84   339.91 350.36   201.85 212.30   207.44 217.89   201.17 211.62
2020-06-12   201.47 211.92   201.44 211.90   338.96 349.41   200.90 211.35   206.48 216.94   200.22 210.67
2020-06-13   200.51 210.98   200.49 210.95   338.00 348.47   199.94 210.41   205.53 215.99   199.26 209.73
2020-06-14   199.55 210.03   199.53 210.00   337.04 347.52   198.98 209.46   204.57 215.04   198.30 208.78
2020-06-15   198.59 209.08   198.57 209.05   336.08 346.57   198.02 208.51   203.61 214.09   197.34 207.83
2020-06-16   197.63 208.13   197.60 208.10   335.12 345.61   197.06 207.56   202.64 213.14   196.38 206.87
2020-06-17   196.66 207.17   196.64 207.14   334.15 344.66   196.09 206.60   201.68 212.19   195.41 205.92
2020-06-18   195.70 206.21   195.67 206.19   333.18 343.70   195.13 205.64   200.71 211.23   194.45 204.96
2020-06-19   194.73 205.25   194.70 205.23   332.22 342.74   194.16 204.68   199.74 210.27   193.48 204.00
2020-06-20   193.76 204.29   193.73 204.27   331.24 341.78   193.19 203.72   198.77 209.31   192.51 203.04
2020-06-21   192.78 203.33   192.76 203.30   330.27 340.82   192.21 202.76   197.80 208.35   191.53 202.08
2020-06-22   191.81 202.37   191.78 202.34   329.30 339.85   191.24 201.80   196.82 207.38   190.56 201.12
2020-06-23   190.83 201.40   190.81 201.37   328.32 338.89   190.26 200.83   195.85 206.41   189.58 200.15
2020-06-24   189.85 200.43   189.83 200.40   327.34 337.92   189.28 199.86   194.87 205.45   188.60 199.18
2020-06-25   188.87 199.46   188.85 199.43   326.36 336.95   188.30 198.89   193.89 204.47   187.62 198.21
2020-06-26   187.89 198.49   187.86 198.46   325.38 335.97   187.32 197.92   192.90 203.50   186.64 197.23
2020-06-27   186.90 197.51   186.88 197.48   324.39 335.00   186.33 196.94   191.92 202.53   185.65 196.26
2020-06-28   185.92 196.53   185.89 196.51   323.40 334.02   185.35 195.96   190.93 201.55   184.67 195.28
2020-06-29   184.93 195.55   184.90 195.53   322.42 333.04   184.36 194.98   189.94 200.57   183.68 194.30
2020-06-30   183.94 194.57   183.91 194.55   321.42 332.06   183.37 194.00   188.95 199.59   182.69 193.32
2020-07-01   182.94 193.59   182.92 193.56   320.43 331.08   182.37 193.02   187.96 198.60   181.69 192.34
2020-07-02   181.95 192.60   181.92 192.58   319.44 330.09   181.38 192.03   186.97 197.62   180.70 191.35
2020-07-03   180.95 191.62   180.93 191.59   318.44 329.10   180.38 191.05   185.97 196.63   179.70 190.37
2020-07-04   179.96 190.63   179.93 190.60   317.44 328.11   179.39 190.06   184.97 195.64   178.71 189.38
2020-07-05   178.96 189.64   178.93 189.61   316.44 327.12   178.39 189.07   183.97 194.65   177.71 188.39
2020-07-06   177.96 188.64   177.93 188.62   315.44 326.13   177.39 188.07   182.97 193.66   176.70 187.39
2020-07-07   176.95 187.65   176.93 187.62   314.44 325.14   176.38 187.08   181.97 192.66   175.70 186.40
2020-07-08   175.95 186.65   175.92 186.63   313.44 324.14   175.38 186.08   180.96 191.67   174.70 185.40
2020-07-09   174.94 185.65   174.92 185.63   312.43 323.14   174.37 185.08   179.96 190.67   173.69 184.40
2020-07-10   173.94 184.65   173.91 184.63   311.42 322.14   173.37 184.08   178.95 189.67   172.68 183.40
2020-07-11   172.93 183.65   172.90 183.63   310.41 321.14   172.36 183.08   177.94 188.67   171.68 182.40
2020-07-12   171.92 182.65   171.89 182.62   309.40 320.14   171.35 182.08   176.93 187.66   170.67 181.40
2020-07-13   170.90 181.64   170.88 181.62   308.39 319.13   170.33 181.07   175.92 186.66   169.65 180.39
2020-07-14   169.89 180.64   169.87 180.61   307.38 318.12   169.32 180.07   174.91 185.65   168.64 179.39
2020-07-15   168.88 179.63   168.85 179.60   306.37 317.12   168.31 179.06   173.89 184.65   167.63 178.38
2020-07-16   167.86 178.62   167.84 178.59   305.35 316.11   167.29 178.05   172.88 183.64   166.61 177.37
2020-07-17   166.85 177.61   166.82 177.58   304.34 315.10   166.28 177.04   171.86 182.63   165.60 176.36
2020-07-18   165.83 176.60   165.80 176.57   303.32 314.09   165.26 176.03   170.85 181.61   164.58 175.35
2020-07-19   164.81 175.59   164.79 175.56   302.30 313.07   164.24 175.02   169.83 180.60   163.56 174.33
2020-07-20   163.80 174.57   163.77 174.54   301.28 312.06   163.23 174.00   168.81 179.59   162.54 173.32
2020-07-21   162.78 173.56   162.75 173.53   300.26 311.04   162.21 172.99   167.79 178.57   161.53 172.31
2020-07-22   161.76 172.54   161.73 172.51   299.24 310.03   161.19 171.97   166.77 177.56   160.51 171.29
2020-07-23   160.74 171.52   160.71 171.50   298.22 309.01   160.17 170.95   165.75 176.54   159.49 170.27
2020-07-24   159.72 170.51   159.69 170.48   297.20 307.99   159.15 169.94   164.73 175.52   158.46 169.25
2020-07-25   158.69 169.49   158.67 169.46   296.18 306.97   158.12 168.92   163.71 174.50   157.44 168.24
2020-07-26   157.67 168.47   157.65 168.44   295.16 305.96   157.10 167.90   162.69 173.48   156.42 167.22
2020-07-27   156.65 167.45   156.62 167.42   294.14 304.94   156.08 166.88   161.67 172.46   155.40 166.20
2020-07-28   155.63 166.43   155.60 166.40   293.12 303.91   155.06 165.86   160.64 171.44   154.38 165.18
2020-07-29   154.61 165.41   154.58 165.38   292.09 302.89   154.04 164.84   159.62 170.42   153.36 164.16
2020-07-30   153.59 164.39   153.56 164.36   291.07 301.87   153.02 163.82   158.60 169.40   152.33 163.13
2020-07-31   152.56 163.36   152.54 163.34   290.05 300.85   151.99 162.79   157.58 168.38   151.31 162.11
2020-08-01   151.54 162.34   151.52 162.32   289.03 299.83   150.97 161.77   156.56 167.36   150.29 161.09
2020-08-02   150.52 161.32   150.49 161.29   288.01 298.81   149.95 160.75   155.54 166.34   149.27 160.07
2020-08-03   149.50 160.30   149.47 160.27   286.99 297.79   148.93 159.73   154.51 165.31   148.25 159.05
2020-08-04   148.48 159.28   148.45 159.25   285.97 296.76   147.91 158.71   153.49 164.29   147.23 158.02
2020-08-05   147.46 158.25   147.43 158.23   284.95 295.74   146.89 157.68   152.47 163.27   146.21 157.00
2020-08-06   146.44 157.23   146.41 157.21   283.93 294.72   145.87 156.66   151.45 162.25   145.19 155.98
2020-08-07   145.42 156.21   145.39 156.18   282.91 293.70   144.85 155.64   150.43 161.23   144.17 154.96
2020-08-08   144.40 155.19   144.37 155.16   281.89 292.68   143.83 154.62   149.41 160.20   143.15 153.94
2020-08-09   143.38 154.17   143.36 154.14   280.87 291.66   142.81 153.60   148.40 159.18   142.13 152.92
2020-08-10   142.36 153.15   142.34 153.12   279.85 290.63   141.79 152.58   147.38 158.16   141.11 151.90
2020-08-11   141.35 152.13   141.32 152.10   278.84 289.61   140.78 151.56   146.36 157.14   140.10 150.88
2020-08-12   140.33 151.11   140.31 151.08   277.82 288.59   139.76 150.54   145.35 156.12   139.08 149.86
2020-08-13   139.32 150.09   139.29 150.06   276.80 287.58   138.75 149.52   144.33 155.10   138.07 148.84
2020-08-14   138.30 149.07   138.28 149.04   275.79 286.56   137.73 148.50   143.32 154.08   137.05 147.82
2020-08-15   137.29 148.05   137.26 148.03   274.78 285.54   136.72 147.48   142.31 153.07   136.04 146.80
2020-08-16   136.28 147.03   136.25 147.01   273.77 284.52   135.71 146.46   141.29 152.05   135.03 145.78
2020-08-17   135.27 146.02   135.24 145.99   272.76 283.51   134.70 145.45   140.28 151.03   134.02 144.77
2020-08-18   134.26 145.00   134.23 144.98   271.75 282.49   133.69 144.43   139.28 150.02   133.01 143.75
2020-08-19   133.25 143.99   133.23 143.96   270.74 281.48   132.68 143.42   138.27 149.00   132.00 142.74
2020-08-20   132.25 142.98   132.22 142.95   269.73 280.46   131.68 142.41   137.26 147.99   130.99 141.73
2020-08-21   131.24 141.96   131.21 141.94   268.73 279.45   130.67 141.39   136.26 146.98   129.99 140.71
2020-08-22   130.24 140.95   130.21 140.93   267.72 278.44   129.67 140.38   135.25 145.97   128.99 139.70
2020-08-23   129.23 139.94   129.21 139.92   266.72 277.43   128.66 139.37   134.25 144.96   127.98 138.69
2020-08-24   128.23 138.93   128.21 138.91   265.72 276.42   127.66 138.36   133.25 143.95   126.98 137.68
2020-08-25   127.23 137.93   127.21 137.90   264.72 275.41   126.66 137.36   132.25 142.94   125.98 136.68
2020-08-26   126.23 136.92   126.21 136.89   263.72 274.41   125.66 136.35   131.25 141.94   124.98 135.67
2020-08-27   125.24 135.92   125.21 135.89   262.73 273.40   124.67 135.35   130.25 140.93   123.99 134.66
2020-08-28   124.24 134.91   124.22 134.89   261.73 272.40   123.67 134.34   129.26 139.93   122.99 133.66
2020-08-29   123.25 133.91   123.22 133.88   260.74 271.40   122.68 133.34   128.26 138.93   122.00 132.66
2020-08-30   122.26 132.91   122.23 132.88   259.74 270.40   121.69 132.34   127.27 137.92   121.01 131.66
2020-08-31   121.27 131.91   121.24 131.88   258.75 269.40   120.70 131.34   126.28 136.93   120.02 130.66
2020-09-01   120.28 130.91   120.25 130.89   257.77 268.40   119.71 130.34   125.29 135.93   119.03 129.66
2020-09-02   119.29 129.92   119.26 129.89   256.78 267.40   118.72 129.35   124.31 134.93   118.04 128.66
2020-09-03   118.31 128.92   118.28 128.89   255.79 266.41   117.74 128.35   123.32 133.94   117.06 127.67
2020-09-04   117.32 127.93   117.30 127.90   254.81 265.41   116.75 127.36   122.34 132.94   116.07 126.68
2020-09-05   116.34 126.94   116.31 126.91   253.83 264.42   115.77 126.37   121.36 131.95   115.09 125.68
2020-09-06   115.36 125.95   115.33 125.92   252.85 263.43   114.79 125.38   120.38 130.96   114.11 124.69
2020-09-07   114.38 124.96   114.35 124.93   251.87 262.44   113.81 124.39   119.40 129.97   113.13 123.71
2020-09-08   113.40 123.97   113.38 123.94   250.89 261.46   112.83 123.40   118.42 128.99   112.15 122.72
2020-09-09   112.43 122.98   112.40 122.96   249.92 260.47   111.86 122.41   117.44 128.00   111.18 121.73
2020-09-10   111.46 122.00   111.43 121.97   248.94 259.49   110.89 121.43   116.47 127.02   110.20 120.75
2020-09-11   110.48 121.02   110.46 120.99   247.97 258.51   109.91 120.45   115.50 126.03   109.23 119.77
2020-09-12   109.51 120.04   109.49 120.01   247.00 257.53   108.94 119.47   114.53 125.05   108.26 118.79
2020-09-13   108.54 119.06   108.52 119.03   246.03 256.55   107.97 118.49   113.56 124.07   107.29 117.81
2020-09-14   107.58 118.08   107.55 118.06   245.06 255.57   107.01 117.51   112.59 123.10   106.33 116.83
2020-09-15   106.61 117.11   106.59 117.08   244.10 254.59   106.04 116.54   111.63 122.12   105.36 115.86
2020-09-16   105.65 116.13   105.62 116.11   243.14 253.62   105.08 115.56   110.66 121.15   104.40 114.88
2020-09-17   104.69 115.16   104.66 115.13   242.17 252.65   104.12 114.59   109.70 120.18   103.43 113.91
2020-09-18   103.72 114.19   103.70 114.16   241.21 251.68   103.15 113.62   108.74 119.20   102.47 112.94
2020-09-19   102.77 113.22   102.74 113.19   240.25 250.71   102.20 112.65   107.78 118.24   101.51 111.97
2020-09-20   101.81 112.25   101.78 112.23   239.30 249.74   101.24 111.68   106.82 117.27   100.56 111.00
2020-09-21   100.85 111.29   100.83 111.26   238.34 248.77   100.28 110.72   105.87 116.30    99.60 110.04
2020-09-22    99.90 110.32    99.87 110.30   237.38 247.81    99.33 109.75   104.91 115.34    98.65 109.07
2020-09-23    98.94 109.36    98.92 109.33   236.43 246.85    98.37 108.79   103.96 114.37    97.69 108.11
2020-09-24    97.99 108.40    97.97 108.37   235.48 245.88    97.42 107.83   103.01 113.41    96.74 107.15
2020-09-25    97.04 107.44    97.01 107.41   234.53 244.92    96.47 106.87   102.06 112.45    95.79 106.19
2020-09-26    96.09 106.48    96.07 106.45   233.58 243.97    95.52 105.91   101.11 111.49    94.84 105.23
2020-09-27    95.14 105.52    95.12 105.49   232.63 243.01    94.57 104.95   100.16 110.54    93.89 104.27
2020-09-28    94.20 104.57    94.17 104.54   231.68 242.05    93.63 104.00    99.21 109.58    92.95 103.31
2020-09-29    93.25 103.61    93.22 103.58   230.74 241.10    92.68 103.04    98.27 108.63    92.00 102.36
2020-09-30    92.31 102.66    92.28 102.63   229.79 240.14    91.74 102.09    97.32 107.67    91.06 101.41
2020-10-01    91.36 101.71    91.34 101.68   228.85 239.19    90.79 101.14    96.38 106.72    90.11 100.45
2020-10-02    90.42 100.75    90.39 100.73   227.91 238.24    89.85 100.18    95.44 105.77    89.17  99.50
2020-10-03    89.48  99.81    89.45  99.78   226.97 237.29    88.91  99.24    94.49 104.82    88.23  98.55
2020-10-04    88.54  98.86    88.51  98.83   226.03 236.34    87.97  98.29    93.55 103.87    87.29  97.61
2020-10-05    87.60  97.91    87.57  97.88   225.09 235.40    87.03  97.34    92.61 102.92    86.35  96.66
2020-10-06    86.66  96.96    86.63  96.94   224.15 234.45    86.09  96.39    91.68 101.98    85.41  95.71
2020-10-07    85.72  96.02    85.70  95.99   223.21 233.51    85.15  95.45    90.74 101.03    84.47  94.77
2020-10-08    84.78  95.07    84.76  95.05   222.27 232.56    84.21  94.50    89.80 100.09    83.53  93.82
2020-10-09    83.85  94.13    83.82  94.10   221.34 231.62    83.28  93.56    88.86  99.15    82.60  92.88
2020-10-10    82.91  93.19    82.89  93.16   220.40 230.67    82.34  92.62    87.93  98.20    81.66  91.94
2020-10-11    81.98  92.25    81.95  92.22   219.46 229.73    81.41  91.68    86.99  97.26    80.73  90.99
2020-10-12    81.04  91.30    81.02  91.28   218.53 228.79    80.47  90.73    86.06  96.32    79.79  90.05
2020-10-13    80.11  90.36    80.08  90.34   217.60 227.85    79.54  89.79    85.12  95.38    78.86  89.11
2020-10-14    79.17  89.42    79.15  89.40   216.66 226.91    78.60  88.85    84.19  94.44    77.92  88.17
2020-10-15    78.24  88.49    78.21  88.46   215.73 225.97    77.67  87.92    83.26  93.50    76.99  87.23
2020-10-16    77.31  87.55    77.28  87.52   214.79 225.03    76.74  86.98    82.32  92.56    76.06  86.30
2020-10-17    76.37  86.61    76.35  86.58   213.86 224.10    75.80  86.04    81.39  91.62    75.12  85.36
2020-10-18    75.44  85.67    75.41  85.65   212.93 223.16    74.87  85.10    80.46  90.69    74.19  84.42
2020-10-19    74.51  84.73    74.48  84.71   212.00 222.22    73.94  84.16    79.52  89.75    73.26  83.48
2020-10-20    73.57  83.80    73.55  83.77   211.06 221.29    73.00  83.23    78.59  88.81    72.32  82.55
2020-10-21    72.64  82.86    72.62  82.83   210.13 220.35    72.07  82.29    77.66  87.88    71.39  81.61
2020-10-22    71.71  81.92    71.68  81.90   209.20 219.41    71.14  81.35    76.72  86.94    70.46  80.67
2020-10-23    70.78  80.99    70.75  80.96   208.26 218.48    70.21  80.42    75.79  86.00    69.52  79.74
2020-10-24    69.84  80.05    69.82  80.03   207.33 217.54    69.27  79.48    74.86  85.07    68.59  78.80
2020-10-25    68.91  79.12    68.88  79.09   206.40 216.60    68.34  78.55    73.92  84.13    67.66  77.87
2020-10-26    67.97  78.18    67.95  78.15   205.46 215.67    67.40  77.61    72.99  83.19    66.72  76.93
2020-10-27    67.04  77.24    67.01  77.22   204.53 214.73    66.47  76.67    72.05  82.26    65.79  75.99
2020-10-28    66.10  76.31    66.08  76.28   203.59 213.79    65.53  75.74    71.12  81.32    64.85  75.06
2020-10-29    65.17  75.37    65.14  75.34   202.66 212.86    64.60  74.80    70.18  80.39    63.92  74.12
2020-10-30    64.23  74.43    64.21  74.41   201.72 211.92    63.66  73.86    69.25  79.45    62.98  73.18
2020-10-31    63.30  73.50    63.27  73.47   200.78 210.98    62.73  72.93    68.31  78.51    62.04  72.24
2020-11-01    62.36  72.56    62.33  72.53   199.84 210.04    61.79  71.99    67.37  77.57    61.11  71.31
2020-11-02    61.42  71.62    61.39  71.59   198.91 209.11    60.85  71.05    66.43  76.63    60.17  70.37
2020-11-03    60.48  70.68    60.45  70.65   197.97 208.17    59.91  70.11    65.49  75.70    59.23  69.43
2020-11-04    59.54  69.74    59.51  69.71   197.03 207.23    58.97  69.17    64.55  74.76    58.29  68.49
2020-11-05    58.60  68.80    58.57  68.77   196.08 206.29    58.03  68.23    63.61  73.82    57.35  67.55
2020-11-06    57.65  67.86    57.63  67.83   195.14 205.35    57.08  67.29    62.67  72.87    56.40  66.61
2020-11-07    56.71  66.92    56.68  66.89   194.20 204.40    56.14  66.35    61.73  71.93    55.46  65.67
2020-11-08    55.77  65.97    55.74  65.95   193.25 203.46    55.20  65.40    60.78  70.99    54.52  64.72
2020-11-09    54.88  64.97    54.85  64.94   192.37 202.46    54.31  64.40    59.90  69.99    53.63  63.72
2020-11-10    54.14  63.82    54.11  63.80   191.62 201.31    53.57  63.25    59.15  68.84    52.88  62.57
2020-11-11    53.39  62.67    53.36  62.65   190.88 200.16    52.82  62.10    58.40  67.69    52.14  61.42
2020-11-12    52.64  61.53    52.61  61.50   190.13 199.01    52.07  60.96    57.66  66.54    51.39  60.27
2020-11-13    51.89  60.38    51.86  60.35   189.38 197.86    51.32  59.81    56.90  65.39    50.64  59.13
2020-11-14    51.14  59.23    51.11  59.20   188.62 196.71    50.57  58.66    56.15  64.24    49.89  57.97
2020-11-15    50.38  58.07    50.36  58.05   187.87 195.56    49.81  57.50    55.40  63.09    49.13  56.82
2020-11-16    49.63  56.92    49.60  56.90   187.11 194.41    49.06  56.35    54.64  61.94    48.38  55.67
2020-11-17    48.87  55.77    48.84  55.74   186.35 193.26    48.30  55.20    53.88  60.78    47.62  54.52

2021-04-14   257.69 264.83   257.66 264.80    35.17  42.31   257.12 264.26   262.70 269.84   256.44 263.57
2021-04-15   256.57 264.10   256.54 264.07    34.06  41.58   256.00 263.53   261.59 269.11   255.32 262.85
2021-04-16   255.46 263.37   255.43 263.34    32.94  40.86   254.89 262.80   260.47 268.38   254.20 262.12
2021-04-17   254.34 262.64   254.31 262.62    31.83  40.13   253.77 262.07   259.36 267.66   253.09 261.39
2021-04-18   253.23 261.92   253.20 261.89    30.71  39.41   252.66 261.35   258.24 266.94   251.97 260.67
2021-04-19   252.11 261.20   252.09 261.17    29.60  38.69   251.54 260.63   257.13 266.21   250.86 259.95
2021-04-20   251.00 260.48   250.97 260.45    28.49  37.96   250.43 259.91   256.01 265.49   249.75 259.23
2021-04-21   249.89 259.76   249.86 259.73    27.37  37.25   249.32 259.19   254.90 264.77   248.63 258.51
2021-04-22   248.80 259.01   248.78 258.99    26.29  36.50   248.23 258.44   253.82 264.03   247.55 257.76
2021-04-23   247.89 258.10   247.86 258.07    25.38  35.58   247.32 257.53   252.90 263.11   246.64 256.85
2021-04-24   246.98 257.18   246.95 257.16    24.46  34.67   246.41 256.61   251.99 262.20   245.73 255.93
2021-04-25   246.06 256.27   246.04 256.24    23.55  33.76   245.49 255.70   251.08 261.28   244.81 255.02
2021-04-26   245.15 255.36   245.13 255.33    22.64  32.84   244.58 254.79   250.17 260.37   243.90 254.10
2021-04-27   244.24 254.44   244.22 254.42    21.73  31.93   243.67 253.87   249.26 259.46   242.99 253.19
2021-04-28   243.33 253.53   243.31 253.51    20.82  31.02   242.76 252.96   248.35 258.55   242.08 252.28
2021-04-29   242.42 252.62   242.39 252.59    19.91  30.11   241.85 252.05   247.44 257.64   241.17 251.37
2021-04-30   241.51 251.71   241.48 251.68    19.00  29.20   240.94 251.14   246.53 256.73   240.26 250.46
2021-05-01   240.60 250.80   240.57 250.77    18.09  28.29   240.03 250.23   245.62 255.82   239.35 249.55
2021-05-02   239.69 249.89   239.66 249.87    17.18  27.38   239.12 249.32   244.71 254.91   238.44 248.64
2021-05-03   238.78 248.98   238.75 248.96    16.27  26.47   238.21 248.41   243.80 254.00   237.53 247.73
2021-05-04   237.87 248.07   237.84 248.05    15.36  25.56   237.30 247.50   242.89 253.09   236.62 246.82
2021-05-05   236.96 247.17   236.93 247.14    14.45  24.65   236.39 246.60   241.98 252.18   235.71 245.91
2021-05-06   236.05 246.26   236.02 246.23    13.54  23.74   235.48 245.69   241.07 251.27   234.80 245.01
2021-05-07   235.14 245.35   235.11 245.32    12.63  22.84   234.57 244.78   240.16 250.36   233.89 244.10
2021-05-08   234.23 244.44   234.20 244.41    11.72  21.93   233.66 243.87   239.24 249.46   232.98 243.19
2021-05-09   233.32 243.53   233.29 243.50    10.81  21.02   232.75 242.96   238.33 248.55   232.07 242.28
2021-05-10   232.41 242.62   232.38 242.60     9.89  20.11   231.84 242.05   237.42 247.64   231.16 241.37
2021-05-11   231.49 241.71   231.47 241.69     8.98  19.20   230.92 241.14   236.51 246.73   230.24 240.46
2021-05-12   230.58 240.80   230.55 240.78     8.07  18.29   230.01 240.23   235.60 245.82   229.33 239.55
2021-05-13   229.67 239.89   229.64 239.87     7.15  17.38   229.10 239.32   234.68 244.91   228.42 238.64
2021-05-14   228.75 238.98   228.73 238.96     6.24  16.47   228.18 238.41   233.77 244.00   227.50 237.73
2021-05-15   227.84 238.07   227.81 238.05     5.33  15.56   227.27 237.50   232.85 243.09   226.59 236.82
2021-05-16   226.92 237.16   226.90 237.14     4.41  14.65   226.35 236.59   231.94 242.18   225.67 235.91
2021-05-17   226.01 236.25   225.98 236.23     3.49  13.74   225.44 235.68   231.02 241.27   224.76 235.00
2021-05-18   225.09 235.34   225.06 235.31     2.58  12.83   224.52 234.77   230.10 240.35   223.84 234.09
2021-05-19   224.17 234.43   224.14 234.40     1.66  11.91   223.60 233.86   229.18 239.44   222.92 233.18
2021-05-20   223.25 233.51   223.22 233.49     0.74  11.00   222.68 232.94   228.27 238.53   222.00 232.26
2021-05-21   222.33 232.60   222.30 232.57   359.82  10.09   221.76 232.03   227.34 237.61   221.08 231.35
2021-05-22   221.41 231.68   221.38 231.66   358.89   9.17   220.84 231.11   226.42 236.70   220.16 230.43
2021-05-23   220.48 230.77   220.46 230.74   357.97   8.25   219.91 230.20   225.50 235.78   219.23 229.52
2021-05-24   219.56 229.85   219.53 229.82   357.05   7.34   218.99 229.28   224.58 234.86   218.31 228.60
2021-05-25   218.63 228.93   218.61 228.90   356.12   6.42   218.06 228.36   223.65 233.94   217.38 227.68
2021-05-26   217.71 228.01   217.68 227.98   355.19   5.50   217.14 227.44   222.72 233.03   216.46 226.76
2021-05-27   216.78 227.09   216.75 227.06   354.27   4.58   216.21 226.52   221.79 232.10   215.53 225.84
2021-05-28   215.85 226.17   215.82 226.14   353.34   3.65   215.28 225.60   220.86 231.18   214.60 224.92
2021-05-29   214.92 225.24   214.89 225.22   352.40   2.73   214.35 224.67   219.93 230.26   213.67 223.99
2021-05-30   213.98 224.32   213.96 224.29   351.47   1.81   213.41 223.75   219.00 229.33   212.73 223.07
2021-05-31   213.05 223.39   213.02 223.37   350.54   0.88   212.48 222.82   218.06 228.41   211.80 222.14
2021-06-01   212.11 222.46   212.09 222.44   349.60 359.95   211.54 221.89   217.13 227.48   210.86 221.21
2021-06-02   211.18 221.54   211.15 221.51   348.66 359.02   210.61 220.97   216.19 226.55   209.92 220.28
2021-06-03   210.24 220.60   210.21 220.58   347.72 358.09   209.67 220.03   215.25 225.62   208.99 219.35
2021-06-04   209.29 219.67   209.27 219.65   346.78 357.16   208.72 219.10   214.31 224.69   208.04 218.42
2021-06-05   208.35 218.74   208.33 218.71   345.84 356.23   207.78 218.17   213.37 223.75   207.10 217.49
2021-06-06   207.41 217.80   207.38 217.78   344.89 355.29   206.84 217.23   212.42 222.82   206.16 216.55
2021-06-07   206.46 216.87   206.43 216.84   343.95 354.35   205.89 216.30   211.48 221.88   205.21 215.62
2021-06-08   205.51 215.93   205.49 215.90   343.00 353.41   204.94 215.36   210.53 220.94   204.26 214.68
2021-06-09   204.56 214.99   204.53 214.96   342.05 352.47   203.99 214.42   209.58 220.00   203.31 213.74
2021-06-10   203.61 214.04   203.58 214.02   341.10 351.53   203.04 213.47   208.62 219.06   202.36 212.79
2021-06-11   202.65 213.10   202.63 213.07   340.14 350.59   202.08 212.53   207.67 218.11   201.40 211.85
2021-06-12   201.70 212.15   201.67 212.13   339.19 349.64   201.13 211.58   206.71 217.17   200.45 210.90
2021-06-13   200.74 211.21   200.71 211.18   338.23 348.69   200.17 210.64   205.76 216.22   199.49 209.95
2021-06-14   199.78 210.25   199.75 210.23   337.27 347.74   199.21 209.68   204.80 215.27   198.53 209.00
2021-06-15   198.82 209.30   198.79 209.28   336.31 346.79   198.25 208.73   203.83 214.32   197.57 208.05
2021-06-16   197.85 208.35   197.83 208.32   335.34 345.84   197.28 207.78   202.87 213.36   196.60 207.10
2021-06-17   196.89 207.39   196.86 207.37   334.38 344.88   196.32 206.82   201.90 212.41   195.64 206.14
2021-06-18   195.92 206.44   195.89 206.41   333.41 343.92   195.35 205.87   200.94 211.45   194.67 205.18
2021-06-19   194.95 205.48   194.92 205.45   332.44 342.96   194.38 204.91   199.97 210.49   193.70 204.22
2021-06-20   193.98 204.51   193.95 204.49   331.47 342.00   193.41 203.94   198.99 209.53   192.73 203.26
2021-06-21   193.00 203.55   192.98 203.52   330.49 341.04   192.43 202.98   198.02 208.56   191.75 202.30
2021-06-22   192.03 202.58   192.00 202.56   329.51 340.07   191.46 202.01   197.04 207.60   190.78 201.33
2021-06-23   191.05 201.62   191.02 201.59   328.54 339.10   190.48 201.05   196.06 206.63   189.80 200.36
2021-06-24   190.07 200.65   190.04 200.62   327.56 338.13   189.50 200.08   195.08 205.66   188.82 199.39
2021-06-25   189.09 199.67   189.06 199.65   326.57 337.16   188.52 199.10   194.10 204.69   187.84 198.42
2021-06-26   188.10 198.70   188.08 198.67   325.59 336.19   187.53 198.13   193.12 203.71   186.85 197.45
2021-06-27   187.12 197.72   187.09 197.70   324.60 335.21   186.55 197.15   192.13 202.74   185.87 196.47
2021-06-28   186.13 196.74   186.10 196.72   323.62 334.23   185.56 196.17   191.15 201.76   184.88 195.49
2021-06-29   185.14 195.76   185.11 195.74   322.63 333.25   184.57 195.19   190.16 200.78   183.89 194.51
2021-06-30   184.15 194.78   184.12 194.76   321.64 332.27   183.58 194.21   189.16 199.80   182.90 193.53
2021-07-01   183.16 193.80   183.13 193.77   320.64 331.29   182.59 193.23   188.17 198.81   181.90 192.55
2021-07-02   182.16 192.81   182.13 192.79   319.65 330.30   181.59 192.24   187.18 197.83   180.91 191.56
2021-07-03   181.16 191.82   181.14 191.80   318.65 329.31   180.59 191.25   186.18 196.84   179.91 190.57
2021-07-04   180.17 190.84   180.14 190.81   317.65 328.32   179.60 190.27   185.18 195.85   178.91 189.58
2021-07-05   179.17 189.84   179.14 189.82   316.65 327.33   178.60 189.27   184.18 194.86   177.91 188.59
2021-07-06   178.16 188.85   178.14 188.82   315.65 326.34   177.59 188.28   183.18 193.87   176.91 187.60
2021-07-07   177.16 187.85   177.13 187.83   314.65 325.34   176.59 187.28   182.18 192.87   175.91 186.60
2021-07-08   176.16 186.86   176.13 186.83   313.64 324.35   175.59 186.29   181.17 191.87   174.90 185.61
2021-07-09   175.15 185.86   175.12 185.83   312.64 323.35   174.58 185.29   180.16 190.87   173.90 184.61
2021-07-10   174.14 184.86   174.12 184.83   311.63 322.35   173.57 184.29   179.16 189.87   172.89 183.61
2021-07-11   173.13 183.86   173.11 183.83   310.62 321.34   172.56 183.29   178.15 188.87   171.88 182.61
2021-07-12   172.12 182.85   172.10 182.83   309.61 320.34   171.55 182.28   177.14 187.87   170.87 181.60
2021-07-13   171.11 181.85   171.08 181.82   308.60 319.34   170.54 181.28   176.13 186.86   169.86 180.60
2021-07-14   170.10 180.84   170.07 180.82   307.59 318.33   169.53 180.27   175.11 185.86   168.85 179.59
2021-07-15   169.09 179.84   169.06 179.81   306.57 317.32   168.52 179.27   174.10 184.85   167.83 178.58
2021-07-16   168.07 178.83   168.04 178.80   305.56 316.31   167.50 178.26   173.09 183.84   166.82 177.58
2021-07-17   167.06 177.82   167.03 177.79   304.54 315.30   166.49 177.25   172.07 182.83   165.80 176.57
2021-07-18   166.04 176.81   166.01 176.78   303.53 314.29   165.47 176.24   171.05 181.82   164.79 175.55
2021-07-19   165.02 175.79   165.00 175.77   302.51 313.28   164.45 175.22   170.04 180.81   163.77 174.54
2021-07-20   164.00 174.78   163.98 174.75   301.49 312.27   163.43 174.21   169.02 179.80   162.75 173.53
2021-07-21   162.99 173.77   162.96 173.74   300.47 311.25   162.42 173.20   168.00 178.78   161.74 172.51
2021-07-22   161.97 172.75   161.94 172.72   299.45 310.24   161.40 172.18   166.98 177.77   160.72 171.50
2021-07-23   160.95 171.73   160.92 171.71   298.44 309.22   160.38 171.16   165.96 176.75   159.70 170.48
2021-07-24   159.93 170.72   159.90 170.69   297.42 308.20   159.36 170.15   164.94 175.73   158.68 169.47
2021-07-25   158.91 169.70   158.88 169.67   296.40 307.19   158.34 169.13   163.92 174.72   157.66 168.45
2021-07-26   157.89 168.68   157.86 168.66   295.38 306.17   157.32 168.11   162.90 173.70   156.64 167.43
2021-07-27   156.87 167.66   156.84 167.64   294.35 305.15   156.30 167.09   161.88 172.68   155.62 166.41
2021-07-28   155.85 166.64   155.82 166.62   293.33 304.13   155.28 166.07   160.86 171.66   154.60 165.39
2021-07-29   154.83 165.62   154.80 165.60   292.31 303.11   154.26 165.05   159.84 170.64   153.58 164.37
2021-07-30   153.81 164.60   153.78 164.58   291.29 302.09   153.24 164.03   158.82 169.62   152.55 163.35
2021-07-31   152.78 163.58   152.76 163.56   290.27 301.07   152.21 163.01   157.80 168.60   151.53 162.33
2021-08-01   151.76 162.56   151.74 162.54   289.25 300.05   151.19 161.99   156.78 167.58   150.51 161.31
2021-08-02   150.74 161.54   150.72 161.52   288.23 299.03   150.17 160.97   155.76 166.56   149.49 160.29
2021-08-03   149.72 160.52   149.70 160.50   287.21 298.01   149.15 159.95   154.74 165.54   148.47 159.27
2021-08-04   148.70 159.50   148.68 159.48   286.19 296.99   148.13 158.93   153.72 164.52   147.45 158.25
2021-08-05   147.69 158.48   147.66 158.45   285.17 295.97   147.12 157.91   152.70 163.50   146.44 157.23
2021-08-06   146.67 157.46   146.64 157.43   284.15 294.95   146.10 156.89   151.68 162.48   145.42 156.21
2021-08-07   145.65 156.44   145.62 156.41   283.14 293.93   145.08 155.87   150.66 161.46   144.40 155.19
2021-08-08   144.63 155.42   144.61 155.39   282.12 292.91   144.06 154.85   149.65 160.44   143.38 154.17
2021-08-09   143.62 154.40   143.59 154.38   281.10 291.89   143.05 153.83   148.63 159.42   142.37 153.15
2021-08-10   142.60 153.38   142.57 153.36   280.09 290.87   142.03 152.81   147.62 158.40   141.35 152.13
2021-08-11   141.59 152.36   141.56 152.34   279.07 289.85   141.02 151.79   146.60 157.38   140.33 151.11
2021-08-12   140.57 151.35   140.54 151.32   278.06 288.83   140.00 150.78   145.59 156.36   139.32 150.10
2021-08-13   139.56 150.33   139.53 150.30   277.05 287.82   138.99 149.76   144.57 155.34   138.31 149.08
2021-08-14   138.55 149.31   138.52 149.29   276.03 286.80   137.98 148.74   143.56 154.33   137.30 148.06
2021-08-15   137.53 148.30   137.51 148.27   275.02 285.78   136.96 147.73   142.55 153.31   136.28 147.04
2021-08-16   136.52 147.28   136.50 147.25   274.01 284.77   135.95 146.71   141.54 152.30   135.27 146.03
2021-08-17   135.52 146.27   135.49 146.24   273.00 283.75   134.95 145.70   140.53 151.28   134.27 145.02
2021-08-18   134.51 145.25   134.48 145.23   272.00 282.74   133.94 144.68   139.52 150.27   133.26 144.00
2021-08-19   133.50 144.24   133.48 144.21   270.99 281.73   132.93 143.67   138.52 149.25   132.25 142.99
2021-08-20   132.50 143.23   132.47 143.20   269.98 280.72   131.93 142.66   137.51 148.24   131.25 141.98
2021-08-21   131.49 142.22   131.47 142.19   268.98 279.70   130.92 141.65   136.51 147.23   130.24 140.97
2021-08-22   130.49 141.21   130.46 141.18   267.98 278.70   129.92 140.64   135.51 146.22   129.24 139.96
2021-08-23   129.49 140.20   129.46 140.17   266.98 277.69   128.92 139.63   134.50 145.21   128.24 138.95
2021-08-24   128.49 139.19   128.46 139.17   265.98 276.68   127.92 138.62   133.50 144.21   127.24 137.94
2021-08-25   127.49 138.19   127.46 138.16   264.98 275.67   126.92 137.62   132.51 143.20   126.24 136.94
2021-08-26   126.49 137.18   126.47 137.15   263.98 274.67   125.92 136.61   131.51 142.20   125.24 135.93
2021-08-27   125.50 136.18   125.47 136.15   262.99 273.67   124.93 135.61   130.51 141.19   124.25 134.93
2021-08-28   124.51 135.18   124.48 135.15   261.99 272.66   123.94 134.61   129.52 140.19   123.25 133.92
2021-08-29   123.51 134.17   123.49 134.15   261.00 271.66   122.94 133.60   128.53 139.19   122.26 132.92
2021-08-30   122.52 133.18   122.50 133.15   260.01 270.66   121.95 132.61   127.54 138.19   121.27 131.92
2021-08-31   121.53 132.18   121.51 132.15   259.02 269.66   120.96 131.61   126.55 137.19   120.28 130.93
2021-09-01   120.55 131.18   120.52 131.15   258.03 268.67   119.98 130.61   125.56 136.20   119.30 129.93
2021-09-02   119.56 130.19   119.53 130.16   257.05 267.67   118.99 129.62   124.58 135.20   118.31 128.93
2021-09-03   118.58 129.19   118.55 129.17   256.06 266.68   118.01 128.62   123.59 134.21   117.33 127.94
2021-09-04   117.59 128.20   117.57 128.17   255.08 265.69   117.02 127.63   122.61 133.22   116.34 126.95
2021-09-05   116.61 127.21   116.59 127.18   254.10 264.70   116.04 126.64   121.63 132.22   115.36 125.96
2021-09-06   115.63 126.22   115.61 126.19   253.12 263.71   115.06 125.65   120.65 131.24   114.38 124.97
2021-09-07   114.66 125.23   114.63 125.21   252.14 262.72   114.09 124.66   119.67 130.25   113.40 123.98
2021-09-08   113.68 124.25   113.65 124.22   251.17 261.73   113.11 123.68   118.69 129.26   112.43 123.00
2021-09-09   112.71 123.26   112.68 123.24   250.19 260.75   112.14 122.69   117.72 128.28   111.45 122.01
2021-09-10   111.73 122.28   111.71 122.25   249.22 259.77   111.16 121.71   116.75 127.30   110.48 121.03
2021-09-11   110.76 121.30   110.73 121.27   248.25 258.79   110.19 120.73   115.78 126.31   109.51 120.05
2021-09-12   109.79 120.32   109.77 120.29   247.28 257.81   109.22 119.75   114.81 125.33   108.54 119.07
2021-09-13   108.82 119.34   108.80 119.31   246.31 256.83   108.25 118.77   113.84 124.36   107.57 118.09
2021-09-14   107.86 118.36   107.83 118.34   245.34 255.85   107.29 117.79   112.87 123.38   106.61 117.11
2021-09-15   106.89 117.39   106.87 117.36   244.38 254.88   106.32 116.82   111.91 122.41   105.64 116.14
2021-09-16   105.93 116.42   105.90 116.39   243.42 253.90   105.36 115.85   110.94 121.43   104.68 115.17
2021-09-17   104.97 115.45   104.94 115.42   242.46 252.93   104.40 114.88   109.98 120.46   103.72 114.19
2021-09-18   104.01 114.47   103.98 114.45   241.50 251.96   103.44 113.90   109.02 119.49   102.76 113.22
2021-09-19   103.05 113.51   103.02 113.48   240.54 250.99   102.48 112.94   108.06 118.52   101.80 112.26
2021-09-20   102.09 112.54   102.07 112.51   239.58 250.03   101.52 111.97   107.11 117.55   100.84 111.29
2021-09-21   101.14 111.57   101.11 111.55   238.62 249.06   100.57 111.00   106.15 116.59    99.89 110.32
2021-09-22   100.18 110.61   100.16 110.58   237.67 248.10    99.61 110.04   105.20 115.62    98.93 109.36
2021-09-23    99.23 109.65    99.20 109.62   236.72 247.13    98.66 109.08   104.24 114.66    97.98 108.40
2021-09-24    98.28 108.69    98.25 108.66   235.76 246.17    97.71 108.12   103.29 113.70    97.03 107.43
2021-09-25    97.33 107.73    97.30 107.70   234.81 245.21    96.76 107.16   102.34 112.74    96.08 106.48
2021-09-26    96.38 106.77    96.35 106.74   233.87 244.25    95.81 106.20   101.39 111.78    95.13 105.52
2021-09-27    95.43 105.81    95.40 105.78   232.92 243.30    94.86 105.24   100.45 110.83    94.18 104.56
2021-09-28    94.48 104.85    94.46 104.83   231.97 242.34    93.91 104.28    99.50 109.87    93.23 103.60
2021-09-29    93.54 103.90    93.51 103.87   231.03 241.39    92.97 103.33    98.55 108.92    92.29 102.65
2021-09-30    92.59 102.95    92.57 102.92   230.08 240.43    92.02 102.38    97.61 107.96    91.34 101.70
2021-10-01    91.65 102.00    91.62 101.97   229.14 239.48    91.08 101.43    96.67 107.01    90.40 100.74
2021-10-02    90.71 101.04    90.68 101.02   228.20 238.53    90.14 100.47    95.72 106.06    89.46  99.79
2021-10-03    89.77 100.09    89.74 100.07   227.25 237.58    89.20  99.52    94.78 105.11    88.52  98.84
2021-10-04    88.83  99.15    88.80  99.12   226.31 236.63    88.26  98.58    93.84 104.16    87.58  97.90
2021-10-05    87.89  98.20    87.86  98.17   225.37 235.69    87.32  97.63    92.90 103.21    86.64  96.95
2021-10-06    86.95  97.25    86.92  97.23   224.43 234.74    86.38  96.68    91.96 102.27    85.70  96.00
2021-10-07    86.01  96.31    85.98  96.28   223.50 233.79    85.44  95.74    91.02 101.32    84.76  95.06
2021-10-08    85.07  95.36    85.05  95.34   222.56 232.85    84.50  94.79    90.09 100.38    83.82  94.11
2021-10-09    84.14  94.42    84.11  94.39   221.62 231.91    83.57  93.85    89.15  99.43    82.88  93.17
2021-10-10    83.20  93.48    83.17  93.45   220.69 230.96    82.63  92.91    88.21  98.49    81.95  92.23
2021-10-11    82.26  92.53    82.24  92.51   219.75 230.02    81.69  91.96    87.28  97.55    81.01  91.28
2021-10-12    81.33  91.59    81.30  91.57   218.82 229.08    80.76  91.02    86.34  96.61    80.08  90.34
2021-10-13    80.39  90.65    80.37  90.63   217.88 228.14    79.82  90.08    85.41  95.67    79.14  89.40
2021-10-14    79.46  89.71    79.43  89.69   216.95 227.20    78.89  89.14    84.47  94.73    78.21  88.46
2021-10-15    78.53  88.77    78.50  88.75   216.01 226.26    77.96  88.20    83.54  93.79    77.27  87.52
2021-10-16    77.59  87.83    77.56  87.81   215.08 225.32    77.02  87.26    82.61  92.85    76.34  86.58
2021-10-17    76.66  86.89    76.63  86.87   214.15 224.38    76.09  86.32    81.67  91.91    75.41  85.64
2021-10-18    75.72  85.96    75.70  85.93   213.21 223.44    75.15  85.39    80.74  90.97    74.47  84.71
2021-10-19    74.79  85.02    74.76  84.99   212.28 222.51    74.22  84.45    79.81  90.03    73.54  83.77
2021-10-20    73.86  84.08    73.83  84.05   211.34 221.57    73.29  83.51    78.87  89.10    72.61  82.83
2021-10-21    72.92  83.14    72.90  83.12   210.41 220.63    72.35  82.57    77.94  88.16    71.67  81.89
2021-10-22    71.99  82.21    71.96  82.18   209.48 219.69    71.42  81.64    77.01  87.22    70.74  80.96
2021-10-23    71.06  81.27    71.03  81.24   208.54 218.76    70.49  80.70    76.07  86.28    69.81  80.02
2021-10-24    70.12  80.33    70.10  80.31   207.61 217.82    69.55  79.76    75.14  85.35    68.87  79.08
2021-10-25    69.19  79.40    69.16  79.37   206.67 216.88    68.62  78.83    74.20  84.41    67.94  78.14
2021-10-26    68.25  78.46    68.23  78.43   205.74 215.95    67.68  77.89    73.27  83.47    67.00  77.21
2021-10-27    67.32  77.52    67.29  77.49   204.80 215.01    66.75  76.95    72.33  82.54    66.07  76.27
2021-10-28    66.38  76.58    66.35  76.56   203.87 214.07    65.81  76.01    71.40  81.60    65.13  75.33
2021-10-29    65.44  75.65    65.42  75.62   202.93 213.13    64.87  75.08    70.46  80.66    64.19  74.40
2021-10-30    64.51  74.71    64.48  74.68   201.99 212.20    63.94  74.14    69.52  79.72    63.26  73.46
2021-10-31    63.57  73.77    63.54  73.74   201.06 211.26    63.00  73.20    68.58  78.78    62.32  72.52
2021-11-01    62.63  72.83    62.60  72.80   200.12 210.32    62.06  72.26    67.65  77.85    61.38  71.58
2021-11-02    61.69  71.89    61.66  71.86   199.18 209.38    61.12  71.32    66.71  76.91    60.44  70.64
2021-11-03    60.75  70.95    60.72  70.92   198.24 208.44    60.18  70.38    65.77  75.97    59.50  69.70
2021-11-04    59.81  70.01    59.78  69.98   197.30 207.50    59.24  69.44    64.82  75.03    58.56  68.76
2021-11-05    58.87  69.07    58.84  69.04   196.35 206.56    58.30  68.50    63.88  74.08    57.62  67.82
2021-11-06    57.92  68.13    57.90  68.10   195.41 205.61    57.35  67.56    62.94  73.14    56.67  66.88
2021-11-07    56.98  67.18    56.95  67.16   194.47 204.67    56.41  66.61    61.99  72.20    55.73  65.93
2021-11-08    56.03  66.24    56.01  66.21   193.52 203.73    55.46  65.67    61.05  71.26    54.78  64.99
2021-11-09    55.09  65.30    55.06  65.27   192.57 202.78    54.52  64.73    60.10  70.31    53.83  64.04
2021-11-10    54.34  64.15    54.31  64.12   191.82 201.64    53.77  63.58    59.35  69.17    53.09  62.90
2021-11-11    53.59  63.00    53.56  62.97   191.08 200.49    53.02  62.43    58.60  68.02    52.34  61.75
2021-11-12    52.84  61.85    52.81  61.82   190.33 199.34    52.27  61.28    57.85  66.87    51.59  60.60
2021-11-13    52.09  60.70    52.06  60.67   189.58 198.19    51.52  60.13    57.10  65.71    50.84  59.45
2021-11-14    51.33  59.55    51.31  59.52   188.82 197.04    50.76  58.98    56.35  64.56    50.08  58.30
2021-11-15    50.58  58.40    50.55  58.37   188.07 195.88    50.01  57.83    55.59  63.41    49.33  57.14
2021-11-16    49.82  57.24    49.79  57.22   187.31 194.73    49.25  56.67    54.84  62.26    48.57  55.99
2021-11-17    49.06  56.09    49.03  56.06   186.55 193.57    48.49  55.52    54.08  61.10    47.81  54.84

2022-04-14   258.03 265.05   258.00 265.02    35.52  42.53   257.46 264.48   263.04 270.06   256.78 263.80
2022-04-15   256.91 264.32   256.88 264.29    34.40  41.80   256.34 263.75   261.93 269.33   255.66 263.07
2022-04-16   255.79 263.59   255.77 263.56    33.28  41.08   255.22 263.02   260.81 268.60   254.54 262.34
2022-04-17   254.68 262.86   254.65 262.84    32.17  40.35   254.11 262.29   259.69 267.88   253.43 261.61
2022-04-18   253.56 262.14   253.54 262.11    31.05  39.63   252.99 261.57   258.58 267.15   252.31 260.89
2022-04-19   252.45 261.42   252.42 261.39    29.94  38.90   251.88 260.85   257.46 266.43   251.20 260.17
2022-04-20   251.33 260.70   251.31 260.67    28.82  38.18   250.76 260.13   256.35 265.71   250.08 259.44
2022-04-21   250.22 259.98   250.19 259.95    27.71  37.46   249.65 259.41   255.23 264.99   248.97 258.73
2022-04-22   249.10 259.26   249.08 259.23    26.59  36.75   248.53 258.69   254.12 264.27   247.85 258.01
2022-04-23   248.16 258.37   248.14 258.34    25.65  35.86   247.59 257.80   253.18 263.39   246.91 257.12
2022-04-24   247.25 257.45   247.22 257.43    24.74  34.94   246.68 256.88   252.26 262.47   246.00 256.20
2022-04-25   246.34 256.54   246.31 256.51    23.82  34.03   245.77 255.97   251.35 261.56   245.09 255.29
2022-04-26   245.42 255.63   245.40 255.60    22.91  33.11   244.85 255.06   250.44 260.64   244.17 254.38
2022-04-27   244.51 254.71   244.49 254.69    22.00  32.20   243.94 254.14   249.53 259.73   243.26 253.46
2022-04-28   243.60 253.80   243.57 253.77    21.09  31.29   243.03 253.23   248.62 258.82   242.35 252.55
2022-04-29   242.69 252.89   242.66 252.86    20.18  30.38   242.12 252.32   247.70 257.90   241.44 251.64
2022-04-30   241.78 251.98   241.75 251.95    19.27  29.47   241.21 251.41   246.79 256.99   240.53 250.73
2022-05-01   240.87 251.07   240.84 251.04    18.35  28.55   240.30 250.50   245.88 256.08   239.62 249.82
2022-05-02   239.96 250.16   239.93 250.13    17.44  27.64   239.39 249.59   244.97 255.17   238.70 248.91
2022-05-03   239.04 249.25   239.02 249.22    16.53  26.73   238.47 248.68   244.06 254.26   237.79 248.00
2022-05-04   238.13 248.34   238.11 248.31    15.62  25.82   237.56 247.77   243.15 253.35   236.88 247.09
2022-05-05   237.22 247.43   237.20 247.40    14.71  24.91   236.65 246.86   242.24 252.44   235.97 246.18
2022-05-06   236.31 246.52   236.28 246.49    13.80  24.00   235.74 245.95   241.33 251.53   235.06 245.27
2022-05-07   235.40 245.61   235.37 245.58    12.89  23.09   234.83 245.04   240.41 250.62   234.15 244.36
2022-05-08   234.49 244.70   234.46 244.67    11.97  22.18   233.92 244.13   239.50 249.71   233.24 243.45
2022-05-09   233.57 243.79   233.55 243.76    11.06  21.27   233.00 243.22   238.59 248.80   232.32 242.54
2022-05-10   232.66 242.88   232.64 242.85    10.15  20.36   232.09 242.31   237.68 247.89   231.41 241.63
2022-05-11   231.75 241.97   231.72 241.94     9.24  19.45   231.18 241.40   236.76 246.98   230.50 240.72
2022-05-12   230.83 241.06   230.81 241.03     8.32  18.54   230.26 240.49   235.85 246.07   229.58 239.81
2022-05-13   229.92 240.15   229.89 240.12     7.41  17.63   229.35 239.58   234.93 245.16   228.67 238.90
2022-05-14   229.00 239.23   228.98 239.21     6.49  16.72   228.43 238.66   234.02 244.25   227.75 237.98
2022-05-15   228.09 238.32   228.06 238.30     5.58  15.81   227.52 237.75   233.10 243.34   226.84 237.07
2022-05-16   227.17 237.41   227.14 237.38     4.66  14.90   226.60 236.84   232.19 242.43   225.92 236.16
2022-05-17   226.25 236.50   226.23 236.47     3.74  13.98   225.68 235.93   231.27 241.51   225.00 235.25
2022-05-18   225.33 235.58   225.31 235.56     2.82  13.07   224.76 235.01   230.35 240.60   224.08 234.33
2022-05-19   224.41 234.67   224.39 234.64     1.90  12.16   223.84 234.10   229.43 239.68   223.16 233.42
2022-05-20   223.49 233.75   223.47 233.73     0.98  11.24   222.92 233.18   228.51 238.77   222.24 232.50
2022-05-21   222.57 232.84   222.54 232.81     0.06  10.33   222.00 232.27   227.59 237.85   221.32 231.59
2022-05-22   221.65 231.92   221.62 231.90   359.14   9.41   221.08 231.35   226.66 236.94   220.40 230.67
2022-05-23   220.72 231.00   220.70 230.98   358.21   8.49   220.15 230.43   225.74 236.02   219.47 229.75
2022-05-24   219.80 230.08   219.77 230.06   357.29   7.57   219.23 229.51   224.81 235.10   218.55 228.83
2022-05-25   218.87 229.16   218.84 229.14   356.36   6.65   218.30 228.59   223.89 234.18   217.62 227.91
2022-05-26   217.94 228.24   217.92 228.22   355.43   5.73   217.37 227.67   222.96 233.26   216.69 226.99
2022-05-27   217.01 227.32   216.99 227.30   354.50   4.81   216.44 226.75   222.03 232.34   215.76 226.07
2022-05-28   216.08 226.40   216.05 226.37   353.57   3.89   215.51 225.83   221.10 231.41   214.83 225.15
2022-05-29   215.15 225.47   215.12 225.45   352.64   2.96   214.58 224.90   220.16 230.49   213.90 224.22
2022-05-30   214.21 224.55   214.19 224.52   351.70   2.03   213.64 223.98   219.23 229.56   212.96 223.30
2022-05-31   213.28 223.62   213.25 223.59   350.77   1.11   212.71 223.05   218.29 228.63   212.03 222.37
2022-06-01   212.34 222.69   212.31 222.66   349.83   0.18   211.77 222.12   217.36 227.71   211.09 221.44
2022-06-02   211.40 221.76   211.37 221.73   348.89 359.25   210.83 221.19   216.42 226.78   210.15 220.51
2022-06-03   210.46 220.83   210.43 220.80   347.95 358.32   209.89 220.26   215.48 225.84   209.21 219.58
2022-06-04   209.52 219.89   209.49 219.87   347.01 357.38   208.95 219.32   214.53 224.91   208.27 218.64
2022-06-05   208.57 218.96   208.55 218.93   346.06 356.45   208.00 218.39   213.59 223.97   207.32 217.71
2022-06-06   207.63 218.02   207.60 218.00   345.11 355.51   207.06 217.45   212.64 223.04   206.38 216.77
2022-06-07   206.68 217.08   206.65 217.06   344.17 354.57   206.11 216.51   211.69 222.10   205.43 215.83
2022-06-08   205.73 216.14   205.70 216.12   343.22 353.63   205.16 215.57   210.74 221.16   204.48 214.89
2022-06-09   204.78 215.20   204.75 215.17   342.27 352.69   204.21 214.63   209.79 220.22   203.53 213.95
2022-06-10   203.82 214.26   203.80 214.23   341.31 351.74   203.25 213.69   208.84 219.27   202.57 213.01
2022-06-11   202.87 213.31   202.84 213.29   340.36 350.80   202.30 212.74   207.88 218.33   201.62 212.06
2022-06-12   201.91 212.36   201.88 212.34   339.40 349.85   201.34 211.79   206.93 217.38   200.66 211.11
2022-06-13   200.95 211.42   200.93 211.39   338.44 348.90   200.38 210.85   205.97 216.43   199.70 210.16
2022-06-14   199.99 210.46   199.96 210.44   337.48 347.95   199.42 209.89   205.01 215.48   198.74 209.21
2022-06-15   199.03 209.51   199.00 209.48   336.51 347.00   198.46 208.94   204.04 214.53   197.78 208.26
2022-06-16   198.06 208.56   198.04 208.53   335.55 346.04   197.49 207.99   203.08 213.57   196.81 207.30
2022-06-17   197.09 207.60   197.07 207.57   334.58 345.09   196.52 207.03   202.11 212.61   195.84 206.35
2022-06-18   196.13 206.64   196.10 206.61   333.61 344.13   195.56 206.07   201.14 211.65   194.87 205.39
2022-06-19   195.15 205.68   195.13 205.65   332.64 343.17   194.58 205.11   200.17 210.69   193.90 204.43
2022-06-20   194.18 204.72   194.15 204.69   331.67 342.20   193.61 204.15   199.20 209.73   192.93 203.46
2022-06-21   193.21 203.75   193.18 203.72   330.69 341.24   192.64 203.18   198.22 208.77   191.95 202.50
2022-06-22   192.23 202.78   192.20 202.76   329.72 340.27   191.66 202.21   197.24 207.80   190.98 201.53
2022-06-23   191.25 201.81   191.22 201.79   328.74 339.30   190.68 201.24   196.26 206.83   190.00 200.56
2022-06-24   190.27 200.84   190.24 200.82   327.76 338.33   189.70 200.27   195.28 205.86   189.02 199.59
2022-06-25   189.29 199.87   189.26 199.84   326.77 337.36   188.72 199.30   194.30 204.89   188.03 198.62
2022-06-26   188.30 198.90   188.27 198.87   325.79 336.38   187.73 198.33   193.32 203.91   187.05 197.64
2022-06-27   187.31 197.92   187.29 197.89   324.80 335.41   186.74 197.35   192.33 202.93   186.06 196.67
2022-06-28   186.33 196.94   186.30 196.91   323.81 334.43   185.76 196.37   191.34 201.96   185.08 195.69
2022-06-29   185.34 195.96   185.31 195.93   322.82 333.45   184.77 195.39   190.35 200.97   184.08 194.71
2022-06-30   184.34 194.98   184.32 194.95   321.83 332.46   183.77 194.41   189.36 199.99   183.09 193.73
2022-07-01   183.35 193.99   183.32 193.97   320.84 331.48   182.78 193.42   188.37 199.01   182.10 192.74
2022-07-02   182.35 193.01   182.33 192.98   319.84 330.49   181.78 192.44   187.37 198.02   181.10 191.75
2022-07-03   181.36 192.02   181.33 191.99   318.84 329.50   180.79 191.45   186.37 197.03   180.11 190.77
2022-07-04   180.36 191.03   180.33 191.00   317.85 328.51   179.79 190.46   185.37 196.04   179.11 189.78
2022-07-05   179.36 190.04   179.33 190.01   316.85 327.52   178.79 189.47   184.37 195.05   178.11 188.78
2022-07-06   178.36 189.04   178.33 189.02   315.84 326.53   177.79 188.47   183.37 194.06   177.11 187.79
2022-07-07   177.35 188.05   177.33 188.02   314.84 325.53   176.78 187.48   182.37 193.06   176.10 186.80
2022-07-08   176.35 187.05   176.32 187.02   313.84 324.54   175.78 186.48   181.36 192.07   175.10 185.80
2022-07-09   175.34 186.05   175.32 186.03   312.83 323.54   174.77 185.48   180.36 191.07   174.09 184.80
2022-07-10   174.34 185.05   174.31 185.03   311.82 322.54   173.77 184.48   179.35 190.07   173.08 183.80
2022-07-11   173.33 184.05   173.30 184.02   310.81 321.54   172.76 183.48   178.34 189.07   172.08 182.80
2022-07-12   172.32 183.05   172.29 183.02   309.80 320.54   171.75 182.48   177.33 188.06   171.07 181.80
2022-07-13   171.31 182.04   171.28 182.02   308.79 319.53   170.74 181.47   176.32 187.06   170.06 180.79
2022-07-14   170.29 181.04   170.27 181.01   307.78 318.53   169.72 180.47   175.31 186.05   169.04 179.79
2022-07-15   169.28 180.03   169.26 180.00   306.77 317.52   168.71 179.46   174.30 185.05   168.03 178.78
2022-07-16   168.27 179.02   168.24 179.00   305.76 316.51   167.70 178.45   173.28 184.04   167.02 177.77
2022-07-17   167.25 178.01   167.23 177.99   304.74 315.50   166.68 177.44   172.27 183.03   166.00 176.76
2022-07-18   166.24 177.00   166.21 176.98   303.73 314.49   165.67 176.43   171.25 182.02   164.99 175.75
2022-07-19   165.22 175.99   165.20 175.97   302.71 313.48   164.65 175.42   170.24 181.01   163.97 174.74
2022-07-20   164.21 174.98   164.18 174.95   301.69 312.47   163.64 174.41   169.22 180.00   162.96 173.73
2022-07-21   163.19 173.97   163.16 173.94   300.68 311.45   162.62 173.40   168.20 178.98   161.94 172.72
2022-07-22   162.17 172.95   162.14 172.93   299.66 310.44   161.60 172.38   167.19 177.97   160.92 171.70
2022-07-23   161.15 171.94   161.13 171.91   298.64 309.43   160.58 171.37   166.17 176.95   159.90 170.69
2022-07-24   160.14 170.92   160.11 170.90   297.62 308.41   159.57 170.35   165.15 175.94   158.88 169.67
2022-07-25   159.12 169.91   159.09 169.88   296.60 307.39   158.55 169.34   164.13 174.92   157.87 168.66
2022-07-26   158.10 168.89   158.07 168.86   295.58 306.38   157.53 168.32   163.11 173.91   156.85 167.64
2022-07-27   157.08 167.87   157.05 167.85   294.57 305.36   156.51 167.30   162.09 172.89   155.83 166.62
2022-07-28   156.06 166.86   156.03 166.83   293.55 304.34   155.49 166.29   161.07 171.87   154.81 165.60
2022-07-29   155.04 165.84   155.01 165.81   292.53 303.33   154.47 165.27   160.06 170.85   153.79 164.59
2022-07-30   154.02 164.82   153.99 164.79   291.51 302.31   153.45 164.25   159.04 169.83   152.77 163.57
2022-07-31   153.00 163.80   152.98 163.77   290.49 301.29   152.43 163.23   158.02 168.82   151.75 162.55
2022-08-01   151.98 162.78   151.96 162.76   289.47 300.27   151.41 162.21   157.00 167.80   150.73 161.53
2022-08-02   150.97 161.76   150.94 161.74   288.45 299.25   150.40 161.19   155.98 166.78   149.71 160.51
2022-08-03   149.95 160.74   149.92 160.72   287.43 298.23   149.38 160.17   154.96 165.76   148.70 159.49
2022-08-04   148.93 159.73   148.90 159.70   286.42 297.21   148.36 159.16   153.95 164.74   147.68 158.48
2022-08-05   147.91 158.71   147.89 158.68   285.40 296.19   147.34 158.14   152.93 163.72   146.66 157.46
2022-08-06   146.90 157.69   146.87 157.66   284.38 295.18   146.33 157.12   151.91 162.70   145.65 156.44
2022-08-07   145.88 156.67   145.85 156.64   283.37 294.16   145.31 156.10   150.90 161.69   144.63 155.42
2022-08-08   144.86 155.65   144.84 155.63   282.35 293.14   144.29 155.08   149.88 160.67   143.61 154.40
2022-08-09   143.85 154.64   143.82 154.61   281.34 292.12   143.28 154.07   148.87 159.65   142.60 153.38
2022-08-10   142.84 153.62   142.81 153.59   280.32 291.11   142.27 153.05   147.85 158.63   141.59 152.37
2022-08-11   141.82 152.60   141.80 152.57   279.31 290.09   141.25 152.03   146.84 157.62   140.57 151.35
2022-08-12   140.81 151.59   140.78 151.56   278.30 289.07   140.24 151.02   145.83 156.60   139.56 150.33
2022-08-13   139.80 150.57   139.77 150.54   277.29 288.06   139.23 150.00   144.81 155.58   138.55 149.32
2022-08-14   138.79 149.55   138.76 149.53   276.28 287.04   138.22 148.98   143.80 154.57   137.54 148.30
2022-08-15   137.78 148.54   137.75 148.51   275.27 286.03   137.21 147.97   142.79 153.56   136.53 147.29
2022-08-16   136.77 147.53   136.74 147.50   274.26 285.01   136.20 146.96   141.79 152.54   135.52 146.28
2022-08-17   135.76 146.51   135.74 146.49   273.25 284.00   135.19 145.94   140.78 151.53   134.51 145.26
2022-08-18   134.76 145.50   134.73 145.48   272.25 282.99   134.19 144.93   139.77 150.52   133.51 144.25
2022-08-19   133.75 144.49   133.73 144.47   271.24 281.98   133.18 143.92   138.77 149.51   132.50 143.24
2022-08-20   132.75 143.48   132.72 143.46   270.24 280.97   132.18 142.91   137.77 148.50   131.50 142.23
2022-08-21   131.75 142.47   131.72 142.45   269.24 279.96   131.18 141.90   136.76 147.49   130.50 141.22
2022-08-22   130.75 141.46   130.72 141.44   268.23 278.95   130.18 140.89   135.76 146.48   129.50 140.21
2022-08-23   129.75 140.46   129.72 140.43   267.23 277.95   129.18 139.89   134.76 145.47   128.50 139.21
2022-08-24   128.75 139.45   128.72 139.43   266.24 276.94   128.18 138.88   133.76 144.47   127.50 138.20
2022-08-25   127.75 138.45   127.73 138.42   265.24 275.94   127.18 137.88   132.77 143.46   126.50 137.20
2022-08-26   126.76 137.44   126.73 137.42   264.24 274.93   126.19 136.87   131.77 142.46   125.51 136.19
2022-08-27   125.76 136.44   125.74 136.42   263.25 273.93   125.19 135.87   130.78 141.46   124.51 135.19
2022-08-28   124.77 135.44   124.74 135.42   262.26 272.93   124.20 134.87   129.79 140.46   123.52 134.19
2022-08-29   123.78 134.44   123.75 134.42   261.27 271.93   123.21 133.87   128.80 139.46   122.53 133.19
2022-08-30   122.79 133.45   122.76 133.42   260.28 270.93   122.22 132.88   127.81 138.46   121.54 132.19
2022-08-31   121.80 132.45   121.78 132.42   259.29 269.94   121.23 131.88   126.82 137.46   120.55 131.20
2022-09-01   120.82 131.45   120.79 131.43   258.30 268.94   120.25 130.88   125.83 136.47   119.57 130.20
2022-09-02   119.83 130.46   119.81 130.43   257.32 267.95   119.26 129.89   124.85 135.47   118.58 129.21
2022-09-03   118.85 129.47   118.82 129.44   256.34 266.95   118.28 128.90   123.86 134.48   117.60 128.22
2022-09-04   117.87 128.48   117.84 128.45   255.36 265.96   117.30 127.91   122.88 133.49   116.62 127.23
2022-09-05   116.89 127.49   116.86 127.46   254.38 264.97   116.32 126.92   121.90 132.50   115.64 126.24
2022-09-06   115.91 126.50   115.88 126.47   253.40 263.99   115.34 125.93   120.93 131.51   114.66 125.25
2022-09-07   114.93 125.51   114.91 125.49   252.42 263.00   114.36 124.94   119.95 130.53   113.68 124.26
2022-09-08   113.96 124.53   113.93 124.50   251.45 262.02   113.39 123.96   118.97 129.54   112.71 123.28
2022-09-09   112.98 123.54   112.96 123.52   250.47 261.03   112.41 122.97   118.00 128.56   111.73 122.29
2022-09-10   112.01 122.56   111.99 122.54   249.50 260.05   111.44 121.99   117.03 127.58   110.76 121.31
2022-09-11   111.04 121.58   111.02 121.56   248.53 259.07   110.47 121.01   116.06 126.60   109.79 120.33
2022-09-12   110.07 120.60   110.05 120.58   247.56 258.09   109.50 120.03   115.09 125.62   108.82 119.35
2022-09-13   109.11 119.63   109.08 119.60   246.59 257.11   108.54 119.06   114.12 124.64   107.86 118.38
2022-09-14   108.14 118.65   108.12 118.62   245.63 256.14   107.57 118.08   113.16 123.67   106.89 117.40
2022-09-15   107.18 117.68   107.15 117.65   244.67 255.16   106.61 117.11   112.19 122.69   105.93 116.43
2022-09-16   106.22 116.70   106.19 116.68   243.70 254.19   105.65 116.13   111.23 121.72   104.96 115.45
2022-09-17   105.25 115.73   105.23 115.71   242.74 253.22   104.68 115.16   110.27 120.75   104.00 114.48
2022-09-18   104.29 114.76   104.27 114.74   241.78 252.25   103.72 114.19   109.31 119.78   103.04 113.51
2022-09-19   103.34 113.80   103.31 113.77   240.82 251.28   102.77 113.23   108.35 118.81   102.09 112.54
2022-09-20   102.38 112.83   102.35 112.80   239.87 250.32   101.81 112.26   107.39 117.84   101.13 111.58
2022-09-21   101.42 111.86   101.40 111.84   238.91 249.35   100.85 111.29   106.44 116.88   100.17 110.61
2022-09-22   100.47 110.90   100.44 110.87   237.96 248.39    99.90 110.33   105.49 115.92    99.22 109.65
2022-09-23    99.52 109.94    99.49 109.91   237.01 247.43    98.95 109.37   104.53 114.95    98.27 108.69
2022-09-24    98.57 108.98    98.54 108.95   236.05 246.46    98.00 108.41   103.58 113.99    97.32 107.73
2022-09-25    97.62 108.02    97.59 107.99   235.10 245.50    97.05 107.45   102.63 113.03    96.37 106.77
2022-09-26    96.67 107.06    96.64 107.03   234.15 244.55    96.10 106.49   101.68 112.07    95.42 105.81
2022-09-27    95.72 106.10    95.69 106.08   233.21 243.59    95.15 105.53   100.73 111.12    94.47 104.85
2022-09-28    94.77 105.15    94.75 105.12   232.26 242.63    94.20 104.58    99.79 110.16    93.52 103.90
2022-09-29    93.83 104.19    93.80 104.17   231.31 241.68    93.26 103.62    98.84 109.21    92.58 102.94
2022-09-30    92.88 103.24    92.86 103.21   230.37 240.73    92.31 102.67    97.90 108.25    91.63 101.99
2022-10-01    91.94 102.29    91.91 102.26   229.43 239.77    91.37 101.72    96.95 107.30    90.69 101.04
2022-10-02    91.00 101.34    90.97 101.31   228.48 238.82    90.43 100.77    96.01 106.35    89.75 100.09
2022-10-03    90.06 100.39    90.03 100.36   227.54 237.87    89.49  99.82    95.07 105.40    88.80  99.14
2022-10-04    89.11  99.44    89.09  99.41   226.60 236.92    88.54  98.87    94.13 104.45    87.86  98.19
2022-10-05    88.18  98.49    88.15  98.46   225.66 235.98    87.61  97.92    93.19 103.50    86.92  97.24
2022-10-06    87.24  97.54    87.21  97.52   224.72 235.03    86.67  96.97    92.25 102.56    85.99  96.29
2022-10-07    86.30  96.60    86.27  96.57   223.78 234.08    85.73  96.03    91.31 101.61    85.05  95.35
2022-10-08    85.36  95.65    85.33  95.63   222.85 233.14    84.79  95.08    90.37 100.67    84.11  94.40
2022-10-09    84.42  94.71    84.40  94.68   221.91 232.20    83.85  94.14    89.44  99.72    83.17  93.46
2022-10-10    83.49  93.76    83.46  93.74   220.97 231.25    82.92  93.19    88.50  98.78    82.24  92.51
2022-10-11    82.55  92.82    82.52  92.80   220.04 230.31    81.98  92.25    87.57  97.84    81.30  91.57
2022-10-12    81.61  91.88    81.59  91.85   219.10 229.37    81.04  91.31    86.63  96.90    80.36  90.63
2022-10-13    80.68  90.94    80.65  90.91   218.17 228.43    80.11  90.37    85.69  95.95    79.43  89.69
2022-10-14    79.74  90.00    79.72  89.97   217.23 227.49    79.17  89.43    84.76  95.01    78.49  88.75
2022-10-15    78.81  89.06    78.78  89.03   216.30 226.55    78.24  88.49    83.82  94.07    77.56  87.81
2022-10-16    77.87  88.12    77.85  88.09   215.36 225.61    77.30  87.55    82.89  93.13    76.62  86.87
2022-10-17    76.94  87.18    76.91  87.15   214.43 224.67    76.37  86.61    81.96  92.19    75.69  85.93
2022-10-18    76.01  86.24    75.98  86.21   213.49 223.73    75.44  85.67    81.02  91.25    74.76  84.99
2022-10-19    75.07  85.30    75.05  85.27   212.56 222.79    74.50  84.73    80.09  90.32    73.82  84.05
2022-10-20    74.14  84.36    74.11  84.34   211.62 221.85    73.57  83.79    79.15  89.38    72.89  83.11
2022-10-21    73.20  83.42    73.18  83.40   210.69 220.91    72.63  82.85    78.22  88.44    71.95  82.17
2022-10-22    72.27  82.49    72.24  82.46   209.76 219.97    71.70  81.92    77.28  87.50    71.02  81.24
2022-10-23    71.33  81.55    71.31  81.52   208.82 219.04    70.76  80.98    76.35  86.56    70.08  80.30
2022-10-24    70.40  80.61    70.37  80.58   207.89 218.10    69.83  80.04    75.41  85.63    69.15  79.36
2022-10-25    69.46  79.67    69.44  79.65   206.95 217.16    68.89  79.10    74.48  84.69    68.21  78.42
2022-10-26    68.53  78.73    68.50  78.71   206.01 216.22    67.96  78.16    73.54  83.75    67.28  77.48
2022-10-27    67.59  77.80    67.56  77.77   205.08 215.28    67.02  77.23    72.61  82.81    66.34  76.54
2022-10-28    66.65  76.86    66.63  76.83   204.14 214.34    66.08  76.29    71.67  81.87    65.40  75.61
2022-10-29    65.72  75.92    65.69  75.89   203.20 213.41    65.15  75.35    70.73  80.93    64.47  74.67
2022-10-30    64.78  74.98    64.75  74.95   202.27 212.47    64.21  74.41    69.79  79.99    63.53  73.73
2022-10-31    63.84  74.04    63.81  74.01   201.33 211.53    63.27  73.47    68.85  79.05    62.59  72.79
2022-11-01    62.90  73.10    62.87  73.07   200.39 210.59    62.33  72.53    67.91  78.11    61.65  71.85
2022-11-02    61.96  72.16    61.93  72.13   199.45 209.65    61.39  71.59    66.97  77.17    60.71  70.91
2022-11-03    61.02  71.22    60.99  71.19   198.50 208.70    60.45  70.65    66.03  76.23    59.77  69.97
2022-11-04    60.07  70.28    60.05  70.25   197.56 207.76    59.50  69.71    65.09  75.29    58.82  69.02
2022-11-05    59.13  69.33    59.10  69.31   196.62 206.82    58.56  68.76    64.15  74.35    57.88  68.08
2022-11-06    58.19  68.39    58.16  68.36   195.67 205.88    57.62  67.82    63.20  73.40    56.94  67.14
2022-11-07    57.24  67.44    57.21  67.42   194.73 204.93    56.67  66.87    62.26  72.46    55.99  66.19
2022-11-08    56.29  66.50    56.27  66.47   193.78 203.99    55.72  65.93    61.31  71.51    55.04  65.25
2022-11-09    55.34  65.55    55.32  65.53   192.83 203.04    54.77  64.98    60.36  70.57    54.09  64.30
2022-11-10    54.53  64.47    54.50  64.44   192.02 201.96    53.96  63.90    59.55  69.49    53.28  63.22
2022-11-11    53.78  63.32    53.76  63.29   191.27 200.81    53.21  62.75    58.80  68.33    52.53  62.07
2022-11-12    53.03  62.17    53.00  62.14   190.52 199.66    52.46  61.60    58.05  67.18    51.78  60.92
2022-11-13    52.28  61.02    52.25  60.99   189.77 198.50    51.71  60.45    57.29  66.03    51.03  59.76
2022-11-14    51.52  59.86    51.50  59.84   189.01 197.35    50.95  59.29    56.54  64.88    50.27  58.61
2022-11-15    50.77  58.71    50.74  58.68   188.26 196.20    50.20  58.14    55.78  63.72    49.52  57.46
2022-11-16    50.01  57.55    49.98  57.53   187.50 195.04    49.44  56.98    55.02  62.57    48.76  56.30
2022-11-17    49.25  56.40    49.22  56.37   186.74 193.88    48.68  55.83    54.26  61.41    48.00  55.15

2023-04-14   258.37 265.27   258.35 265.25    35.86  42.76   257.80 264.70   263.39 270.29   257.12 264.02
2023-04-15   257.25 264.54   257.23 264.52    34.74  42.03   256.68 263.97   262.27 269.56   256.00 263.29
2023-04-16   256.14 263.81   256.11 263.79    33.62  41.30   255.57 263.24   261.15 268.83   254.89 262.56
2023-04-17   255.02 263.09   254.99 263.06    32.51  40.57   254.45 262.52   260.03 268.10   253.77 261.84
2023-04-18   253.90 262.36   253.88 262.34    31.39  39.85   253.33 261.79   258.92 267.38   252.65 261.11
2023-04-19   252.79 261.64   252.76 261.61    30.27  39.13   252.22 261.07   257.80 266.65   251.53 260.39
2023-04-20   251.67 260.92   251.64 260.89    29.16  38.41   251.10 260.35   256.68 265.93   250.42 259.67
2023-04-21   250.55 260.20   250.53 260.17    28.04  37.69   249.98 259.63   255.57 265.21   249.30 258.95
2023-04-22   249.44 259.48   249.41 259.45    26.93  36.97   248.87 258.91   254.45 264.49   248.19 258.23
2023-04-23   248.44 258.65   248.41 258.62    25.93  36.13   247.87 258.08   253.45 263.66   247.19 257.40
2023-04-24   247.52 257.73   247.50 257.70    25.01  35.22   246.95 257.16   252.54 262.75   246.27 256.48
2023-04-25   246.61 256.81   246.58 256.79    24.10  34.30   246.04 256.24   251.63 261.83   245.36 255.56
2023-04-26   245.70 255.90   245.67 255.87    23.18  33.39   245.13 255.33   250.71 260.91   244.45 254.65
2023-04-27   244.78 254.99   244.76 254.96    22.27  32.47   244.21 254.42   249.80 260.00   243.53 253.73
2023-04-28   243.87 254.07   243.84 254.05    21.36  31.56   243.30 253.50   248.89 259.09   242.62 252.82
2023-04-29   242.96 253.16   242.93 253.13    20.45  30.65   242.39 252.59   247.97 258.17   241.71 251.91
2023-04-30   242.05 252.25   242.02 252.22    19.53  29.73   241.48 251.68   247.06 257.26   240.80 251.00
2023-05-01   241.13 251.33   241.11 251.31    18.62  28.82   240.56 250.76   246.15 256.35   239.88 250.08
2023-05-02   240.22 250.42   240.20 250.40    17.71  27.91   239.65 249.85   245.24 255.44   238.97 249.17
2023-05-03   239.31 249.51   239.28 249.48    16.80  27.00   238.74 248.94   244.32 254.53   238.06 248.26
2023-05-04   238.40 248.60   238.37 248.57    15.88  26.09   237.83 248.03   243.41 253.61   237.15 247.35
2023-05-05   237.48 247.69   237.46 247.66    14.97  25.18   236.91 247.12   242.50 252.70   236.23 246.44
2023-05-06   236.57 246.78   236.55 246.75    14.06  24.26   236.00 246.21   241.59 251.79   235.32 245.53
2023-05-07   235.66 245.87   235.63 245.84    13.15  23.35   235.09 245.30   240.67 250.88   234.41 244.62
2023-05-08   234.75 244.95   234.72 244.93    12.23  22.44   234.18 244.38   239.76 249.97   233.49 243.70
2023-05-09   233.83 244.04   233.81 244.02    11.32  21.53   233.26 243.47   238.85 249.06   232.58 242.79
2023-05-10   232.92 243.13   232.89 243.11    10.40  20.62   232.35 242.56   237.93 248.15   231.67 241.88
2023-05-11   232.00 242.22   231.98 242.19     9.49  19.71   231.43 241.65   237.02 247.24   230.75 240.97
2023-05-12   231.09 241.31   231.06 241.28     8.57  18.80   230.52 240.74   236.10 246.32   229.84 240.06
2023-05-13   230.17 240.40   230.14 240.37     7.66  17.88   229.60 239.83   235.19 245.41   228.92 239.15
2023-05-14   229.25 239.48   229.23 239.46     6.74  16.97   228.68 238.91   234.27 244.50   228.00 238.23
2023-05-15   228.34 238.57   228.31 238.54     5.82  16.06   227.77 238.00   233.35 243.59   227.09 237.32
2023-05-16   227.42 237.66   227.39 237.63     4.91  15.14   226.85 237.09   232.43 242.67   226.17 236.41
2023-05-17   226.50 236.74   226.47 236.72     3.99  14.23   225.93 236.17   231.51 241.76   225.25 235.49
2023-05-18   225.58 235.83   225.55 235.80     3.07  13.32   225.01 235.26   230.59 240.84   224.33 234.58
2023-05-19   224.66 234.91   224.63 234.89     2.14  12.40   224.09 234.34   229.67 239.93   223.41 233.66
2023-05-20   223.74 234.00   223.71 233.97     1.22  11.48   223.17 233.43   228.75 239.01   222.48 232.74
2023-05-21   222.81 233.08   222.79 233.05     0.30  10.57   222.24 232.51   227.83 238.09   221.56 231.83
2023-05-22   221.89 232.16   221.86 232.13   359.37   9.65   221.32 231.59   226.90 237.17   220.64 230.91
2023-05-23   220.96 231.24   220.93 231.21   358.45   8.73   220.39 230.67   225.98 236.26   219.71 229.99
2023-05-24   220.03 230.32   220.01 230.29   357.52   7.81   219.46 229.75   225.05 235.34   218.78 229.07
2023-05-25   219.11 229.40   219.08 229.37   356.59   6.89   218.54 228.83   224.12 234.41   217.85 228.15
2023-05-26   218.18 228.48   218.15 228.45   355.66   5.96   217.61 227.91   223.19 233.49   216.93 227.23
2023-05-27   217.24 227.55   217.22 227.53   354.73   5.04   216.67 226.98   222.26 232.57   215.99 226.30
2023-05-28   216.31 226.63   216.29 226.60   353.80   4.11   215.74 226.06   221.33 231.64   215.06 225.38
2023-05-29   215.38 225.70   215.35 225.67   352.87   3.19   214.81 225.13   220.39 230.72   214.13 224.45
2023-05-30   214.44 224.77   214.42 224.75   351.93   2.26   213.87 224.20   219.46 229.79   213.19 223.52
2023-05-31   213.50 223.84   213.48 223.82   350.99   1.33   212.93 223.27   218.52 228.86   212.25 222.59
2023-06-01   212.57 222.91   212.54 222.89   350.05   0.40   212.00 222.34   217.58 227.93   211.32 221.66
2023-06-02   211.63 221.98   211.60 221.96   349.11 359.47   211.06 221.41   216.64 227.00   210.37 220.73
2023-06-03   210.68 221.05   210.66 221.02   348.17 358.54   210.11 220.48   215.70 226.06   209.43 219.80
2023-06-04   209.74 220.11   209.71 220.09   347.23 357.60   209.17 219.54   214.75 225.13   208.49 218.86
2023-06-05   208.79 219.18   208.77 219.15   346.28 356.66   208.22 218.61   213.81 224.19   207.54 217.93
2023-06-06   207.85 218.24   207.82 218.21   345.33 355.73   207.28 217.67   212.86 223.25   206.59 216.99
2023-06-07   206.90 217.30   206.87 217.27   344.38 354.79   206.33 216.73   211.91 222.31   205.65 216.05
2023-06-08   205.95 216.36   205.92 216.33   343.43 353.85   205.38 215.79   210.96 221.37   204.69 215.11
2023-06-09   204.99 215.41   204.97 215.39   342.48 352.90   204.42 214.84   210.01 220.43   203.74 214.16
2023-06-10   204.04 214.47   204.01 214.44   341.52 351.96   203.47 213.90   209.05 219.48   202.79 213.22
2023-06-11   203.08 213.52   203.05 213.50   340.57 351.01   202.51 212.95   208.10 218.54   201.83 212.27
2023-06-12   202.12 212.57   202.10 212.55   339.61 350.06   201.55 212.00   207.14 217.59   200.87 211.32
2023-06-13   201.16 211.62   201.13 211.60   338.65 349.11   200.59 211.05   206.18 216.64   199.91 210.37
2023-06-14   200.20 210.67   200.17 210.64   337.69 348.16   199.63 210.10   205.21 215.69   198.95 209.42
2023-06-15   199.23 209.72   199.21 209.69   336.72 347.20   198.66 209.15   204.25 214.73   197.98 208.47
2023-06-16   198.27 208.76   198.24 208.73   335.76 346.25   197.70 208.19   203.28 213.78   197.02 207.51
2023-06-17   197.30 207.80   197.27 207.78   334.79 345.29   196.73 207.23   202.31 212.82   196.05 206.55
2023-06-18   196.33 206.84   196.30 206.82   333.82 344.33   195.76 206.27   201.34 211.86   195.08 205.59
2023-06-19   195.36 205.88   195.33 205.85   332.84 343.37   194.79 205.31   200.37 210.90   194.11 204.63
2023-06-20   194.38 204.92   194.36 204.89   331.87 342.40   193.81 204.35   199.40 209.93   193.13 203.67
2023-06-21   193.41 203.95   193.38 203.92   330.89 341.44   192.84 203.38   198.42 208.97   192.16 202.70
2023-06-22   192.43 202.98   192.40 202.96   329.92 340.47   191.86 202.41   197.44 208.00   191.18 201.73
2023-06-23   191.45 202.01   191.42 201.99   328.94 339.50   190.88 201.44   196.46 207.03   190.20 200.76
2023-06-24   190.47 201.04   190.44 201.01   327.96 338.53   189.90 200.47   195.48 206.06   189.22 199.79
2023-06-25   189.48 200.07   189.46 200.04   326.97 337.56   188.91 199.50   194.50 205.08   188.23 198.82
2023-06-26   188.50 199.09   188.47 199.07   325.99 336.58   187.93 198.52   193.51 204.11   187.25 197.84
2023-06-27   187.51 198.11   187.49 198.09   325.00 335.60   186.94 197.54   192.53 203.13   186.26 196.86
2023-06-28   186.52 197.14   186.50 197.11   324.01 334.62   185.95 196.57   191.54 202.15   185.27 195.88
2023-06-29   185.53 196.15   185.51 196.13   323.02 333.64   184.96 195.58   190.55 201.17   184.28 194.90
2023-06-30   184.54 195.17   184.51 195.15   322.03 332.66   183.97 194.60   189.56 200.19   183.29 193.92
2023-07-01   183.55 194.19   183.52 194.16   321.03 331.67   182.98 193.62   188.56 199.20   182.30 192.94
2023-07-02   182.55 193.20   182.52 193.17   320.04 330.69   181.98 192.63   187.57 198.22   181.30 191.95
2023-07-03   181.55 192.21   181.53 192.19   319.04 329.70   180.98 191.64   186.57 197.23   180.30 190.96
2023-07-04   180.56 191.22   180.53 191.20   318.04 328.71   179.99 190.65   185.57 196.24   179.30 189.97
2023-07-05   179.56 190.23   179.53 190.21   317.04 327.72   178.99 189.66   184.57 195.25   178.31 188.98
2023-07-06   178.55 189.24   178.53 189.21   316.04 326.73   177.98 188.67   183.57 194.25   177.30 187.99
2023-07-07   177.55 188.24   177.53 188.22   315.04 325.73   176.98 187.67   182.57 193.26   176.30 186.99
2023-07-08   176.55 187.25   176.52 187.22   314.04 324.73   175.98 186.68   181.56 192.26   175.30 186.00
2023-07-09   175.54 186.25   175.52 186.22   313.03 323.74   174.97 185.68   180.56 191.27   174.29 185.00
2023-07-10   174.54 185.25   174.51 185.22   312.02 322.74   173.97 184.68   179.55 190.27   173.29 184.00
2023-07-11   173.53 184.25   173.50 184.22   311.02 321.74   172.96 183.68   178.54 189.27   172.28 183.00
2023-07-12   172.52 183.25   172.49 183.22   310.01 320.74   171.95 182.68   177.53 188.26   171.27 182.00
2023-07-13   171.51 182.25   171.48 182.22   309.00 319.73   170.94 181.68   176.53 187.26   170.26 180.99
2023-07-14   170.50 181.24   170.47 181.21   307.99 318.73   169.93 180.67   175.51 186.26   169.25 179.99
2023-07-15   169.49 180.24   169.46 180.21   306.98 317.72   168.92 179.67   174.50 185.25   168.24 178.98
2023-07-16   168.48 179.23   168.45 179.20   305.96 316.72   167.91 178.66   173.49 184.24   167.22 177.98
2023-07-17   167.46 178.22   167.44 178.19   304.95 315.71   166.89 177.65   172.48 183.24   166.21 176.97
2023-07-18   166.45 177.21   166.42 177.19   303.94 314.70   165.88 176.64   171.46 182.23   165.20 175.96
2023-07-19   165.43 176.20   165.41 176.18   302.92 313.69   164.86 175.63   170.45 181.22   164.18 174.95
2023-07-20   164.42 175.19   164.39 175.17   301.91 312.68   163.85 174.62   169.43 180.21   163.17 173.94
2023-07-21   163.40 174.18   163.38 174.15   300.89 311.67   162.83 173.61   168.42 179.20   162.15 172.93
2023-07-22   162.39 173.17   162.36 173.14   299.87 310.66   161.82 172.60   167.40 178.18   161.14 171.92
2023-07-23   161.37 172.15   161.34 172.13   298.86 309.64   160.80 171.58   166.39 177.17   160.12 170.90
2023-07-24   160.35 171.14   160.33 171.11   297.84 308.63   159.78 170.57   165.37 176.16   159.10 169.89
2023-07-25   159.34 170.13   159.31 170.10   296.83 307.61   158.77 169.56   164.35 175.14   158.09 168.88
2023-07-26   158.32 169.11   158.29 169.09   295.81 306.60   157.75 168.54   163.34 174.13   157.07 167.86
2023-07-27   157.30 168.10   157.28 168.07   294.79 305.58   156.73 167.53   162.32 173.11   156.05 166.85
2023-07-28   156.29 167.08   156.26 167.05   293.77 304.57   155.72 166.51   161.30 172.10   155.04 165.83
2023-07-29   155.27 166.07   155.24 166.04   292.76 303.55   154.70 165.50   160.28 171.08   154.02 164.81
2023-07-30   154.25 165.05   154.23 165.02   291.74 302.54   153.68 164.48   159.27 170.06   153.00 163.80
2023-07-31   153.24 164.03   153.21 164.01   290.72 301.52   152.67 163.46   158.25 169.05   151.98 162.78
2023-08-01   152.22 163.02   152.19 162.99   289.71 300.50   151.65 162.45   157.23 168.03   150.97 161.77
2023-08-02   151.20 162.00   151.18 161.97   288.69 299.49   150.63 161.43   156.22 167.01   149.95 160.75
2023-08-03   150.19 160.98   150.16 160.96   287.67 298.47   149.62 160.41   155.20 166.00   148.94 159.73
2023-08-04   149.17 159.97   149.14 159.94   286.66 297.45   148.60 159.40   154.19 164.98   147.92 158.71
2023-08-05   148.15 158.95   148.13 158.92   285.64 296.44   147.58 158.38   153.17 163.96   146.90 157.70
2023-08-06   147.14 157.93   147.11 157.91   284.63 295.42   146.57 157.36   152.16 162.95   145.89 156.68
2023-08-07   146.13 156.92   146.10 156.89   283.61 294.40   145.56 156.35   151.14 161.93   144.88 155.67
2023-08-08   145.11 155.90   145.09 155.87   282.60 293.39   144.54 155.33   150.13 160.92   143.86 154.65
2023-08-09   144.10 154.88   144.07 154.86   281.59 292.37   143.53 154.31   149.11 159.90   142.85 153.63
2023-08-10   143.09 153.87   143.06 153.84   280.58 291.36   142.52 153.30   148.10 158.88   141.84 152.62
2023-08-11   142.08 152.85   142.05 152.83   279.56 290.34   141.51 152.28   147.09 157.87   140.83 151.60
2023-08-12   141.07 151.84   141.04 151.81   278.55 289.33   140.50 151.27   146.08 156.86   139.82 150.59
2023-08-13   140.06 150.83   140.03 150.80   277.54 288.31   139.49 150.26   145.07 155.84   138.81 149.58
2023-08-14   139.05 149.81   139.02 149.79   276.54 287.30   138.48 149.24   144.06 154.83   137.80 148.56
2023-08-15   138.04 148.80   138.01 148.77   275.53 286.29   137.47 148.23   143.06 153.82   136.79 147.55
2023-08-16   137.03 147.79   137.01 147.76   274.52 285.28   136.46 147.22   142.05 152.80   135.78 146.54
2023-08-17   136.03 146.78   136.00 146.75   273.52 284.27   135.46 146.21   141.04 151.79   134.78 145.53
2023-08-18   135.02 145.77   135.00 145.74   272.51 283.26   134.45 145.20   140.04 150.78   133.77 144.52
2023-08-19   134.02 144.76   133.99 144.73   271.51 282.25   133.45 144.19   139.04 149.78   132.77 143.51
2023-08-20   133.02 143.75   132.99 143.73   270.51 281.24   132.45 143.18   138.03 148.77   131.77 142.50
2023-08-21   132.02 142.74   131.99 142.72   269.51 280.23   131.45 142.17   137.03 147.76   130.77 141.49
2023-08-22   131.02 141.74   130.99 141.71   268.51 279.23   130.45 141.17   136.03 146.75   129.77 140.49
2023-08-23   130.02 140.73   129.99 140.71   267.51 278.22   129.45 140.16   135.04 145.75   128.77 139.48
2023-08-24   129.02 139.73   129.00 139.70   266.51 277.22   128.45 139.16   134.04 144.74   127.77 138.48
2023-08-25   128.03 138.73   128.00 138.70   265.52 276.21   127.46 138.16   133.04 143.74   126.78 137.48
2023-08-26   127.04 137.72   127.01 137.70   264.52 275.21   126.47 137.15   132.05 142.74   125.78 136.47
2023-08-27   126.04 136.72   126.02 136.70   263.53 274.21   125.47 136.15   131.06 141.74   124.79 135.47
2023-08-28   125.05 135.72   125.03 135.70   262.54 273.21   124.48 135.15   130.07 140.74   123.80 134.47
2023-08-29   124.06 134.73   124.04 134.70   261.55 272.21   123.49 134.16   129.08 139.74   122.81 133.48
2023-08-30   123.07 133.73   123.05 133.70   260.56 271.22   122.50 133.16   128.09 138.75   121.82 132.48
2023-08-31   122.09 132.74   122.06 132.71   259.58 270.22   121.52 132.17   127.10 137.75   120.84 131.48
2023-09-01   121.10 131.74   121.08 131.71   258.59 269.23   120.53 131.17   126.12 136.76   119.85 130.49
2023-09-02   120.12 130.75   120.09 130.72   257.61 268.24   119.55 130.18   125.13 135.76   118.87 129.50
2023-09-03   119.14 129.76   119.11 129.73   256.63 267.24   118.57 129.19   124.15 134.77   117.89 128.51
2023-09-04   118.16 128.77   118.13 128.74   255.64 266.25   117.59 128.20   123.17 133.78   116.91 127.52
2023-09-05   117.18 127.78   117.15 127.75   254.67 265.27   116.61 127.21   122.19 132.79   115.93 126.53
2023-09-06   116.20 126.79   116.17 126.77   253.69 264.28   115.63 126.22   121.22 131.81   114.95 125.54
2023-09-07   115.23 125.81   115.20 125.78   252.71 263.29   114.66 125.24   120.24 130.82   113.97 124.56
2023-09-08   114.25 124.82   114.22 124.80   251.74 262.31   113.68 124.25   119.27 129.84   113.00 123.57
2023-09-09   113.28 123.84   113.25 123.81   250.77 261.33   112.71 123.27   118.29 128.86   112.03 122.59
2023-09-10   112.31 122.86   112.28 122.83   249.79 260.35   111.74 122.29   117.32 127.87   111.06 121.61
2023-09-11   111.34 121.88   111.31 121.85   248.83 259.37   110.77 121.31   116.35 126.90   110.09 120.63
2023-09-12   110.37 120.90   110.34 120.88   247.86 258.39   109.80 120.33   115.39 125.92   109.12 119.65
2023-09-13   109.40 119.93   109.38 119.90   246.89 257.41   108.83 119.36   114.42 124.94   108.15 118.67
2023-09-14   108.44 118.95   108.41 118.92   245.93 256.44   107.87 118.38   113.45 123.97   107.19 117.70
2023-09-15   107.47 117.98   107.45 117.95   244.96 255.46   106.90 117.41   112.49 122.99   106.22 116.73
2023-09-16   106.51 117.00   106.49 116.98   244.00 254.49   105.94 116.43   111.53 122.02   105.26 115.75
2023-09-17   105.55 116.03   105.53 116.01   243.04 253.52   104.98 115.46   110.57 121.05   104.30 114.78
2023-09-18   104.59 115.06   104.57 115.04   242.08 252.55   104.02 114.49   109.61 120.08   103.34 113.81
2023-09-19   103.63 114.10   103.61 114.07   241.12 251.58   103.06 113.53   108.65 119.11   102.38 112.85
2023-09-20   102.68 113.13   102.65 113.10   240.17 250.62   102.11 112.56   107.69 118.15   101.43 111.88
2023-09-21   101.72 112.17   101.70 112.14   239.21 249.65   101.15 111.60   106.74 117.18   100.47 110.91
2023-09-22   100.77 111.20   100.74 111.17   238.26 248.69   100.20 110.63   105.78 116.22    99.52 109.95
2023-09-23    99.82 110.24    99.79 110.21   237.30 247.73    99.25 109.67   104.83 115.25    98.57 108.99
2023-09-24    98.86 109.28    98.84 109.25   236.35 246.77    98.29 108.71   103.88 114.29    97.61 108.03
2023-09-25    97.91 108.32    97.89 108.29   235.40 245.81    97.34 107.75   102.93 113.33    96.66 107.07
2023-09-26    96.97 107.36    96.94 107.33   234.45 244.85    96.40 106.79   101.98 112.38    95.71 106.11
2023-09-27    96.02 106.40    95.99 106.38   233.51 243.89    95.45 105.83   101.03 111.42    94.77 105.15
2023-09-28    95.07 105.45    95.04 105.42   232.56 242.93    94.50 104.88   100.09 110.46    93.82 104.20
2023-09-29    94.13 104.49    94.10 104.47   231.61 241.98    93.56 103.92    99.14 109.51    92.87 103.24
2023-09-30    93.18 103.54    93.15 103.51   230.67 241.03    92.61 102.97    98.20 108.55    91.93 102.29
2023-10-01    92.24 102.59    92.21 102.56   229.72 240.07    91.67 102.02    97.25 107.60    90.99 101.34
2023-10-02    91.29 101.63    91.27 101.61   228.78 239.12    90.72 101.06    96.31 106.65    90.04 100.38
2023-10-03    90.35 100.68    90.32 100.66   227.84 238.17    89.78 100.11    95.37 105.70    89.10  99.43
2023-10-04    89.41  99.73    89.38  99.71   226.90 237.22    88.84  99.16    94.43 104.75    88.16  98.48
2023-10-05    88.47  98.79    88.44  98.76   225.96 236.27    87.90  98.22    93.48 103.80    87.22  97.54
2023-10-06    87.53  97.84    87.50  97.81   225.02 235.33    86.96  97.27    92.55 102.85    86.28  96.59
2023-10-07    86.59  96.89    86.56  96.87   224.08 234.38    86.02  96.32    91.61 101.91    85.34  95.64
2023-10-08    85.65  95.95    85.63  95.92   223.14 233.43    85.08  95.38    90.67 100.96    84.40  94.70
2023-10-09    84.71  95.00    84.69  94.98   222.20 232.49    84.14  94.43    89.73 100.02    83.46  93.75
2023-10-10    83.78  94.06    83.75  94.03   221.26 231.54    83.21  93.49    88.79  99.07    82.53  92.81
2023-10-11    82.84  93.11    82.81  93.09   220.33 230.60    82.27  92.54    87.86  98.13    81.59  91.86
2023-10-12    81.90  92.17    81.88  92.14   219.39 229.66    81.33  91.60    86.92  97.19    80.65  90.92
2023-10-13    80.97  91.23    80.94  91.20   218.45 228.72    80.40  90.66    85.98  96.24    79.72  89.98
2023-10-14    80.03  90.29    80.00  90.26   217.52 227.77    79.46  89.72    85.05  95.30    78.78  89.04
2023-10-15    79.10  89.35    79.07  89.32   216.58 226.83    78.53  88.78    84.11  94.36    77.84  88.09
2023-10-16    78.16  88.40    78.13  88.38   215.65 225.89    77.59  87.83    83.17  93.42    76.91  87.15
2023-10-17    77.22  87.46    77.20  87.44   214.71 224.95    76.65  86.89    82.24  92.48    75.97  86.21
2023-10-18    76.29  86.52    76.26  86.50   213.78 224.01    75.72  85.95    81.30  91.54    75.04  85.27
2023-10-19    75.35  85.58    75.33  85.56   212.84 223.07    74.78  85.01    80.37  90.60    74.10  84.33
2023-10-20    74.42  84.64    74.39  84.62   211.91 222.13    73.85  84.07    79.43  89.66    73.17  83.39
2023-10-21    73.48  83.70    73.46  83.68   210.97 221.19    72.91  83.13    78.50  88.72    72.23  82.45
2023-10-22    72.55  82.77    72.52  82.74   210.03 220.25    71.98  82.20    77.56  87.78    71.30  81.51
2023-10-23    71.61  81.83    71.58  81.80   209.10 219.31    71.04  81.26    76.63  86.84    70.36  80.58
2023-10-24    70.67  80.89    70.65  80.86   208.16 218.37    70.10  80.32    75.69  85.90    69.42  79.64
2023-10-25    69.74  79.95    69.71  79.92   207.22 217.43    69.17  79.38    74.75  84.96    68.49  78.70
2023-10-26    68.80  79.01    68.77  78.98   206.29 216.49    68.23  78.44    73.82  84.02    67.55  77.76
2023-10-27    67.86  78.07    67.84  78.04   205.35 215.56    67.29  77.50    72.88  83.08    66.61  76.82
2023-10-28    66.92  77.13    66.90  77.10   204.41 214.62    66.35  76.56    71.94  82.14    65.67  75.88
2023-10-29    65.98  76.19    65.96  76.16   203.47 213.67    65.41  75.62    71.00  81.20    64.73  74.94
2023-10-30    65.05  75.25    65.02  75.22   202.53 212.73    64.48  74.68    70.06  80.26    63.79  74.00
2023-10-31    64.10  74.31    64.08  74.28   201.59 211.79    63.53  73.74    69.12  79.32    62.85  73.05
2023-11-01    63.16  73.36    63.14  73.34   200.65 210.85    62.59  72.79    68.18  78.38    61.91  72.11
2023-11-02    62.22  72.42    62.20  72.40   199.71 209.91    61.65  71.85    67.24  77.44    60.97  71.17
2023-11-03    61.28  71.48    61.25  71.45   198.77 208.97    60.71  70.91    66.29  76.49    60.03  70.23
2023-11-04    60.33  70.54    60.31  70.51   197.82 208.02    59.76  69.97    65.35  75.55    59.08  69.28
2023-11-05    59.39  69.59    59.36  69.56   196.88 207.08    58.82  69.02    64.40  74.61    58.14  68.34
2023-11-06    58.44  68.65    58.42  68.62   195.93 206.13    57.87  68.08    63.46  73.66    57.19  67.40
2023-11-07    57.50  67.70    57.47  67.67   194.98 205.19    56.93  67.13    62.51  72.72    56.25  66.45
2023-11-08    56.55  66.75    56.52  66.73   194.03 204.24    55.98  66.18    61.56  71.77    55.30  65.50
2023-11-09    55.60  65.81    55.57  65.78   193.08 203.29    55.03  65.24    60.61  70.82    54.35  64.55
2023-11-10    54.72  64.78    54.69  64.76   192.21 202.27    54.15  64.21    59.73  69.80    53.47  63.53
2023-11-11    53.97  63.63    53.94  63.61   191.46 201.12    53.40  63.06    58.98  68.65    52.72  62.38
2023-11-12    53.22  62.48    53.19  62.45   190.70 199.97    52.65  61.91    58.23  67.49    51.97  61.23
2023-11-13    52.46  61.32    52.44  61.30   189.95 198.81    51.89  60.75    57.48  66.34    51.21  60.07
2023-11-14    51.71  60.17    51.68  60.14   189.19 197.66    51.14  59.60    56.72  65.18    50.46  58.92
2023-11-15    50.95  59.01    50.92  58.99   188.44 196.50    50.38  58.44    55.96  64.03    49.70  57.76
2023-11-16    50.19  57.86    50.16  57.83   187.68 195.34    49.62  57.29    55.20  62.87    48.94  56.61
2023-11-17    49.43  56.70    49.40  56.67   186.91 194.19    48.86  56.13    54.44  61.71    48.18  55.45
2023-11-18    48.66  55.54    48.64  55.51   186.15 193.03    48.09  54.97    53.68  60.56    47.41  54.29
