
       Target
                ecliptic
RA      Dec     latitude
295.287  41.222  61.060

Checked interval [2020-01-01, 2023-12-31]
|           Window [days]                 |    Normal V3 PA [deg]    |
   Start           End         Duration         Start         End         RA            Dec     
 2020-04-20      2020-11-14       207.92     258.68489      59.95462     295.28723      41.22200 
 2021-04-21      2021-11-15       208.00     258.16313      59.30512     295.28723      41.22200 
 2022-04-21      2022-11-15       208.00     258.41917      59.53443     295.28723      41.22200 
 2023-04-21      2023-11-15       208.00     258.67874      59.75596     295.28723      41.22200 


                V3PA          NIRCam           NIRSpec         NIRISS           MIRI          FGS
   Date      min    max      min    max       min    max     min    max      min    max      min    max

2020-04-21   255.26 262.08   255.23 262.06    32.75  39.57   254.69 261.51   260.27 267.10   254.01 260.83
2020-04-22   254.12 261.52   254.09 261.50    31.60  39.01   253.55 260.95   259.13 266.54   252.87 260.27
2020-04-23   252.98 260.96   252.95 260.94    30.46  38.45   252.41 260.39   257.99 265.98   251.73 259.71
2020-04-24   251.84 260.41   251.81 260.38    29.33  37.89   251.27 259.84   256.85 265.42   250.59 259.15
2020-04-25   250.70 259.85   250.67 259.82    28.19  37.34   250.13 259.28   255.71 264.86   249.45 258.60
2020-04-26   249.56 259.30   249.54 259.27    27.05  36.78   248.99 258.73   254.58 264.31   248.31 258.04
2020-04-27   248.48 258.69   248.45 258.66    25.97  36.18   247.91 258.12   253.49 263.70   247.23 257.44
2020-04-28   247.64 257.84   247.61 257.82    25.12  35.33   247.07 257.27   252.65 262.86   246.39 256.59
2020-04-29   246.80 257.00   246.77 256.97    24.28  34.49   246.23 256.43   251.81 262.01   245.54 255.75
2020-04-30   245.95 256.16   245.93 256.13    23.44  33.64   245.38 255.59   250.97 261.17   244.70 254.90
2020-05-01   245.11 255.31   245.09 255.29    22.60  32.80   244.54 254.74   250.13 260.33   243.86 254.06
2020-05-02   244.27 254.47   244.25 254.45    21.76  31.96   243.70 253.90   249.29 259.49   243.02 253.22
2020-05-03   243.43 253.63   243.40 253.60    20.92  31.12   242.86 253.06   248.45 258.65   242.18 252.38
2020-05-04   242.59 252.79   242.56 252.76    20.08  30.28   242.02 252.22   247.60 257.81   241.34 251.54
2020-05-05   241.75 251.95   241.72 251.92    19.24  29.44   241.18 251.38   246.76 256.97   240.50 250.70
2020-05-06   240.91 251.11   240.88 251.08    18.39  28.60   240.34 250.54   245.92 256.13   239.66 249.86
2020-05-07   240.06 250.27   240.04 250.25    17.55  27.76   239.49 249.70   245.08 255.29   238.81 249.02
2020-05-08   239.22 249.43   239.19 249.41    16.71  26.92   238.65 248.86   244.24 254.45   237.97 248.18
2020-05-09   238.38 248.59   238.35 248.57    15.86  26.08   237.81 248.02   243.39 253.61   237.13 247.34
2020-05-10   237.53 247.75   237.51 247.73    15.02  25.24   236.96 247.18   242.55 252.77   236.28 246.50
2020-05-11   236.69 246.91   236.66 246.89    14.17  24.40   236.12 246.34   241.70 251.93   235.44 245.66
2020-05-12   235.84 246.07   235.81 246.05    13.33  23.56   235.27 245.50   240.86 251.09   234.59 244.82
2020-05-13   234.99 245.23   234.97 245.21    12.48  22.72   234.42 244.66   240.01 250.25   233.74 243.98
2020-05-14   234.14 244.39   234.12 244.36    11.63  21.88   233.57 243.82   239.16 249.41   232.89 243.14
2020-05-15   233.29 243.55   233.27 243.52    10.78  21.04   232.72 242.98   238.31 248.56   232.04 242.30
2020-05-16   232.44 242.70   232.41 242.68     9.93  20.19   231.87 242.13   237.45 247.72   231.19 241.45
2020-05-17   231.59 241.86   231.56 241.83     9.07  19.35   231.02 241.29   236.60 246.88   230.33 240.61
2020-05-18   230.73 241.01   230.70 240.99     8.22  18.50   230.16 240.44   235.75 246.03   229.48 239.76
2020-05-19   229.87 240.17   229.85 240.14     7.36  17.65   229.30 239.60   234.89 245.18   228.62 238.92
2020-05-20   229.01 239.32   228.99 239.29     6.50  16.81   228.44 238.75   234.03 244.33   227.76 238.07
2020-05-21   228.15 238.47   228.12 238.44     5.64  15.96   227.58 237.90   233.17 243.48   226.90 237.22
2020-05-22   227.29 237.62   227.26 237.59     4.77  15.10   226.72 237.05   232.30 242.63   226.04 236.37
2020-05-23   226.42 236.76   226.39 236.74     3.91  14.25   225.85 236.19   231.43 241.78   225.17 235.51
2020-05-24   225.55 235.91   225.52 235.88     3.04  13.40   224.98 235.34   230.57 240.92   224.30 234.66
2020-05-25   224.68 235.05   224.65 235.03     2.17  12.54   224.11 234.48   229.69 240.07   223.43 233.80
2020-05-26   223.80 234.19   223.78 234.17     1.29  11.68   223.23 233.62   228.82 239.21   222.55 232.94
2020-05-27   222.93 233.33   222.90 233.30     0.42  10.82   222.36 232.76   227.94 238.35   221.68 232.08
2020-05-28   222.05 232.47   222.02 232.44   359.54   9.95   221.48 231.90   227.06 237.48   220.80 231.22
2020-05-29   221.16 231.60   221.14 231.57   358.65   9.09   220.59 231.03   226.18 236.62   219.91 230.35
2020-05-30   220.28 230.73   220.25 230.71   357.77   8.22   219.71 230.16   225.29 235.75   219.03 229.48
2020-05-31   219.39 229.86   219.36 229.83   356.88   7.35   218.82 229.29   224.40 234.88   218.14 228.61
2020-06-01   218.50 228.99   218.47 228.96   355.98   6.47   217.93 228.42   223.51 234.00   217.25 227.74
2020-06-02   217.60 228.11   217.57 228.08   355.09   5.60   217.03 227.54   222.62 233.12   216.35 226.86
2020-06-03   216.70 227.23   216.67 227.20   354.19   4.72   216.13 226.66   221.72 232.24   215.45 225.98
2020-06-04   215.80 226.35   215.77 226.32   353.29   3.83   215.23 225.78   220.81 231.36   214.55 225.09
2020-06-05   214.89 225.46   214.87 225.43   352.38   2.95   214.32 224.89   219.91 230.47   213.64 224.21
2020-06-06   213.98 224.57   213.95 224.54   351.47   2.06   213.41 224.00   219.00 229.58   212.73 223.32
2020-06-07   213.07 223.68   213.04 223.65   350.55   1.16   212.50 223.11   218.08 228.69   211.82 222.43
2020-06-08   212.15 222.78   212.12 222.75   349.64   0.27   211.58 222.21   217.16 227.79   210.90 221.53
2020-06-09   211.23 221.88   211.20 221.85   348.71 359.37   210.66 221.31   216.24 226.89   209.98 220.63
2020-06-10   210.30 220.98   210.27 220.95   347.79 358.46   209.73 220.41   215.32 225.99   209.05 219.72
2020-06-11   209.37 220.07   209.34 220.04   346.86 357.56   208.80 219.50   214.39 225.08   208.12 218.82
2020-06-12   208.44 219.16   208.41 219.13   345.92 356.64   207.87 218.59   213.45 224.17   207.19 217.91
2020-06-13   207.50 218.24   207.47 218.21   344.99 355.73   206.93 217.67   212.51 223.26   206.25 216.99
2020-06-14   206.55 217.32   206.53 217.29   344.04 354.81   205.98 216.75   211.57 222.34   205.30 216.07
2020-06-15   205.61 216.40   205.58 216.37   343.10 353.89   205.04 215.83   210.62 221.41   204.36 215.15
2020-06-16   204.66 215.47   204.63 215.44   342.14 352.96   204.09 214.90   209.67 220.49   203.41 214.22
2020-06-17   203.70 214.54   203.67 214.51   341.19 352.03   203.13 213.97   208.72 219.55   202.45 213.29
2020-06-18   202.74 213.60   202.71 213.58   340.23 351.09   202.17 213.03   207.75 218.62   201.49 212.35
2020-06-19   201.77 212.66   201.75 212.64   339.26 350.15   201.20 212.09   206.79 217.68   200.52 211.41
2020-06-20   200.80 211.72   200.78 211.69   338.29 349.20   200.23 211.15   205.82 216.73   199.55 210.47
2020-06-21   199.83 210.77   199.80 210.74   337.32 348.25   199.26 210.20   204.85 215.78   198.58 209.52
2020-06-22   198.85 209.81   198.83 209.79   336.34 347.30   198.28 209.24   203.87 214.83   197.60 208.56
2020-06-23   197.87 208.85   197.84 208.83   335.36 346.34   197.30 208.28   202.88 213.87   196.62 207.60
2020-06-24   196.88 207.89   196.85 207.87   334.37 345.38   196.31 207.32   201.90 212.91   195.63 206.64
2020-06-25   195.89 206.92   195.86 206.90   333.37 344.41   195.32 206.35   200.90 211.94   194.64 205.67
2020-06-26   194.89 205.95   194.86 205.93   332.38 343.44   194.32 205.38   199.91 210.97   193.64 204.70
2020-06-27   193.89 204.97   193.86 204.95   331.38 342.46   193.32 204.40   198.90 209.99   192.64 203.72
2020-06-28   192.88 203.99   192.86 203.97   330.37 341.48   192.31 203.42   197.90 209.01   191.63 202.74
2020-06-29   191.87 203.01   191.84 202.98   329.36 340.49   191.30 202.44   196.89 208.02   190.62 201.76
2020-06-30   190.85 202.02   190.83 201.99   328.34 339.50   190.28 201.45   195.87 207.03   189.60 200.76
2020-07-01   189.83 201.02   189.81 200.99   327.32 338.51   189.26 200.45   194.85 206.03   188.58 199.77
2020-07-02   188.81 200.02   188.78 199.99   326.30 337.51   188.24 199.45   193.83 205.03   187.56 198.77
2020-07-03   187.78 199.01   187.75 198.99   325.27 336.50   187.21 198.44   192.80 204.03   186.53 197.76
2020-07-04   186.75 198.00   186.72 197.98   324.23 335.49   186.18 197.43   191.76 203.02   185.50 196.75
2020-07-05   185.71 196.99   185.68 196.96   323.20 334.48   185.14 196.42   190.72 202.00   184.46 195.74
2020-07-06   184.67 195.97   184.64 195.94   322.16 333.46   184.10 195.40   189.68 200.99   183.42 194.72
2020-07-07   183.62 194.95   183.60 194.92   321.11 332.43   183.05 194.38   188.64 199.96   182.37 193.70
2020-07-08   182.57 193.92   182.54 193.89   320.06 331.41   182.00 193.35   187.59 198.93   181.32 192.67
2020-07-09   181.52 192.89   181.49 192.86   319.00 330.37   180.95 192.32   186.53 197.90   180.27 191.63
2020-07-10   180.46 191.85   180.43 191.82   317.95 329.34   179.89 191.28   185.47 196.86   179.21 190.60
2020-07-11   179.40 190.81   179.37 190.78   316.88 328.29   178.83 190.24   184.41 195.82   178.15 189.56
2020-07-12   178.33 189.76   178.31 189.74   315.82 327.25   177.76 189.19   183.35 194.78   177.08 188.51
2020-07-13   177.26 188.71   177.24 188.69   314.75 326.20   176.69 188.14   182.28 193.73   176.01 187.46
2020-07-14   176.19 187.66   176.16 187.63   313.68 325.15   175.62 187.09   181.21 192.67   174.94 186.41
2020-07-15   175.12 186.60   175.09 186.57   312.60 324.09   174.55 186.03   180.13 191.62   173.86 185.35
2020-07-16   174.04 185.54   174.01 185.51   311.52 323.03   173.47 184.97   179.05 190.56   172.79 184.29
2020-07-17   172.95 184.47   172.93 184.45   310.44 321.96   172.38 183.90   177.97 189.49   171.70 183.22
2020-07-18   171.87 183.41   171.84 183.38   309.36 320.89   171.30 182.84   176.89 188.42   170.62 182.16
2020-07-19   170.78 182.33   170.76 182.31   308.27 319.82   170.21 181.76   175.80 187.35   169.53 181.08
2020-07-20   169.69 181.26   169.67 181.23   307.18 318.75   169.12 180.69   174.71 186.27   168.44 180.01
2020-07-21   168.60 180.18   168.58 180.15   306.09 317.67   168.03 179.61   173.62 185.20   167.35 178.93
2020-07-22   167.51 179.10   167.48 179.07   305.00 316.59   166.94 178.53   172.52 184.12   166.26 177.85
2020-07-23   166.41 178.02   166.39 177.99   303.90 315.50   165.84 177.45   171.43 183.03   165.16 176.77
2020-07-24   165.32 176.93   165.29 176.90   302.80 314.42   164.75 176.36   170.33 181.94   164.07 175.68
2020-07-25   164.22 175.84   164.19 175.81   301.70 313.33   163.65 175.27   169.23 180.86   162.97 174.59
2020-07-26   163.12 174.75   163.09 174.72   300.60 312.24   162.55 174.18   168.13 179.76   161.87 173.50
2020-07-27   162.02 173.66   161.99 173.63   299.50 311.14   161.45 173.09   167.03 178.67   160.76 172.40
2020-07-28   160.91 172.56   160.89 172.53   298.40 310.05   160.34 171.99   165.93 177.57   159.66 171.31
2020-07-29   159.81 171.46   159.78 171.44   297.30 308.95   159.24 170.89   164.82 176.48   158.56 170.21
2020-07-30   158.71 170.36   158.68 170.34   296.19 307.85   158.14 169.79   163.72 175.38   157.46 169.11
2020-07-31   157.60 169.26   157.58 169.24   295.09 306.75   157.03 168.69   162.62 174.28   156.35 168.01
2020-08-01   156.50 168.16   156.47 168.14   293.99 305.65   155.93 167.59   161.51 173.18   155.25 166.91
2020-08-02   155.39 167.06   155.37 167.03   292.88 304.55   154.82 166.49   160.41 172.08   154.14 165.81
2020-08-03   154.29 165.96   154.26 165.93   291.78 303.44   153.72 165.39   159.30 170.97   153.04 164.71
2020-08-04   153.19 164.85   153.16 164.83   290.67 302.34   152.62 164.28   158.20 169.87   151.94 163.60
2020-08-05   152.08 163.75   152.06 163.72   289.57 301.24   151.51 163.18   157.10 168.76   150.83 162.50
2020-08-06   150.98 162.64   150.95 162.62   288.47 300.13   150.41 162.07   156.00 167.66   149.73 161.39
2020-08-07   149.88 161.54   149.85 161.51   287.37 299.03   149.31 160.97   154.90 166.56   148.63 160.29
2020-08-08   148.78 160.44   148.75 160.41   286.27 297.92   148.21 159.87   153.80 165.45   147.53 159.19
2020-08-09   147.68 159.33   147.66 159.31   285.17 296.82   147.11 158.76   152.70 164.35   146.43 158.08
2020-08-10   146.59 158.23   146.56 158.20   284.07 295.72   146.02 157.66   151.60 163.24   145.33 156.98
2020-08-11   145.49 157.13   145.46 157.10   282.98 294.61   144.92 156.56   150.51 162.14   144.24 155.88
2020-08-12   144.40 156.03   144.37 156.00   281.88 293.51   143.83 155.46   149.41 161.04   143.15 154.77
2020-08-13   143.31 154.93   143.28 154.90   280.79 292.41   142.74 154.36   148.32 159.94   142.05 153.67
2020-08-14   142.22 153.83   142.19 153.80   279.70 291.31   141.65 153.26   147.23 158.84   140.97 152.58
2020-08-15   141.13 152.73   141.10 152.70   278.62 290.22   140.56 152.16   146.15 157.74   139.88 151.48
2020-08-16   140.05 151.63   140.02 151.61   277.53 289.12   139.48 151.06   145.06 156.65   138.80 150.38
2020-08-17   138.97 150.54   138.94 150.51   276.45 288.03   138.40 149.97   143.98 155.55   137.71 149.29
2020-08-18   137.89 149.45   137.86 149.42   275.37 286.93   137.32 148.88   142.90 154.46   136.64 148.20
2020-08-19   136.81 148.36   136.79 148.33   274.30 285.84   136.24 147.79   141.83 153.37   135.56 147.11
2020-08-20   135.74 147.27   135.71 147.24   273.23 284.76   135.17 146.70   140.75 152.28   134.49 146.02
2020-08-21   134.67 146.18   134.64 146.16   272.16 283.67   134.10 145.61   139.69 151.20   133.42 144.93
2020-08-22   133.60 145.10   133.58 145.08   271.09 282.59   133.03 144.53   138.62 150.12   132.35 143.85
2020-08-23   132.54 144.02   132.52 144.00   270.03 281.51   131.97 143.45   137.56 149.04   131.29 142.77
2020-08-24   131.48 142.95   131.46 142.92   268.97 280.43   130.91 142.38   136.50 147.96   130.23 141.69
2020-08-25   130.43 141.87   130.40 141.84   267.92 279.36   129.86 141.30   135.44 146.89   129.18 140.62
2020-08-26   129.38 140.80   129.35 140.77   266.86 278.29   128.81 140.23   134.39 145.82   128.13 139.55
2020-08-27   128.33 139.73   128.30 139.71   265.82 277.22   127.76 139.16   133.35 144.75   127.08 138.48
2020-08-28   127.29 138.67   127.26 138.64   264.77 276.16   126.72 138.10   132.30 143.68   126.04 137.42
2020-08-29   126.25 137.61   126.22 137.58   263.73 275.10   125.68 137.04   131.26 142.62   125.00 136.36
2020-08-30   125.21 136.55   125.19 136.52   262.70 274.04   124.64 135.98   130.23 141.57   123.96 135.30
2020-08-31   124.18 135.50   124.15 135.47   261.67 272.99   123.61 134.93   129.20 140.51   122.93 134.25
2020-09-01   123.15 134.45   123.13 134.42   260.64 271.94   122.58 133.88   128.17 139.46   121.90 133.20
2020-09-02   122.13 133.40   122.10 133.38   259.62 270.89   121.56 132.83   127.15 138.42   120.88 132.15
2020-09-03   121.11 132.36   121.08 132.33   258.60 269.85   120.54 131.79   126.13 137.38   119.86 131.11
2020-09-04   120.10 131.32   120.07 131.30   257.58 268.81   119.53 130.75   125.11 136.34   118.85 130.07
2020-09-05   119.09 130.29   119.06 130.26   256.57 267.78   118.52 129.72   124.10 135.30   117.84 129.04
2020-09-06   118.08 129.26   118.05 129.23   255.57 266.75   117.51 128.69   123.10 134.27   116.83 128.01
2020-09-07   117.08 128.23   117.05 128.21   254.57 265.72   116.51 127.66   122.09 133.25   115.83 126.98
2020-09-08   116.08 127.21   116.05 127.18   253.57 264.70   115.51 126.64   121.10 132.22   114.83 125.96
2020-09-09   115.09 126.19   115.06 126.17   252.58 263.68   114.52 125.62   120.10 131.21   113.84 124.94
2020-09-10   114.10 125.18   114.07 125.15   251.59 262.67   113.53 124.61   119.11 130.19   112.85 123.93
2020-09-11   113.11 124.17   113.09 124.14   250.60 261.66   112.54 123.60   118.13 129.18   111.86 122.92
2020-09-12   112.13 123.16   112.11 123.14   249.62 260.65   111.56 122.59   117.15 128.18   110.88 121.91
2020-09-13   111.16 122.16   111.13 122.14   248.65 259.65   110.59 121.59   116.17 127.18   109.91 120.91
2020-09-14   110.19 121.17   110.16 121.14   247.67 258.65   109.62 120.60   115.20 126.18   108.94 119.92
2020-09-15   109.22 120.17   109.19 120.15   246.71 257.66   108.65 119.60   114.23 125.19   107.97 118.92
2020-09-16   108.26 119.19   108.23 119.16   245.74 256.67   107.69 118.62   113.27 124.20   107.01 117.93
2020-09-17   107.30 118.20   107.27 118.17   244.78 255.69   106.73 117.63   112.31 123.22   106.05 116.95
2020-09-18   106.34 117.22   106.31 117.19   243.83 254.71   105.77 116.65   111.36 122.24   105.09 115.97
2020-09-19   105.39 116.25   105.36 116.22   242.88 253.73   104.82 115.68   110.41 121.26   104.14 114.99
2020-09-20   104.44 115.27   104.42 115.25   241.93 252.76   103.87 114.70   109.46 120.29   103.19 114.02
2020-09-21   103.50 114.31   103.47 114.28   240.99 251.79   102.93 113.74   108.51 119.32   102.25 113.05
2020-09-22   102.56 113.34   102.53 113.32   240.05 250.83   101.99 112.77   107.57 118.36   101.31 112.09
2020-09-23   101.62 112.38   101.60 112.36   239.11 249.87   101.05 111.81   106.64 117.40   100.37 111.13
2020-09-24   100.69 111.43   100.66 111.40   238.18 248.91   100.12 110.86   105.71 116.44    99.44 110.18
2020-09-25    99.76 110.47    99.74 110.45   237.25 247.96    99.19 109.90   104.78 115.49    98.51 109.22
2020-09-26    98.84 109.53    98.81 109.50   236.33 247.01    98.27 108.96   103.85 114.54    97.59 108.28
2020-09-27    97.92 108.58    97.89 108.56   235.40 246.07    97.35 108.01   102.93 113.60    96.67 107.33
2020-09-28    97.00 107.64    96.97 107.62   234.48 245.13    96.43 107.07   102.01 112.66    95.75 106.39
2020-09-29    96.08 106.70    96.06 106.68   233.57 244.19    95.51 106.13   101.10 111.72    94.83 105.45
2020-09-30    95.17 105.77    95.14 105.74   232.66 243.26    94.60 105.20   100.19 110.79    93.92 104.52
2020-10-01    94.26 104.84    94.24 104.82   231.75 242.33    93.69 104.27    99.28 109.86    93.01 103.59
2020-10-02    93.36 103.92    93.33 103.89   230.84 241.40    92.79 103.35    98.37 108.93    92.11 102.66
2020-10-03    92.45 102.99    92.43 102.97   229.94 240.48    91.88 102.42    97.47 108.01    91.20 101.74
2020-10-04    91.55 102.07    91.53 102.05   229.04 239.56    90.98 101.50    96.57 107.09    90.30 100.82
2020-10-05    90.66 101.16    90.63 101.13   228.14 238.64    90.09 100.59    95.67 106.17    89.40  99.90
2020-10-06    89.76 100.24    89.73 100.22   227.25 237.73    89.19  99.67    94.78 105.26    88.51  98.99
2020-10-07    88.87  99.33    88.84  99.30   226.36 236.82    88.30  98.76    93.88 104.35    87.62  98.08
2020-10-08    87.98  98.42    87.95  98.40   225.47 235.91    87.41  97.85    92.99 103.44    86.73  97.17
2020-10-09    87.09  97.52    87.06  97.49   224.58 235.01    86.52  96.95    92.11 102.53    85.84  96.27
2020-10-10    86.20  96.62    86.18  96.59   223.69 234.10    85.63  96.05    91.22 101.63    84.95  95.36
2020-10-11    85.32  95.72    85.29  95.69   222.81 233.20    84.75  95.15    90.34 100.73    84.07  94.47
2020-10-12    84.44  94.82    84.41  94.79   221.93 232.31    83.87  94.25    89.45  99.83    83.19  93.57
2020-10-13    83.56  93.92    83.53  93.90   221.05 231.41    82.99  93.35    88.57  98.94    82.31  92.67
2020-10-14    82.68  93.03    82.65  93.00   220.17 230.52    82.11  92.46    87.70  98.05    81.43  91.78
2020-10-15    81.80  92.14    81.78  92.11   219.29 229.63    81.23  91.57    86.82  97.16    80.55  90.89
2020-10-16    80.93  91.25    80.90  91.23   218.42 228.74    80.36  90.68    85.94  96.27    79.68  90.00
2020-10-17    80.06  90.37    80.03  90.34   217.54 227.85    79.49  89.80    85.07  95.38    78.80  89.12
2020-10-18    79.18  89.48    79.16  89.46   216.67 226.97    78.61  88.91    84.20  94.50    77.93  88.23
2020-10-19    78.31  88.60    78.28  88.57   215.80 226.09    77.74  88.03    83.33  93.61    77.06  87.35
2020-10-20    77.44  87.72    77.41  87.69   214.93 225.21    76.87  87.15    82.46  92.73    76.19  86.47
2020-10-21    76.57  86.84    76.54  86.81   214.06 224.33    76.00  86.27    81.59  91.85    75.32  85.59
2020-10-22    75.70  85.96    75.68  85.93   213.19 223.45    75.13  85.39    80.72  90.98    74.45  84.71
2020-10-23    74.83  85.08    74.81  85.06   212.32 222.57    74.26  84.51    79.85  90.10    73.58  83.83
2020-10-24    73.97  84.21    73.94  84.18   211.45 221.69    73.40  83.64    78.98  89.22    72.71  82.96
2020-10-25    73.10  83.33    73.07  83.31   210.59 220.82    72.53  82.76    78.11  88.35    71.85  82.08
2020-10-26    72.23  82.46    72.20  82.43   209.72 219.95    71.66  81.89    77.25  87.47    70.98  81.21
2020-10-27    71.36  81.59    71.34  81.56   208.85 219.07    70.79  81.02    76.38  86.60    70.11  80.33
2020-10-28    70.50  80.71    70.47  80.69   207.98 218.20    69.93  80.14    75.51  85.73    69.25  79.46
2020-10-29    69.63  79.84    69.60  79.82   207.12 217.33    69.06  79.27    74.64  84.86    68.38  78.59
2020-10-30    68.76  78.97    68.74  78.94   206.25 216.46    68.19  78.40    73.78  83.99    67.51  77.72
2020-10-31    67.89  78.10    67.87  78.07   205.38 215.59    67.32  77.53    72.91  83.11    66.64  76.85
2020-11-01    67.03  77.23    67.00  77.20   204.51 214.72    66.46  76.66    72.04  82.24    65.77  75.98
2020-11-02    66.16  76.36    66.13  76.33   203.64 213.85    65.59  75.79    71.17  81.37    64.91  75.11
2020-11-03    65.29  75.49    65.26  75.46   202.77 212.97    64.72  74.92    70.30  80.50    64.04  74.24
2020-11-04    64.42  74.62    64.39  74.59   201.90 212.10    63.85  74.05    69.43  79.63    63.17  73.37
2020-11-05    63.54  73.74    63.52  73.72   201.03 211.23    62.97  73.17    68.56  78.76    62.29  72.49
2020-11-06    62.67  72.87    62.65  72.85   200.16 210.36    62.10  72.30    67.69  77.89    61.42  71.62
2020-11-07    61.80  72.00    61.77  71.97   199.28 209.49    61.23  71.43    66.81  77.02    60.55  70.75
2020-11-08    60.92  71.13    60.90  71.10   198.41 208.62    60.35  70.56    65.94  76.14    59.67  69.88
2020-11-09    60.04  70.25    60.02  70.23   197.53 207.74    59.47  69.68    65.06  75.27    58.79  69.00
2020-11-10    59.45  69.09    59.43  69.07   196.94 206.58    58.88  68.52    64.47  74.11    58.20  67.84
2020-11-11    58.87  67.92    58.85  67.89   196.36 205.40    58.30  67.35    63.89  72.93    57.62  66.66
2020-11-12    58.29  66.74    58.27  66.71   195.78 204.22    57.72  66.17    63.31  71.75    57.04  65.49
2020-11-13    57.71  65.56    57.69  65.53   195.20 203.04    57.14  64.99    62.73  70.57    56.46  64.31
2020-11-14    57.13  64.38    57.10  64.35   194.61 201.86    56.56  63.81    62.14  69.39    55.88  63.12

2021-04-22   254.46 261.69   254.44 261.67    31.95  39.18   253.89 261.12   259.48 266.71   253.21 260.44
2021-04-23   253.32 261.13   253.30 261.11    30.81  38.62   252.75 260.56   258.34 266.15   252.07 259.88
2021-04-24   252.18 260.57   252.16 260.55    29.67  38.06   251.61 260.00   257.20 265.59   250.93 259.32
2021-04-25   251.04 260.02   251.02 259.99    28.53  37.51   250.47 259.45   256.06 265.03   249.79 258.77
2021-04-26   249.90 259.46   249.88 259.44    27.39  36.95   249.33 258.89   254.92 264.48   248.65 258.21
2021-04-27   248.77 258.91   248.74 258.88    26.25  36.40   248.20 258.34   253.78 263.93   247.52 257.66
2021-04-28   247.89 258.10   247.86 258.07    25.38  35.59   247.32 257.53   252.91 263.11   246.64 256.85
2021-04-29   247.05 257.25   247.02 257.23    24.54  34.74   246.48 256.68   252.06 262.27   245.80 256.00
2021-04-30   246.21 256.41   246.18 256.38    23.69  33.90   245.64 255.84   251.22 261.42   244.96 255.16
2021-05-01   245.37 255.57   245.34 255.54    22.85  33.05   244.80 255.00   250.38 260.58   244.11 254.31
2021-05-02   244.52 254.72   244.50 254.70    22.01  32.21   243.95 254.15   249.54 259.74   243.27 253.47
2021-05-03   243.68 253.88   243.66 253.86    21.17  31.37   243.11 253.31   248.70 258.90   242.43 252.63
2021-05-04   242.84 253.04   242.81 253.01    20.33  30.53   242.27 252.47   247.86 258.06   241.59 251.79
2021-05-05   242.00 252.20   241.97 252.17    19.49  29.69   241.43 251.63   247.01 257.22   240.75 250.95
2021-05-06   241.16 251.36   241.13 251.33    18.64  28.85   240.59 250.79   246.17 256.38   239.90 250.11
2021-05-07   240.31 250.52   240.29 250.49    17.80  28.01   239.74 249.95   245.33 255.54   239.06 249.27
2021-05-08   239.47 249.68   239.44 249.65    16.96  27.17   238.90 249.11   244.48 254.69   238.22 248.43
2021-05-09   238.62 248.84   238.60 248.81    16.11  26.33   238.05 248.27   243.64 253.85   237.37 247.59
2021-05-10   237.78 248.00   237.75 247.97    15.27  25.49   237.21 247.43   242.79 253.01   236.53 246.75
2021-05-11   236.93 247.16   236.91 247.13    14.42  24.65   236.36 246.59   241.95 252.17   235.68 245.91
2021-05-12   236.09 246.32   236.06 246.29    13.57  23.80   235.52 245.75   241.10 251.33   234.84 245.07
2021-05-13   235.24 245.48   235.21 245.45    12.73  22.96   234.67 244.91   240.25 250.49   233.99 244.22
2021-05-14   234.39 244.63   234.36 244.61    11.88  22.12   233.82 244.06   239.40 249.65   233.14 243.38
2021-05-15   233.54 243.79   233.51 243.76    11.02  21.28   232.97 243.22   238.55 248.81   232.29 242.54
2021-05-16   232.68 242.95   232.66 242.92    10.17  20.43   232.11 242.38   237.70 247.96   231.43 241.70
2021-05-17   231.83 242.10   231.80 242.07     9.32  19.59   231.26 241.53   236.84 247.12   230.58 240.85
2021-05-18   230.97 241.25   230.95 241.23     8.46  18.74   230.40 240.68   235.99 246.27   229.72 240.00
2021-05-19   230.11 240.41   230.09 240.38     7.60  17.89   229.54 239.84   235.13 245.42   228.86 239.16
2021-05-20   229.25 239.56   229.23 239.53     6.74  17.05   228.68 238.99   234.27 244.57   228.00 238.31
2021-05-21   228.39 238.71   228.37 238.68     5.88  16.19   227.82 238.14   233.41 243.72   227.14 237.46
2021-05-22   227.53 237.86   227.50 237.83     5.01  15.34   226.96 237.29   232.54 242.87   226.28 236.60
2021-05-23   226.66 237.00   226.63 236.97     4.15  14.49   226.09 236.43   231.67 242.02   225.41 235.75
2021-05-24   225.79 236.15   225.76 236.12     3.28  13.63   225.22 235.58   230.81 241.16   224.54 234.89
2021-05-25   224.92 235.29   224.89 235.26     2.41  12.77   224.35 234.72   229.93 240.30   223.67 234.04
2021-05-26   224.04 234.43   224.02 234.40     1.53  11.91   223.47 233.86   229.06 239.44   222.79 233.18
2021-05-27   223.17 233.57   223.14 233.54     0.65  11.05   222.60 233.00   228.18 238.58   221.91 232.31
2021-05-28   222.28 232.70   222.26 232.67   359.77  10.19   221.71 232.13   227.30 237.72   221.03 231.45
2021-05-29   221.40 231.83   221.37 231.81   358.89   9.32   220.83 231.26   226.42 236.85   220.15 230.58
2021-05-30   220.51 230.96   220.49 230.94   358.00   8.45   219.94 230.39   225.53 235.98   219.26 229.71
2021-05-31   219.62 230.09   219.60 230.07   357.11   7.58   219.05 229.52   224.64 235.11   218.37 228.84
2021-06-01   218.73 229.22   218.71 229.19   356.22   6.70   218.16 228.65   223.75 234.23   217.48 227.97
2021-06-02   217.84 228.34   217.81 228.31   355.32   5.83   217.27 227.77   222.85 233.35   216.58 227.09
2021-06-03   216.94 227.46   216.91 227.43   354.42   4.95   216.37 226.89   221.95 232.47   215.68 226.21
2021-06-04   216.03 226.57   216.00 226.55   353.52   4.06   215.46 226.00   221.05 231.59   214.78 225.32
2021-06-05   215.12 225.69   215.10 225.66   352.61   3.17   214.55 225.12   220.14 230.70   213.87 224.44
2021-06-06   214.21 224.80   214.19 224.77   351.70   2.28   213.64 224.23   219.23 229.81   212.96 223.55
2021-06-07   213.30 223.90   213.27 223.88   350.79   1.39   212.73 223.33   218.31 228.92   212.05 222.65
2021-06-08   212.38 223.01   212.35 222.98   349.87   0.49   211.81 222.44   217.39 228.02   211.13 221.76
2021-06-09   211.46 222.11   211.43 222.08   348.94 359.59   210.89 221.54   216.47 227.12   210.21 220.85
2021-06-10   210.53 221.20   210.50 221.17   348.02 358.69   209.96 220.63   215.55 226.22   209.28 219.95
2021-06-11   209.60 220.29   209.57 220.27   347.09 357.78   209.03 219.72   214.61 225.31   208.35 219.04
2021-06-12   208.66 219.38   208.64 219.35   346.15 356.87   208.09 218.81   213.68 224.40   207.41 218.13
2021-06-13   207.73 218.46   207.70 218.44   345.21 355.95   207.16 217.89   212.74 223.48   206.47 217.21
2021-06-14   206.78 217.54   206.76 217.52   344.27 355.03   206.21 216.97   211.80 222.56   205.53 216.29
2021-06-15   205.83 216.62   205.81 216.59   343.32 354.11   205.26 216.05   210.85 221.64   204.58 215.37
2021-06-16   204.88 215.69   204.86 215.67   342.37 353.18   204.31 215.12   209.90 220.71   203.63 214.44
2021-06-17   203.93 214.76   203.90 214.73   341.41 352.25   203.36 214.19   208.94 219.77   202.67 213.51
2021-06-18   202.96 213.82   202.94 213.80   340.45 351.31   202.39 213.25   207.98 218.84   201.71 212.57
2021-06-19   202.00 212.88   201.97 212.85   339.49 350.37   201.43 212.31   207.01 217.90   200.75 211.63
2021-06-20   201.03 211.94   201.00 211.91   338.52 349.42   200.46 211.37   206.04 216.95   199.78 210.69
2021-06-21   200.05 210.99   200.03 210.96   337.54 348.47   199.48 210.42   205.07 216.00   198.80 209.74
2021-06-22   199.07 210.03   199.05 210.01   336.56 347.52   198.50 209.46   204.09 215.05   197.82 208.78
2021-06-23   198.09 209.07   198.06 209.05   335.58 346.56   197.52 208.50   203.11 214.09   196.84 207.82
2021-06-24   197.10 208.11   197.07 208.08   334.59 345.60   196.53 207.54   202.12 213.12   195.85 206.86
2021-06-25   196.11 207.14   196.08 207.11   333.60 344.63   195.54 206.57   201.12 212.16   194.86 205.89
2021-06-26   195.11 206.17   195.08 206.14   332.60 343.66   194.54 205.60   200.13 211.18   193.86 204.92
2021-06-27   194.11 205.19   194.08 205.16   331.60 342.68   193.54 204.62   199.12 210.21   192.86 203.94
2021-06-28   193.10 204.21   193.07 204.18   330.59 341.70   192.53 203.64   198.12 209.22   191.85 202.96
2021-06-29   192.09 203.22   192.06 203.20   329.58 340.71   191.52 202.65   197.10 208.24   190.84 201.97
2021-06-30   191.07 202.23   191.05 202.20   328.56 339.72   190.50 201.66   196.09 207.25   189.82 200.98
2021-07-01   190.05 201.23   190.03 201.21   327.54 338.72   189.48 200.66   195.07 206.25   188.80 199.98
2021-07-02   189.03 200.23   189.00 200.21   326.52 337.72   188.46 199.66   194.04 205.25   187.78 198.98
2021-07-03   188.00 199.23   187.97 199.20   325.49 336.71   187.43 198.66   193.01 204.24   186.75 197.98
2021-07-04   186.96 198.22   186.94 198.19   324.45 335.70   186.39 197.65   191.98 203.23   185.71 196.97
2021-07-05   185.93 197.20   185.90 197.18   323.41 334.69   185.36 196.63   190.94 202.22   184.68 195.95
2021-07-06   184.89 196.18   184.86 196.16   322.37 333.67   184.32 195.61   189.90 201.20   183.63 194.93
2021-07-07   183.84 195.16   183.81 195.13   321.33 332.65   183.27 194.59   188.85 200.18   182.59 193.91
2021-07-08   182.79 194.13   182.76 194.11   320.28 331.62   182.22 193.56   187.80 199.15   181.54 192.88
2021-07-09   181.73 193.10   181.71 193.07   319.22 330.59   181.16 192.53   186.75 198.11   180.48 191.85
2021-07-10   180.68 192.06   180.65 192.04   318.16 329.55   180.11 191.49   185.69 197.08   179.43 190.81
2021-07-11   179.62 191.02   179.59 191.00   317.10 328.51   179.05 190.45   184.63 196.04   178.36 189.77
2021-07-12   178.55 189.98   178.52 189.95   316.04 327.46   177.98 189.41   183.57 194.99   177.30 188.73
2021-07-13   177.48 188.93   177.46 188.90   314.97 326.42   176.91 188.36   182.50 193.94   176.23 187.68
2021-07-14   176.41 187.87   176.38 187.85   313.90 325.36   175.84 187.30   181.43 192.89   175.16 186.62
2021-07-15   175.34 186.82   175.31 186.79   312.82 324.31   174.77 186.25   180.35 191.83   174.08 185.57
2021-07-16   174.26 185.76   174.23 185.73   311.74 323.24   173.69 185.19   179.27 190.77   173.01 184.51
2021-07-17   173.18 184.69   173.15 184.67   310.66 322.18   172.61 184.12   178.19 189.71   171.93 183.44
2021-07-18   172.09 183.63   172.07 183.60   309.58 321.11   171.52 183.06   177.11 188.64   170.84 182.37
2021-07-19   171.01 182.55   170.98 182.53   308.49 320.04   170.44 181.98   176.02 187.57   169.76 181.30
2021-07-20   169.92 181.48   169.89 181.45   307.41 318.97   169.35 180.91   174.93 186.50   168.67 180.23
2021-07-21   168.83 180.40   168.80 180.38   306.32 317.89   168.26 179.83   173.84 185.42   167.58 179.15
2021-07-22   167.74 179.32   167.71 179.30   305.22 316.81   167.17 178.75   172.75 184.34   166.48 178.07
2021-07-23   166.64 178.24   166.61 178.21   304.13 315.73   166.07 177.67   171.66 183.26   165.39 176.99
2021-07-24   165.54 177.16   165.52 177.13   303.03 314.64   164.97 176.59   170.56 182.17   164.29 175.90
2021-07-25   164.45 176.07   164.42 176.04   301.93 313.55   163.88 175.50   169.46 181.08   163.20 174.82
2021-07-26   163.35 174.98   163.32 174.95   300.84 312.46   162.78 174.41   168.36 179.99   162.10 173.73
2021-07-27   162.25 173.89   162.22 173.86   299.74 311.37   161.68 173.32   167.26 178.90   161.00 172.63
2021-07-28   161.15 172.79   161.12 172.77   298.63 310.28   160.58 172.22   166.16 177.81   159.90 171.54
2021-07-29   160.05 171.70   160.02 171.67   297.53 309.18   159.48 171.13   165.06 176.71   158.79 170.45
2021-07-30   158.94 170.60   158.92 170.57   296.43 308.09   158.37 170.03   163.96 175.61   157.69 169.35
2021-07-31   157.84 169.50   157.81 169.47   295.33 306.99   157.27 168.93   162.86 174.52   156.59 168.25
2021-08-01   156.74 168.40   156.71 168.37   294.23 305.89   156.17 167.83   161.75 173.42   155.49 167.15
2021-08-02   155.64 167.30   155.61 167.27   293.12 304.79   155.07 166.73   160.65 172.32   154.38 166.05
2021-08-03   154.53 166.20   154.51 166.17   292.02 303.69   153.96 165.63   159.55 171.21   153.28 164.95
2021-08-04   153.43 165.10   153.40 165.07   290.92 302.58   152.86 164.53   158.45 170.11   152.18 163.85
2021-08-05   152.33 163.99   152.30 163.97   289.82 301.48   151.76 163.42   157.35 169.01   151.08 162.74
2021-08-06   151.23 162.89   151.20 162.87   288.72 300.38   150.66 162.32   156.24 167.91   149.98 161.64
2021-08-07   150.13 161.79   150.10 161.76   287.62 299.28   149.56 161.22   155.15 166.80   148.88 160.54
2021-08-08   149.03 160.69   149.01 160.66   286.52 298.17   148.46 160.12   154.05 165.70   147.78 159.44
2021-08-09   147.94 159.59   147.91 159.56   285.42 297.07   147.37 159.02   152.95 164.60   146.68 158.33
2021-08-10   146.84 158.48   146.81 158.46   284.33 295.97   146.27 157.91   151.86 163.50   145.59 157.23
2021-08-11   145.75 157.38   145.72 157.36   283.23 294.87   145.18 156.81   150.76 162.40   144.50 156.13
2021-08-12   144.65 156.28   144.63 156.26   282.14 293.77   144.08 155.71   149.67 161.30   143.40 155.03
2021-08-13   143.56 155.18   143.54 155.16   281.05 292.67   142.99 154.61   148.58 160.20   142.31 153.93
2021-08-14   142.48 154.09   142.45 154.06   279.96 291.57   141.91 153.52   147.49 159.10   141.23 152.84
2021-08-15   141.39 152.99   141.37 152.97   278.88 290.48   140.82 152.42   146.41 158.01   140.14 151.74
2021-08-16   140.31 151.90   140.28 151.87   277.80 289.38   139.74 151.33   145.33 156.91   139.06 150.65
2021-08-17   139.23 150.80   139.20 150.78   276.72 288.29   138.66 150.23   144.25 155.82   137.98 149.55
2021-08-18   138.15 149.71   138.13 149.69   275.64 287.20   137.58 149.14   143.17 154.73   136.90 148.46
2021-08-19   137.08 148.63   137.05 148.60   274.57 286.11   136.51 148.06   142.09 153.64   135.83 147.38
2021-08-20   136.01 147.54   135.98 147.51   273.50 285.03   135.44 146.97   141.02 152.55   134.76 146.29
2021-08-21   134.94 146.46   134.91 146.43   272.43 283.94   134.37 145.89   139.96 151.47   133.69 145.21
2021-08-22   133.88 145.37   133.85 145.35   271.36 282.86   133.31 144.80   138.89 150.39   132.62 144.12
2021-08-23   132.81 144.30   132.79 144.27   270.30 281.78   132.24 143.73   137.83 149.31   131.56 143.05
2021-08-24   131.76 143.22   131.73 143.19   269.24 280.71   131.19 142.65   136.77 148.24   130.51 141.97
2021-08-25   130.70 142.15   130.68 142.12   268.19 279.64   130.13 141.58   135.72 147.16   129.45 140.90
2021-08-26   129.65 141.08   129.63 141.05   267.14 278.57   129.08 140.51   134.67 146.09   128.40 139.83
2021-08-27   128.61 140.01   128.58 139.99   266.09 277.50   128.04 139.44   133.62 145.03   127.36 138.76
2021-08-28   127.56 138.95   127.54 138.92   265.05 276.44   126.99 138.38   132.58 143.96   126.31 137.70
2021-08-29   126.52 137.89   126.50 137.86   264.01 275.38   125.95 137.32   131.54 142.90   125.27 136.64
2021-08-30   125.49 136.83   125.46 136.81   262.98 274.32   124.92 136.26   130.51 141.85   124.24 135.58
2021-08-31   124.46 135.78   124.43 135.75   261.95 273.27   123.89 135.21   129.47 140.80   123.21 134.53
2021-09-01   123.43 134.73   123.41 134.71   260.92 272.22   122.86 134.16   128.45 139.75   122.18 133.48
2021-09-02   122.41 133.69   122.38 133.66   259.90 271.17   121.84 133.12   127.43 138.70   121.16 132.44
2021-09-03   121.39 132.65   121.37 132.62   258.88 270.13   120.82 132.08   126.41 137.66   120.14 131.39
2021-09-04   120.38 131.61   120.35 131.58   257.87 269.10   119.81 131.04   125.39 136.62   119.13 130.36
2021-09-05   119.37 130.57   119.34 130.55   256.86 268.06   118.80 130.00   124.38 135.59   118.12 129.32
2021-09-06   118.36 129.54   118.34 129.52   255.85 267.03   117.79 128.97   123.38 134.56   117.11 128.29
2021-09-07   117.36 128.52   117.33 128.49   254.85 266.01   116.79 127.95   122.38 133.53   116.11 127.27
2021-09-08   116.36 127.50   116.34 127.47   253.85 264.99   115.79 126.93   121.38 132.51   115.11 126.25
2021-09-09   115.37 126.48   115.34 126.45   252.86 263.97   114.80 125.91   120.39 131.50   114.12 125.23
2021-09-10   114.38 125.47   114.36 125.44   251.87 262.95   113.81 124.90   119.40 130.48   113.13 124.22
2021-09-11   113.40 124.46   113.37 124.43   250.89 261.95   112.83 123.89   118.41 129.47   112.15 123.21
2021-09-12   112.42 123.45   112.39 123.43   249.91 260.94   111.85 122.88   117.43 128.47   111.17 122.20
2021-09-13   111.44 122.45   111.42 122.43   248.93 259.94   110.87 121.88   116.46 127.47   110.19 121.20
2021-09-14   110.47 121.46   110.44 121.43   247.96 258.94   109.90 120.89   115.49 126.47   109.22 120.20
2021-09-15   109.50 120.46   109.48 120.44   246.99 257.95   108.93 119.89   114.52 125.48   108.25 119.21
2021-09-16   108.54 119.47   108.51 119.45   246.03 256.96   107.97 118.90   113.56 124.49   107.29 118.22
2021-09-17   107.58 118.49   107.55 118.46   245.07 255.98   107.01 117.92   112.60 123.51   106.33 117.24
2021-09-18   106.62 117.51   106.60 117.48   244.11 255.00   106.05 116.94   111.64 122.53   105.37 116.26
2021-09-19   105.67 116.53   105.65 116.51   243.16 254.02   105.10 115.96   110.69 121.55   104.42 115.28
2021-09-20   104.73 115.56   104.70 115.54   242.21 253.05   104.16 114.99   109.74 120.58   103.48 114.31
2021-09-21   103.78 114.59   103.76 114.57   241.27 252.08   103.21 114.02   108.80 119.61   102.53 113.34
2021-09-22   102.84 113.63   102.82 113.60   240.33 251.12   102.27 113.06   107.86 118.65   101.59 112.38
2021-09-23   101.91 112.67   101.88 112.64   239.39 250.16   101.34 112.10   106.92 117.69   100.66 111.42
2021-09-24   100.97 111.71   100.95 111.69   238.46 249.20   100.40 111.14   105.99 116.73    99.72 110.46
2021-09-25   100.04 110.76   100.02 110.74   237.53 248.25    99.47 110.19   105.06 115.78    98.79 109.51
2021-09-26    99.12 109.81    99.09 109.79   236.61 247.30    98.55 109.24   104.13 114.83    97.87 108.56
2021-09-27    98.20 108.87    98.17 108.84   235.68 246.36    97.63 108.30   103.21 113.88    96.95 107.62
2021-09-28    97.28 107.93    97.25 107.90   234.77 245.42    96.71 107.36   102.29 112.94    96.03 106.68
2021-09-29    96.36 106.99    96.34 106.96   233.85 244.48    95.79 106.42   101.38 112.01    95.11 105.74
2021-09-30    95.45 106.06    95.42 106.03   232.94 243.54    94.88 105.49   100.47 111.07    94.20 104.81
2021-10-01    94.54 105.13    94.51 105.10   232.03 242.61    93.97 104.56    99.56 110.14    93.29 103.88
2021-10-02    93.63 104.20    93.61 104.17   231.12 241.69    93.06 103.63    98.65 109.21    92.38 102.95
2021-10-03    92.73 103.27    92.70 103.25   230.22 240.76    92.16 102.70    97.75 108.29    91.48 102.02
2021-10-04    91.83 102.35    91.80 102.33   229.32 239.84    91.26 101.78    96.84 107.37    90.58 101.10
2021-10-05    90.93 101.44    90.90 101.41   228.42 238.92    90.36 100.87    95.95 106.45    89.68 100.19
2021-10-06    90.04 100.52    90.01 100.50   227.52 238.01    89.47  99.95    95.05 105.54    88.78  99.27
2021-10-07    89.14  99.61    89.12  99.58   226.63 237.10    88.57  99.04    94.16 104.63    87.89  98.36
2021-10-08    88.25  98.70    88.23  98.68   225.74 236.19    87.68  98.13    93.27 103.72    87.00  97.45
2021-10-09    87.36  97.80    87.34  97.77   224.85 235.28    86.79  97.23    92.38 102.81    86.11  96.55
2021-10-10    86.48  96.89    86.45  96.87   223.96 234.38    85.91  96.32    91.49 101.91    85.23  95.64
2021-10-11    85.59  95.99    85.57  95.97   223.08 233.48    85.02  95.42    90.61 101.01    84.34  94.74
2021-10-12    84.71  95.09    84.68  95.07   222.20 232.58    84.14  94.52    89.72 100.11    83.46  93.84
2021-10-13    83.83  94.20    83.80  94.17   221.32 231.69    83.26  93.63    88.84  99.21    82.58  92.95
2021-10-14    82.95  93.30    82.92  93.28   220.44 230.79    82.38  92.73    87.97  98.32    81.70  92.05
2021-10-15    82.07  92.41    82.05  92.39   219.56 229.90    81.50  91.84    87.09  97.43    80.82  91.16
2021-10-16    81.20  91.52    81.17  91.50   218.68 229.01    80.63  90.95    86.21  96.54    79.95  90.27
2021-10-17    80.32  90.64    80.30  90.61   217.81 228.12    79.75  90.07    85.34  95.65    79.07  89.39
2021-10-18    79.45  89.75    79.42  89.72   216.94 227.24    78.88  89.18    84.46  94.77    78.20  88.50
2021-10-19    78.58  88.87    78.55  88.84   216.06 226.35    78.01  88.30    83.59  93.88    77.32  87.62
2021-10-20    77.70  87.98    77.68  87.96   215.19 225.47    77.13  87.41    82.72  93.00    76.45  86.73
2021-10-21    76.83  87.10    76.81  87.08   214.32 224.59    76.26  86.53    81.85  92.12    75.58  85.85
2021-10-22    75.96  86.22    75.94  86.20   213.45 223.71    75.39  85.65    80.98  91.24    74.71  84.97
2021-10-23    75.09  85.35    75.07  85.32   212.58 222.83    74.52  84.78    80.11  90.36    73.84  84.10
2021-10-24    74.23  84.47    74.20  84.44   211.71 221.96    73.66  83.90    79.24  89.48    72.97  83.22
2021-10-25    73.36  83.59    73.33  83.57   210.84 221.08    72.79  83.02    78.37  88.61    72.11  82.34
2021-10-26    72.49  82.72    72.46  82.69   209.98 220.21    71.92  82.15    77.50  87.73    71.24  81.47
2021-10-27    71.62  81.84    71.59  81.82   209.11 219.33    71.05  81.27    76.64  86.86    70.37  80.59
2021-10-28    70.75  80.97    70.73  80.94   208.24 218.46    70.18  80.40    75.77  85.99    69.50  79.72
2021-10-29    69.88  80.10    69.86  80.07   207.37 217.59    69.31  79.53    74.90  85.11    68.63  78.85
2021-10-30    69.02  79.23    68.99  79.20   206.50 216.71    68.45  78.66    74.03  84.24    67.77  77.97
2021-10-31    68.15  78.35    68.12  78.33   205.63 215.84    67.58  77.78    73.16  83.37    66.90  77.10
2021-11-01    67.28  77.48    67.25  77.45   204.77 214.97    66.71  76.91    72.29  82.50    66.03  76.23
2021-11-02    66.41  76.61    66.38  76.58   203.90 214.10    65.84  76.04    71.42  81.62    65.16  75.36
2021-11-03    65.54  75.74    65.51  75.71   203.02 213.22    64.97  75.17    70.55  80.75    64.29  74.49
2021-11-04    64.67  74.87    64.64  74.84   202.15 212.35    64.10  74.30    69.68  79.88    63.41  73.61
2021-11-05    63.79  73.99    63.77  73.97   201.28 211.48    63.22  73.42    68.81  79.01    62.54  72.74
2021-11-06    62.92  73.12    62.89  73.09   200.41 210.61    62.35  72.55    67.93  78.14    61.67  71.87
2021-11-07    62.04  72.25    62.02  72.22   199.53 209.73    61.47  71.68    67.06  77.26    60.79  71.00
2021-11-08    61.17  71.37    61.14  71.35   198.65 208.86    60.60  70.80    66.18  76.39    59.92  70.12
2021-11-09    60.29  70.50    60.26  70.47   197.78 207.99    59.72  69.93    65.30  75.51    59.04  69.25
2021-11-10    59.61  69.43    59.58  69.40   197.09 206.91    59.04  68.86    64.62  74.44    58.35  68.18
2021-11-11    59.03  68.25    59.00  68.22   196.51 205.74    58.46  67.68    64.04  73.26    57.78  67.00
2021-11-12    58.45  67.07    58.42  67.04   195.93 204.55    57.88  66.50    63.46  72.08    57.19  65.82
2021-11-13    57.86  65.89    57.84  65.86   195.35 203.37    57.29  65.32    62.88  70.90    56.61  64.64
2021-11-14    57.28  64.70    57.25  64.68   194.76 202.19    56.71  64.13    62.29  69.72    56.03  63.45
2021-11-15    56.69  63.52    56.66  63.49   194.18 201.01    56.12  62.95    61.70  68.53    55.44  62.27

2022-04-22   254.80 261.86   254.78 261.84    32.29  39.35   254.23 261.29   259.82 266.88   253.55 260.61
2022-04-23   253.66 261.30   253.64 261.28    31.15  38.79   253.09 260.73   258.68 266.32   252.41 260.05
2022-04-24   252.52 260.74   252.49 260.72    30.01  38.23   251.95 260.17   257.54 265.76   251.27 259.49
2022-04-25   251.38 260.19   251.35 260.16    28.87  37.67   250.81 259.62   256.40 265.20   250.13 258.94
2022-04-26   250.24 259.63   250.21 259.61    27.73  37.12   249.67 259.06   255.26 264.65   248.99 258.38
2022-04-27   249.10 259.08   249.07 259.05    26.59  36.57   248.53 258.51   254.12 264.09   247.85 257.83
2022-04-28   248.14 258.35   248.11 258.32    25.63  35.84   247.57 257.78   253.16 263.36   246.89 257.10
2022-04-29   247.30 257.50   247.27 257.48    24.78  34.99   246.73 256.93   252.31 262.52   246.05 256.25
2022-04-30   246.45 256.66   246.43 256.63    23.94  34.14   245.88 256.09   251.47 261.67   245.20 255.41
2022-05-01   245.61 255.81   245.59 255.79    23.10  33.30   245.04 255.24   250.63 260.83   244.36 254.56
2022-05-02   244.77 254.97   244.74 254.94    22.26  32.46   244.20 254.40   249.78 259.98   243.52 253.72
2022-05-03   243.93 254.13   243.90 254.10    21.41  31.61   243.36 253.56   248.94 259.14   242.68 252.88
2022-05-04   243.08 253.28   243.06 253.26    20.57  30.77   242.51 252.71   248.10 258.30   241.83 252.03
2022-05-05   242.24 252.44   242.21 252.42    19.73  29.93   241.67 251.87   247.26 257.46   240.99 251.19
2022-05-06   241.40 251.60   241.37 251.58    18.89  29.09   240.83 251.03   246.41 256.62   240.15 250.35
2022-05-07   240.55 250.76   240.53 250.73    18.04  28.25   239.98 250.19   245.57 255.78   239.30 249.51
2022-05-08   239.71 249.92   239.68 249.89    17.20  27.41   239.14 249.35   244.73 254.93   238.46 248.67
2022-05-09   238.86 249.08   238.84 249.05    16.35  26.57   238.29 248.51   243.88 254.09   237.61 247.83
2022-05-10   238.02 248.24   237.99 248.21    15.51  25.72   237.45 247.67   243.03 253.25   236.77 246.99
2022-05-11   237.17 247.40   237.15 247.37    14.66  24.88   236.60 246.83   242.19 252.41   235.92 246.14
2022-05-12   236.32 246.55   236.30 246.53    13.81  24.04   235.75 245.98   241.34 251.57   235.07 245.30
2022-05-13   235.47 245.71   235.45 245.68    12.96  23.20   234.90 245.14   240.49 250.73   234.22 244.46
2022-05-14   234.62 244.87   234.60 244.84    12.11  22.35   234.05 244.30   239.64 249.88   233.37 243.62
2022-05-15   233.77 244.02   233.74 244.00    11.26  21.51   233.20 243.45   238.79 249.04   232.52 242.77
2022-05-16   232.92 243.18   232.89 243.15    10.41  20.67   232.35 242.61   237.93 248.19   231.67 241.93
2022-05-17   232.06 242.33   232.04 242.31     9.55  19.82   231.49 241.76   237.08 247.35   230.81 241.08
2022-05-18   231.20 241.48   231.18 241.46     8.69  18.97   230.63 240.91   236.22 246.50   229.95 240.23
2022-05-19   230.35 240.64   230.32 240.61     7.83  18.12   229.78 240.07   235.36 245.65   229.10 239.38
2022-05-20   229.48 239.79   229.46 239.76     6.97  17.27   228.91 239.22   234.50 244.80   228.23 238.53
2022-05-21   228.62 238.93   228.59 238.91     6.11  16.42   228.05 238.36   233.64 243.95   227.37 237.68
2022-05-22   227.76 238.08   227.73 238.05     5.24  15.57   227.19 237.51   232.77 243.10   226.50 236.83
2022-05-23   226.89 237.23   226.86 237.20     4.38  14.71   226.32 236.66   231.90 242.24   225.64 235.98
2022-05-24   226.02 236.37   225.99 236.34     3.50  13.86   225.45 235.80   231.03 241.38   224.77 235.12
2022-05-25   225.14 235.51   225.12 235.48     2.63  13.00   224.57 234.94   230.16 240.53   223.89 234.26
2022-05-26   224.27 234.65   224.24 234.62     1.76  12.14   223.70 234.08   229.28 239.66   223.02 233.40
2022-05-27   223.39 233.79   223.36 233.76     0.88  11.27   222.82 233.22   228.41 238.80   222.14 232.54
2022-05-28   222.51 232.92   222.48 232.89   360.00  10.41   221.94 232.35   227.52 237.94   221.26 231.67
2022-05-29   221.62 232.05   221.60 232.03   359.11   9.54   221.05 231.48   226.64 237.07   220.37 230.80
2022-05-30   220.74 231.18   220.71 231.16   358.22   8.67   220.17 230.61   225.75 236.20   219.49 229.93
2022-05-31   219.85 230.31   219.82 230.28   357.33   7.80   219.28 229.74   224.86 235.32   218.60 229.06
2022-06-01   218.95 229.43   218.93 229.41   356.44   6.92   218.38 228.86   223.97 234.45   217.70 228.18
2022-06-02   218.05 228.56   218.03 228.53   355.54   6.04   217.48 227.99   223.07 233.57   216.80 227.30
2022-06-03   217.15 227.67   217.13 227.65   354.64   5.16   216.58 227.10   222.17 232.69   215.90 226.42
2022-06-04   216.25 226.79   216.22 226.76   353.74   4.28   215.68 226.22   221.26 231.80   215.00 225.54
2022-06-05   215.34 225.90   215.31 225.87   352.83   3.39   214.77 225.33   220.36 230.92   214.09 224.65
2022-06-06   214.43 225.01   214.40 224.98   351.92   2.50   213.86 224.44   219.44 230.02   213.18 223.76
2022-06-07   213.51 224.11   213.49 224.09   351.00   1.60   212.94 223.54   218.53 229.13   212.26 222.86
2022-06-08   212.59 223.22   212.57 223.19   350.08   0.70   212.02 222.65   217.61 228.23   211.34 221.97
2022-06-09   211.67 222.31   211.64 222.29   349.16 359.80   211.10 221.74   216.69 227.33   210.42 221.06
2022-06-10   210.74 221.41   210.72 221.38   348.23 358.90   210.17 220.84   215.76 226.42   209.49 220.16
2022-06-11   209.81 220.50   209.79 220.47   347.30 357.99   209.24 219.93   214.83 225.52   208.56 219.25
2022-06-12   208.88 219.59   208.85 219.56   346.36 357.08   208.31 219.02   213.89 224.60   207.63 218.34
2022-06-13   207.94 218.67   207.91 218.64   345.42 356.16   207.37 218.10   212.95 223.69   206.69 217.42
2022-06-14   206.99 217.75   206.97 217.72   344.48 355.24   206.42 217.18   212.01 222.77   205.74 216.50
2022-06-15   206.04 216.83   206.02 216.80   343.53 354.31   205.47 216.26   211.06 221.84   204.79 215.57
2022-06-16   205.09 215.90   205.06 215.87   342.58 353.38   204.52 215.33   210.11 220.91   203.84 214.65
2022-06-17   204.13 214.96   204.11 214.94   341.62 352.45   203.56 214.39   209.15 219.98   202.88 213.71
2022-06-18   203.17 214.03   203.14 214.00   340.66 351.51   202.60 213.46   208.19 219.04   201.92 212.77
2022-06-19   202.20 213.08   202.18 213.06   339.69 350.57   201.63 212.51   207.22 218.10   200.95 211.83
2022-06-20   201.23 212.14   201.21 212.11   338.72 349.62   200.66 211.57   206.25 217.15   199.98 210.89
2022-06-21   200.26 211.19   200.23 211.16   337.75 348.67   199.69 210.62   205.27 216.20   199.01 209.94
2022-06-22   199.28 210.23   199.25 210.21   336.77 347.72   198.71 209.66   204.29 215.25   198.03 208.98
2022-06-23   198.29 209.27   198.27 209.25   335.78 346.76   197.72 208.70   203.31 214.29   197.04 208.02
2022-06-24   197.30 208.31   197.28 208.28   334.79 345.80   196.73 207.74   202.32 213.32   196.05 207.06
2022-06-25   196.31 207.34   196.28 207.31   333.80 344.83   195.74 206.77   201.33 212.35   195.06 206.09
2022-06-26   195.31 206.37   195.29 206.34   332.80 343.85   194.74 205.80   200.33 211.38   194.06 205.12
2022-06-27   194.31 205.39   194.28 205.36   331.80 342.88   193.74 204.82   199.33 210.40   193.06 204.14
2022-06-28   193.30 204.41   193.28 204.38   330.79 341.89   192.73 203.84   198.32 209.42   192.05 203.16
2022-06-29   192.29 203.42   192.26 203.39   329.78 340.91   191.72 202.85   197.31 208.43   191.04 202.17
2022-06-30   191.27 202.43   191.25 202.40   328.76 339.91   190.70 201.86   196.29 207.44   190.02 201.18
2022-07-01   190.25 201.43   190.23 201.40   327.74 338.92   189.68 200.86   195.27 206.45   189.00 200.18
2022-07-02   189.23 200.43   189.20 200.40   326.72 337.92   188.66 199.86   194.24 205.45   187.98 199.18
2022-07-03   188.20 199.43   188.17 199.40   325.69 336.91   187.63 198.86   193.22 204.44   186.95 198.17
2022-07-04   187.17 198.42   187.14 198.39   324.65 335.90   186.60 197.85   192.18 203.43   185.92 197.16
2022-07-05   186.13 197.40   186.10 197.37   323.62 334.89   185.56 196.83   191.14 202.42   184.88 196.15
2022-07-06   185.09 196.38   185.06 196.36   322.57 333.87   184.52 195.81   190.10 201.40   183.84 195.13
2022-07-07   184.04 195.36   184.01 195.33   321.53 332.85   183.47 194.79   189.06 200.37   182.79 194.11
2022-07-08   182.99 194.33   182.96 194.30   320.48 331.82   182.42 193.76   188.01 199.35   181.74 193.08
2022-07-09   181.94 193.30   181.91 193.27   319.43 330.79   181.37 192.73   186.95 198.31   180.69 192.05
2022-07-10   180.88 192.26   180.85 192.24   318.37 329.75   180.31 191.69   185.90 197.28   179.63 191.01
2022-07-11   179.82 191.22   179.79 191.20   317.31 328.71   179.25 190.65   184.84 196.24   178.57 189.97
2022-07-12   178.76 190.18   178.73 190.15   316.24 327.67   178.19 189.61   183.77 195.19   177.51 188.93
2022-07-13   177.69 189.13   177.66 189.10   315.18 326.62   177.12 188.56   182.70 194.15   176.44 187.88
2022-07-14   176.62 188.08   176.59 188.05   314.10 325.57   176.05 187.51   181.63 193.09   175.37 186.83
2022-07-15   175.54 187.02   175.52 187.00   313.03 324.51   174.97 186.45   180.56 192.04   174.29 185.77
2022-07-16   174.47 185.96   174.44 185.94   311.95 323.45   173.90 185.39   179.48 190.98   173.22 184.71
2022-07-17   173.39 184.90   173.36 184.87   310.87 322.39   172.82 184.33   178.40 189.92   172.14 183.65
2022-07-18   172.31 183.83   172.28 183.81   309.79 321.32   171.74 183.26   177.32 188.85   171.05 182.58
2022-07-19   171.22 182.77   171.19 182.74   308.71 320.25   170.65 182.20   176.24 187.78   169.97 181.51
2022-07-20   170.13 181.69   170.11 181.67   307.62 319.18   169.56 181.12   175.15 186.71   168.88 180.44
2022-07-21   169.04 180.62   169.02 180.59   306.53 318.10   168.47 180.05   174.06 185.63   167.79 179.37
2022-07-22   167.95 179.54   167.93 179.51   305.44 317.03   167.38 178.97   172.97 184.55   166.70 178.29
2022-07-23   166.86 178.46   166.83 178.43   304.35 315.95   166.29 177.89   171.88 183.47   165.61 177.21
2022-07-24   165.77 177.37   165.74 177.35   303.25 314.86   165.20 176.80   170.78 182.39   164.52 176.12
2022-07-25   164.67 176.29   164.64 176.26   302.16 313.78   164.10 175.72   169.69 181.30   163.42 175.04
2022-07-26   163.57 175.20   163.55 175.17   301.06 312.69   163.00 174.63   168.59 180.22   162.32 173.95
2022-07-27   162.48 174.11   162.45 174.08   299.96 311.60   161.91 173.54   167.49 179.13   161.22 172.86
2022-07-28   161.38 173.02   161.35 172.99   298.86 310.51   160.81 172.45   166.39 178.03   160.13 171.77
2022-07-29   160.28 171.92   160.25 171.90   297.76 309.41   159.71 171.35   165.29 176.94   159.03 170.67
2022-07-30   159.18 170.83   159.15 170.80   296.66 308.32   158.61 170.26   164.19 175.84   157.93 169.58
2022-07-31   158.08 169.73   158.05 169.71   295.56 307.22   157.51 169.16   163.09 174.75   156.83 168.48
2022-08-01   156.98 168.64   156.95 168.61   294.46 306.12   156.41 168.07   161.99 173.65   155.72 167.39
2022-08-02   155.87 167.54   155.85 167.51   293.36 305.02   155.30 166.97   160.89 172.55   154.62 166.29
2022-08-03   154.77 166.44   154.75 166.41   292.26 303.93   154.20 165.87   159.79 171.45   153.52 165.19
2022-08-04   153.67 165.34   153.65 165.31   291.16 302.83   153.10 164.77   158.69 170.35   152.42 164.09
2022-08-05   152.58 164.24   152.55 164.21   290.06 301.73   152.01 163.67   157.59 169.25   151.32 162.99
2022-08-06   151.48 163.14   151.45 163.11   288.96 300.63   150.91 162.57   156.49 168.15   150.23 161.89
2022-08-07   150.38 162.04   150.35 162.01   287.87 299.52   149.81 161.47   155.39 167.05   149.13 160.79
2022-08-08   149.28 160.94   149.26 160.91   286.77 298.42   148.71 160.37   154.30 165.95   148.03 159.69
2022-08-09   148.19 159.84   148.16 159.81   285.68 297.32   147.62 159.27   153.20 164.85   146.94 158.59
2022-08-10   147.09 158.74   147.07 158.71   284.58 296.23   146.52 158.17   152.11 163.75   145.84 157.49
2022-08-11   146.00 157.64   145.98 157.61   283.49 295.13   145.43 157.07   151.02 162.65   144.75 156.39
2022-08-12   144.91 156.54   144.89 156.52   282.40 294.03   144.34 155.97   149.93 161.56   143.66 155.29
2022-08-13   143.82 155.44   143.80 155.42   281.31 292.93   143.25 154.87   148.84 160.46   142.57 154.19
2022-08-14   142.74 154.35   142.71 154.32   280.23 291.84   142.17 153.78   147.75 159.36   141.49 153.10
2022-08-15   141.66 153.26   141.63 153.23   279.14 290.74   141.09 152.69   146.67 158.27   140.41 152.00
2022-08-16   140.57 152.16   140.55 152.14   278.06 289.65   140.00 151.59   145.59 157.18   139.32 150.91
2022-08-17   139.50 151.07   139.47 151.05   276.98 288.56   138.93 150.50   144.51 156.09   138.25 149.82
2022-08-18   138.42 149.98   138.39 149.96   275.91 287.47   137.85 149.41   143.44 155.00   137.17 148.73
2022-08-19   137.35 148.90   137.32 148.87   274.84 286.38   136.78 148.33   142.36 153.91   136.10 147.65
2022-08-20   136.28 147.81   136.25 147.79   273.77 285.30   135.71 147.24   141.29 152.83   135.03 146.56
2022-08-21   135.21 146.73   135.19 146.70   272.70 284.22   134.64 146.16   140.23 151.75   133.96 145.48
2022-08-22   134.15 145.65   134.12 145.62   271.64 283.14   133.58 145.08   139.16 150.67   132.90 144.40
2022-08-23   133.09 144.57   133.06 144.55   270.58 282.06   132.52 144.00   138.10 149.59   131.84 143.32
2022-08-24   132.03 143.50   132.01 143.47   269.52 280.99   131.46 142.93   137.05 148.51   130.78 142.25
2022-08-25   130.98 142.43   130.95 142.40   268.47 279.92   130.41 141.86   136.00 147.44   129.73 141.18
2022-08-26   129.93 141.36   129.90 141.33   267.42 278.85   129.36 140.79   134.95 146.38   128.68 140.11
2022-08-27   128.89 140.30   128.86 140.27   266.37 277.78   128.32 139.73   133.90 145.31   127.63 139.04
2022-08-28   127.84 139.23   127.82 139.21   265.33 276.72   127.27 138.66   132.86 144.25   126.59 137.98
2022-08-29   126.81 138.17   126.78 138.15   264.29 275.66   126.24 137.60   131.82 143.19   125.56 136.92
2022-08-30   125.77 137.12   125.75 137.09   263.26 274.61   125.20 136.55   130.79 142.13   124.52 135.87
2022-08-31   124.74 136.07   124.72 136.04   262.23 273.56   124.17 135.50   129.76 141.08   123.49 134.82
2022-09-01   123.72 135.02   123.69 134.99   261.20 272.51   123.15 134.45   128.73 140.04   122.47 133.77
2022-09-02   122.69 133.98   122.67 133.95   260.18 271.46   122.12 133.41   127.71 138.99   121.44 132.72
2022-09-03   121.68 132.93   121.65 132.91   259.16 270.42   121.11 132.36   126.69 137.95   120.43 131.68
2022-09-04   120.66 131.90   120.64 131.87   258.15 269.39   120.09 131.33   125.68 136.91   119.41 130.65
2022-09-05   119.65 130.87   119.63 130.84   257.14 268.35   119.08 130.30   124.67 135.88   118.40 129.61
2022-09-06   118.65 129.84   118.62 129.81   256.14 267.32   118.08 129.27   123.66 134.85   117.40 128.59
2022-09-07   117.65 128.81   117.62 128.78   255.14 266.30   117.08 128.24   122.66 133.83   116.40 127.56
2022-09-08   116.65 127.79   116.62 127.76   254.14 265.28   116.08 127.22   121.67 132.81   115.40 126.54
2022-09-09   115.66 126.77   115.63 126.75   253.15 264.26   115.09 126.20   120.67 131.79   114.41 125.52
2022-09-10   114.67 125.76   114.64 125.73   252.16 263.25   114.10 125.19   119.69 130.78   113.42 124.51
2022-09-11   113.69 124.75   113.66 124.73   251.17 262.24   113.12 124.18   118.70 129.77   112.44 123.50
2022-09-12   112.71 123.75   112.68 123.72   250.19 261.23   112.14 123.18   117.72 128.76   111.46 122.50
2022-09-13   111.73 122.75   111.70 122.72   249.22 260.23   111.16 122.18   116.75 127.76   110.48 121.50
2022-09-14   110.76 121.75   110.73 121.72   248.25 259.24   110.19 121.18   115.77 126.76   109.51 120.50
2022-09-15   109.79 120.76   109.76 120.73   247.28 258.24   109.22 120.19   114.81 125.77   108.54 119.51
2022-09-16   108.83 119.77   108.80 119.74   246.31 257.26   108.26 119.20   113.84 124.78   107.58 118.52
2022-09-17   107.87 118.78   107.84 118.76   245.36 256.27   107.30 118.21   112.88 123.80   106.62 117.53
2022-09-18   106.91 117.80   106.89 117.78   244.40 255.29   106.34 117.23   111.93 122.82   105.66 116.55
2022-09-19   105.96 116.83   105.93 116.80   243.45 254.32   105.39 116.26   110.98 121.84   104.71 115.58
2022-09-20   105.01 115.86   104.99 115.83   242.50 253.34   104.44 115.29   110.03 120.87   103.76 114.60
2022-09-21   104.07 114.89   104.04 114.86   241.56 252.37   103.50 114.32   109.08 119.90   102.82 113.64
2022-09-22   103.13 113.92   103.10 113.90   240.62 251.41   102.56 113.35   108.14 118.94   101.88 112.67
2022-09-23   102.19 112.96   102.16 112.94   239.68 250.45   101.62 112.39   107.21 117.98   100.94 111.71
2022-09-24   101.26 112.01   101.23 111.98   238.75 249.49   100.69 111.44   106.27 117.02   100.01 110.76
2022-09-25   100.33 111.05   100.30 111.03   237.82 248.54    99.76 110.48   105.34 116.07    99.08 109.80
2022-09-26    99.40 110.10    99.38 110.08   236.89 247.59    98.83 109.53   104.42 115.12    98.15 108.85
2022-09-27    98.48 109.16    98.45 109.13   235.97 246.65    97.91 108.59   103.50 114.17    97.23 107.91
2022-09-28    97.56 108.22    97.53 108.19   235.05 245.70    96.99 107.65   102.58 113.23    96.31 106.97
2022-09-29    96.64 107.28    96.62 107.25   234.13 244.77    96.07 106.71   101.66 112.29    95.39 106.03
2022-09-30    95.73 106.34    95.70 106.32   233.22 243.83    95.16 105.77   100.75 111.36    94.48 105.09
2022-10-01    94.82 105.41    94.79 105.39   232.31 242.90    94.25 104.84    99.84 110.43    93.57 104.16
2022-10-02    93.91 104.48    93.89 104.46   231.40 241.97    93.34 103.91    98.93 109.50    92.66 103.23
2022-10-03    93.01 103.56    92.98 103.53   230.50 241.05    92.44 102.99    98.02 108.57    91.76 102.31
2022-10-04    92.11 102.64    92.08 102.61   229.59 240.13    91.54 102.07    97.12 107.65    90.86 101.39
2022-10-05    91.21 101.72    91.18 101.69   228.70 239.21    90.64 101.15    96.22 106.73    89.96 100.47
2022-10-06    90.31 100.80    90.29 100.78   227.80 238.29    89.74 100.23    95.33 105.82    89.06  99.55
2022-10-07    89.42  99.89    89.39  99.86   226.91 237.38    88.85  99.32    94.43 104.91    88.17  98.64
2022-10-08    88.53  98.98    88.50  98.95   226.01 236.47    87.96  98.41    93.54 104.00    87.28  97.73
2022-10-09    87.64  98.07    87.61  98.05   225.12 235.56    87.07  97.50    92.65 103.09    86.39  96.82
2022-10-10    86.75  97.17    86.72  97.14   224.24 234.66    86.18  96.60    91.76 102.19    85.50  95.92
2022-10-11    85.86  96.27    85.84  96.24   223.35 233.76    85.29  95.70    90.88 101.28    84.61  95.02
2022-10-12    84.98  95.37    84.95  95.34   222.47 232.86    84.41  94.80    90.00 100.38    83.73  94.12
2022-10-13    84.10  94.47    84.07  94.45   221.59 231.96    83.53  93.90    89.11  99.49    82.85  93.22
2022-10-14    83.22  93.58    83.19  93.55   220.71 231.06    82.65  93.01    88.23  98.59    81.97  92.33
2022-10-15    82.34  92.68    82.31  92.66   219.83 230.17    81.77  92.11    87.35  97.70    81.09  91.43
2022-10-16    81.46  91.79    81.44  91.77   218.95 229.28    80.89  91.22    86.48  96.81    80.21  90.54
2022-10-17    80.59  90.90    80.56  90.88   218.07 228.39    80.02  90.33    85.60  95.92    79.34  89.65
2022-10-18    79.71  90.02    79.69  89.99   217.20 227.51    79.14  89.45    84.73  95.03    78.46  88.77
2022-10-19    78.84  89.13    78.81  89.11   216.33 226.62    78.27  88.56    83.85  94.15    77.59  87.88
2022-10-20    77.97  88.25    77.94  88.22   215.45 225.74    77.40  87.68    82.98  93.26    76.71  87.00
2022-10-21    77.09  87.37    77.07  87.34   214.58 224.85    76.52  86.80    82.11  92.38    75.84  86.12
2022-10-22    76.22  86.49    76.20  86.46   213.71 223.97    75.65  85.92    81.24  91.50    74.97  85.24
2022-10-23    75.35  85.61    75.33  85.58   212.84 223.09    74.78  85.04    80.37  90.62    74.10  84.36
2022-10-24    74.48  84.73    74.46  84.70   211.97 222.22    73.91  84.16    79.50  89.74    73.23  83.48
2022-10-25    73.61  83.85    73.59  83.82   211.10 221.34    73.04  83.28    78.63  88.87    72.36  82.60
2022-10-26    72.74  82.97    72.72  82.95   210.23 220.46    72.17  82.40    77.76  87.99    71.49  81.72
2022-10-27    71.87  82.10    71.85  82.07   209.36 219.59    71.30  81.53    76.89  87.11    70.62  80.85
2022-10-28    71.00  81.22    70.98  81.20   208.49 218.71    70.43  80.65    76.02  86.24    69.75  79.97
2022-10-29    70.14  80.35    70.11  80.32   207.62 217.84    69.57  79.78    75.15  85.37    68.88  79.10
2022-10-30    69.27  79.48    69.24  79.45   206.75 216.96    68.70  78.91    74.28  84.49    68.01  78.23
2022-10-31    68.40  78.60    68.37  78.58   205.88 216.09    67.83  78.03    73.41  83.62    67.14  77.35
2022-11-01    67.52  77.73    67.50  77.70   205.01 215.22    66.95  77.16    72.54  82.74    66.27  76.48
2022-11-02    66.65  76.86    66.63  76.83   204.14 214.34    66.08  76.29    71.67  81.87    65.40  75.60
2022-11-03    65.78  75.98    65.76  75.96   203.27 213.47    65.21  75.41    70.80  81.00    64.53  74.73
2022-11-04    64.91  75.11    64.88  75.08   202.40 212.60    64.34  74.54    69.92  80.12    63.66  73.86
2022-11-05    64.04  74.24    64.01  74.21   201.52 211.72    63.47  73.67    69.05  79.25    62.78  72.98
2022-11-06    63.16  73.36    63.13  73.33   200.65 210.85    62.59  72.79    68.18  78.38    61.91  72.11
2022-11-07    62.28  72.49    62.26  72.46   199.77 209.97    61.71  71.92    67.30  77.50    61.03  71.24
2022-11-08    61.41  71.61    61.38  71.58   198.89 209.10    60.84  71.04    66.42  76.63    60.16  70.36
2022-11-09    60.53  70.73    60.50  70.71   198.01 208.22    59.96  70.16    65.54  75.75    59.28  69.48
2022-11-10    59.75  69.75    59.72  69.73   197.24 207.24    59.18  69.18    64.77  74.77    58.50  68.50
2022-11-11    59.17  68.57    59.14  68.55   196.66 206.06    58.60  68.00    64.19  73.59    57.92  67.32
2022-11-12    58.59  67.39    58.56  67.36   196.08 204.88    58.02  66.82    63.60  72.41    57.34  66.14
2022-11-13    58.01  66.21    57.98  66.18   195.49 203.70    57.44  65.64    63.02  71.22    56.75  64.96
2022-11-14    57.42  65.02    57.39  65.00   194.91 202.51    56.85  64.45    62.43  70.04    56.17  63.77
2022-11-15    56.83  63.84    56.80  63.81   194.32 201.33    56.26  63.27    61.85  68.85    55.58  62.59

2023-04-22   255.15 262.04   255.12 262.01    32.64  39.53   254.58 261.47   260.16 267.05   253.90 260.79
2023-04-23   254.00 261.48   253.98 261.45    31.49  38.96   253.43 260.91   259.02 266.49   252.75 260.23
2023-04-24   252.86 260.92   252.83 260.89    30.35  38.41   252.29 260.35   257.88 265.93   251.61 259.67
2023-04-25   251.72 260.36   251.69 260.33    29.21  37.85   251.15 259.79   256.73 265.38   250.47 259.11
2023-04-26   250.58 259.81   250.55 259.78    28.06  37.29   250.01 259.24   255.59 264.82   249.33 258.55
2023-04-27   249.44 259.25   249.41 259.22    26.92  36.74   248.87 258.68   254.45 264.27   248.19 258.00
2023-04-28   248.39 258.60   248.37 258.57    25.88  36.09   247.82 258.03   253.41 263.62   247.14 257.35
2023-04-29   247.55 257.75   247.52 257.73    25.04  35.24   246.98 257.18   252.56 262.77   246.30 256.50
2023-04-30   246.70 256.91   246.68 256.88    24.19  34.40   246.13 256.34   251.72 261.92   245.45 255.66
2023-05-01   245.86 256.06   245.83 256.04    23.35  33.55   245.29 255.49   250.88 261.08   244.61 254.81
2023-05-02   245.02 255.22   244.99 255.19    22.50  32.71   244.45 254.65   250.03 260.23   243.77 253.97
2023-05-03   244.17 254.37   244.15 254.35    21.66  31.86   243.60 253.80   249.19 259.39   242.92 253.12
2023-05-04   243.33 253.53   243.30 253.50    20.82  31.02   242.76 252.96   248.35 258.55   242.08 252.28
2023-05-05   242.49 252.69   242.46 252.66    19.97  30.18   241.92 252.12   247.50 257.70   241.24 251.44
2023-05-06   241.64 251.85   241.62 251.82    19.13  29.33   241.07 251.28   246.66 256.86   240.39 250.59
2023-05-07   240.80 251.00   240.77 250.98    18.28  28.49   240.23 250.43   245.81 256.02   239.55 249.75
2023-05-08   239.95 250.16   239.93 250.13    17.44  27.65   239.38 249.59   244.97 255.18   238.70 248.91
2023-05-09   239.11 249.32   239.08 249.29    16.59  26.81   238.54 248.75   244.12 254.33   237.85 248.07
2023-05-10   238.26 248.48   238.23 248.45    15.75  25.96   237.69 247.91   243.27 253.49   237.01 247.22
2023-05-11   237.41 247.63   237.38 247.61    14.90  25.12   236.84 247.06   242.43 252.65   236.16 246.38
2023-05-12   236.56 246.79   236.53 246.76    14.05  24.28   235.99 246.22   241.58 251.80   235.31 245.54
2023-05-13   235.71 245.95   235.68 245.92    13.20  23.43   235.14 245.38   240.73 250.96   234.46 244.69
2023-05-14   234.86 245.10   234.83 245.07    12.35  22.59   234.29 244.53   239.87 250.12   233.61 243.85
2023-05-15   234.01 244.26   233.98 244.23    11.49  21.74   233.44 243.69   239.02 249.27   232.76 243.00
2023-05-16   233.15 243.41   233.12 243.38    10.64  20.90   232.58 242.84   238.17 248.42   231.90 242.16
2023-05-17   232.29 242.56   232.27 242.54     9.78  20.05   231.72 241.99   237.31 247.58   231.04 241.31
2023-05-18   231.44 241.71   231.41 241.69     8.92  19.20   230.87 241.14   236.45 246.73   230.19 240.46
2023-05-19   230.58 240.86   230.55 240.84     8.06  18.35   230.01 240.29   235.59 245.88   229.33 239.61
2023-05-20   229.71 240.01   229.69 239.99     7.20  17.50   229.14 239.44   234.73 245.03   228.46 238.76
2023-05-21   228.85 239.16   228.82 239.13     6.34  16.65   228.28 238.59   233.87 244.18   227.60 237.91
2023-05-22   227.98 238.31   227.96 238.28     5.47  15.79   227.41 237.74   233.00 243.32   226.73 237.06
2023-05-23   227.11 237.45   227.09 237.42     4.60  14.94   226.54 236.88   232.13 242.47   225.86 236.20
2023-05-24   226.24 236.59   226.22 236.57     3.73  14.08   225.67 236.02   231.26 241.61   224.99 235.34
2023-05-25   225.37 235.73   225.34 235.71     2.86  13.22   224.80 235.16   230.38 240.75   224.12 234.48
2023-05-26   224.49 234.87   224.47 234.84     1.98  12.36   223.92 234.30   229.51 239.89   223.24 233.62
2023-05-27   223.61 234.01   223.59 233.98     1.10  11.49   223.04 233.44   228.63 239.02   222.36 232.76
2023-05-28   222.73 233.14   222.70 233.11     0.22  10.63   222.16 232.57   227.75 238.16   221.48 231.89
2023-05-29   221.85 232.27   221.82 232.24   359.33   9.76   221.28 231.70   226.86 237.29   220.59 231.02
2023-05-30   220.96 231.40   220.93 231.37   358.44   8.89   220.39 230.83   225.97 236.41   219.71 230.15
2023-05-31   220.07 230.53   220.04 230.50   357.55   8.01   219.50 229.96   225.08 235.54   218.81 229.27
2023-06-01   219.17 229.65   219.14 229.62   356.66   7.14   218.60 229.08   224.19 234.66   217.92 228.40
2023-06-02   218.27 228.77   218.25 228.74   355.76   6.26   217.70 228.20   223.29 233.78   217.02 227.52
2023-06-03   217.37 227.89   217.34 227.86   354.86   5.37   216.80 227.32   222.39 232.90   216.12 226.64
2023-06-04   216.46 227.00   216.44 226.97   353.95   4.49   215.89 226.43   221.48 232.02   215.21 225.75
2023-06-05   215.56 226.11   215.53 226.09   353.04   3.60   214.99 225.54   220.57 231.13   214.31 224.86
2023-06-06   214.64 225.22   214.62 225.19   352.13   2.71   214.07 224.65   219.66 230.23   213.39 223.97
2023-06-07   213.73 224.32   213.70 224.30   351.21   1.81   213.16 223.75   218.74 229.34   212.48 223.07
2023-06-08   212.81 223.42   212.78 223.40   350.29   0.91   212.24 222.85   217.82 228.44   211.56 222.17
2023-06-09   211.88 222.52   211.86 222.50   349.37   0.01   211.31 221.95   216.90 227.54   210.63 221.27
2023-06-10   210.95 221.62   210.93 221.59   348.44 359.10   210.38 221.05   215.97 226.63   209.70 220.37
2023-06-11   210.02 220.71   209.99 220.68   347.51 358.19   209.45 220.14   215.04 225.72   208.77 219.46
2023-06-12   209.08 219.79   209.06 219.77   346.57 357.28   208.51 219.22   214.10 224.81   207.83 218.54
2023-06-13   208.14 218.87   208.12 218.85   345.63 356.36   207.57 218.30   213.16 223.89   206.89 217.62
2023-06-14   207.20 217.95   207.17 217.93   344.69 355.44   206.63 217.38   212.21 222.97   205.95 216.70
2023-06-15   206.25 217.03   206.22 217.00   343.74 354.52   205.68 216.46   211.27 222.04   205.00 215.78
2023-06-16   205.30 216.10   205.27 216.07   342.78 353.59   204.73 215.53   210.31 221.11   204.05 214.85
2023-06-17   204.34 215.16   204.31 215.14   341.83 352.65   203.77 214.59   209.35 220.18   203.09 213.91
2023-06-18   203.38 214.23   203.35 214.20   340.86 351.71   202.81 213.66   208.39 219.24   202.12 212.98
2023-06-19   202.41 213.28   202.38 213.26   339.90 350.77   201.84 212.71   207.42 218.30   201.16 212.03
2023-06-20   201.44 212.34   201.41 212.31   338.92 349.82   200.87 211.77   206.45 217.35   200.19 211.09
2023-06-21   200.46 211.39   200.44 211.36   337.95 348.87   199.89 210.82   205.48 216.40   199.21 210.14
2023-06-22   199.48 210.43   199.45 210.40   336.97 347.92   198.91 209.86   204.50 215.45   198.23 209.18
2023-06-23   198.50 209.47   198.47 209.44   335.98 346.96   197.93 208.90   203.51 214.49   197.25 208.22
2023-06-24   197.51 208.51   197.48 208.48   334.99 345.99   196.94 207.94   202.52 213.52   196.26 207.26
2023-06-25   196.51 207.54   196.49 207.51   334.00 345.03   195.94 206.97   201.53 212.55   195.26 206.29
2023-06-26   195.52 206.56   195.49 206.54   333.00 344.05   194.95 205.99   200.53 211.58   194.26 205.31
2023-06-27   194.51 205.59   194.49 205.56   332.00 343.07   193.94 205.02   199.53 210.60   193.26 204.34
2023-06-28   193.51 204.60   193.48 204.58   330.99 342.09   192.94 204.03   198.52 209.62   192.25 203.35
2023-06-29   192.49 203.62   192.47 203.59   329.98 341.10   191.92 203.05   197.51 208.63   191.24 202.37
2023-06-30   191.48 202.63   191.45 202.60   328.96 340.11   190.91 202.06   196.49 207.64   190.23 201.38
2023-07-01   190.46 201.63   190.43 201.60   327.94 339.12   189.89 201.06   195.47 206.65   189.21 200.38
2023-07-02   189.43 200.63   189.41 200.60   326.92 338.12   188.86 200.06   194.45 205.64   188.18 199.38
2023-07-03   188.40 199.62   188.38 199.60   325.89 337.11   187.83 199.05   193.42 204.64   187.15 198.37
2023-07-04   187.37 198.62   187.34 198.59   324.86 336.10   186.80 198.05   192.39 203.63   186.12 197.36
2023-07-05   186.33 197.60   186.31 197.58   323.82 335.09   185.76 197.03   191.35 202.62   185.08 196.35
2023-07-06   185.29 196.58   185.27 196.56   322.78 334.07   184.72 196.01   190.31 201.60   184.04 195.33
2023-07-07   184.25 195.56   184.22 195.53   321.74 333.05   183.68 194.99   189.26 200.58   183.00 194.31
2023-07-08   183.20 194.53   183.17 194.51   320.69 332.02   182.63 193.96   188.21 199.55   181.95 193.28
2023-07-09   182.15 193.50   182.12 193.48   319.63 330.99   181.58 192.93   187.16 198.52   180.90 192.25
2023-07-10   181.09 192.47   181.06 192.44   318.58 329.96   180.52 191.90   186.11 197.48   179.84 191.22
2023-07-11   180.03 191.43   180.01 191.40   317.52 328.92   179.46 190.86   185.05 196.45   178.78 190.18
2023-07-12   178.97 190.39   178.94 190.36   316.46 327.87   178.40 189.82   183.98 195.40   177.72 189.14
2023-07-13   177.90 189.34   177.88 189.31   315.39 326.83   177.33 188.77   182.92 194.36   176.65 188.09
2023-07-14   176.83 188.29   176.81 188.26   314.32 325.78   176.26 187.72   181.85 193.31   175.58 187.04
2023-07-15   175.76 187.24   175.73 187.21   313.25 324.72   175.19 186.67   180.78 192.25   174.51 185.99
2023-07-16   174.69 186.18   174.66 186.15   312.17 323.67   174.12 185.61   179.70 191.19   173.44 184.93
2023-07-17   173.61 185.12   173.58 185.09   311.10 322.61   173.04 184.55   178.62 190.13   172.36 183.87
2023-07-18   172.53 184.05   172.50 184.03   310.02 321.54   171.96 183.48   177.54 189.07   171.28 182.80
2023-07-19   171.45 182.99   171.42 182.96   308.93 320.47   170.88 182.42   176.46 188.00   170.20 181.74
2023-07-20   170.36 181.92   170.33 181.89   307.85 319.40   169.79 181.35   175.38 186.93   169.11 180.66
2023-07-21   169.27 180.84   169.25 180.82   306.76 318.33   168.70 180.27   174.29 185.86   168.02 179.59
2023-07-22   168.18 179.77   168.16 179.74   305.67 317.25   167.61 179.20   173.20 184.78   166.93 178.52
2023-07-23   167.09 178.69   167.07 178.66   304.58 316.17   166.52 178.12   172.11 183.70   165.84 177.44
2023-07-24   166.00 177.61   165.98 177.58   303.49 315.09   165.43 177.04   171.02 182.62   164.75 176.36
2023-07-25   164.91 176.52   164.88 176.50   302.40 314.01   164.34 175.95   169.92 181.54   163.66 175.27
2023-07-26   163.81 175.44   163.79 175.41   301.30 312.92   163.24 174.87   168.83 180.45   162.56 174.19
2023-07-27   162.72 174.35   162.69 174.32   300.21 311.84   162.15 173.78   167.73 179.36   161.47 173.10
2023-07-28   161.62 173.26   161.59 173.23   299.11 310.75   161.05 172.69   166.64 178.27   160.37 172.01
2023-07-29   160.52 172.17   160.50 172.14   298.01 309.66   159.95 171.60   165.54 177.18   159.27 170.92
2023-07-30   159.43 171.08   159.40 171.05   296.91 308.56   158.86 170.51   164.44 176.09   158.17 169.82
2023-07-31   158.33 169.98   158.30 169.96   295.81 307.47   157.76 169.41   163.34 175.00   157.08 168.73
2023-08-01   157.23 168.89   157.20 168.86   294.72 306.37   156.66 168.32   162.24 173.90   155.98 167.64
2023-08-02   156.13 167.79   156.10 167.76   293.62 305.28   155.56 167.22   161.15 172.81   154.88 166.54
2023-08-03   155.03 166.69   155.01 166.67   292.52 304.18   154.46 166.12   160.05 171.71   153.78 165.44
2023-08-04   153.93 165.60   153.91 165.57   291.42 303.08   153.36 165.03   158.95 170.61   152.68 164.35
2023-08-05   152.84 164.50   152.81 164.47   290.32 301.99   152.27 163.93   157.85 169.51   151.59 163.25
2023-08-06   151.74 163.40   151.71 163.37   289.23 300.89   151.17 162.83   156.76 168.42   150.49 162.15
2023-08-07   150.65 162.30   150.62 162.28   288.13 299.79   150.08 161.73   155.66 167.32   149.39 161.05
2023-08-08   149.55 161.20   149.52 161.18   287.04 298.69   148.98 160.63   154.57 166.22   148.30 159.95
2023-08-09   148.46 160.11   148.43 160.08   285.95 297.59   147.89 159.54   153.47 165.12   147.21 158.86
2023-08-10   147.37 159.01   147.34 158.98   284.85 296.50   146.80 158.44   152.38 164.02   146.12 157.76
2023-08-11   146.28 157.91   146.25 157.89   283.76 295.40   145.71 157.34   151.29 162.93   145.03 156.66
2023-08-12   145.19 156.82   145.16 156.79   282.68 294.30   144.62 156.25   150.20 161.83   143.94 155.57
2023-08-13   144.10 155.72   144.08 155.70   281.59 293.21   143.53 155.15   149.12 160.74   142.85 154.47
2023-08-14   143.02 154.63   142.99 154.60   280.51 292.12   142.45 154.06   148.03 159.64   141.77 153.38
2023-08-15   141.94 153.54   141.91 153.51   279.42 291.02   141.37 152.97   146.95 158.55   140.69 152.29
2023-08-16   140.86 152.45   140.83 152.42   278.34 289.93   140.29 151.88   145.87 157.46   139.61 151.20
2023-08-17   139.78 151.36   139.75 151.33   277.27 288.85   139.21 150.79   144.80 156.37   138.53 150.11
2023-08-18   138.71 150.27   138.68 150.24   276.19 287.76   138.14 149.70   143.72 155.29   137.46 149.02
2023-08-19   137.64 149.19   137.61 149.16   275.12 286.67   137.07 148.62   142.65 154.20   136.38 147.93
2023-08-20   136.57 148.10   136.54 148.08   274.05 285.59   136.00 147.53   141.58 153.12   135.32 146.85
2023-08-21   135.50 147.02   135.48 147.00   272.99 284.51   134.93 146.45   140.52 152.04   134.25 145.77
2023-08-22   134.44 145.94   134.41 145.92   271.93 283.43   133.87 145.37   139.46 150.96   133.19 144.69
2023-08-23   133.38 144.87   133.35 144.84   270.87 282.36   132.81 144.30   138.40 149.88   132.13 143.62
2023-08-24   132.33 143.80   132.30 143.77   269.81 281.28   131.76 143.23   137.34 148.81   131.08 142.55
2023-08-25   131.27 142.73   131.25 142.70   268.76 280.21   130.70 142.16   136.29 147.74   130.02 141.47
2023-08-26   130.23 141.66   130.20 141.63   267.71 279.15   129.66 141.09   135.24 146.67   128.98 140.41
2023-08-27   129.18 140.59   129.15 140.57   266.67 278.08   128.61 140.02   134.20 145.61   127.93 139.34
2023-08-28   128.14 139.53   128.11 139.51   265.63 277.02   127.57 138.96   133.16 144.55   126.89 138.28
2023-08-29   127.10 138.48   127.08 138.45   264.59 275.96   126.53 137.91   132.12 143.49   125.85 137.23
2023-08-30   126.07 137.42   126.04 137.40   263.56 274.91   125.50 136.85   131.09 142.44   124.82 136.17
2023-08-31   125.04 136.37   125.01 136.34   262.53 273.86   124.47 135.80   130.06 141.39   123.79 135.12
2023-09-01   124.02 135.32   123.99 135.30   261.50 272.81   123.45 134.75   129.03 140.34   122.76 134.07
2023-09-02   122.99 134.28   122.97 134.25   260.48 271.77   122.42 133.71   128.01 139.30   121.74 133.03
2023-09-03   121.98 133.24   121.95 133.21   259.46 270.73   121.41 132.67   126.99 138.26   120.73 131.99
2023-09-04   120.96 132.20   120.94 132.18   258.45 269.69   120.39 131.63   125.98 137.22   119.71 130.95
2023-09-05   119.95 131.17   119.93 131.15   257.44 268.66   119.38 130.60   124.97 136.19   118.70 129.92
2023-09-06   118.95 130.14   118.92 130.12   256.44 267.63   118.38 129.57   123.96 135.16   117.70 128.89
2023-09-07   117.95 129.12   117.92 129.09   255.44 266.61   117.38 128.55   122.96 134.13   116.70 127.87
2023-09-08   116.95 128.10   116.93 128.07   254.44 265.58   116.38 127.53   121.97 133.11   115.70 126.85
2023-09-09   115.96 127.08   115.93 127.05   253.45 264.57   115.39 126.51   120.97 132.10   114.71 125.83
2023-09-10   114.97 126.07   114.94 126.04   252.46 263.55   114.40 125.50   119.99 131.08   113.72 124.82
2023-09-11   113.99 125.06   113.96 125.03   251.47 262.55   113.42 124.49   119.00 130.07   112.74 123.81
2023-09-12   113.01 124.05   112.98 124.03   250.49 261.54   112.44 123.48   118.02 129.07   111.76 122.80
2023-09-13   112.03 123.05   112.00 123.03   249.52 260.54   111.46 122.48   117.05 128.07   110.78 121.80
2023-09-14   111.06 122.06   111.03 122.03   248.55 259.54   110.49 121.49   116.07 127.07   109.81 120.81
2023-09-15   110.09 121.06   110.06 121.04   247.58 258.55   109.52 120.49   115.11 126.08   108.84 119.81
2023-09-16   109.13 120.07   109.10 120.05   246.61 257.56   108.56 119.50   114.14 125.09   107.88 118.82
2023-09-17   108.17 119.09   108.14 119.06   245.65 256.58   107.60 118.52   113.18 124.10   106.92 117.84
2023-09-18   107.21 118.11   107.18 118.08   244.70 255.60   106.64 117.54   112.23 123.12   105.96 116.86
2023-09-19   106.26 117.13   106.23 117.11   243.75 254.62   105.69 116.56   111.27 122.15   105.01 115.88
2023-09-20   105.31 116.16   105.28 116.13   242.80 253.65   104.74 115.59   110.32 121.17   104.06 114.91
2023-09-21   104.36 115.19   104.34 115.16   241.85 252.68   103.79 114.62   109.38 120.21   103.11 113.94
2023-09-22   103.42 114.23   103.40 114.20   240.91 251.71   102.85 113.66   108.44 119.24   102.17 112.97
2023-09-23   102.49 113.26   102.46 113.24   239.97 250.75   101.92 112.69   107.50 118.28   101.24 112.01
2023-09-24   101.55 112.31   101.53 112.28   239.04 249.79   100.98 111.74   106.57 117.32   100.30 111.06
2023-09-25   100.62 111.35   100.60 111.33   238.11 248.84   100.05 110.78   105.64 116.37    99.37 110.10
2023-09-26    99.69 110.40    99.67 110.38   237.18 247.89    99.12 109.83   104.71 115.42    98.44 109.15
2023-09-27    98.77 109.46    98.74 109.43   236.26 246.94    98.20 108.89   103.79 114.47    97.52 108.21
2023-09-28    97.85 108.51    97.82 108.49   235.34 246.00    97.28 107.94   102.87 113.53    96.60 107.26
2023-09-29    96.93 107.57    96.91 107.55   234.42 245.06    96.36 107.00   101.95 112.59    95.68 106.32
2023-09-30    96.02 106.64    95.99 106.61   233.51 244.13    95.45 106.07   101.03 111.65    94.77 105.39
2023-10-01    95.11 105.71    95.08 105.68   232.60 243.19    94.54 105.14   100.12 110.72    93.86 104.45
2023-10-02    94.20 104.78    94.17 104.75   231.69 242.26    93.63 104.21    99.21 109.79    92.95 103.53
2023-10-03    93.29 103.85    93.27 103.82   230.78 241.34    92.72 103.28    98.31 108.87    92.04 102.60
2023-10-04    92.39 102.93    92.36 102.90   229.88 240.41    91.82 102.36    97.41 107.94    91.14 101.68
2023-10-05    91.49 102.01    91.46 101.98   228.98 239.49    90.92 101.44    96.51 107.02    90.24 100.76
2023-10-06    90.59 101.09    90.57 101.06   228.08 238.58    90.02 100.52    95.61 106.11    89.34  99.84
2023-10-07    89.70 100.18    89.67 100.15   227.18 237.66    89.13  99.61    94.71 105.19    88.45  98.93
2023-10-08    88.80  99.27    88.78  99.24   226.29 236.75    88.23  98.70    93.82 104.28    87.55  98.01
2023-10-09    87.91  98.36    87.89  98.33   225.40 235.84    87.34  97.79    92.93 103.37    86.66  97.11
2023-10-10    87.02  97.45    87.00  97.42   224.51 234.94    86.45  96.88    92.04 102.47    85.77  96.20
2023-10-11    86.14  96.55    86.11  96.52   223.62 234.03    85.57  95.98    91.15 101.56    84.89  95.30
2023-10-12    85.25  95.65    85.23  95.62   222.74 233.13    84.68  95.08    90.27 100.66    84.00  94.40
2023-10-13    84.37  94.75    84.34  94.72   221.86 232.24    83.80  94.18    89.38  99.76    83.12  93.50
2023-10-14    83.49  93.85    83.46  93.82   220.98 231.34    82.92  93.28    88.50  98.87    82.24  92.60
2023-10-15    82.61  92.96    82.58  92.93   220.10 230.44    82.04  92.39    87.62  97.97    81.36  91.71
2023-10-16    81.73  92.06    81.70  92.04   219.22 229.55    81.16  91.49    86.74  97.08    80.48  90.81
2023-10-17    80.85  91.17    80.83  91.15   218.34 228.66    80.28  90.60    85.87  96.19    79.60  89.92
2023-10-18    79.98  90.29    79.95  90.26   217.46 227.77    79.41  89.72    84.99  95.30    78.72  89.03
2023-10-19    79.10  89.40    79.07  89.37   216.59 226.89    78.53  88.83    84.12  94.41    77.85  88.15
2023-10-20    78.23  88.51    78.20  88.49   215.71 226.00    77.66  87.94    83.24  93.53    76.98  87.26
2023-10-21    77.35  87.63    77.33  87.60   214.84 225.12    76.78  87.06    82.37  92.64    76.10  86.38
2023-10-22    76.48  86.75    76.45  86.72   213.97 224.23    75.91  86.18    81.50  91.76    75.23  85.50
2023-10-23    75.61  85.87    75.58  85.84   213.10 223.35    75.04  85.30    80.62  90.88    74.36  84.62
2023-10-24    74.74  84.99    74.71  84.96   212.22 222.47    74.17  84.42    79.75  90.00    73.49  83.74
2023-10-25    73.87  84.11    73.84  84.08   211.35 221.59    73.30  83.54    78.88  89.12    72.62  82.86
2023-10-26    72.99  83.23    72.97  83.20   210.48 220.72    72.42  82.66    78.01  88.24    71.74  81.98
2023-10-27    72.12  82.35    72.10  82.32   209.61 219.84    71.55  81.78    77.14  87.37    70.87  81.10
2023-10-28    71.25  81.47    71.23  81.45   208.74 218.96    70.68  80.90    76.27  86.49    70.00  80.22
2023-10-29    70.38  80.60    70.36  80.57   207.87 218.09    69.81  80.03    75.40  85.61    69.13  79.35
2023-10-30    69.51  79.72    69.48  79.70   207.00 217.21    68.94  79.15    74.53  84.74    68.26  78.47
2023-10-31    68.64  78.85    68.61  78.82   206.13 216.34    68.07  78.28    73.65  83.86    67.39  77.60
2023-11-01    67.77  77.97    67.74  77.95   205.26 215.46    67.20  77.40    72.78  82.99    66.52  76.72
2023-11-02    66.90  77.10    66.87  77.07   204.38 214.59    66.33  76.53    71.91  82.11    65.64  75.85
2023-11-03    66.02  76.22    66.00  76.20   203.51 213.71    65.45  75.65    71.04  81.24    64.77  74.97
2023-11-04    65.15  75.35    65.12  75.32   202.63 212.84    64.58  74.78    70.16  80.36    63.90  74.10
2023-11-05    64.27  74.47    64.25  74.45   201.76 211.96    63.70  73.90    69.29  79.49    63.02  73.22
2023-11-06    63.40  73.60    63.37  73.57   200.88 211.08    62.83  73.03    68.41  78.61    62.15  72.35
2023-11-07    62.52  72.72    62.49  72.69   200.01 210.21    61.95  72.15    67.53  77.74    61.27  71.47
2023-11-08    61.64  71.84    61.61  71.82   199.13 209.33    61.07  71.27    66.65  76.86    60.39  70.59
2023-11-09    60.76  70.97    60.73  70.94   198.25 208.45    60.19  70.40    65.77  75.98    59.51  69.71
2023-11-10    59.89  70.07    59.86  70.05   197.38 207.56    59.32  69.50    64.91  75.09    58.64  68.82
2023-11-11    59.31  68.89    59.28  68.86   196.80 206.38    58.74  68.32    64.33  73.90    58.06  67.64
2023-11-12    58.73  67.71    58.70  67.68   196.22 205.19    58.16  67.14    63.74  72.72    57.48  66.46
2023-11-13    58.14  66.52    58.12  66.49   195.63 204.01    57.57  65.95    63.16  71.54    56.89  65.27
2023-11-14    57.56  65.34    57.53  65.31   195.04 202.82    56.99  64.77    62.57  70.35    56.30  64.08
2023-11-15    56.97  64.15    56.94  64.12   194.45 201.64    56.40  63.58    61.98  69.16    55.72  62.90
