
       Target
                ecliptic
RA      Dec     latitude
288.849  51.209  71.981

Checked interval [2020-01-01, 2023-12-31]
|           Window [days]                 |    Normal V3 PA [deg]    |
   Start           End         Duration         Start         End         RA            Dec     
 2020-04-13      2020-11-20       220.95     261.31390      48.67132     288.84886      51.20904 
 2021-04-14      2021-11-20       220.00     260.71165      48.92477     288.84886      51.20904 
 2022-04-14      2022-11-20       220.00     260.99410      49.16915     288.84886      51.20904 
 2023-04-14      2023-11-21       221.00     261.28075      48.43304     288.84886      51.20904 


                V3PA          NIRCam           NIRSpec         NIRISS           MIRI          FGS
   Date      min    max      min    max       min    max     min    max      min    max      min    max

2020-04-14   257.85 264.68   257.82 264.66    35.33  42.17   257.28 264.11   262.86 269.70   256.60 263.43
2020-04-15   256.74 263.93   256.71 263.91    34.22  41.42   256.17 263.36   261.75 268.95   255.49 262.68
2020-04-16   255.63 263.19   255.60 263.16    33.11  40.68   255.06 262.62   260.64 268.20   254.38 261.94
2020-04-17   254.52 262.44   254.49 262.42    32.01  39.93   253.95 261.87   259.53 267.46   253.27 261.19
2020-04-18   253.41 261.70   253.38 261.68    30.90  39.19   252.84 261.13   258.42 266.72   252.16 260.45
2020-04-19   252.30 260.96   252.27 260.94    29.79  38.45   251.73 260.39   257.32 265.98   251.05 259.71
2020-04-20   251.19 260.22   251.17 260.20    28.68  37.71   250.62 259.65   256.21 265.24   249.94 258.97
2020-04-21   250.09 259.49   250.06 259.46    27.57  36.97   249.52 258.92   255.10 264.50   248.84 258.24
2020-04-22   248.98 258.75   248.95 258.72    26.47  36.24   248.41 258.18   254.00 263.77   247.73 257.50
2020-04-23   247.87 258.02   247.85 257.99    25.36  35.50   247.30 257.45   252.89 263.03   246.62 256.77
2020-04-24   246.92 257.13   246.90 257.10    24.41  34.62   246.35 256.56   251.94 262.15   245.67 255.88
2020-04-25   246.00 256.21   245.98 256.18    23.49  33.70   245.43 255.64   251.02 261.23   244.75 254.96
2020-04-26   245.09 255.29   245.06 255.27    22.58  32.78   244.52 254.72   250.10 260.31   243.84 254.04
2020-04-27   244.17 254.37   244.15 254.35    21.66  31.86   243.60 253.80   249.19 259.39   242.92 253.12
2020-04-28   243.26 253.46   243.23 253.43    20.74  30.94   242.69 252.89   248.27 258.47   242.01 252.21
2020-04-29   242.34 252.54   242.31 252.51    19.83  30.03   241.77 251.97   247.36 257.56   241.09 251.29
2020-04-30   241.43 251.63   241.40 251.60    18.91  29.11   240.86 251.06   246.44 256.64   240.17 250.37
2020-05-01   240.51 250.71   240.48 250.68    18.00  28.20   239.94 250.14   245.53 255.73   239.26 249.46
2020-05-02   239.60 249.80   239.57 249.77    17.08  27.28   239.03 249.23   244.61 254.81   238.35 248.55
2020-05-03   238.68 248.88   238.66 248.86    16.17  26.37   238.11 248.31   243.70 253.90   237.43 247.63
2020-05-04   237.77 247.97   237.74 247.94    15.25  25.46   237.20 247.40   242.78 252.98   236.52 246.72
2020-05-05   236.85 247.05   236.83 247.03    14.34  24.54   236.28 246.48   241.87 252.07   235.60 245.80
2020-05-06   235.94 246.14   235.91 246.11    13.43  23.63   235.37 245.57   240.95 251.16   234.69 244.89
2020-05-07   235.02 245.23   235.00 245.20    12.51  22.72   234.45 244.66   240.04 250.24   233.77 243.98
2020-05-08   234.11 244.32   234.08 244.29    11.60  21.80   233.54 243.75   239.12 249.33   232.86 243.06
2020-05-09   233.20 243.40   233.17 243.38    10.68  20.89   232.63 242.83   238.21 248.42   231.94 242.15
2020-05-10   232.28 242.49   232.25 242.46     9.77  19.98   231.71 241.92   237.30 247.51   231.03 241.24
2020-05-11   231.36 241.58   231.34 241.55     8.85  19.06   230.79 241.01   236.38 246.59   230.11 240.33
2020-05-12   230.45 240.66   230.42 240.64     7.94  18.15   229.88 240.09   235.46 245.68   229.20 239.41
2020-05-13   229.53 239.75   229.51 239.72     7.02  17.24   228.96 239.18   234.55 244.77   228.28 238.50
2020-05-14   228.62 238.84   228.59 238.81     6.10  16.32   228.05 238.27   233.63 243.85   227.37 237.59
2020-05-15   227.70 237.92   227.67 237.90     5.19  15.41   227.13 237.35   232.71 242.94   226.45 236.67
2020-05-16   226.78 237.01   226.75 236.98     4.27  14.50   226.21 236.44   231.80 242.02   225.53 235.76
2020-05-17   225.86 236.10   225.84 236.07     3.35  13.58   225.29 235.53   230.88 241.11   224.61 234.84
2020-05-18   224.94 235.18   224.92 235.15     2.43  12.67   224.37 234.61   229.96 240.20   223.69 233.93
2020-05-19   224.02 234.26   224.00 234.24     1.51  11.75   223.45 233.69   229.04 239.28   222.77 233.01
2020-05-20   223.10 233.35   223.08 233.32     0.59  10.84   222.53 232.78   228.12 238.36   221.85 232.10
2020-05-21   222.18 232.43   222.15 232.41   359.67   9.92   221.61 231.86   227.20 237.45   220.93 231.18
2020-05-22   221.26 231.51   221.23 231.49   358.75   9.00   220.69 230.94   226.27 236.53   220.01 230.26
2020-05-23   220.33 230.60   220.31 230.57   357.82   8.08   219.76 230.03   225.35 235.61   219.08 229.35
2020-05-24   219.41 229.68   219.38 229.65   356.90   7.16   218.84 229.11   224.42 234.69   218.16 228.43
2020-05-25   218.48 228.76   218.46 228.73   355.97   6.24   217.91 228.19   223.50 233.77   217.23 227.51
2020-05-26   217.56 227.84   217.53 227.81   355.04   5.32   216.99 227.27   222.57 232.85   216.31 226.59
2020-05-27   216.63 226.91   216.60 226.89   354.12   4.40   216.06 226.34   221.64 231.93   215.38 225.66
2020-05-28   215.70 225.99   215.67 225.97   353.19   3.48   215.13 225.42   220.71 231.01   214.45 224.74
2020-05-29   214.77 225.07   214.74 225.04   352.26   2.56   214.20 224.50   219.78 230.08   213.52 223.82
2020-05-30   213.84 224.14   213.81 224.12   351.32   1.63   213.27 223.57   218.85 229.16   212.59 222.89
2020-05-31   212.90 223.22   212.88 223.19   350.39   0.70   212.33 222.65   217.92 228.23   211.65 221.97
2020-06-01   211.97 222.29   211.94 222.26   349.46 359.78   211.40 221.72   216.98 227.30   210.72 221.04
2020-06-02   211.03 221.36   211.01 221.33   348.52 358.85   210.46 220.79   216.05 226.38   209.78 220.11
2020-06-03   210.09 220.43   210.07 220.40   347.58 357.92   209.52 219.86   215.11 225.45   208.84 219.18
2020-06-04   209.16 219.50   209.13 219.47   346.64 356.99   208.59 218.93   214.17 224.51   207.90 218.25
2020-06-05   208.21 218.57   208.19 218.54   345.70 356.05   207.64 218.00   213.23 223.58   206.96 217.32
2020-06-06   207.27 217.63   207.25 217.61   344.76 355.12   206.70 217.06   212.29 222.65   206.02 216.38
2020-06-07   206.33 216.70   206.30 216.67   343.82 354.18   205.76 216.13   211.34 221.71   205.08 215.45
2020-06-08   205.38 215.76   205.36 215.73   342.87 353.25   204.81 215.19   210.40 220.77   204.13 214.51
2020-06-09   204.44 214.82   204.41 214.79   341.92 352.31   203.87 214.25   209.45 219.84   203.19 213.57
2020-06-10   203.49 213.88   203.46 213.85   340.98 351.37   202.92 213.31   208.50 218.90   202.24 212.63
2020-06-11   202.54 212.94   202.51 212.91   340.02 350.43   201.97 212.37   207.55 217.95   201.29 211.69
2020-06-12   201.59 212.00   201.56 211.97   339.07 349.48   201.02 211.43   206.60 217.01   200.33 210.74
2020-06-13   200.63 211.05   200.60 211.02   338.12 348.54   200.06 210.48   205.65 216.07   199.38 209.80
2020-06-14   199.68 210.10   199.65 210.08   337.16 347.59   199.11 209.53   204.69 215.12   198.42 208.85
2020-06-15   198.72 209.15   198.69 209.13   336.21 346.64   198.15 208.58   203.73 214.17   197.47 207.90
2020-06-16   197.76 208.20   197.73 208.18   335.25 345.69   197.19 207.63   202.77 213.22   196.51 206.95
2020-06-17   196.80 207.25   196.77 207.23   334.29 344.74   196.23 206.68   201.81 212.27   195.55 206.00
2020-06-18   195.83 206.30   195.81 206.27   333.32 343.79   195.26 205.73   200.85 211.31   194.58 205.05
2020-06-19   194.87 205.34   194.84 205.32   332.36 342.83   194.30 204.77   199.89 210.36   193.62 204.09
2020-06-20   193.90 204.39   193.88 204.36   331.39 341.87   193.33 203.82   198.92 209.40   192.65 203.13
2020-06-21   192.94 203.43   192.91 203.40   330.42 340.91   192.37 202.86   197.95 208.44   191.68 202.18
2020-06-22   191.97 202.46   191.94 202.44   329.45 339.95   191.40 201.89   196.98 207.48   190.71 201.21
2020-06-23   190.99 201.50   190.97 201.48   328.48 338.99   190.42 200.93   196.01 206.52   189.74 200.25
2020-06-24   190.02 200.54   189.99 200.51   327.51 338.02   189.45 199.97   195.03 205.55   188.77 199.29
2020-06-25   189.04 199.57   189.02 199.54   326.53 337.06   188.47 199.00   194.06 204.59   187.79 198.32
2020-06-26   188.07 198.60   188.04 198.58   325.55 336.09   187.50 198.03   193.08 203.62   186.82 197.35
2020-06-27   187.09 197.63   187.06 197.61   324.58 335.12   186.52 197.06   192.10 202.65   185.84 196.38
2020-06-28   186.11 196.66   186.08 196.63   323.59 334.15   185.54 196.09   191.12 201.67   184.86 195.41
2020-06-29   185.12 195.69   185.10 195.66   322.61 333.17   184.55 195.12   190.14 200.70   183.87 194.43
2020-06-30   184.14 194.71   184.11 194.68   321.63 332.20   183.57 194.14   189.15 199.72   182.89 193.46
2020-07-01   183.15 193.73   183.13 193.71   320.64 331.22   182.58 193.16   188.17 198.75   181.90 192.48
2020-07-02   182.17 192.75   182.14 192.73   319.65 330.24   181.60 192.18   187.18 197.77   180.91 191.50
2020-07-03   181.18 191.77   181.15 191.74   318.66 329.26   180.61 191.20   186.19 196.79   179.93 190.52
2020-07-04   180.19 190.79   180.16 190.76   317.67 328.27   179.62 190.22   185.20 195.80   178.93 189.54
2020-07-05   179.19 189.80   179.17 189.78   316.68 327.29   178.62 189.23   184.21 194.82   177.94 188.55
2020-07-06   178.20 188.82   178.17 188.79   315.69 326.30   177.63 188.25   183.21 193.83   176.95 187.57
2020-07-07   177.20 187.83   177.18 187.80   314.69 325.32   176.63 187.26   182.22 192.84   175.95 186.58
2020-07-08   176.21 186.84   176.18 186.81   313.69 324.33   175.64 186.27   181.22 191.85   174.95 185.59
2020-07-09   175.21 185.85   175.18 185.82   312.69 323.33   174.64 185.28   180.22 190.86   173.96 184.60
2020-07-10   174.21 184.85   174.18 184.83   311.69 322.34   173.64 184.28   179.22 189.87   172.96 183.60
2020-07-11   173.20 183.86   173.18 183.83   310.69 321.35   172.63 183.29   178.22 188.87   171.95 182.61
2020-07-12   172.20 182.86   172.18 182.84   309.69 320.35   171.63 182.29   177.22 187.88   170.95 181.61
2020-07-13   171.20 181.86   171.17 181.84   308.69 319.35   170.63 181.29   176.21 186.88   169.95 180.61
2020-07-14   170.19 180.87   170.17 180.84   307.68 318.35   169.62 180.30   175.21 185.88   168.94 179.61
2020-07-15   169.19 179.86   169.16 179.84   306.67 317.35   168.62 179.29   174.20 184.88   167.94 178.61
2020-07-16   168.18 178.86   168.15 178.84   305.67 316.35   167.61 178.29   173.19 183.88   166.93 177.61
2020-07-17   167.17 177.86   167.14 177.83   304.66 315.35   166.60 177.29   172.19 182.87   165.92 176.61
2020-07-18   166.16 176.86   166.14 176.83   303.65 314.34   165.59 176.29   171.18 181.87   164.91 175.60
2020-07-19   165.15 175.85   165.13 175.82   302.64 313.34   164.58 175.28   170.17 180.86   163.90 174.60
2020-07-20   164.14 174.84   164.11 174.82   301.63 312.33   163.57 174.27   169.16 179.86   162.89 173.59
2020-07-21   163.13 173.84   163.10 173.81   300.62 311.32   162.56 173.27   168.14 178.85   161.88 172.58
2020-07-22   162.12 172.83   162.09 172.80   299.60 310.31   161.55 172.26   167.13 177.84   160.87 171.58
2020-07-23   161.10 171.82   161.08 171.79   298.59 309.30   160.53 171.25   166.12 176.83   159.85 170.57
2020-07-24   160.09 170.81   160.06 170.78   297.58 308.29   159.52 170.24   165.11 175.82   158.84 169.56
2020-07-25   159.08 169.80   159.05 169.77   296.56 307.28   158.51 169.23   164.09 174.81   157.82 168.55
2020-07-26   158.06 168.78   158.03 168.76   295.55 306.27   157.49 168.21   163.08 173.80   156.81 167.53
2020-07-27   157.05 167.77   157.02 167.74   294.53 305.26   156.48 167.20   162.06 172.79   155.80 166.52
2020-07-28   156.03 166.76   156.00 166.73   293.52 304.25   155.46 166.19   161.05 171.77   154.78 165.51
2020-07-29   155.02 165.74   154.99 165.72   292.50 303.23   154.45 165.17   160.03 170.76   153.77 164.49
2020-07-30   154.00 164.73   153.97 164.70   291.49 302.22   153.43 164.16   159.02 169.75   152.75 163.48
2020-07-31   152.99 163.72   152.96 163.69   290.47 301.20   152.42 163.15   158.00 168.73   151.73 162.47
2020-08-01   151.97 162.70   151.94 162.67   289.46 300.19   151.40 162.13   156.98 167.72   150.72 161.45
2020-08-02   150.95 161.69   150.93 161.66   288.44 299.17   150.38 161.12   155.97 166.70   149.70 160.43
2020-08-03   149.94 160.67   149.91 160.64   287.43 298.16   149.37 160.10   154.95 165.69   148.69 159.42
2020-08-04   148.92 159.65   148.90 159.63   286.41 297.14   148.35 159.08   153.94 164.67   147.67 158.40
2020-08-05   147.91 158.64   147.88 158.61   285.40 296.13   147.34 158.07   152.92 163.65   146.66 157.39
2020-08-06   146.89 157.62   146.87 157.60   284.38 295.11   146.32 157.05   151.91 162.64   145.64 156.37
2020-08-07   145.88 156.61   145.85 156.58   283.37 294.10   145.31 156.04   150.90 161.62   144.63 155.36
2020-08-08   144.87 155.59   144.84 155.57   282.35 293.08   144.30 155.02   149.88 160.61   143.62 154.34
2020-08-09   143.85 154.58   143.83 154.55   281.34 292.06   143.28 154.01   148.87 159.59   142.60 153.33
2020-08-10   142.84 153.56   142.81 153.54   280.33 291.05   142.27 152.99   147.86 158.58   141.59 152.31
2020-08-11   141.83 152.55   141.80 152.52   279.32 290.04   141.26 151.98   146.84 157.56   140.58 151.30
2020-08-12   140.82 151.53   140.79 151.51   278.30 289.02   140.25 150.96   145.83 156.55   139.57 150.28
2020-08-13   139.81 150.52   139.78 150.49   277.29 288.01   139.24 149.95   144.82 155.53   138.56 149.27
2020-08-14   138.80 149.51   138.77 149.48   276.28 286.99   138.23 148.94   143.81 154.52   137.55 148.25
2020-08-15   137.79 148.49   137.76 148.47   275.27 285.98   137.22 147.92   142.80 153.51   136.54 147.24
2020-08-16   136.78 147.48   136.75 147.45   274.27 284.97   136.21 146.91   141.79 152.50   135.53 146.23
2020-08-17   135.77 146.47   135.74 146.44   273.26 283.96   135.20 145.90   140.79 151.48   134.52 145.22
2020-08-18   134.76 145.46   134.74 145.43   272.25 282.94   134.19 144.89   139.78 150.47   133.51 144.21
2020-08-19   133.76 144.45   133.73 144.42   271.25 281.93   133.19 143.88   138.77 149.46   132.51 143.20
2020-08-20   132.75 143.44   132.73 143.41   270.24 280.92   132.18 142.87   137.77 148.45   131.50 142.19
2020-08-21   131.75 142.43   131.72 142.40   269.24 279.92   131.18 141.86   136.77 147.44   130.50 141.18
2020-08-22   130.75 141.42   130.72 141.39   268.24 278.91   130.18 140.85   135.76 146.44   129.50 140.17
2020-08-23   129.75 140.41   129.72 140.39   267.24 277.90   129.18 139.84   134.76 145.43   128.50 139.16
2020-08-24   128.75 139.41   128.72 139.38   266.24 276.89   128.18 138.84   133.76 144.42   127.50 138.16
2020-08-25   127.75 138.40   127.72 138.37   265.24 275.89   127.18 137.83   132.76 143.42   126.50 137.15
2020-08-26   126.75 137.40   126.73 137.37   264.24 274.88   126.18 136.83   131.77 142.41   125.50 136.15
2020-08-27   125.76 136.39   125.73 136.37   263.24 273.88   125.19 135.82   130.77 141.41   124.50 135.14
2020-08-28   124.76 135.39   124.73 135.37   262.25 272.88   124.19 134.82   129.78 140.41   123.51 134.14
2020-08-29   123.77 134.39   123.74 134.36   261.25 271.88   123.20 133.82   128.78 139.41   122.52 133.14
2020-08-30   122.77 133.39   122.75 133.36   260.26 270.88   122.20 132.82   127.79 138.41   121.52 132.14
2020-08-31   121.78 132.39   121.76 132.37   259.27 269.88   121.21 131.82   126.80 137.41   120.53 131.14
2020-09-01   120.79 131.40   120.77 131.37   258.28 268.88   120.22 130.83   125.81 136.41   119.54 130.14
2020-09-02   119.81 130.40   119.78 130.37   257.29 267.89   119.24 129.83   124.82 135.41   118.56 129.15
2020-09-03   118.82 129.40   118.79 129.38   256.31 266.89   118.25 128.83   123.83 134.42   117.57 128.15
2020-09-04   117.83 128.41   117.81 128.38   255.32 265.90   117.26 127.84   122.85 133.43   116.58 127.16
2020-09-05   116.85 127.42   116.82 127.39   254.34 264.91   116.28 126.85   121.87 132.43   115.60 126.17
2020-09-06   115.87 126.43   115.84 126.40   253.36 263.92   115.30 125.86   120.88 131.44   114.62 125.18
2020-09-07   114.89 125.44   114.86 125.41   252.37 262.93   114.32 124.87   119.90 130.45   113.64 124.19
2020-09-08   113.91 124.45   113.88 124.42   251.40 261.94   113.34 123.88   118.92 129.47   112.66 123.20
2020-09-09   112.93 123.46   112.90 123.44   250.42 260.95   112.36 122.89   117.94 128.48   111.68 122.21
2020-09-10   111.95 122.48   111.93 122.45   249.44 259.97   111.38 121.91   116.97 127.49   110.70 121.23
2020-09-11   110.98 121.49   110.95 121.47   248.47 258.98   110.41 120.92   115.99 126.51   109.73 120.24
2020-09-12   110.00 120.51   109.98 120.49   247.49 258.00   109.43 119.94   115.02 125.53   108.75 119.26
2020-09-13   109.03 119.53   109.01 119.50   246.52 257.02   108.46 118.96   114.05 124.55   107.78 118.28
2020-09-14   108.06 118.55   108.03 118.52   245.55 256.04   107.49 117.98   113.08 123.57   106.81 117.30
2020-09-15   107.09 117.57   107.06 117.55   244.58 255.06   106.52 117.00   112.11 122.59   105.84 116.32
2020-09-16   106.12 116.60   106.10 116.57   243.61 254.08   105.55 116.03   111.14 121.61   104.87 115.34
2020-09-17   105.16 115.62   105.13 115.59   242.64 253.11   104.59 115.05   110.17 120.63   103.91 114.37
2020-09-18   104.19 114.65   104.16 114.62   241.68 252.13   103.62 114.08   109.21 119.66   102.94 113.39
2020-09-19   103.23 113.67   103.20 113.65   240.71 251.16   102.66 113.10   108.24 118.69   101.98 112.42
2020-09-20   102.26 112.70   102.24 112.67   239.75 250.19   101.69 112.13   107.28 117.72   101.01 111.45
2020-09-21   101.30 111.73   101.28 111.70   238.79 249.22   100.73 111.16   106.32 116.75   100.05 110.48
2020-09-22   100.34 110.76   100.32 110.74   237.83 248.25    99.77 110.19   105.36 115.78    99.09 109.51
2020-09-23    99.38 109.79    99.36 109.77   236.87 247.28    98.81 109.22   104.40 114.81    98.13 108.54
2020-09-24    98.43 108.83    98.40 108.80   235.91 246.32    97.86 108.26   103.44 113.84    97.18 107.58
2020-09-25    97.47 107.86    97.44 107.84   234.96 245.35    96.90 107.29   102.49 112.88    96.22 106.61
2020-09-26    96.52 106.90    96.49 106.87   234.00 244.39    95.95 106.33   101.53 111.91    95.26 105.65
2020-09-27    95.56 105.94    95.54 105.91   233.05 243.42    94.99 105.37   100.58 110.95    94.31 104.69
2020-09-28    94.61 104.98    94.58 104.95   232.10 242.46    94.04 104.41    99.62 109.99    93.36 103.73
2020-09-29    93.66 104.02    93.63 103.99   231.14 241.50    93.09 103.45    98.67 109.03    92.41 102.77
2020-09-30    92.71 103.06    92.68 103.03   230.19 240.54    92.14 102.49    97.72 108.07    91.46 101.81
2020-10-01    91.76 102.10    91.73 102.07   229.24 239.59    91.19 101.53    96.77 107.11    90.51 100.85
2020-10-02    90.81 101.14    90.78 101.12   228.30 238.63    90.24 100.57    95.82 106.16    89.56  99.89
2020-10-03    89.86 100.19    89.83 100.16   227.35 237.67    89.29  99.62    94.87 105.20    88.61  98.94
2020-10-04    88.91  99.23    88.89  99.21   226.40 236.72    88.34  98.66    93.93 104.25    87.66  97.98
2020-10-05    87.97  98.28    87.94  98.25   225.45 235.77    87.40  97.71    92.98 103.29    86.72  97.03
2020-10-06    87.02  97.33    86.99  97.30   224.51 234.81    86.45  96.76    92.04 102.34    85.77  96.08
2020-10-07    86.08  96.38    86.05  96.35   223.56 233.86    85.51  95.81    91.09 101.39    84.83  95.12
2020-10-08    85.13  95.42    85.11  95.40   222.62 232.91    84.56  94.85    90.15 100.44    83.88  94.17
2020-10-09    84.19  94.47    84.16  94.45   221.68 231.96    83.62  93.90    89.20  99.49    82.94  93.22
2020-10-10    83.25  93.53    83.22  93.50   220.73 231.01    82.68  92.96    88.26  98.54    82.00  92.27
2020-10-11    82.30  92.58    82.28  92.55   219.79 230.06    81.73  92.01    87.32  97.59    81.05  91.33
2020-10-12    81.36  91.63    81.34  91.60   218.85 229.12    80.79  91.06    86.38  96.64    80.11  90.38
2020-10-13    80.42  90.68    80.39  90.66   217.91 228.17    79.85  90.11    85.44  95.70    79.17  89.43
2020-10-14    79.48  89.74    79.45  89.71   216.97 227.22    78.91  89.17    84.50  94.75    78.23  88.49
2020-10-15    78.54  88.79    78.51  88.76   216.03 226.28    77.97  88.22    83.55  93.81    77.29  87.54
2020-10-16    77.60  87.84    77.57  87.82   215.09 225.33    77.03  87.27    82.61  92.86    76.35  86.59
2020-10-17    76.66  86.90    76.63  86.87   214.15 224.39    76.09  86.33    81.67  91.92    75.41  85.65
2020-10-18    75.72  85.96    75.69  85.93   213.21 223.44    75.15  85.39    80.73  90.97    74.47  84.70
2020-10-19    74.78  85.01    74.75  84.99   212.27 222.50    74.21  84.44    79.80  90.03    73.53  83.76
2020-10-20    73.84  84.07    73.81  84.04   211.33 221.56    73.27  83.50    78.86  89.08    72.59  82.82
2020-10-21    72.90  83.12    72.87  83.10   210.39 220.61    72.33  82.55    77.92  88.14    71.65  81.87
2020-10-22    71.96  82.18    71.93  82.15   209.45 219.67    71.39  81.61    76.98  87.20    70.71  80.93
2020-10-23    71.02  81.24    70.99  81.21   208.51 218.73    70.45  80.67    76.04  86.25    69.77  79.99
2020-10-24    70.08  80.30    70.05  80.27   207.57 217.78    69.51  79.73    75.10  85.31    68.83  79.04
2020-10-25    69.14  79.35    69.11  79.33   206.63 216.84    68.57  78.78    74.16  84.37    67.89  78.10
2020-10-26    68.20  78.41    68.17  78.38   205.69 215.90    67.63  77.84    73.22  83.42    66.95  77.16
2020-10-27    67.26  77.47    67.23  77.44   204.75 214.95    66.69  76.90    72.27  82.48    66.01  76.22
2020-10-28    66.32  76.52    66.29  76.50   203.81 214.01    65.75  75.95    71.33  81.54    65.07  75.27
2020-10-29    65.38  75.58    65.35  75.55   202.86 213.07    64.81  75.01    70.39  80.59    64.13  74.33
2020-10-30    64.43  74.64    64.41  74.61   201.92 212.12    63.86  74.07    69.45  79.65    63.18  73.39
2020-10-31    63.49  73.69    63.46  73.67   200.98 211.18    62.92  73.12    68.51  78.71    62.24  72.44
2020-11-01    62.55  72.75    62.52  72.72   200.03 210.24    61.98  72.18    67.56  77.76    61.30  71.50
2020-11-02    61.60  71.80    61.58  71.78   199.09 209.29    61.03  71.23    66.62  76.82    60.35  70.55
2020-11-03    60.66  70.86    60.63  70.83   198.15 208.35    60.09  70.29    65.67  75.87    59.41  69.61
2020-11-04    59.71  69.91    59.69  69.89   197.20 207.40    59.14  69.34    64.73  74.93    58.46  68.66
2020-11-05    58.77  68.97    58.74  68.94   196.25 206.45    58.20  68.40    63.78  73.98    57.51  67.71
2020-11-06    57.82  68.02    57.79  67.99   195.30 205.51    57.25  67.45    62.83  73.03    56.57  66.77
2020-11-07    56.87  67.07    56.84  67.04   194.36 204.56    56.30  66.50    61.88  72.09    55.62  65.82
2020-11-08    55.92  66.12    55.89  66.10   193.41 203.61    55.35  65.55    60.93  71.14    54.67  64.87
2020-11-09    54.97  65.17    54.94  65.15   192.46 202.66    54.40  64.60    59.98  70.19    53.72  63.92
2020-11-10    54.02  64.22    53.99  64.20   191.50 201.71    53.45  63.65    59.03  69.24    52.77  62.97
2020-11-11    53.06  63.27    53.04  63.25   190.55 200.76    52.49  62.70    58.08  68.29    51.81  62.02
2020-11-12    52.27  62.16    52.24  62.13   189.76 199.65    51.70  61.59    57.29  67.17    51.02  60.91
2020-11-13    51.51  61.01    51.48  60.99   188.99 198.50    50.94  60.44    56.52  66.03    50.25  59.76
2020-11-14    50.74  59.87    50.71  59.84   188.23 197.36    50.17  59.30    55.75  64.88    49.49  58.62
2020-11-15    49.97  58.72    49.94  58.70   187.46 196.21    49.40  58.15    54.99  63.74    48.72  57.47
2020-11-16    49.20  57.58    49.17  57.55   186.69 195.06    48.63  57.01    54.22  62.59    47.95  56.33
2020-11-17    48.43  56.43    48.40  56.40   185.92 193.92    47.86  55.86    53.44  61.44    47.18  55.18
2020-11-18    47.65  55.28    47.63  55.25   185.14 192.77    47.08  54.71    52.67  60.30    46.40  54.03
2020-11-19    46.88  54.13    46.85  54.10   184.37 191.62    46.31  53.56    51.89  59.15    45.63  52.88
2020-11-20    46.10  52.98    46.07  52.96   183.59 190.47    45.53  52.41    51.11  58.00    44.85  51.73

2021-04-15   257.08 264.16   257.05 264.13    34.57  41.65   256.51 263.59   262.09 269.17   255.83 262.91
2021-04-16   255.97 263.41   255.94 263.39    33.45  40.90   255.40 262.84   260.98 268.43   254.72 262.16
2021-04-17   254.86 262.67   254.83 262.64    32.35  40.16   254.29 262.10   259.87 267.68   253.61 261.42
2021-04-18   253.75 261.93   253.72 261.90    31.24  39.41   253.18 261.36   258.76 266.94   252.50 260.68
2021-04-19   252.64 261.19   252.61 261.16    30.13  38.67   252.07 260.62   257.65 266.20   251.39 259.94
2021-04-20   251.53 260.45   251.50 260.42    29.02  37.93   250.96 259.88   256.55 265.46   250.28 259.20
2021-04-21   250.42 259.71   250.40 259.68    27.91  37.20   249.85 259.14   255.44 264.73   249.17 258.46
2021-04-22   249.32 258.97   249.29 258.95    26.80  36.46   248.75 258.40   254.33 263.99   248.07 257.72
2021-04-23   248.21 258.24   248.18 258.21    25.70  35.73   247.64 257.67   253.22 263.26   246.96 256.99
2021-04-24   247.20 257.41   247.17 257.38    24.69  34.90   246.63 256.84   252.22 262.42   245.95 256.16
2021-04-25   246.28 256.49   246.26 256.46    23.77  33.98   245.71 255.92   251.30 261.50   245.03 255.24
2021-04-26   245.36 255.57   245.34 255.54    22.85  33.06   244.79 255.00   250.38 260.58   244.11 254.32
2021-04-27   244.45 254.65   244.42 254.62    21.94  32.14   243.88 254.08   249.46 259.67   243.20 253.40
2021-04-28   243.53 253.73   243.50 253.71    21.02  31.22   242.96 253.16   248.55 258.75   242.28 252.48
2021-04-29   242.62 252.82   242.59 252.79    20.10  30.30   242.05 252.25   247.63 257.83   241.36 251.57
2021-04-30   241.70 251.90   241.67 251.87    19.19  29.39   241.13 251.33   246.71 256.91   240.45 250.65
2021-05-01   240.78 250.98   240.76 250.96    18.27  28.47   240.21 250.41   245.80 256.00   239.53 249.73
2021-05-02   239.87 250.07   239.84 250.04    17.36  27.56   239.30 249.50   244.88 255.08   238.62 248.82
2021-05-03   238.95 249.15   238.93 249.13    16.44  26.64   238.38 248.58   243.97 254.17   237.70 247.90
2021-05-04   238.04 248.24   238.01 248.21    15.53  25.73   237.47 247.67   243.05 253.25   236.79 246.99
2021-05-05   237.12 247.32   237.10 247.30    14.61  24.81   236.55 246.75   242.14 252.34   235.87 246.07
2021-05-06   236.21 246.41   236.18 246.38    13.70  23.90   235.64 245.84   241.22 251.43   234.96 245.16
2021-05-07   235.29 245.50   235.27 245.47    12.78  22.98   234.72 244.93   240.31 250.51   234.04 244.25
2021-05-08   234.38 244.58   234.35 244.56    11.86  22.07   233.81 244.01   239.39 249.60   233.13 243.33
2021-05-09   233.46 243.67   233.44 243.64    10.95  21.16   232.89 243.10   238.48 248.68   232.21 242.42
2021-05-10   232.55 242.76   232.52 242.73    10.03  20.24   231.98 242.19   237.56 247.77   231.29 241.50
2021-05-11   231.63 241.84   231.60 241.81     9.12  19.33   231.06 241.27   236.64 246.86   230.38 240.59
2021-05-12   230.71 240.93   230.69 240.90     8.20  18.41   230.14 240.36   235.73 245.94   229.46 239.68
2021-05-13   229.80 240.01   229.77 239.99     7.28  17.50   229.23 239.44   234.81 245.03   228.54 238.76
2021-05-14   228.88 239.10   228.85 239.07     6.37  16.59   228.31 238.53   233.89 244.11   227.63 237.85
2021-05-15   227.96 238.18   227.93 238.16     5.45  15.67   227.39 237.61   232.97 243.20   226.71 236.93
2021-05-16   227.04 237.27   227.01 237.24     4.53  14.76   226.47 236.70   232.06 242.28   225.79 236.02
2021-05-17   226.12 236.35   226.09 236.33     3.61  13.84   225.55 235.78   231.14 241.37   224.87 235.10
2021-05-18   225.20 235.44   225.17 235.41     2.69  12.92   224.63 234.87   230.22 240.45   223.95 234.19
2021-05-19   224.28 234.52   224.25 234.49     1.77  12.01   223.71 233.95   229.30 239.54   223.03 233.27
2021-05-20   223.36 233.60   223.33 233.58     0.85  11.09   222.79 233.03   228.37 238.62   222.11 232.35
2021-05-21   222.44 232.69   222.41 232.66   359.92  10.17   221.87 232.12   227.45 237.70   221.18 231.43
2021-05-22   221.51 231.77   221.48 231.74   359.00   9.25   220.94 231.20   226.53 236.78   220.26 230.52
2021-05-23   220.59 230.85   220.56 230.82   358.07   8.33   220.02 230.28   225.60 235.86   219.34 229.60
2021-05-24   219.66 229.93   219.63 229.90   357.15   7.41   219.09 229.36   224.68 234.94   218.41 228.68
2021-05-25   218.73 229.01   218.71 228.98   356.22   6.49   218.16 228.44   223.75 234.02   217.48 227.76
2021-05-26   217.81 228.08   217.78 228.06   355.29   5.57   217.24 227.51   222.82 233.10   216.55 226.83
2021-05-27   216.88 227.16   216.85 227.13   354.36   4.65   216.31 226.59   221.89 232.18   215.63 225.91
2021-05-28   215.95 226.24   215.92 226.21   353.43   3.72   215.38 225.67   220.96 231.25   214.69 224.99
2021-05-29   215.01 225.31   214.99 225.29   352.50   2.80   214.44 224.74   220.03 230.33   213.76 224.06
2021-05-30   214.08 224.39   214.05 224.36   351.57   1.87   213.51 223.82   219.10 229.40   212.83 223.14
2021-05-31   213.15 223.46   213.12 223.43   350.63   0.95   212.58 222.89   218.16 228.47   211.90 222.21
2021-06-01   212.21 222.53   212.18 222.50   349.70   0.02   211.64 221.96   217.23 227.55   210.96 221.28
2021-06-02   211.27 221.60   211.25 221.57   348.76 359.09   210.70 221.03   216.29 226.62   210.02 220.35
2021-06-03   210.33 220.67   210.31 220.64   347.82 358.16   209.76 220.10   215.35 225.68   209.08 219.42
2021-06-04   209.39 219.74   209.37 219.71   346.88 357.22   208.82 219.17   214.41 224.75   208.14 218.49
2021-06-05   208.45 218.80   208.43 218.78   345.94 356.29   207.88 218.23   213.47 223.82   207.20 217.55
2021-06-06   207.51 217.87   207.48 217.84   345.00 355.35   206.94 217.30   212.52 222.88   206.26 216.62
2021-06-07   206.56 216.93   206.54 216.90   344.05 354.42   205.99 216.36   211.58 221.95   205.31 215.68
2021-06-08   205.62 215.99   205.59 215.97   343.10 353.48   205.05 215.42   210.63 221.01   204.37 214.74
2021-06-09   204.67 215.05   204.64 215.03   342.16 352.54   204.10 214.48   209.68 220.07   203.42 213.80
2021-06-10   203.72 214.11   203.69 214.08   341.21 351.60   203.15 213.54   208.73 219.13   202.47 212.86
2021-06-11   202.77 213.17   202.74 213.14   340.25 350.66   202.20 212.60   207.78 218.18   201.52 211.92
2021-06-12   201.81 212.22   201.79 212.20   339.30 349.71   201.24 211.65   206.83 217.24   200.56 210.97
2021-06-13   200.86 211.28   200.83 211.25   338.35 348.76   200.29 210.71   205.87 216.29   199.61 210.03
2021-06-14   199.90 210.33   199.88 210.30   337.39 347.82   199.33 209.76   204.92 215.34   198.65 209.08
2021-06-15   198.94 209.38   198.92 209.35   336.43 346.87   198.37 208.81   203.96 214.39   197.69 208.13
2021-06-16   197.98 208.43   197.96 208.40   335.47 345.91   197.41 207.86   203.00 213.44   196.73 207.18
2021-06-17   197.02 207.47   196.99 207.45   334.51 344.96   196.45 206.90   202.04 212.49   195.77 206.22
2021-06-18   196.06 206.52   196.03 206.49   333.54 344.01   195.49 205.95   201.07 211.53   194.81 205.27
2021-06-19   195.09 205.56   195.06 205.54   332.58 343.05   194.52 204.99   200.11 210.58   193.84 204.31
2021-06-20   194.12 204.60   194.10 204.58   331.61 342.09   193.55 204.03   199.14 209.62   192.87 203.35
2021-06-21   193.15 203.64   193.13 203.62   330.64 341.13   192.58 203.07   198.17 208.66   191.90 202.39
2021-06-22   192.18 202.68   192.16 202.65   329.67 340.17   191.61 202.11   197.20 207.70   190.93 201.43
2021-06-23   191.21 201.72   191.18 201.69   328.70 339.20   190.64 201.15   196.23 206.73   189.96 200.47
2021-06-24   190.24 200.75   190.21 200.72   327.72 338.24   189.67 200.18   195.25 205.77   188.98 199.50
2021-06-25   189.26 199.78   189.23 199.76   326.75 337.27   188.69 199.21   194.27 204.80   188.01 198.53
2021-06-26   188.28 198.81   188.25 198.79   325.77 336.30   187.71 198.24   193.30 203.83   187.03 197.56
2021-06-27   187.30 197.84   187.27 197.82   324.79 335.33   186.73 197.27   192.32 202.86   186.05 196.59
2021-06-28   186.32 196.87   186.29 196.84   323.81 334.36   185.75 196.30   191.33 201.89   185.07 195.62
2021-06-29   185.33 195.89   185.31 195.87   322.82 333.38   184.76 195.32   190.35 200.91   184.08 194.64
2021-06-30   184.35 194.92   184.32 194.89   321.84 332.41   183.78 194.35   189.36 199.93   183.10 193.67
2021-07-01   183.36 193.94   183.34 193.91   320.85 331.43   182.79 193.37   188.38 198.95   182.11 192.69
2021-07-02   182.37 192.96   182.35 192.93   319.86 330.45   181.80 192.39   187.39 197.97   181.12 191.71
2021-07-03   181.38 191.98   181.36 191.95   318.87 329.46   180.81 191.41   186.40 196.99   180.13 190.73
2021-07-04   180.39 190.99   180.37 190.97   317.88 328.48   179.82 190.42   185.41 196.01   179.14 189.74
2021-07-05   179.40 190.01   179.37 189.98   316.89 327.50   178.83 189.44   184.41 195.02   178.15 188.76
2021-07-06   178.40 189.02   178.38 188.99   315.89 326.51   177.83 188.45   183.42 194.04   177.15 187.77
2021-07-07   177.41 188.03   177.38 188.01   314.90 325.52   176.84 187.46   182.42 193.05   176.16 186.78
2021-07-08   176.41 187.04   176.38 187.02   313.90 324.53   175.84 186.47   181.43 192.06   175.16 185.79
2021-07-09   175.41 186.05   175.39 186.02   312.90 323.54   174.84 185.48   180.43 191.07   174.16 184.80
2021-07-10   174.41 185.06   174.38 185.03   311.90 322.54   173.84 184.49   179.43 190.07   173.16 183.81
2021-07-11   173.41 184.06   173.38 184.04   310.90 321.55   172.84 183.49   178.43 189.08   172.16 182.81
2021-07-12   172.41 183.07   172.38 183.04   309.89 320.55   171.84 182.50   177.42 188.08   171.16 181.82
2021-07-13   171.40 182.07   171.38 182.04   308.89 319.56   170.83 181.50   176.42 187.08   170.15 180.82
2021-07-14   170.40 181.07   170.37 181.04   307.89 318.56   169.83 180.50   175.41 186.08   169.15 179.82
2021-07-15   169.39 180.07   169.37 180.04   306.88 317.56   168.82 179.50   174.41 185.08   168.14 178.82
2021-07-16   168.39 179.07   168.36 179.04   305.87 316.55   167.82 178.50   173.40 184.08   167.13 177.82
2021-07-17   167.38 178.06   167.35 178.04   304.86 315.55   166.81 177.49   172.39 183.08   166.13 176.81
2021-07-18   166.37 177.06   166.34 177.03   303.86 314.55   165.80 176.49   171.38 182.08   165.12 175.81
2021-07-19   165.36 176.06   165.33 176.03   302.85 313.54   164.79 175.49   170.37 181.07   164.11 174.81
2021-07-20   164.35 175.05   164.32 175.02   301.84 312.54   163.78 174.48   169.36 180.07   163.10 173.80
2021-07-21   163.34 174.04   163.31 174.02   300.82 311.53   162.77 173.47   168.35 179.06   162.09 172.79
2021-07-22   162.33 173.04   162.30 173.01   299.81 310.52   161.76 172.47   167.34 178.05   161.08 171.78
2021-07-23   161.31 172.03   161.29 172.00   298.80 309.51   160.74 171.46   166.33 177.04   160.06 170.78
2021-07-24   160.30 171.02   160.27 170.99   297.79 308.50   159.73 170.45   165.32 176.03   159.05 169.77
2021-07-25   159.29 170.01   159.26 169.98   296.78 307.49   158.72 169.44   164.30 175.02   158.04 168.76
2021-07-26   158.27 169.00   158.25 168.97   295.76 306.48   157.70 168.43   163.29 174.01   157.02 167.75
2021-07-27   157.26 167.99   157.23 167.96   294.75 305.47   156.69 167.42   162.28 173.00   156.01 166.73
2021-07-28   156.25 166.97   156.22 166.95   293.73 304.46   155.68 166.40   161.26 171.99   155.00 165.72
2021-07-29   155.23 165.96   155.21 165.93   292.72 303.45   154.66 165.39   160.25 170.98   153.98 164.71
2021-07-30   154.22 164.95   154.19 164.92   291.71 302.44   153.65 164.38   159.23 169.96   152.97 163.70
2021-07-31   153.20 163.93   153.18 163.91   290.69 301.42   152.63 163.36   158.22 168.95   151.95 162.68
2021-08-01   152.19 162.92   152.16 162.89   289.68 300.41   151.62 162.35   157.21 167.94   150.94 161.67
2021-08-02   151.18 161.91   151.15 161.88   288.66 299.39   150.61 161.34   156.19 166.92   149.93 160.66
2021-08-03   150.16 160.89   150.14 160.87   287.65 298.38   149.59 160.32   155.18 165.91   148.91 159.64
2021-08-04   149.15 159.88   149.12 159.85   286.64 297.37   148.58 159.31   154.16 164.89   147.90 158.63
2021-08-05   148.14 158.87   148.11 158.84   285.62 296.35   147.57 158.30   153.15 163.88   146.89 157.61
2021-08-06   147.12 157.85   147.10 157.82   284.61 295.34   146.55 157.28   152.14 162.87   145.87 156.60
2021-08-07   146.11 156.84   146.08 156.81   283.60 294.32   145.54 156.27   151.13 161.85   144.86 155.59
2021-08-08   145.10 155.82   145.07 155.80   282.59 293.31   144.53 155.25   150.11 160.84   143.85 154.57
2021-08-09   144.09 154.81   144.06 154.78   281.57 292.30   143.52 154.24   149.10 159.83   142.84 153.56
2021-08-10   143.08 153.80   143.05 153.77   280.56 291.28   142.51 153.23   148.09 158.81   141.82 152.55
2021-08-11   142.06 152.78   142.04 152.76   279.55 290.27   141.49 152.21   147.08 157.80   140.81 151.53
2021-08-12   141.05 151.77   141.03 151.74   278.54 289.26   140.48 151.20   146.07 156.79   139.80 150.52
2021-08-13   140.05 150.76   140.02 150.73   277.53 288.25   139.48 150.19   145.06 155.77   138.79 149.51
2021-08-14   139.04 149.75   139.01 149.72   276.52 287.23   138.47 149.18   144.05 154.76   137.79 148.50
2021-08-15   138.03 148.73   138.00 148.71   275.52 286.22   137.46 148.16   143.04 153.75   136.78 147.48
2021-08-16   137.02 147.72   137.00 147.70   274.51 285.21   136.45 147.15   142.04 152.74   135.77 146.47
2021-08-17   136.02 146.71   135.99 146.69   273.50 284.20   135.45 146.14   141.03 151.73   134.77 145.46
2021-08-18   135.01 145.70   134.99 145.68   272.50 283.19   134.44 145.13   140.03 150.72   133.76 144.45
2021-08-19   134.01 144.70   133.98 144.67   271.50 282.18   133.44 144.13   139.02 149.71   132.76 143.44
2021-08-20   133.01 143.69   132.98 143.66   270.49 281.17   132.44 143.12   138.02 148.70   131.75 142.44
2021-08-21   132.00 142.68   131.98 142.65   269.49 280.17   131.43 142.11   137.02 147.70   130.75 141.43
2021-08-22   131.00 141.67   130.98 141.65   268.49 279.16   130.43 141.10   136.02 146.69   129.75 140.42
2021-08-23   130.00 140.67   129.98 140.64   267.49 278.16   129.43 140.10   135.02 145.68   128.75 139.42
2021-08-24   129.00 139.66   128.98 139.64   266.49 277.15   128.43 139.09   134.02 144.68   127.75 138.41
2021-08-25   128.01 138.66   127.98 138.63   265.49 276.15   127.44 138.09   133.02 143.67   126.76 137.41
2021-08-26   127.01 137.66   126.98 137.63   264.50 275.14   126.44 137.09   132.03 142.67   125.76 136.41
2021-08-27   126.02 136.66   125.99 136.63   263.50 274.14   125.45 136.09   131.03 141.67   124.77 135.40
2021-08-28   125.02 135.65   125.00 135.63   262.51 273.14   124.45 135.08   130.04 140.67   123.77 134.40
2021-08-29   124.03 134.66   124.00 134.63   261.52 272.14   123.46 134.09   129.05 139.67   122.78 133.40
2021-08-30   123.04 133.66   123.01 133.63   260.53 271.14   122.47 133.09   128.05 138.67   121.79 132.41
2021-08-31   122.05 132.66   122.02 132.63   259.54 270.15   121.48 132.09   127.07 137.68   120.80 131.41
2021-09-01   121.06 131.66   121.04 131.64   258.55 269.15   120.49 131.09   126.08 136.68   119.81 130.41
2021-09-02   120.07 130.67   120.05 130.64   257.56 268.16   119.50 130.10   125.09 135.68   118.82 129.42
2021-09-03   119.09 129.68   119.06 129.65   256.58 267.16   118.52 129.11   124.10 134.69   117.84 128.42
2021-09-04   118.11 128.68   118.08 128.66   255.59 266.17   117.54 128.11   123.12 133.70   116.85 127.43
2021-09-05   117.12 127.69   117.10 127.67   254.61 265.18   116.55 127.12   122.14 132.71   115.87 126.44
2021-09-06   116.14 126.70   116.11 126.68   253.63 264.19   115.57 126.13   121.16 131.72   114.89 125.45
2021-09-07   115.16 125.71   115.13 125.69   252.65 263.20   114.59 125.14   120.18 130.73   113.91 124.46
2021-09-08   114.18 124.73   114.16 124.70   251.67 262.21   113.61 124.16   119.20 129.74   112.93 123.48
2021-09-09   113.21 123.74   113.18 123.72   250.69 261.23   112.64 123.17   118.22 128.76   111.96 122.49
2021-09-10   112.23 122.76   112.20 122.73   249.72 260.24   111.66 122.19   117.25 127.77   110.98 121.51
2021-09-11   111.26 121.77   111.23 121.75   248.74 259.26   110.69 121.20   116.27 126.79   110.01 120.52
2021-09-12   110.28 120.79   110.26 120.77   247.77 258.28   109.71 120.22   115.30 125.81   109.03 119.54
2021-09-13   109.31 119.81   109.29 119.79   246.80 257.30   108.74 119.24   114.33 124.83   108.06 118.56
2021-09-14   108.34 118.83   108.32 118.81   245.83 256.32   107.77 118.26   113.36 123.85   107.09 117.58
2021-09-15   107.37 117.86   107.35 117.83   244.86 255.34   106.80 117.29   112.39 122.87   106.12 116.60
2021-09-16   106.41 116.88   106.38 116.85   243.89 254.37   105.84 116.31   111.42 121.89   105.16 115.63
2021-09-17   105.44 115.90   105.41 115.88   242.93 253.39   104.87 115.33   110.46 120.92   104.19 114.65
2021-09-18   104.48 114.93   104.45 114.90   241.96 252.42   103.91 114.36   109.49 119.95   103.22 113.68
2021-09-19   103.51 113.96   103.49 113.93   241.00 251.45   102.94 113.39   108.53 118.97   102.26 112.71
2021-09-20   102.55 112.99   102.52 112.96   240.04 250.48   101.98 112.42   107.57 118.00   101.30 111.74
2021-09-21   101.59 112.02   101.56 111.99   239.08 249.51   101.02 111.45   106.60 117.03   100.34 110.77
2021-09-22   100.63 111.05   100.60 111.02   238.12 248.54   100.06 110.48   105.64 116.07    99.38 109.80
2021-09-23    99.67 110.08    99.64 110.06   237.16 247.57    99.10 109.51   104.69 115.10    98.42 108.83
2021-09-24    98.71 109.12    98.69 109.09   236.20 246.60    98.14 108.55   103.73 114.13    97.46 107.87
2021-09-25    97.76 108.15    97.73 108.13   235.25 245.64    97.19 107.58   102.77 113.17    96.51 106.90
2021-09-26    96.80 107.19    96.78 107.16   234.29 244.68    96.23 106.62   101.82 112.20    95.55 105.94
2021-09-27    95.85 106.23    95.82 106.20   233.34 243.71    95.28 105.66   100.87 111.24    94.60 104.98
2021-09-28    94.90 105.27    94.87 105.24   232.38 242.75    94.33 104.70    99.91 110.28    93.65 104.02
2021-09-29    93.95 104.31    93.92 104.28   231.43 241.79    93.38 103.74    98.96 109.32    92.70 103.06
2021-09-30    93.00 103.35    92.97 103.32   230.48 240.84    92.43 102.78    98.01 108.36    91.74 102.10
2021-10-01    92.05 102.39    92.02 102.36   229.53 239.88    91.48 101.82    97.06 107.41    90.79 101.14
2021-10-02    91.10 101.43    91.07 101.41   228.58 238.92    90.53 100.86    96.11 106.45    89.85 100.18
2021-10-03    90.15 100.48    90.12 100.45   227.64 237.97    89.58  99.91    95.16 105.49    88.90  99.23
2021-10-04    89.20  99.52    89.18  99.50   226.69 237.01    88.63  98.95    94.22 104.54    87.95  98.27
2021-10-05    88.26  98.57    88.23  98.54   225.74 236.06    87.69  98.00    93.27 103.59    87.01  97.32
2021-10-06    87.31  97.62    87.28  97.59   224.80 235.11    86.74  97.05    92.33 102.63    86.06  96.37
2021-10-07    86.37  96.67    86.34  96.64   223.85 234.15    85.80  96.10    91.38 101.68    85.11  95.42
2021-10-08    85.42  95.72    85.39  95.69   222.91 233.20    84.85  95.15    90.44 100.73    84.17  94.46
2021-10-09    84.48  94.77    84.45  94.74   221.97 232.25    83.91  94.20    89.49  99.78    83.23  93.51
2021-10-10    83.53  93.82    83.51  93.79   221.02 231.30    82.96  93.25    88.55  98.83    82.28  92.56
2021-10-11    82.59  92.87    82.57  92.84   220.08 230.35    82.02  92.30    87.61  97.88    81.34  91.62
2021-10-12    81.65  91.92    81.62  91.89   219.14 229.41    81.08  91.35    86.67  96.93    80.40  90.67
2021-10-13    80.71  90.97    80.68  90.95   218.20 228.46    80.14  90.40    85.72  95.99    79.46  89.72
2021-10-14    79.77  90.02    79.74  90.00   217.26 227.51    79.20  89.45    84.78  95.04    78.52  88.77
2021-10-15    78.83  89.08    78.80  89.05   216.31 226.57    78.26  88.51    83.84  94.09    77.58  87.83
2021-10-16    77.89  88.13    77.86  88.11   215.37 225.62    77.32  87.56    82.90  93.15    76.64  86.88
2021-10-17    76.95  87.19    76.92  87.16   214.43 224.67    76.38  86.62    81.96  92.20    75.69  85.94
2021-10-18    76.01  86.24    75.98  86.22   213.49 223.73    75.44  85.67    81.02  91.26    74.75  84.99
2021-10-19    75.06  85.30    75.04  85.27   212.55 222.79    74.49  84.73    80.08  90.31    73.81  84.05
2021-10-20    74.12  84.35    74.10  84.33   211.61 221.84    73.55  83.78    79.14  89.37    72.87  83.10
2021-10-21    73.18  83.41    73.16  83.38   210.67 220.90    72.61  82.84    78.20  88.42    71.93  82.16
2021-10-22    72.24  82.47    72.22  82.44   209.73 219.95    71.67  81.90    77.26  87.48    70.99  81.21
2021-10-23    71.30  81.52    71.28  81.49   208.79 219.01    70.73  80.95    76.32  86.54    70.05  80.27
2021-10-24    70.36  80.58    70.34  80.55   207.85 218.07    69.79  80.01    75.38  85.59    69.11  79.33
2021-10-25    69.42  79.63    69.39  79.61   206.91 217.12    68.85  79.06    74.44  84.65    68.17  78.38
2021-10-26    68.48  78.69    68.45  78.66   205.97 216.18    67.91  78.12    73.50  83.71    67.23  77.44
2021-10-27    67.54  77.75    67.51  77.72   205.03 215.23    66.97  77.18    72.55  82.76    66.29  76.50
2021-10-28    66.60  76.80    66.57  76.78   204.08 214.29    66.03  76.23    71.61  81.82    65.35  75.55
2021-10-29    65.65  75.86    65.63  75.83   203.14 213.35    65.08  75.29    70.67  80.87    64.40  74.61
2021-10-30    64.71  74.91    64.68  74.89   202.20 212.40    64.14  74.34    69.73  79.93    63.46  73.66
2021-10-31    63.77  73.97    63.74  73.94   201.25 211.46    63.20  73.40    68.78  78.98    62.52  72.72
2021-11-01    62.82  73.02    62.80  73.00   200.31 210.51    62.25  72.45    67.84  78.04    61.57  71.77
2021-11-02    61.88  72.08    61.85  72.05   199.36 209.56    61.31  71.51    66.89  77.09    60.63  70.83
2021-11-03    60.93  71.13    60.90  71.10   198.42 208.62    60.36  70.56    65.95  76.15    59.68  69.88
2021-11-04    59.98  70.18    59.96  70.16   197.47 207.67    59.41  69.61    65.00  75.20    58.73  68.93
2021-11-05    59.04  69.24    59.01  69.21   196.52 206.72    58.47  68.67    64.05  74.25    57.79  67.99
2021-11-06    58.09  68.29    58.06  68.26   195.58 205.78    57.52  67.72    63.10  73.30    56.84  67.04
2021-11-07    57.14  67.34    57.11  67.31   194.63 204.83    56.57  66.77    62.15  72.36    55.89  66.09
2021-11-08    56.19  66.39    56.16  66.36   193.67 203.88    55.62  65.82    61.20  71.41    54.94  65.14
2021-11-09    55.24  65.44    55.21  65.41   192.72 202.93    54.67  64.87    60.25  70.46    53.98  64.19
2021-11-10    54.28  64.49    54.26  64.46   191.77 201.98    53.71  63.92    59.30  69.50    53.03  63.24
2021-11-11    53.33  63.54    53.30  63.51   190.82 201.02    52.76  62.97    58.34  68.55    52.08  62.29
2021-11-12    52.47  62.48    52.45  62.46   189.96 199.97    51.90  61.91    57.49  67.50    51.22  61.23
2021-11-13    51.71  61.34    51.68  61.31   189.20 198.82    51.14  60.77    56.72  66.35    50.46  60.09
2021-11-14    50.94  60.19    50.91  60.16   188.43 197.68    50.37  59.62    55.96  65.21    49.69  58.94
2021-11-15    50.17  59.04    50.15  59.02   187.66 196.53    49.60  58.47    55.19  64.06    48.92  57.79
2021-11-16    49.40  57.89    49.37  57.87   186.89 195.38    48.83  57.32    54.42  62.91    48.15  56.64
2021-11-17    48.63  56.75    48.60  56.72   186.11 194.23    48.06  56.18    53.64  61.76    47.38  55.50
2021-11-18    47.85  55.60    47.83  55.57   185.34 193.08    47.28  55.03    52.87  60.61    46.60  54.35
2021-11-19    47.07  54.45    47.05  54.42   184.56 191.93    46.50  53.88    52.09  59.46    45.82  53.20
2021-11-20    46.30  53.29    46.27  53.27   183.78 190.78    45.73  52.72    51.31  58.31    45.04  52.04

2022-04-15   257.42 264.39   257.39 264.36    34.90  41.87   256.85 263.82   262.43 269.40   256.17 263.13
2022-04-16   256.31 263.64   256.28 263.61    33.79  41.13   255.74 263.07   261.32 268.65   255.05 262.39
2022-04-17   255.19 262.89   255.17 262.87    32.68  40.38   254.62 262.32   260.21 267.91   253.94 261.64
2022-04-18   254.08 262.15   254.06 262.12    31.57  39.64   253.51 261.58   259.10 267.17   252.83 260.90
2022-04-19   252.97 261.41   252.95 261.38    30.46  38.90   252.40 260.84   257.99 266.43   251.72 260.16
2022-04-20   251.86 260.67   251.84 260.64    29.35  38.16   251.29 260.10   256.88 265.69   250.61 259.42
2022-04-21   250.76 259.93   250.73 259.91    28.24  37.42   250.19 259.36   255.77 264.95   249.50 258.68
2022-04-22   249.65 259.20   249.62 259.17    27.13  36.68   249.08 258.63   254.66 264.21   248.40 257.95
2022-04-23   248.54 258.46   248.51 258.44    26.03  35.95   247.97 257.89   253.55 263.48   247.29 257.21
2022-04-24   247.47 257.68   247.45 257.66    24.96  35.17   246.90 257.11   252.49 262.70   246.22 256.43
2022-04-25   246.56 256.76   246.53 256.74    24.04  34.25   245.99 256.19   251.57 261.78   245.30 255.51
2022-04-26   245.64 255.84   245.61 255.82    23.12  33.33   245.07 255.27   250.65 260.86   244.39 254.59
2022-04-27   244.72 254.92   244.69 254.90    22.21  32.41   244.15 254.35   249.73 259.94   243.47 253.67
2022-04-28   243.80 254.00   243.77 253.98    21.29  31.49   243.23 253.43   248.82 259.02   242.55 252.75
2022-04-29   242.88 253.09   242.86 253.06    20.37  30.57   242.31 252.52   247.90 258.10   241.63 251.83
2022-04-30   241.97 252.17   241.94 252.14    19.45  29.66   241.40 251.60   246.98 257.18   240.72 250.92
2022-05-01   241.05 251.25   241.02 251.22    18.54  28.74   240.48 250.68   246.07 256.27   239.80 250.00
2022-05-02   240.13 250.33   240.11 250.31    17.62  27.82   239.56 249.76   245.15 255.35   238.88 249.08
2022-05-03   239.22 249.42   239.19 249.39    16.71  26.91   238.65 248.85   244.23 254.43   237.97 248.17
2022-05-04   238.30 248.50   238.28 248.48    15.79  25.99   237.73 247.93   243.32 253.52   237.05 247.25
2022-05-05   237.39 247.59   237.36 247.56    14.87  25.07   236.82 247.02   242.40 252.60   236.13 246.34
2022-05-06   236.47 246.67   236.44 246.64    13.96  24.16   235.90 246.10   241.48 251.69   235.22 245.42
2022-05-07   235.55 245.76   235.53 245.73    13.04  23.24   234.98 245.19   240.57 250.77   234.30 244.51
2022-05-08   234.64 244.84   234.61 244.81    12.12  22.33   234.07 244.27   239.65 249.86   233.39 243.59
2022-05-09   233.72 243.93   233.69 243.90    11.21  21.41   233.15 243.36   238.73 248.94   232.47 242.68
2022-05-10   232.80 243.01   232.78 242.98    10.29  20.50   232.23 242.44   237.82 248.03   231.55 241.76
2022-05-11   231.88 242.10   231.86 242.07     9.37  19.58   231.31 241.53   236.90 247.11   230.63 240.85
2022-05-12   230.97 241.18   230.94 241.15     8.45  18.67   230.40 240.61   235.98 246.20   229.72 239.93
2022-05-13   230.05 240.27   230.02 240.24     7.54  17.75   229.48 239.70   235.06 245.28   228.80 239.01
2022-05-14   229.13 239.35   229.10 239.32     6.62  16.84   228.56 238.78   234.14 244.36   227.88 238.10
2022-05-15   228.21 238.43   228.18 238.41     5.70  15.92   227.64 237.86   233.22 243.45   226.96 237.18
2022-05-16   227.29 237.52   227.26 237.49     4.78  15.00   226.72 236.95   232.30 242.53   226.04 236.27
2022-05-17   226.37 236.60   226.34 236.57     3.86  14.09   225.80 236.03   231.38 241.61   225.12 235.35
2022-05-18   225.45 235.68   225.42 235.66     2.93  13.17   224.88 235.11   230.46 240.70   224.20 234.43
2022-05-19   224.52 234.76   224.50 234.74     2.01  12.25   223.95 234.19   229.54 239.78   223.27 233.51
2022-05-20   223.60 233.85   223.57 233.82     1.09  11.33   223.03 233.28   228.62 238.86   222.35 232.59
2022-05-21   222.68 232.93   222.65 232.90     0.16  10.41   222.11 232.36   227.69 237.94   221.43 231.68
2022-05-22   221.75 232.01   221.73 231.98   359.24   9.49   221.18 231.44   226.77 237.02   220.50 230.76
2022-05-23   220.83 231.09   220.80 231.06   358.31   8.57   220.26 230.52   225.84 236.10   219.58 229.83
2022-05-24   219.90 230.16   219.87 230.14   357.39   7.65   219.33 229.59   224.91 235.18   218.65 228.91
2022-05-25   218.97 229.24   218.94 229.22   356.46   6.73   218.40 228.67   223.99 234.26   217.72 227.99
2022-05-26   218.04 228.32   218.01 228.29   355.53   5.81   217.47 227.75   223.06 233.33   216.79 227.07
2022-05-27   217.11 227.39   217.08 227.37   354.60   4.88   216.54 226.82   222.13 232.41   215.86 226.14
2022-05-28   216.18 226.47   216.15 226.44   353.67   3.96   215.61 225.90   221.19 231.48   214.93 225.22
2022-05-29   215.25 225.54   215.22 225.52   352.73   3.03   214.68 224.97   220.26 230.56   213.99 224.29
2022-05-30   214.31 224.61   214.28 224.59   351.80   2.10   213.74 224.04   219.33 229.63   213.06 223.36
2022-05-31   213.37 223.69   213.35 223.66   350.86   1.17   212.80 223.12   218.39 228.70   212.12 222.43
2022-06-01   212.44 222.76   212.41 222.73   349.92   0.24   211.87 222.19   217.45 227.77   211.19 221.50
2022-06-02   211.50 221.82   211.47 221.80   348.99 359.31   210.93 221.25   216.51 226.84   210.25 220.57
2022-06-03   210.56 220.89   210.53 220.87   348.05 358.38   209.99 220.32   215.57 225.91   209.31 219.64
2022-06-04   209.62 219.96   209.59 219.93   347.10 357.45   209.05 219.39   214.63 224.97   208.37 218.71
2022-06-05   208.67 219.02   208.65 219.00   346.16 356.51   208.10 218.45   213.69 224.04   207.42 217.77
2022-06-06   207.73 218.09   207.70 218.06   345.22 355.57   207.16 217.52   212.74 223.10   206.48 216.84
2022-06-07   206.78 217.15   206.76 217.12   344.27 354.64   206.21 216.58   211.80 222.16   205.53 215.90
2022-06-08   205.83 216.21   205.81 216.18   343.32 353.70   205.26 215.64   210.85 221.22   204.58 214.96
2022-06-09   204.88 215.27   204.86 215.24   342.37 352.75   204.31 214.70   209.90 220.28   203.63 214.02
2022-06-10   203.93 214.32   203.91 214.30   341.42 351.81   203.36 213.75   208.95 219.34   202.68 213.07
2022-06-11   202.98 213.38   202.95 213.35   340.47 350.87   202.41 212.81   208.00 218.39   201.73 212.13
2022-06-12   202.03 212.43   202.00 212.41   339.51 349.92   201.46 211.86   207.04 217.45   200.78 211.18
2022-06-13   201.07 211.49   201.04 211.46   338.56 348.97   200.50 210.92   206.08 216.50   199.82 210.24
2022-06-14   200.11 210.54   200.09 210.51   337.60 348.02   199.54 209.97   205.13 215.55   198.86 209.29
2022-06-15   199.15 209.59   199.13 209.56   336.64 347.07   198.58 209.02   204.17 214.60   197.90 208.33
2022-06-16   198.19 208.63   198.16 208.61   335.68 346.12   197.62 208.06   203.21 213.65   196.94 207.38
2022-06-17   197.23 207.68   197.20 207.65   334.71 345.17   196.66 207.11   202.24 212.69   195.98 206.43
2022-06-18   196.26 206.72   196.23 206.70   333.75 344.21   195.69 206.15   201.28 211.74   195.01 205.47
2022-06-19   195.29 205.76   195.27 205.74   332.78 343.25   194.72 205.19   200.31 210.78   194.04 204.51
2022-06-20   194.33 204.80   194.30 204.78   331.81 342.29   193.76 204.23   199.34 209.82   193.08 203.55
2022-06-21   193.36 203.84   193.33 203.82   330.84 341.33   192.79 203.27   198.37 208.86   192.10 202.59
2022-06-22   192.38 202.88   192.36 202.85   329.87 340.37   191.81 202.31   197.40 207.90   191.13 201.63
2022-06-23   191.41 201.92   191.38 201.89   328.90 339.40   190.84 201.35   196.42 206.93   190.16 200.66
2022-06-24   190.43 200.95   190.41 200.92   327.92 338.44   189.86 200.38   195.45 205.96   189.18 199.70
2022-06-25   189.46 199.98   189.43 199.95   326.94 337.47   188.89 199.41   194.47 205.00   188.21 198.73
2022-06-26   188.48 199.01   188.45 198.98   325.96 336.50   187.91 198.44   193.49 204.02   187.23 197.76
2022-06-27   187.50 198.04   187.47 198.01   324.98 335.52   186.93 197.47   192.51 203.05   186.25 196.79
2022-06-28   186.51 197.06   186.49 197.04   324.00 334.55   185.94 196.49   191.53 202.08   185.26 195.81
2022-06-29   185.53 196.09   185.50 196.06   323.02 333.58   184.96 195.52   190.54 201.10   184.28 194.84
2022-06-30   184.54 195.11   184.52 195.08   322.03 332.60   183.97 194.54   189.56 200.13   183.29 193.86
2022-07-01   183.56 194.13   183.53 194.11   321.04 331.62   182.99 193.56   188.57 199.15   182.31 192.88
2022-07-02   182.57 193.15   182.54 193.12   320.05 330.64   182.00 192.58   187.58 198.17   181.32 191.90
2022-07-03   181.58 192.17   181.55 192.14   319.06 329.66   181.01 191.60   186.59 197.18   180.33 190.92
2022-07-04   180.58 191.18   180.56 191.16   318.07 328.67   180.01 190.61   185.60 196.20   179.33 189.93
2022-07-05   179.59 190.20   179.56 190.17   317.08 327.69   179.02 189.63   184.61 195.21   178.34 188.95
2022-07-06   178.60 189.21   178.57 189.19   316.08 326.70   178.03 188.64   183.61 194.23   177.35 187.96
2022-07-07   177.60 188.22   177.57 188.20   315.09 325.71   177.03 187.65   182.62 193.24   176.35 186.97
2022-07-08   176.60 187.23   176.58 187.21   314.09 324.72   176.03 186.66   181.62 192.25   175.35 185.98
2022-07-09   175.60 186.24   175.58 186.21   313.09 323.73   175.03 185.67   180.62 191.26   174.35 184.99
2022-07-10   174.60 185.25   174.58 185.22   312.09 322.74   174.03 184.68   179.62 190.26   173.35 184.00
2022-07-11   173.60 184.25   173.58 184.23   311.09 321.74   173.03 183.68   178.62 189.27   172.35 183.00
2022-07-12   172.60 183.26   172.57 183.23   310.09 320.75   172.03 182.69   177.62 188.27   171.35 182.01
2022-07-13   171.60 182.26   171.57 182.23   309.08 319.75   171.03 181.69   176.61 187.28   170.35 181.01
2022-07-14   170.59 181.26   170.57 181.24   308.08 318.75   170.02 180.69   175.61 186.28   169.34 180.01
2022-07-15   169.59 180.26   169.56 180.24   307.07 317.75   169.02 179.69   174.60 185.28   168.34 179.01
2022-07-16   168.58 179.26   168.55 179.24   306.07 316.75   168.01 178.69   173.60 184.28   167.33 178.01
2022-07-17   167.57 178.26   167.55 178.23   305.06 315.75   167.00 177.69   172.59 183.28   166.32 177.01
2022-07-18   166.57 177.26   166.54 177.23   304.05 314.75   166.00 176.69   171.58 182.27   165.32 176.01
2022-07-19   165.56 176.25   165.53 176.23   303.05 313.74   164.99 175.68   170.57 181.27   164.31 175.00
2022-07-20   164.55 175.25   164.52 175.22   302.04 312.74   163.98 174.68   169.56 180.26   163.30 174.00
2022-07-21   163.54 174.24   163.51 174.22   301.03 311.73   162.97 173.67   168.55 179.26   162.29 172.99
2022-07-22   162.53 173.24   162.50 173.21   300.02 310.72   161.96 172.67   167.54 178.25   161.28 171.99
2022-07-23   161.52 172.23   161.49 172.20   299.00 309.72   160.95 171.66   166.53 177.24   160.27 170.98
2022-07-24   160.51 171.22   160.48 171.19   297.99 308.71   159.94 170.65   165.52 176.24   159.26 169.97
2022-07-25   159.49 170.21   159.47 170.19   296.98 307.70   158.92 169.64   164.51 175.23   158.24 168.96
2022-07-26   158.48 169.20   158.46 169.18   295.97 306.69   157.91 168.63   163.50 174.22   157.23 167.95
2022-07-27   157.47 168.19   157.44 168.17   294.96 305.68   156.90 167.62   162.49 173.21   156.22 166.94
2022-07-28   156.46 167.18   156.43 167.16   293.95 304.67   155.89 166.61   161.47 172.20   155.21 165.93
2022-07-29   155.45 166.17   155.42 166.15   292.93 303.66   154.88 165.60   160.46 171.19   154.20 164.92
2022-07-30   154.43 165.16   154.41 165.13   291.92 302.65   153.86 164.59   159.45 170.18   153.18 163.91
2022-07-31   153.42 164.15   153.39 164.12   290.91 301.64   152.85 163.58   158.44 169.17   152.17 162.90
2022-08-01   152.41 163.14   152.38 163.11   289.90 300.63   151.84 162.57   157.42 168.15   151.16 161.89
2022-08-02   151.40 162.13   151.37 162.10   288.88 299.61   150.83 161.56   156.41 167.14   150.15 160.88
2022-08-03   150.38 161.11   150.36 161.09   287.87 298.60   149.81 160.54   155.40 166.13   149.13 159.86
2022-08-04   149.37 160.10   149.35 160.08   286.86 297.59   148.80 159.53   154.39 165.12   148.12 158.85
2022-08-05   148.36 159.09   148.33 159.06   285.85 296.58   147.79 158.52   153.38 164.11   147.11 157.84
2022-08-06   147.35 158.08   147.32 158.05   284.84 295.57   146.78 157.51   152.37 163.09   146.10 156.83
2022-08-07   146.34 157.07   146.31 157.04   283.83 294.55   145.77 156.50   151.35 162.08   145.09 155.81
2022-08-08   145.33 156.05   145.30 156.03   282.82 293.54   144.76 155.48   150.34 161.07   144.08 154.80
2022-08-09   144.32 155.04   144.29 155.02   281.81 292.53   143.75 154.47   149.33 160.06   143.07 153.79
2022-08-10   143.31 154.03   143.28 154.00   280.80 291.52   142.74 153.46   148.32 159.05   142.06 152.78
2022-08-11   142.30 153.02   142.27 152.99   279.79 290.51   141.73 152.45   147.32 158.03   141.05 151.77
2022-08-12   141.29 152.01   141.27 151.98   278.78 289.50   140.72 151.44   146.31 157.02   140.04 150.76
2022-08-13   140.29 151.00   140.26 150.97   277.77 288.49   139.72 150.43   145.30 156.01   139.03 149.75
2022-08-14   139.28 149.99   139.25 149.96   276.77 287.48   138.71 149.42   144.29 155.00   138.03 148.74
2022-08-15   138.27 148.98   138.25 148.95   275.76 286.47   137.70 148.41   143.29 153.99   137.02 147.73
2022-08-16   137.27 147.97   137.24 147.94   274.76 285.46   136.70 147.40   142.28 152.98   136.02 146.72
2022-08-17   136.26 146.96   136.24 146.93   273.75 284.45   135.69 146.39   141.28 151.98   135.01 145.71
2022-08-18   135.26 145.95   135.23 145.93   272.75 283.44   134.69 145.38   140.28 150.97   134.01 144.70
2022-08-19   134.26 144.95   134.23 144.92   271.75 282.43   133.69 144.38   139.27 149.96   133.01 143.70
2022-08-20   133.26 143.94   133.23 143.91   270.74 281.43   132.69 143.37   138.27 148.96   132.01 142.69
2022-08-21   132.26 142.93   132.23 142.91   269.74 280.42   131.69 142.36   137.27 147.95   131.01 141.68
2022-08-22   131.26 141.93   131.23 141.90   268.75 279.42   130.69 141.36   136.27 146.94   130.01 140.68
2022-08-23   130.26 140.93   130.23 140.90   267.75 278.41   129.69 140.36   135.28 145.94   129.01 139.67
2022-08-24   129.26 139.92   129.24 139.90   266.75 277.41   128.69 139.35   134.28 144.94   128.01 138.67
2022-08-25   128.27 138.92   128.24 138.89   265.76 276.41   127.70 138.35   133.28 143.94   127.02 137.67
2022-08-26   127.27 137.92   127.25 137.89   264.76 275.41   126.70 137.35   132.29 142.93   126.02 136.67
2022-08-27   126.28 136.92   126.25 136.89   263.77 274.41   125.71 136.35   131.30 141.93   125.03 135.67
2022-08-28   125.29 135.92   125.26 135.89   262.78 273.41   124.72 135.35   130.30 140.94   124.04 134.67
2022-08-29   124.30 134.92   124.27 134.90   261.78 272.41   123.73 134.35   129.31 139.94   123.05 133.67
2022-08-30   123.31 133.93   123.28 133.90   260.80 271.41   122.74 133.36   128.32 138.94   122.06 132.68
2022-08-31   122.32 132.93   122.29 132.90   259.81 270.42   121.75 132.36   127.33 137.95   121.07 131.68
2022-09-01   121.33 131.94   121.31 131.91   258.82 269.42   120.76 131.37   126.35 136.95   120.08 130.69
2022-09-02   120.35 130.94   120.32 130.92   257.83 268.43   119.78 130.37   125.36 135.96   119.10 129.69
2022-09-03   119.36 129.95   119.34 129.92   256.85 267.44   118.79 129.38   124.38 134.97   118.11 128.70
2022-09-04   118.38 128.96   118.35 128.93   255.87 266.45   117.81 128.39   123.40 133.97   117.13 127.71
2022-09-05   117.40 127.97   117.37 127.94   254.89 265.46   116.83 127.40   122.41 132.98   116.15 126.72
2022-09-06   116.42 126.98   116.39 126.95   253.91 264.47   115.85 126.41   121.43 132.00   115.17 125.73
2022-09-07   115.44 125.99   115.41 125.97   252.93 263.48   114.87 125.42   120.45 131.01   114.19 124.74
2022-09-08   114.46 125.01   114.44 124.98   251.95 262.50   113.89 124.44   119.48 130.02   113.21 123.76
2022-09-09   113.49 124.02   113.46 124.00   250.97 261.51   112.92 123.45   118.50 129.04   112.24 122.77
2022-09-10   112.51 123.04   112.49 123.01   250.00 260.53   111.94 122.47   117.53 128.06   111.26 121.79
2022-09-11   111.54 122.06   111.51 122.03   249.03 259.55   110.97 121.49   116.55 127.07   110.29 120.81
2022-09-12   110.57 121.08   110.54 121.05   248.05 258.56   110.00 120.51   115.58 126.09   109.32 119.83
2022-09-13   109.60 120.10   109.57 120.07   247.08 257.59   109.03 119.53   114.61 125.11   108.35 118.85
2022-09-14   108.63 119.12   108.60 119.09   246.11 256.61   108.06 118.55   113.64 124.14   107.38 117.87
2022-09-15   107.66 118.14   107.63 118.12   245.15 255.63   107.09 117.57   112.67 123.16   106.41 116.89
2022-09-16   106.69 117.17   106.67 117.14   244.18 254.66   106.12 116.60   111.71 122.18   105.44 115.92
2022-09-17   105.73 116.19   105.70 116.17   243.21 253.68   105.16 115.62   110.74 121.21   104.48 114.94
2022-09-18   104.76 115.22   104.74 115.19   242.25 252.71   104.19 114.65   109.78 120.24   103.51 113.97
2022-09-19   103.80 114.25   103.77 114.22   241.29 251.74   103.23 113.68   108.82 119.26   102.55 113.00
2022-09-20   102.84 113.28   102.81 113.25   240.33 250.77   102.27 112.71   107.85 118.29   101.59 112.03
2022-09-21   101.88 112.31   101.85 112.28   239.37 249.80   101.31 111.74   106.89 117.32   100.63 111.06
2022-09-22   100.92 111.34   100.89 111.32   238.41 248.83   100.35 110.77   105.93 116.36    99.67 110.09
2022-09-23    99.96 110.38    99.93 110.35   237.45 247.86    99.39 109.81   104.98 115.39    98.71 109.12
2022-09-24    99.00 109.41    98.98 109.38   236.49 246.90    98.43 108.84   104.02 114.42    97.75 108.16
2022-09-25    98.05 108.45    98.02 108.42   235.54 245.93    97.48 107.88   103.06 113.46    96.80 107.19
2022-09-26    97.09 107.48    97.07 107.46   234.58 244.97    96.52 106.91   102.11 112.50    95.84 106.23
2022-09-27    96.14 106.52    96.11 106.49   233.63 244.01    95.57 105.95   101.16 111.54    94.89 105.27
2022-09-28    95.19 105.56    95.16 105.53   232.68 243.05    94.62 104.99   100.20 110.57    93.94 104.31
2022-09-29    94.24 104.60    94.21 104.57   231.72 242.09    93.67 104.03    99.25 109.62    92.99 103.35
2022-09-30    93.29 103.64    93.26 103.61   230.77 241.13    92.72 103.07    98.30 108.66    92.04 102.39
2022-10-01    92.34 102.68    92.31 102.66   229.82 240.17    91.77 102.11    97.35 107.70    91.09 101.43
2022-10-02    91.39 101.73    91.36 101.70   228.88 239.21    90.82 101.16    96.40 106.74    90.14 100.48
2022-10-03    90.44 100.77    90.41 100.75   227.93 238.26    89.87 100.20    95.46 105.79    89.19  99.52
2022-10-04    89.49  99.82    89.47  99.79   226.98 237.30    88.92  99.25    94.51 104.83    88.24  98.57
2022-10-05    88.55  98.86    88.52  98.84   226.03 236.35    87.98  98.29    93.56 103.88    87.30  97.61
2022-10-06    87.60  97.91    87.57  97.88   225.09 235.40    87.03  97.34    92.62 102.93    86.35  96.66
2022-10-07    86.66  96.96    86.63  96.93   224.14 234.45    86.09  96.39    91.67 101.97    85.40  95.71
2022-10-08    85.71  96.01    85.68  95.98   223.20 233.49    85.14  95.44    90.73 101.02    84.46  94.76
2022-10-09    84.77  95.06    84.74  95.03   222.25 232.54    84.20  94.49    89.78 100.07    83.52  93.81
2022-10-10    83.82  94.11    83.80  94.08   221.31 231.59    83.25  93.54    88.84  99.12    82.57  92.86
2022-10-11    82.88  93.16    82.85  93.13   220.37 230.64    82.31  92.59    87.90  98.17    81.63  91.91
2022-10-12    81.94  92.21    81.91  92.18   219.43 229.70    81.37  91.64    86.95  97.22    80.69  90.96
2022-10-13    81.00  91.26    80.97  91.23   218.48 228.75    80.43  90.69    86.01  96.28    79.75  90.01
2022-10-14    80.05  90.31    80.03  90.29   217.54 227.80    79.48  89.74    85.07  95.33    78.80  89.06
2022-10-15    79.11  89.37    79.09  89.34   216.60 226.85    78.54  88.80    84.13  94.38    77.86  88.12
2022-10-16    78.17  88.42    78.14  88.39   215.66 225.91    77.60  87.85    83.19  93.43    76.92  87.17
2022-10-17    77.23  87.47    77.20  87.45   214.72 224.96    76.66  86.90    82.25  92.49    75.98  86.22
2022-10-18    76.29  86.53    76.26  86.50   213.78 224.02    75.72  85.96    81.30  91.54    75.04  85.28
2022-10-19    75.35  85.58    75.32  85.56   212.84 223.07    74.78  85.01    80.36  90.60    74.10  84.33
2022-10-20    74.41  84.64    74.38  84.61   211.89 222.12    73.84  84.07    79.42  89.65    73.16  83.39
2022-10-21    73.47  83.69    73.44  83.67   210.95 221.18    72.90  83.12    78.48  88.71    72.21  82.44
2022-10-22    72.52  82.75    72.50  82.72   210.01 220.23    71.95  82.18    77.54  87.76    71.27  81.50
2022-10-23    71.58  81.80    71.56  81.78   209.07 219.29    71.01  81.23    76.60  86.82    70.33  80.55
2022-10-24    70.64  80.86    70.61  80.83   208.13 218.34    70.07  80.29    75.66  85.87    69.39  79.61
2022-10-25    69.70  79.91    69.67  79.89   207.19 217.40    69.13  79.34    74.71  84.93    68.45  78.66
2022-10-26    68.76  78.97    68.73  78.94   206.24 216.45    68.19  78.40    73.77  83.98    67.51  77.72
2022-10-27    67.81  78.02    67.79  78.00   205.30 215.51    67.24  77.45    72.83  83.04    66.56  76.77
2022-10-28    66.87  77.08    66.84  77.05   204.36 214.56    66.30  76.51    71.89  82.09    65.62  75.83
2022-10-29    65.93  76.13    65.90  76.11   203.41 213.62    65.36  75.56    70.94  81.15    64.68  74.88
2022-10-30    64.98  75.19    64.96  75.16   202.47 212.67    64.41  74.62    70.00  80.20    63.73  73.94
2022-10-31    64.04  74.24    64.01  74.21   201.53 211.73    63.47  73.67    69.05  79.25    62.79  72.99
2022-11-01    63.09  73.29    63.07  73.27   200.58 210.78    62.52  72.72    68.11  78.31    61.84  72.04
2022-11-02    62.15  72.35    62.12  72.32   199.63 209.83    61.58  71.78    67.16  77.36    60.90  71.10
2022-11-03    61.20  71.40    61.17  71.37   198.69 208.89    60.63  70.83    66.21  76.41    59.95  70.15
2022-11-04    60.25  70.45    60.22  70.42   197.74 207.94    59.68  69.88    65.27  75.47    59.00  69.20
2022-11-05    59.30  69.50    59.28  69.48   196.79 206.99    58.73  68.93    64.32  74.52    58.05  68.25
2022-11-06    58.35  68.55    58.33  68.53   195.84 206.04    57.78  67.98    63.37  73.57    57.10  67.30
2022-11-07    57.40  67.60    57.37  67.58   194.89 205.09    56.83  67.03    62.42  72.62    56.15  66.35
2022-11-08    56.45  66.65    56.42  66.63   193.94 204.14    55.88  66.08    61.46  71.67    55.20  65.40
2022-11-09    55.50  65.70    55.47  65.67   192.98 203.19    54.93  65.13    60.51  70.72    54.24  64.45
2022-11-10    54.54  64.75    54.51  64.72   192.03 202.23    53.97  64.18    59.56  69.76    53.29  63.50
2022-11-11    53.59  63.79    53.56  63.77   191.07 201.28    53.02  63.22    58.60  68.81    52.34  62.54
2022-11-12    52.67  62.80    52.64  62.77   190.16 200.29    52.10  62.23    57.69  67.81    51.42  61.55
2022-11-13    51.90  61.65    51.88  61.62   189.39 199.14    51.33  61.08    56.92  66.67    50.65  60.40
2022-11-14    51.13  60.50    51.11  60.48   188.62 197.99    50.56  59.93    56.15  65.52    49.88  59.25
2022-11-15    50.36  59.35    50.34  59.33   187.85 196.84    49.79  58.78    55.38  64.37    49.11  58.10
2022-11-16    49.59  58.21    49.57  58.18   187.08 195.69    49.02  57.64    54.61  63.22    48.34  56.95
2022-11-17    48.82  57.05    48.79  57.03   186.31 194.54    48.25  56.48    53.83  62.07    47.57  55.80
2022-11-18    48.04  55.90    48.02  55.88   185.53 193.39    47.47  55.33    53.06  60.92    46.79  54.65
2022-11-19    47.26  54.75    47.24  54.73   184.75 192.24    46.69  54.18    52.28  59.77    46.01  53.50
2022-11-20    46.48  53.60    46.46  53.57   183.97 191.09    45.91  53.03    51.50  58.61    45.23  52.35

2023-04-15   257.76 264.62   257.73 264.59    35.25  42.10   257.19 264.05   262.77 269.63   256.51 263.37
2023-04-16   256.65 263.87   256.62 263.84    34.13  41.36   256.08 263.30   261.66 268.89   255.39 262.62
2023-04-17   255.53 263.12   255.51 263.10    33.02  40.61   254.96 262.55   260.55 268.14   254.28 261.87
2023-04-18   254.42 262.38   254.39 262.35    31.91  39.87   253.85 261.81   259.44 267.40   253.17 261.13
2023-04-19   253.31 261.64   253.28 261.61    30.80  39.13   252.74 261.07   258.33 266.65   252.06 260.39
2023-04-20   252.20 260.90   252.17 260.87    29.69  38.39   251.63 260.33   257.21 265.91   250.95 259.65
2023-04-21   251.09 260.16   251.06 260.13    28.58  37.65   250.52 259.59   256.10 265.18   249.84 258.91
2023-04-22   249.98 259.42   249.95 259.40    27.47  36.91   249.41 258.85   254.99 264.44   248.73 258.17
2023-04-23   248.87 258.69   248.84 258.66    26.36  36.18   248.30 258.12   253.88 263.70   247.62 257.44
2023-04-24   247.76 257.95   247.73 257.93    25.25  35.44   247.19 257.38   252.77 262.97   246.51 256.70
2023-04-25   246.83 257.04   246.80 257.01    24.32  34.53   246.26 256.47   251.85 262.05   245.58 255.79
2023-04-26   245.91 256.12   245.88 256.09    23.40  33.60   245.34 255.55   250.93 261.13   244.66 254.87
2023-04-27   244.99 255.20   244.97 255.17    22.48  32.68   244.42 254.63   250.01 260.21   243.74 253.95
2023-04-28   244.07 254.28   244.05 254.25    21.56  31.76   243.50 253.71   249.09 259.29   242.82 253.03
2023-04-29   243.16 253.36   243.13 253.33    20.64  30.84   242.59 252.79   248.17 258.37   241.90 252.11
2023-04-30   242.24 252.44   242.21 252.41    19.72  29.93   241.67 251.87   247.25 257.45   240.99 251.19
2023-05-01   241.32 251.52   241.29 251.49    18.81  29.01   240.75 250.95   246.33 256.53   240.07 250.27
2023-05-02   240.40 250.60   240.38 250.58    17.89  28.09   239.83 250.03   245.42 255.62   239.15 249.35
2023-05-03   239.48 249.68   239.46 249.66    16.97  27.17   238.91 249.11   244.50 254.70   238.23 248.43
2023-05-04   238.57 248.77   238.54 248.74    16.05  26.25   238.00 248.20   243.58 253.78   237.32 247.52
2023-05-05   237.65 247.85   237.62 247.82    15.14  25.34   237.08 247.28   242.66 252.87   236.40 246.60
2023-05-06   236.73 246.93   236.70 246.91    14.22  24.42   236.16 246.36   241.75 251.95   235.48 245.68
2023-05-07   235.81 246.02   235.79 245.99    13.30  23.50   235.24 245.45   240.83 251.03   234.56 244.77
2023-05-08   234.90 245.10   234.87 245.07    12.38  22.59   234.33 244.53   239.91 250.12   233.64 243.85
2023-05-09   233.98 244.18   233.95 244.16    11.46  21.67   233.41 243.61   238.99 249.20   232.73 242.93
2023-05-10   233.06 243.27   233.03 243.24    10.55  20.75   232.49 242.70   238.07 248.28   231.81 242.02
2023-05-11   232.14 242.35   232.11 242.32     9.63  19.84   231.57 241.78   237.16 247.37   230.89 241.10
2023-05-12   231.22 241.43   231.19 241.41     8.71  18.92   230.65 240.86   236.24 246.45   229.97 240.18
2023-05-13   230.30 240.52   230.27 240.49     7.79  18.00   229.73 239.95   235.32 245.53   229.05 239.27
2023-05-14   229.38 239.60   229.35 239.57     6.87  17.09   228.81 239.03   234.40 244.61   228.13 238.35
2023-05-15   228.46 238.68   228.43 238.66     5.95  16.17   227.89 238.11   233.47 243.70   227.21 237.43
2023-05-16   227.54 237.76   227.51 237.74     5.03  15.25   226.97 237.19   232.55 242.78   226.29 236.51
2023-05-17   226.62 236.85   226.59 236.82     4.10  14.33   226.05 236.28   231.63 241.86   225.36 235.59
2023-05-18   225.69 235.93   225.67 235.90     3.18  13.41   225.12 235.36   230.71 240.94   224.44 234.68
2023-05-19   224.77 235.01   224.74 234.98     2.26  12.49   224.20 234.44   229.78 240.02   223.52 233.76
2023-05-20   223.84 234.09   223.82 234.06     1.33  11.57   223.27 233.52   228.86 239.10   222.59 232.84
2023-05-21   222.92 233.17   222.89 233.14     0.41  10.65   222.35 232.60   227.93 238.18   221.67 231.92
2023-05-22   221.99 232.25   221.97 232.22   359.48   9.73   221.42 231.68   227.01 237.26   220.74 230.99
2023-05-23   221.06 231.32   221.04 231.30   358.55   8.81   220.49 230.75   226.08 236.34   219.81 230.07
2023-05-24   220.14 230.40   220.11 230.37   357.62   7.89   219.57 229.83   225.15 235.41   218.88 229.15
2023-05-25   219.21 229.48   219.18 229.45   356.69   6.96   218.64 228.91   224.22 234.49   217.95 228.22
2023-05-26   218.27 228.55   218.25 228.52   355.76   6.04   217.70 227.98   223.29 233.57   217.02 227.30
2023-05-27   217.34 227.63   217.32 227.60   354.83   5.11   216.77 227.06   222.36 232.64   216.09 226.37
2023-05-28   216.41 226.70   216.38 226.67   353.90   4.19   215.84 226.13   221.42 231.71   215.16 225.45
2023-05-29   215.47 225.77   215.45 225.74   352.96   3.26   214.90 225.20   220.49 230.79   214.22 224.52
2023-05-30   214.54 224.84   214.51 224.81   352.03   2.33   213.97 224.27   219.55 229.86   213.29 223.59
2023-05-31   213.60 223.91   213.57 223.88   351.09   1.40   213.03 223.34   218.62 228.93   212.35 222.66
2023-06-01   212.66 222.98   212.64 222.95   350.15   0.47   212.09 222.41   217.68 227.99   211.41 221.73
2023-06-02   211.72 222.05   211.70 222.02   349.21 359.53   211.15 221.48   216.74 227.06   210.47 220.80
2023-06-03   210.78 221.11   210.75 221.09   348.27 358.60   210.21 220.54   215.80 226.13   209.53 219.86
2023-06-04   209.84 220.18   209.81 220.15   347.32 357.66   209.27 219.61   214.85 225.19   208.59 218.93
2023-06-05   208.89 219.24   208.87 219.21   346.38 356.73   208.32 218.67   213.91 224.26   207.64 217.99
2023-06-06   207.95 218.30   207.92 218.28   345.43 355.79   207.38 217.73   212.96 223.32   206.70 217.05
2023-06-07   207.00 217.36   206.97 217.34   344.49 354.85   206.43 216.79   212.01 222.38   205.75 216.11
2023-06-08   206.05 216.42   206.02 216.40   343.54 353.91   205.48 215.85   211.06 221.44   204.80 215.17
2023-06-09   205.10 215.48   205.07 215.45   342.59 352.97   204.53 214.91   210.11 220.49   203.85 214.23
2023-06-10   204.15 214.54   204.12 214.51   341.63 352.02   203.58 213.97   209.16 219.55   202.90 213.28
2023-06-11   203.19 213.59   203.17 213.56   340.68 351.08   202.62 213.02   208.21 218.60   201.94 212.34
2023-06-12   202.24 212.64   202.21 212.62   339.72 350.13   201.67 212.07   207.25 217.66   200.99 211.39
2023-06-13   201.28 211.69   201.25 211.67   338.77 349.18   200.71 211.12   206.29 216.71   200.03 210.44
2023-06-14   200.32 210.74   200.29 210.72   337.81 348.23   199.75 210.17   205.33 215.76   199.07 209.49
2023-06-15   199.36 209.79   199.33 209.76   336.85 347.28   198.79 209.22   204.37 214.81   198.11 208.54
2023-06-16   198.40 208.84   198.37 208.81   335.88 346.32   197.83 208.27   203.41 213.85   197.14 207.59
2023-06-17   197.43 207.88   197.40 207.86   334.92 345.37   196.86 207.31   202.45 212.90   196.18 206.63
2023-06-18   196.46 206.92   196.44 206.90   333.95 344.41   195.89 206.35   201.48 211.94   195.21 205.67
2023-06-19   195.50 205.97   195.47 205.94   332.98 343.45   194.93 205.40   200.51 210.98   194.25 204.71
2023-06-20   194.53 205.00   194.50 204.98   332.01 342.49   193.96 204.43   199.54 210.02   193.28 203.75
2023-06-21   193.56 204.04   193.53 204.02   331.04 341.53   192.99 203.47   198.57 209.06   192.30 202.79
2023-06-22   192.58 203.08   192.56 203.05   330.07 340.57   192.01 202.51   197.60 208.09   191.33 201.83
2023-06-23   191.61 202.11   191.58 202.09   329.10 339.60   191.04 201.54   196.62 207.13   190.36 200.86
2023-06-24   190.63 201.15   190.60 201.12   328.12 338.63   190.06 200.58   195.65 206.16   189.38 199.89
2023-06-25   189.65 200.18   189.63 200.15   327.14 337.66   189.08 199.61   194.67 205.19   188.40 198.93
2023-06-26   188.67 199.21   188.65 199.18   326.16 336.69   188.10 198.64   193.69 204.22   187.42 197.95
2023-06-27   187.69 198.23   187.67 198.21   325.18 335.72   187.12 197.66   192.71 203.25   186.44 196.98
2023-06-28   186.71 197.26   186.68 197.23   324.20 334.75   186.14 196.69   191.72 202.27   185.46 196.01
2023-06-29   185.72 196.28   185.70 196.26   323.21 333.77   185.15 195.71   190.74 201.30   184.47 195.03
2023-06-30   184.74 195.31   184.71 195.28   322.23 332.79   184.17 194.74   189.75 200.32   183.49 194.05
2023-07-01   183.75 194.33   183.72 194.30   321.24 331.81   183.18 193.76   188.77 199.34   182.50 193.08
2023-07-02   182.76 193.35   182.74 193.32   320.25 330.83   182.19 192.78   187.78 198.36   181.51 192.09
2023-07-03   181.77 192.36   181.75 192.34   319.26 329.85   181.20 191.79   186.79 197.38   180.52 191.11
2023-07-04   180.78 191.38   180.75 191.35   318.27 328.87   180.21 190.81   185.80 196.39   179.53 190.13
2023-07-05   179.79 190.39   179.76 190.37   317.27 327.88   179.22 189.82   184.80 195.41   178.54 189.14
2023-07-06   178.79 189.41   178.77 189.38   316.28 326.89   178.22 188.84   183.81 194.42   177.54 188.16
2023-07-07   177.80 188.42   177.77 188.39   315.28 325.91   177.23 187.85   182.81 193.43   176.55 187.17
2023-07-08   176.80 187.43   176.77 187.40   314.29 324.92   176.23 186.86   181.82 192.44   175.55 186.18
2023-07-09   175.80 186.44   175.78 186.41   313.29 323.93   175.23 185.87   180.82 191.45   174.55 185.19
2023-07-10   174.80 185.45   174.78 185.42   312.29 322.93   174.23 184.88   179.82 190.46   173.55 184.20
2023-07-11   173.80 184.45   173.78 184.43   311.29 321.94   173.23 183.88   178.82 189.47   172.55 183.20
2023-07-12   172.80 183.46   172.77 183.43   310.29 320.94   172.23 182.89   177.82 188.47   171.55 182.21
2023-07-13   171.80 182.46   171.77 182.43   309.29 319.95   171.23 181.89   176.81 187.48   170.55 181.21
2023-07-14   170.80 181.46   170.77 181.44   308.28 318.95   170.23 180.89   175.81 186.48   169.54 180.21
2023-07-15   169.79 180.47   169.76 180.44   307.28 317.95   169.22 179.90   174.81 185.48   168.54 179.21
2023-07-16   168.79 179.47   168.76 179.44   306.27 316.95   168.22 178.90   173.80 184.48   167.54 178.22
2023-07-17   167.78 178.47   167.75 178.44   305.27 315.95   167.21 177.90   172.80 183.48   166.53 177.21
2023-07-18   166.77 177.46   166.75 177.44   304.26 314.95   166.20 176.89   171.79 182.48   165.52 176.21
2023-07-19   165.77 176.46   165.74 176.44   303.25 313.95   165.20 175.89   170.78 181.48   164.52 175.21
2023-07-20   164.76 175.46   164.73 175.43   302.25 312.95   164.19 174.89   169.77 180.47   163.51 174.21
2023-07-21   163.75 174.45   163.73 174.43   301.24 311.94   163.18 173.88   168.77 179.47   162.50 173.20
2023-07-22   162.74 173.45   162.72 173.42   300.23 310.94   162.17 172.88   167.76 178.46   161.49 172.20
2023-07-23   161.73 172.44   161.71 172.42   299.22 309.93   161.16 171.87   166.75 177.46   160.48 171.19
2023-07-24   160.72 171.44   160.70 171.41   298.21 308.93   160.15 170.87   165.74 176.45   159.47 170.19
2023-07-25   159.71 170.43   159.69 170.40   297.20 307.92   159.14 169.86   164.73 175.45   158.46 169.18
2023-07-26   158.70 169.42   158.68 169.40   296.19 306.91   158.13 168.85   163.72 174.44   157.45 168.17
2023-07-27   157.69 168.42   157.67 168.39   295.18 305.90   157.12 167.85   162.71 173.43   156.44 167.16
2023-07-28   156.68 167.41   156.66 167.38   294.17 304.89   156.11 166.84   161.70 172.42   155.43 166.16
2023-07-29   155.67 166.40   155.65 166.37   293.16 303.89   155.10 165.83   160.69 171.41   154.42 165.15
2023-07-30   154.66 165.39   154.64 165.36   292.15 302.88   154.09 164.82   159.68 170.40   153.41 164.14
2023-07-31   153.65 164.38   153.63 164.35   291.14 301.87   153.08 163.81   158.67 169.39   152.40 163.13
2023-08-01   152.64 163.37   152.62 163.34   290.13 300.86   152.07 162.80   157.66 168.39   151.39 162.12
2023-08-02   151.63 162.36   151.60 162.33   289.12 299.85   151.06 161.79   156.65 167.38   150.38 161.11
2023-08-03   150.62 161.35   150.59 161.32   288.11 298.84   150.05 160.78   155.64 166.37   149.37 160.10
2023-08-04   149.61 160.34   149.58 160.31   287.10 297.83   149.04 159.77   154.63 165.36   148.36 159.09
2023-08-05   148.60 159.33   148.58 159.30   286.09 296.82   148.03 158.76   153.62 164.34   147.35 158.08
2023-08-06   147.59 158.32   147.57 158.29   285.08 295.81   147.02 157.75   152.61 163.33   146.34 157.07
2023-08-07   146.58 157.31   146.56 157.28   284.07 294.80   146.01 156.74   151.60 162.32   145.33 156.06
2023-08-08   145.58 156.30   145.55 156.27   283.06 293.79   145.01 155.73   150.59 161.31   144.32 155.05
2023-08-09   144.57 155.29   144.54 155.26   282.05 292.78   144.00 154.72   149.58 160.30   143.32 154.04
2023-08-10   143.56 154.28   143.53 154.25   281.05 291.77   142.99 153.71   148.58 159.30   142.31 153.03
2023-08-11   142.55 153.27   142.53 153.24   280.04 290.76   141.98 152.70   147.57 158.29   141.30 152.02
2023-08-12   141.55 152.26   141.52 152.24   279.03 289.75   140.98 151.69   146.56 157.28   140.30 151.01
2023-08-13   140.54 151.25   140.51 151.23   278.03 288.74   139.97 150.68   145.56 156.27   139.29 150.00
2023-08-14   139.54 150.25   139.51 150.22   277.02 287.73   138.97 149.68   144.55 155.26   138.29 148.99
2023-08-15   138.53 149.24   138.51 149.21   276.02 286.73   137.96 148.67   143.55 154.25   137.28 147.99
2023-08-16   137.53 148.23   137.50 148.20   275.02 285.72   136.96 147.66   142.54 153.25   136.28 146.98
2023-08-17   136.53 147.22   136.50 147.20   274.01 284.71   135.96 146.65   141.54 152.24   135.28 145.97
2023-08-18   135.53 146.22   135.50 146.19   273.01 283.71   134.96 145.65   140.54 151.23   134.28 144.97
2023-08-19   134.53 145.21   134.50 145.19   272.01 282.70   133.96 144.64   139.54 150.23   133.27 143.96
2023-08-20   133.53 144.21   133.50 144.18   271.01 281.70   132.96 143.64   138.54 149.22   132.28 142.96
2023-08-21   132.53 143.20   132.50 143.18   270.01 280.69   131.96 142.63   137.54 148.22   131.28 141.95
2023-08-22   131.53 142.20   131.50 142.18   269.02 279.69   130.96 141.63   136.55 147.22   130.28 140.95
2023-08-23   130.53 141.20   130.51 141.17   268.02 278.69   129.96 140.63   135.55 146.21   129.28 139.95
2023-08-24   129.54 140.20   129.51 140.17   267.03 277.69   128.97 139.63   134.55 145.21   128.29 138.95
2023-08-25   128.54 139.20   128.52 139.17   266.03 276.69   127.97 138.63   133.56 144.21   127.29 137.95
2023-08-26   127.55 138.20   127.52 138.17   265.04 275.69   126.98 137.63   132.57 143.21   126.30 136.95
2023-08-27   126.56 137.20   126.53 137.17   264.05 274.69   125.99 136.63   131.57 142.22   125.31 135.95
2023-08-28   125.57 136.20   125.54 136.18   263.06 273.69   125.00 135.63   130.58 141.22   124.32 134.95
2023-08-29   124.58 135.21   124.55 135.18   262.07 272.69   124.01 134.64   129.59 140.22   123.33 133.96
2023-08-30   123.59 134.21   123.56 134.18   261.08 271.70   123.02 133.64   128.61 139.23   122.34 132.96
2023-08-31   122.60 133.22   122.58 133.19   260.09 270.70   122.03 132.65   127.62 138.23   121.35 131.97
2023-09-01   121.62 132.22   121.59 132.20   259.11 269.71   121.05 131.65   126.63 137.24   120.37 130.97
2023-09-02   120.63 131.23   120.61 131.20   258.12 268.72   120.06 130.66   125.65 136.25   119.38 129.98
2023-09-03   119.65 130.24   119.62 130.21   257.14 267.73   119.08 129.67   124.67 135.26   118.40 128.99
2023-09-04   118.67 129.25   118.64 129.22   256.16 266.74   118.10 128.68   123.68 134.27   117.42 128.00
2023-09-05   117.69 128.26   117.66 128.24   255.18 265.75   117.12 127.69   122.70 133.28   116.44 127.01
2023-09-06   116.71 127.27   116.68 127.25   254.20 264.76   116.14 126.70   121.73 132.29   115.46 126.02
2023-09-07   115.73 126.29   115.71 126.26   253.22 263.78   115.16 125.72   120.75 131.30   114.48 125.04
2023-09-08   114.76 125.30   114.73 125.28   252.24 262.79   114.19 124.73   119.77 130.32   113.50 124.05
2023-09-09   113.78 124.32   113.75 124.29   251.27 261.81   113.21 123.75   118.80 129.33   112.53 123.07
2023-09-10   112.81 123.34   112.78 123.31   250.29 260.82   112.24 122.77   117.82 128.35   111.56 122.09
2023-09-11   111.83 122.36   111.81 122.33   249.32 259.84   111.26 121.79   116.85 127.37   110.58 121.10
2023-09-12   110.86 121.38   110.84 121.35   248.35 258.86   110.29 120.81   115.88 126.39   109.61 120.12
2023-09-13   109.89 120.40   109.87 120.37   247.38 257.88   109.32 119.83   114.91 125.41   108.64 119.15
2023-09-14   108.92 119.42   108.90 119.39   246.41 256.91   108.35 118.85   113.94 124.43   107.67 118.17
2023-09-15   107.96 118.44   107.93 118.42   245.44 255.93   107.39 117.87   112.97 123.46   106.71 117.19
2023-09-16   106.99 117.47   106.96 117.44   244.48 254.96   106.42 116.90   112.01 122.48   105.74 116.22
2023-09-17   106.03 116.49   106.00 116.47   243.51 253.98   105.46 115.92   111.04 121.51   104.77 115.24
2023-09-18   105.06 115.52   105.04 115.50   242.55 253.01   104.49 114.95   110.08 120.54   103.81 114.27
2023-09-19   104.10 114.55   104.07 114.52   241.59 252.04   103.53 113.98   109.11 119.57   102.85 113.30
2023-09-20   103.14 113.58   103.11 113.55   240.63 251.07   102.57 113.01   108.15 118.60   101.89 112.33
2023-09-21   102.18 112.61   102.15 112.59   239.67 250.10   101.61 112.04   107.19 117.63   100.93 111.36
2023-09-22   101.22 111.64   101.19 111.62   238.71 249.13   100.65 111.07   106.23 116.66    99.97 110.39
2023-09-23   100.26 110.68   100.23 110.65   237.75 248.16    99.69 110.11   105.28 115.69    99.01 109.43
2023-09-24    99.30 109.71    99.28 109.69   236.79 247.20    98.73 109.14   104.32 114.73    98.05 108.46
2023-09-25    98.35 108.75    98.32 108.72   235.84 246.24    97.78 108.18   103.36 113.76    97.10 107.50
2023-09-26    97.39 107.78    97.37 107.76   234.88 245.27    96.82 107.21   102.41 112.80    96.14 106.53
2023-09-27    96.44 106.82    96.41 106.80   233.93 244.31    95.87 106.25   101.46 111.84    95.19 105.57
2023-09-28    95.49 105.86    95.46 105.83   232.98 243.35    94.92 105.29   100.50 110.88    94.24 104.61
2023-09-29    94.54 104.90    94.51 104.88   232.02 242.39    93.97 104.33    99.55 109.92    93.29 103.65
2023-09-30    93.59 103.94    93.56 103.92   231.07 241.43    93.02 103.37    98.60 108.96    92.33 102.69
2023-10-01    92.64 102.98    92.61 102.96   230.12 240.47    92.07 102.41    97.65 108.00    91.38 101.73
2023-10-02    91.69 102.03    91.66 102.00   229.17 239.51    91.12 101.46    96.70 107.04    90.44 100.78
2023-10-03    90.74 101.07    90.71 101.04   228.22 238.56    90.17 100.50    95.75 106.09    89.49  99.82
2023-10-04    89.79 100.12    89.76 100.09   227.28 237.60    89.22  99.55    94.81 105.13    88.54  98.87
2023-10-05    88.84  99.16    88.82  99.14   226.33 236.65    88.27  98.59    93.86 104.18    87.59  97.91
2023-10-06    87.90  98.21    87.87  98.18   225.38 235.70    87.33  97.64    92.91 103.22    86.65  96.96
2023-10-07    86.95  97.26    86.92  97.23   224.44 234.74    86.38  96.69    91.97 102.27    85.70  96.00
2023-10-08    86.01  96.30    85.98  96.28   223.49 233.79    85.44  95.73    91.02 101.32    84.75  95.05
2023-10-09    85.06  95.35    85.03  95.33   222.55 232.84    84.49  94.78    90.08 100.37    83.81  94.10
2023-10-10    84.12  94.40    84.09  94.37   221.60 231.89    83.55  93.83    89.13  99.42    82.87  93.15
2023-10-11    83.17  93.45    83.15  93.42   220.66 230.94    82.60  92.88    88.19  98.47    81.92  92.20
2023-10-12    82.23  92.50    82.20  92.48   219.72 229.99    81.66  91.93    87.24  97.52    80.98  91.25
2023-10-13    81.29  91.55    81.26  91.53   218.77 229.04    80.72  90.98    86.30  96.57    80.04  90.30
2023-10-14    80.34  90.60    80.32  90.58   217.83 228.09    79.77  90.03    85.36  95.62    79.09  89.35
2023-10-15    79.40  89.66    79.37  89.63   216.89 227.14    78.83  89.09    84.42  94.67    78.15  88.41
2023-10-16    78.46  88.71    78.43  88.68   215.95 226.20    77.89  88.14    83.47  93.72    77.21  87.46
2023-10-17    77.52  87.76    77.49  87.73   215.00 225.25    76.95  87.19    82.53  92.78    76.27  86.51
2023-10-18    76.57  86.81    76.55  86.79   214.06 224.30    76.00  86.24    81.59  91.83    75.32  85.56
2023-10-19    75.63  85.87    75.61  85.84   213.12 223.35    75.06  85.30    80.65  90.88    74.38  84.62
2023-10-20    74.69  84.92    74.66  84.89   212.18 222.41    74.12  84.35    79.70  89.94    73.44  83.67
2023-10-21    73.75  83.97    73.72  83.95   211.23 221.46    73.18  83.40    78.76  88.99    72.50  82.72
2023-10-22    72.80  83.03    72.78  83.00   210.29 220.52    72.23  82.46    77.82  88.04    71.55  81.78
2023-10-23    71.86  82.08    71.84  82.06   209.35 219.57    71.29  81.51    76.88  87.10    70.61  80.83
2023-10-24    70.92  81.14    70.89  81.11   208.41 218.62    70.35  80.57    75.93  86.15    69.67  79.89
2023-10-25    69.98  80.19    69.95  80.16   207.46 217.68    69.41  79.62    74.99  85.20    68.72  78.94
2023-10-26    69.03  79.24    69.01  79.22   206.52 216.73    68.46  78.67    74.05  84.26    67.78  77.99
2023-10-27    68.09  78.30    68.06  78.27   205.58 215.78    67.52  77.73    73.10  83.31    66.84  77.05
2023-10-28    67.14  77.35    67.12  77.32   204.63 214.84    66.57  76.78    72.16  82.37    65.89  76.10
2023-10-29    66.20  76.40    66.17  76.38   203.69 213.89    65.63  75.83    71.21  81.42    64.95  75.15
2023-10-30    65.25  75.46    65.23  75.43   202.74 212.94    64.68  74.89    70.27  80.47    64.00  74.20
2023-10-31    64.31  74.51    64.28  74.48   201.79 212.00    63.74  73.94    69.32  79.52    63.06  73.26
2023-11-01    63.36  73.56    63.33  73.53   200.85 211.05    62.79  72.99    68.37  78.58    62.11  72.31
2023-11-02    62.41  72.61    62.38  72.58   199.90 210.10    61.84  72.04    67.43  77.63    61.16  71.36
2023-11-03    61.46  71.66    61.44  71.64   198.95 209.15    60.89  71.09    66.48  76.68    60.21  70.41
2023-11-04    60.51  70.71    60.49  70.69   198.00 208.20    59.94  70.14    65.53  75.73    59.26  69.46
2023-11-05    59.56  69.76    59.54  69.74   197.05 207.25    58.99  69.19    64.58  74.78    58.31  68.51
2023-11-06    58.61  68.81    58.58  68.78   196.10 206.30    58.04  68.24    63.63  73.83    57.36  67.56
2023-11-07    57.66  67.86    57.63  67.83   195.15 205.35    57.09  67.29    62.67  72.87    56.41  66.61
2023-11-08    56.70  66.91    56.68  66.88   194.19 204.39    56.13  66.34    61.72  71.92    55.45  65.66
2023-11-09    55.75  65.95    55.72  65.93   193.24 203.44    55.18  65.38    60.77  70.97    54.50  64.70
2023-11-10    54.79  65.00    54.77  64.97   192.28 202.49    54.22  64.43    59.81  70.01    53.54  63.75
2023-11-11    53.84  64.04    53.81  64.02   191.32 201.53    53.27  63.47    58.85  69.06    52.59  62.79
2023-11-12    52.88  63.09    52.85  63.06   190.37 200.58    52.31  62.52    57.89  68.10    51.63  61.84
2023-11-13    52.09  61.96    52.06  61.93   189.58 199.45    51.52  61.39    57.11  66.97    50.84  60.71
2023-11-14    51.32  60.81    51.29  60.78   188.81 198.30    50.75  60.24    56.34  65.82    50.07  59.56
2023-11-15    50.55  59.66    50.52  59.63   188.04 197.15    49.98  59.09    55.56  64.67    49.30  58.41
2023-11-16    49.78  58.51    49.75  58.48   187.26 195.99    49.21  57.94    54.79  63.52    48.53  57.26
2023-11-17    49.00  57.35    48.97  57.33   186.49 194.84    48.43  56.78    54.02  62.37    47.75  56.10
2023-11-18    48.22  56.20    48.20  56.18   185.71 193.69    47.65  55.63    53.24  61.22    46.97  54.95
2023-11-19    47.44  55.05    47.42  55.02   184.93 192.54    46.87  54.48    52.46  60.06    46.19  53.80
2023-11-20    46.66  53.89    46.63  53.87   184.15 191.38    46.09  53.32    51.68  58.91    45.41  52.64
2023-11-21    45.88  52.74    45.85  52.71   183.36 190.22    45.31  52.17    50.89  57.75    44.63  51.49
