
       Target
                ecliptic
RA      Dec     latitude
291.245  37.759  58.751

Checked interval [2020-01-01, 2023-12-31]
|           Window [days]                 |    Normal V3 PA [deg]    |
   Start           End         Duration         Start         End         RA            Dec     
 2020-04-13      2020-11-05       206.00     261.83885      65.39225     291.24513      37.75901 
 2021-04-13      2021-11-06       207.00     262.09213      64.77429     291.24513      37.75901 
 2022-04-14      2022-11-06       206.00     261.51039      65.01027     291.24513      37.75901 
 2023-04-14      2023-11-06       206.00     261.76820      65.24051     291.24513      37.75901 


                V3PA          NIRCam           NIRSpec         NIRISS           MIRI          FGS
   Date      min    max      min    max       min    max     min    max      min    max      min    max

2020-04-14   258.15 265.36   258.13 265.33    35.64  42.84   257.58 264.79   263.17 270.37   256.90 264.10
2020-04-15   257.01 264.83   256.98 264.81    34.50  42.32   256.44 264.26   262.02 269.85   255.76 263.58
2020-04-16   255.86 264.31   255.84 264.29    33.35  41.80   255.29 263.74   260.88 269.33   254.61 263.06
2020-04-17   254.72 263.80   254.69 263.77    32.21  41.28   254.15 263.23   259.73 268.81   253.47 262.54
2020-04-18   253.57 263.28   253.55 263.25    31.06  40.77   253.00 262.71   258.59 268.29   252.32 262.03
2020-04-19   252.49 262.70   252.47 262.68    29.98  40.19   251.92 262.13   257.51 267.72   251.24 261.45
2020-04-20   251.67 261.87   251.64 261.85    29.16  39.36   251.10 261.30   256.68 266.89   250.42 260.62
2020-04-21   250.84 261.05   250.82 261.02    28.33  38.53   250.27 260.48   255.86 266.06   249.59 259.79
2020-04-22   250.02 260.22   249.99 260.19    27.50  37.71   249.45 259.65   255.03 265.23   248.77 258.97
2020-04-23   249.19 259.39   249.17 259.37    26.68  36.88   248.62 258.82   254.21 264.41   247.94 258.14
2020-04-24   248.37 258.57   248.34 258.54    25.86  36.06   247.80 258.00   253.38 263.58   247.12 257.32
2020-04-25   247.54 257.74   247.52 257.72    25.03  35.23   246.97 257.17   252.56 262.76   246.29 256.49
2020-04-26   246.72 256.92   246.69 256.89    24.21  34.41   246.15 256.35   251.73 261.94   245.47 255.67
2020-04-27   245.89 256.10   245.87 256.07    23.38  33.58   245.32 255.53   250.91 261.11   244.64 254.85
2020-04-28   245.07 255.27   245.04 255.25    22.56  32.76   244.50 254.70   250.08 260.29   243.82 254.02
2020-04-29   244.24 254.45   244.22 254.43    21.73  31.94   243.67 253.88   249.26 259.47   242.99 253.20
2020-04-30   243.41 253.63   243.39 253.60    20.90  31.12   242.84 253.06   248.43 258.65   242.16 252.38
2020-05-01   242.59 252.81   242.56 252.78    20.07  30.30   242.02 252.24   247.60 257.82   241.34 251.56
2020-05-02   241.76 251.98   241.73 251.96    19.25  29.47   241.19 251.41   246.77 257.00   240.51 250.73
2020-05-03   240.93 251.16   240.90 251.14    18.42  28.65   240.36 250.59   245.94 256.18   239.68 249.91
2020-05-04   240.10 250.34   240.07 250.31    17.59  27.83   239.53 249.77   245.11 255.35   238.85 249.09
2020-05-05   239.27 249.51   239.24 249.49    16.75  27.00   238.70 248.94   244.28 254.53   238.01 248.26
2020-05-06   238.43 248.69   238.41 248.66    15.92  26.18   237.86 248.12   243.45 253.70   237.18 247.44
2020-05-07   237.60 247.86   237.57 247.84    15.08  25.35   237.03 247.29   242.61 252.88   236.35 246.61
2020-05-08   236.76 247.04   236.73 247.01    14.25  24.52   236.19 246.47   241.77 252.05   235.51 245.79
2020-05-09   235.92 246.21   235.89 246.18    13.41  23.70   235.35 245.64   240.93 251.22   234.67 244.96
2020-05-10   235.08 245.38   235.05 245.35    12.57  22.87   234.51 244.81   240.09 250.40   233.83 244.13
2020-05-11   234.24 244.55   234.21 244.52    11.72  22.04   233.67 243.98   239.25 249.56   232.98 243.30
2020-05-12   233.39 243.72   233.36 243.69    10.88  21.20   232.82 243.15   238.40 248.73   232.14 242.47
2020-05-13   232.54 242.88   232.51 242.86    10.03  20.37   231.97 242.31   237.56 247.90   231.29 241.63
2020-05-14   231.69 242.05   231.66 242.02     9.18  19.54   231.12 241.48   236.71 247.06   230.44 240.80
2020-05-15   230.84 241.21   230.81 241.18     8.32  18.70   230.27 240.64   235.85 246.23   229.59 239.96
2020-05-16   229.98 240.37   229.95 240.34     7.47  17.86   229.41 239.80   235.00 245.39   228.73 239.12
2020-05-17   229.12 239.53   229.10 239.50     6.61  17.02   228.55 238.96   234.14 244.54   227.87 238.28
2020-05-18   228.26 238.68   228.23 238.66     5.75  16.17   227.69 238.11   233.28 243.70   227.01 237.43
2020-05-19   227.40 237.84   227.37 237.81     4.88  15.32   226.83 237.27   232.41 242.85   226.14 236.59
2020-05-20   226.53 236.99   226.50 236.96     4.01  14.48   225.96 236.42   231.54 242.00   225.28 235.74
2020-05-21   225.66 236.14   225.63 236.11     3.14  13.62   225.09 235.57   230.67 241.15   224.40 234.89
2020-05-22   224.78 235.28   224.75 235.25     2.27  12.77   224.21 234.71   229.80 240.30   223.53 234.03
2020-05-23   223.90 234.42   223.87 234.40     1.39  11.91   223.33 233.85   228.92 239.44   222.65 233.17
2020-05-24   223.02 233.56   222.99 233.54     0.51  11.05   222.45 232.99   228.03 238.58   221.77 232.31
2020-05-25   222.13 232.70   222.11 232.67   359.62  10.18   221.56 232.13   227.15 237.71   220.88 231.45
2020-05-26   221.24 231.83   221.22 231.80   358.73   9.32   220.67 231.26   226.26 236.84   219.99 230.58
2020-05-27   220.35 230.96   220.32 230.93   357.83   8.45   219.78 230.39   225.36 235.97   219.10 229.71
2020-05-28   219.45 230.08   219.42 230.06   356.94   7.57   218.88 229.51   224.46 235.10   218.20 228.83
2020-05-29   218.55 229.21   218.52 229.18   356.03   6.69   217.98 228.64   223.56 234.22   217.30 227.95
2020-05-30   217.64 228.32   217.61 228.30   355.13   5.81   217.07 227.75   222.65 233.34   216.39 227.07
2020-05-31   216.73 227.44   216.70 227.41   354.22   4.92   216.16 226.87   221.74 232.45   215.48 226.19
2020-06-01   215.81 226.55   215.79 226.52   353.30   4.03   215.24 225.98   220.83 231.56   214.56 225.30
2020-06-02   214.89 225.65   214.86 225.63   352.38   3.14   214.32 225.08   219.91 230.67   213.64 224.40
2020-06-03   213.97 224.75   213.94 224.73   351.45   2.24   213.40 224.18   218.98 229.77   212.71 223.50
2020-06-04   213.04 223.85   213.01 223.82   350.52   1.34   212.47 223.28   218.05 228.87   211.78 222.60
2020-06-05   212.10 222.94   212.07 222.92   349.59   0.43   211.53 222.37   217.12 227.96   210.85 221.69
2020-06-06   211.16 222.03   211.13 222.00   348.65 359.52   210.59 221.46   216.18 227.05   209.91 220.78
2020-06-07   210.22 221.11   210.19 221.09   347.70 358.60   209.65 220.54   215.23 226.13   208.97 219.86
2020-06-08   209.27 220.19   209.24 220.17   346.75 357.68   208.70 219.62   214.28 225.21   208.02 218.94
2020-06-09   208.31 219.27   208.28 219.24   345.80 356.75   207.74 218.70   213.33 224.28   207.06 218.02
2020-06-10   207.35 218.33   207.32 218.31   344.84 355.82   206.78 217.76   212.37 223.35   206.10 217.08
2020-06-11   206.39 217.40   206.36 217.37   343.87 354.89   205.82 216.83   211.40 222.41   205.14 216.15
2020-06-12   205.42 216.46   205.39 216.43   342.90 353.94   204.85 215.89   210.43 221.47   204.16 215.21
2020-06-13   204.44 215.51   204.41 215.48   341.93 353.00   203.87 214.94   209.45 220.53   203.19 214.26
2020-06-14   203.46 214.56   203.43 214.53   340.95 352.05   202.89 213.99   208.47 219.57   202.21 213.31
2020-06-15   202.47 213.60   202.45 213.58   339.96 351.09   201.90 213.03   207.49 218.62   201.22 212.35
2020-06-16   201.48 212.64   201.45 212.61   338.97 350.13   200.91 212.07   206.50 217.66   200.23 211.39
2020-06-17   200.48 211.67   200.46 211.65   337.97 349.16   199.91 211.10   205.50 216.69   199.23 210.42
2020-06-18   199.48 210.70   199.45 210.67   336.97 348.19   198.91 210.13   204.50 215.71   198.23 209.45
2020-06-19   198.47 209.72   198.45 209.69   335.96 347.21   197.90 209.15   203.49 214.74   197.22 208.47
2020-06-20   197.46 208.74   197.43 208.71   334.95 346.22   196.89 208.17   202.47 213.75   196.21 207.49
2020-06-21   196.44 207.75   196.41 207.72   333.93 345.24   195.87 207.18   201.45 212.76   195.19 206.50
2020-06-22   195.42 206.75   195.39 206.73   332.90 344.24   194.85 206.18   200.43 211.77   194.16 205.50
2020-06-23   194.39 205.75   194.36 205.73   331.87 343.24   193.82 205.18   199.40 210.77   193.14 204.50
2020-06-24   193.35 204.75   193.32 204.72   330.84 342.23   192.78 204.18   198.37 209.76   192.10 203.50
2020-06-25   192.31 203.74   192.28 203.71   329.80 341.22   191.74 203.17   197.33 208.75   191.06 202.49
2020-06-26   191.27 202.72   191.24 202.69   328.75 340.21   190.70 202.15   196.28 207.73   190.02 201.47
2020-06-27   190.22 201.70   190.19 201.67   327.70 339.18   189.65 201.13   195.23 206.71   188.97 200.45
2020-06-28   189.16 200.67   189.13 200.64   326.65 338.16   188.59 200.10   194.18 205.68   187.91 199.42
2020-06-29   188.10 199.64   188.07 199.61   325.59 337.12   187.53 199.07   193.12 204.65   186.85 198.39
2020-06-30   187.04 198.60   187.01 198.57   324.52 336.09   186.47 198.03   192.05 203.61   185.79 197.35
2020-07-01   185.97 197.55   185.94 197.53   323.45 335.04   185.40 196.98   190.98 202.57   184.72 196.30
2020-07-02   184.89 196.51   184.87 196.48   322.38 333.99   184.32 195.94   189.91 201.52   183.64 195.25
2020-07-03   183.81 195.45   183.79 195.42   321.30 332.94   183.24 194.88   188.83 200.47   182.56 194.20
2020-07-04   182.73 194.39   182.70 194.37   320.22 331.88   182.16 193.82   187.75 199.41   181.48 193.14
2020-07-05   181.64 193.33   181.62 193.30   319.13 330.82   181.07 192.76   186.66 198.34   180.39 192.08
2020-07-06   180.55 192.26   180.53 192.23   318.04 329.75   179.98 191.69   185.57 197.27   179.30 191.01
2020-07-07   179.46 191.19   179.43 191.16   316.94 328.67   178.89 190.62   184.47 196.20   178.21 189.94
2020-07-08   178.36 190.11   178.33 190.08   315.84 327.60   177.79 189.54   183.37 195.12   177.11 188.86
2020-07-09   177.25 189.03   177.23 189.00   314.74 326.51   176.68 188.46   182.27 194.04   176.00 187.77
2020-07-10   176.15 187.94   176.12 187.91   313.64 325.43   175.58 187.37   181.16 192.95   174.90 186.69
2020-07-11   175.04 186.85   175.01 186.82   312.53 324.33   174.47 186.28   180.05 191.86   173.79 185.60
2020-07-12   173.93 185.75   173.90 185.73   311.41 323.24   173.36 185.18   178.94 190.77   172.68 184.50
2020-07-13   172.81 184.65   172.79 184.63   310.30 322.14   172.24 184.08   177.83 189.67   171.56 183.40
2020-07-14   171.69 183.55   171.67 183.52   309.18 321.04   171.12 182.98   176.71 188.57   170.44 182.30
2020-07-15   170.57 182.45   170.55 182.42   308.06 319.93   170.00 181.88   175.59 187.46   169.32 181.19
2020-07-16   169.45 181.34   169.43 181.31   306.94 318.82   168.88 180.77   174.47 186.35   168.20 180.09
2020-07-17   168.33 180.22   168.30 180.20   305.82 317.71   167.76 179.65   173.34 185.24   167.08 178.97
2020-07-18   167.20 179.11   167.18 179.08   304.69 316.60   166.63 178.54   172.22 184.12   165.95 177.86
2020-07-19   166.08 177.99   166.05 177.96   303.56 315.48   165.51 177.42   171.09 183.01   164.82 176.74
2020-07-20   164.95 176.87   164.92 176.84   302.43 314.36   164.38 176.30   169.96 181.89   163.70 175.62
2020-07-21   163.82 175.75   163.79 175.72   301.31 313.24   163.25 175.18   168.83 180.76   162.57 174.50
2020-07-22   162.69 174.63   162.66 174.60   300.18 312.11   162.12 174.06   167.70 179.64   161.44 173.37
2020-07-23   161.56 173.50   161.53 173.47   299.05 310.99   160.99 172.93   166.57 178.51   160.31 172.25
2020-07-24   160.43 172.37   160.40 172.35   297.92 309.86   159.86 171.80   165.44 177.39   159.18 171.12
2020-07-25   159.30 171.24   159.27 171.22   296.78 308.73   158.73 170.67   164.31 176.26   158.05 169.99
2020-07-26   158.17 170.11   158.14 170.09   295.65 307.60   157.60 169.54   163.18 175.13   156.92 168.86
2020-07-27   157.04 168.98   157.01 168.96   294.53 306.47   156.47 168.41   162.05 174.00   155.79 167.73
2020-07-28   155.91 167.85   155.88 167.83   293.40 305.34   155.34 167.28   160.92 172.87   154.66 166.60
2020-07-29   154.78 166.72   154.76 166.70   292.27 304.21   154.21 166.15   159.80 171.74   153.53 165.47
2020-07-30   153.66 165.59   153.63 165.57   291.14 303.08   153.09 165.02   158.67 170.61   152.40 164.34
2020-07-31   152.53 164.46   152.50 164.44   290.02 301.95   151.96 163.89   157.55 169.48   151.28 163.21
2020-08-01   151.41 163.33   151.38 163.31   288.90 300.82   150.84 162.76   156.42 168.35   150.16 162.08
2020-08-02   150.29 162.20   150.26 162.18   287.77 299.69   149.72 161.63   155.30 167.22   149.04 160.95
2020-08-03   149.17 161.08   149.14 161.05   286.66 298.56   148.60 160.51   154.18 166.09   147.92 159.83
2020-08-04   148.05 159.95   148.03 159.92   285.54 297.44   147.48 159.38   153.07 164.96   146.80 158.70
2020-08-05   146.94 158.82   146.91 158.80   284.43 296.31   146.37 158.25   151.95 163.84   145.69 157.57
2020-08-06   145.83 157.70   145.80 157.67   283.32 295.19   145.26 157.13   150.84 162.72   144.58 156.45
2020-08-07   144.72 156.58   144.69 156.55   282.21 294.07   144.15 156.01   149.74 161.59   143.47 155.33
2020-08-08   143.62 155.46   143.59 155.43   281.10 292.95   143.05 154.89   148.63 160.47   142.37 154.21
2020-08-09   142.51 154.34   142.49 154.32   280.00 291.83   141.94 153.77   147.53 159.36   141.26 153.09
2020-08-10   141.42 153.23   141.39 153.20   278.90 290.72   140.85 152.66   146.43 158.24   140.17 151.98
2020-08-11   140.32 152.12   140.30 152.09   277.81 289.60   139.75 151.55   145.34 157.13   139.07 150.87
2020-08-12   139.23 151.01   139.21 150.98   276.72 288.49   138.66 150.44   144.25 156.02   137.98 149.76
2020-08-13   138.15 149.90   138.12 149.87   275.64 287.39   137.58 149.33   143.16 154.92   136.90 148.65
2020-08-14   137.07 148.80   137.04 148.77   274.55 286.29   136.50 148.23   142.08 153.81   135.82 147.55
2020-08-15   135.99 147.70   135.96 147.67   273.48 285.19   135.42 147.13   141.00 152.72   134.74 146.45
2020-08-16   134.92 146.60   134.89 146.58   272.40 284.09   134.35 146.03   139.93 151.62   133.67 145.35
2020-08-17   133.85 145.51   133.82 145.49   271.34 283.00   133.28 144.94   138.86 150.53   132.60 144.26
2020-08-18   132.78 144.43   132.76 144.40   270.27 281.91   132.21 143.86   137.80 149.44   131.53 143.17
2020-08-19   131.73 143.34   131.70 143.32   269.21 280.83   131.16 142.77   136.74 148.36   130.48 142.09
2020-08-20   130.67 142.26   130.65 142.24   268.16 279.75   130.10 141.69   135.69 147.28   129.42 141.01
2020-08-21   129.62 141.19   129.60 141.16   267.11 278.68   129.05 140.62   134.64 146.20   128.37 139.94
2020-08-22   128.58 140.12   128.55 140.09   266.07 277.60   128.01 139.55   133.59 145.13   127.33 138.87
2020-08-23   127.54 139.05   127.51 139.02   265.03 276.54   126.97 138.48   132.55 144.07   126.29 137.80
2020-08-24   126.51 137.99   126.48 137.96   263.99 275.48   125.94 137.42   131.52 143.01   125.25 136.74
2020-08-25   125.48 136.93   125.45 136.91   262.96 274.42   124.91 136.36   130.49 141.95   124.23 135.68
2020-08-26   124.45 135.88   124.43 135.85   261.94 273.37   123.88 135.31   129.47 140.90   123.20 134.63
2020-08-27   123.43 134.83   123.41 134.81   260.92 272.32   122.86 134.26   128.45 139.85   122.18 133.58
2020-08-28   122.42 133.79   122.39 133.77   259.91 271.28   121.85 133.22   127.44 138.81   121.17 132.54
2020-08-29   121.41 132.75   121.39 132.73   258.90 270.24   120.84 132.18   126.43 137.77   120.16 131.50
2020-08-30   120.41 131.72   120.38 131.70   257.90 269.21   119.84 131.15   125.43 136.74   119.16 130.47
2020-08-31   119.41 130.70   119.39 130.67   256.90 268.18   118.84 130.13   124.43 135.71   118.16 129.44
2020-09-01   118.42 129.67   118.39 129.65   255.91 267.16   117.85 129.10   123.44 134.69   117.17 128.42
2020-09-02   117.43 128.66   117.41 128.63   254.92 266.14   116.86 128.09   122.45 133.67   116.18 127.41
2020-09-03   116.45 127.64   116.42 127.62   253.94 265.13   115.88 127.07   121.47 132.66   115.20 126.39
2020-09-04   115.47 126.64   115.45 126.61   252.96 264.13   114.90 126.07   120.49 131.65   114.22 125.39
2020-09-05   114.50 125.64   114.48 125.61   251.99 263.12   113.93 125.07   119.52 130.65   113.25 124.39
2020-09-06   113.54 124.64   113.51 124.61   251.02 262.13   112.97 124.07   118.55 129.65   112.28 123.39
2020-09-07   112.57 123.65   112.55 123.62   250.06 261.14   112.00 123.08   117.59 128.66   111.32 122.40
2020-09-08   111.62 122.66   111.59 122.63   249.10 260.15   111.05 122.09   116.63 127.68   110.37 121.41
2020-09-09   110.67 121.68   110.64 121.65   248.15 259.17   110.10 121.11   115.68 126.70   109.41 120.43
2020-09-10   109.72 120.70   109.69 120.68   247.21 258.19   109.15 120.13   114.73 125.72   108.47 119.45
2020-09-11   108.78 119.73   108.75 119.71   246.26 257.22   108.21 119.16   113.79 124.75   107.52 118.48
2020-09-12   107.84 118.77   107.81 118.74   245.33 256.25   107.27 118.20   112.85 123.78   106.59 117.51
2020-09-13   106.90 117.80   106.88 117.78   244.39 255.29   106.33 117.23   111.92 122.82   105.65 116.55
2020-09-14   105.98 116.85   105.95 116.82   243.46 254.33   105.41 116.28   110.99 121.86   104.73 115.60
2020-09-15   105.05 115.89   105.03 115.87   242.54 253.38   104.48 115.32   110.07 120.91   103.80 114.64
2020-09-16   104.13 114.95   104.11 114.92   241.62 252.43   103.56 114.38   109.15 119.96   102.88 113.70
2020-09-17   103.22 114.00   103.19 113.98   240.70 251.49   102.65 113.43   108.23 119.02   101.97 112.75
2020-09-18   102.31 113.07   102.28 113.04   239.79 250.55   101.74 112.50   107.32 118.08   101.05 111.82
2020-09-19   101.40 112.13   101.37 112.11   238.89 249.62   100.83 111.56   106.41 117.15   100.15 110.88
2020-09-20   100.49 111.20   100.47 111.18   237.98 248.69    99.92 110.63   105.51 116.22    99.24 109.95
2020-09-21    99.59 110.28    99.57 110.25   237.08 247.77    99.02 109.71   104.61 115.29    98.34 109.03
2020-09-22    98.70 109.36    98.67 109.33   236.19 246.84    98.13 108.79   103.71 114.37    97.45 108.11
2020-09-23    97.81 108.44    97.78 108.41   235.29 245.93    97.24 107.87   102.82 113.46    96.56 107.19
2020-09-24    96.92 107.53    96.89 107.50   234.40 245.02    96.35 106.96   101.93 112.54    95.67 106.28
2020-09-25    96.03 106.62    96.01 106.59   233.52 244.11    95.46 106.05   101.05 111.63    94.78 105.37
2020-09-26    95.15 105.71    95.12 105.69   232.64 243.20    94.58 105.14   100.17 110.73    93.90 104.46
2020-09-27    94.27 104.81    94.24 104.79   231.76 242.30    93.70 104.24    99.29 109.83    93.02 103.56
2020-09-28    93.40 103.92    93.37 103.89   230.88 241.40    92.83 103.35    98.41 108.93    92.14 102.66
2020-09-29    92.52 103.02    92.50 102.99   230.01 240.51    91.95 102.45    97.54 108.04    91.27 101.77
2020-09-30    91.65 102.13    91.63 102.10   229.14 239.62    91.08 101.56    96.67 107.15    90.40 100.88
2020-10-01    90.78 101.24    90.76 101.22   228.27 238.73    90.21 100.67    95.80 106.26    89.53  99.99
2020-10-02    89.92 100.36    89.89 100.33   227.41 237.85    89.35  99.79    94.93 105.37    88.67  99.11
2020-10-03    89.06  99.48    89.03  99.45   226.54 236.96    88.49  98.91    94.07 104.49    87.81  98.23
2020-10-04    88.20  98.60    88.17  98.57   225.68 236.09    87.63  98.03    93.21 103.61    86.95  97.35
2020-10-05    87.34  97.72    87.31  97.70   224.83 235.21    86.77  97.15    92.35 102.74    86.09  96.47
2020-10-06    86.48  96.85    86.45  96.82   223.97 234.34    85.91  96.28    91.50 101.87    85.23  95.60
2020-10-07    85.63  95.98    85.60  95.95   223.11 233.47    85.06  95.41    90.64 101.00    84.38  94.73
2020-10-08    84.77  95.11    84.75  95.09   222.26 232.60    84.20  94.54    89.79 100.13    83.52  93.86
2020-10-09    83.92  94.25    83.90  94.22   221.41 231.74    83.35  93.68    88.94  99.26    82.67  93.00
2020-10-10    83.07  93.39    83.05  93.36   220.56 230.87    82.50  92.82    88.09  98.40    81.82  92.13
2020-10-11    82.23  92.52    82.20  92.50   219.71 230.01    81.66  91.95    87.24  97.54    80.97  91.27
2020-10-12    81.38  91.67    81.35  91.64   218.87 229.15    80.81  91.10    86.39  96.68    80.13  90.41
2020-10-13    80.53  90.81    80.51  90.78   218.02 228.30    79.96  90.24    85.55  95.82    79.28  89.56
2020-10-14    79.69  89.95    79.66  89.93   217.17 227.44    79.12  89.38    84.70  94.97    78.44  88.70
2020-10-15    78.84  89.10    78.82  89.07   216.33 226.59    78.27  88.53    83.86  94.11    77.59  87.85
2020-10-16    78.00  88.25    77.97  88.22   215.49 225.73    77.43  87.68    83.01  93.26    76.75  86.99
2020-10-17    77.16  87.39    77.13  87.37   214.64 224.88    76.59  86.82    82.17  92.41    75.91  86.14
2020-10-18    76.31  86.54    76.29  86.52   213.80 224.03    75.74  85.97    81.33  91.56    75.06  85.29
2020-10-19    75.47  85.70    75.44  85.67   212.96 223.18    74.90  85.13    80.49  90.71    74.22  84.44
2020-10-20    74.63  84.85    74.60  84.82   212.12 222.33    74.06  84.28    79.64  89.86    73.38  83.60
2020-10-21    73.79  84.00    73.76  83.97   211.27 221.49    73.22  83.43    78.80  89.01    72.54  82.75
2020-10-22    72.94  83.15    72.92  83.13   210.43 220.64    72.37  82.58    77.96  88.17    71.69  81.90
2020-10-23    72.10  82.31    72.07  82.28   209.59 219.79    71.53  81.74    77.12  87.32    70.85  81.06
2020-10-24    71.26  81.46    71.23  81.43   208.74 218.95    70.69  80.89    76.27  86.48    70.01  80.21
2020-10-25    70.41  80.61    70.39  80.59   207.90 218.10    69.84  80.04    75.43  85.63    69.16  79.36
2020-10-26    69.57  79.77    69.54  79.74   207.06 217.26    69.00  79.20    74.58  84.78    68.32  78.52
2020-10-27    68.72  78.92    68.70  78.90   206.21 216.41    68.15  78.35    73.74  83.94    67.47  77.67
2020-10-28    67.88  78.08    67.85  78.05   205.36 215.56    67.31  77.51    72.89  83.09    66.62  76.83
2020-10-29    67.03  77.23    67.00  77.20   204.52 214.72    66.46  76.66    72.04  82.25    65.78  75.98
2020-10-30    66.18  76.38    66.15  76.36   203.67 213.87    65.61  75.81    71.19  81.40    64.93  75.13
2020-10-31    65.33  75.54    65.30  75.51   202.82 213.02    64.76  74.97    70.34  80.55    64.08  74.28
2020-11-01    64.62  74.54    64.59  74.52   202.10 212.03    64.05  73.97    69.63  79.56    63.37  73.29
2020-11-02    64.09  73.37    64.06  73.35   201.57 210.86    63.52  72.80    69.10  78.39    62.84  72.12
2020-11-03    63.55  72.20    63.53  72.17   201.04 209.69    62.98  71.63    68.57  77.21    62.30  70.95
2020-11-04    63.02  71.03    62.99  71.00   200.51 208.51    62.45  70.46    68.03  76.04    61.77  69.77
2020-11-05    62.48  69.85    62.45  69.82   199.97 207.34    61.91  69.28    67.50  74.86    61.23  68.60

2021-04-14   258.51 265.51   258.48 265.48    35.99  43.00   257.94 264.94   263.52 270.53   257.26 264.26
2021-04-15   257.36 264.99   257.33 264.96    34.85  42.48   256.79 264.42   262.37 270.00   256.11 263.74
2021-04-16   256.21 264.47   256.19 264.44    33.70  41.96   255.64 263.90   261.23 269.48   254.96 263.22
2021-04-17   255.07 263.95   255.04 263.92    32.56  41.44   254.50 263.38   260.08 268.97   253.82 262.70
2021-04-18   253.92 263.43   253.90 263.41    31.41  40.92   253.35 262.86   258.94 268.45   252.67 262.18
2021-04-19   252.78 262.92   252.75 262.89    30.27  40.41   252.21 262.35   257.80 267.93   251.53 261.67
2021-04-20   251.92 262.13   251.89 262.10    29.41  39.61   251.35 261.56   256.93 267.14   250.67 260.87
2021-04-21   251.09 261.30   251.07 261.27    28.58  38.78   250.52 260.73   256.11 266.31   249.84 260.05
2021-04-22   250.27 260.47   250.24 260.44    27.76  37.96   249.70 259.90   255.28 265.48   249.02 259.22
2021-04-23   249.44 259.64   249.42 259.62    26.93  37.13   248.87 259.07   254.46 264.66   248.19 258.39
2021-04-24   248.62 258.82   248.59 258.79    26.11  36.31   248.05 258.25   253.63 263.83   247.37 257.57
2021-04-25   247.79 257.99   247.77 257.97    25.28  35.48   247.22 257.42   252.81 263.01   246.54 256.74
2021-04-26   246.97 257.17   246.94 257.14    24.46  34.66   246.40 256.60   251.98 262.18   245.72 255.92
2021-04-27   246.14 256.35   246.12 256.32    23.63  33.83   245.57 255.78   251.16 261.36   244.89 255.10
2021-04-28   245.32 255.52   245.29 255.50    22.80  33.01   244.75 254.95   250.33 260.54   244.07 254.27
2021-04-29   244.49 254.70   244.46 254.67    21.98  32.19   243.92 254.13   249.51 259.72   243.24 253.45
2021-04-30   243.66 253.88   243.64 253.85    21.15  31.36   243.09 253.31   248.68 258.89   242.41 252.63
2021-05-01   242.84 253.05   242.81 253.03    20.32  30.54   242.27 252.48   247.85 258.07   241.58 251.80
2021-05-02   242.01 252.23   241.98 252.21    19.49  29.72   241.44 251.66   247.02 257.25   240.76 250.98
2021-05-03   241.18 251.41   241.15 251.38    18.66  28.90   240.61 250.84   246.19 256.42   239.93 250.16
2021-05-04   240.35 250.58   240.32 250.56    17.83  28.07   239.78 250.01   245.36 255.60   239.09 249.33
2021-05-05   239.51 249.76   239.49 249.73    17.00  27.25   238.94 249.19   244.53 254.78   238.26 248.51
2021-05-06   238.68 248.93   238.65 248.91    16.17  26.42   238.11 248.36   243.69 253.95   237.43 247.68
2021-05-07   237.84 248.11   237.82 248.08    15.33  25.60   237.27 247.54   242.86 253.12   236.59 246.86
2021-05-08   237.01 247.28   236.98 247.25    14.49  24.77   236.44 246.71   242.02 252.30   235.76 246.03
2021-05-09   236.17 246.45   236.14 246.43    13.65  23.94   235.60 245.88   241.18 251.47   234.92 245.20
2021-05-10   235.33 245.62   235.30 245.60    12.81  23.11   234.76 245.05   240.34 250.64   234.07 244.37
2021-05-11   234.48 244.79   234.46 244.77    11.97  22.28   233.91 244.22   239.50 249.81   233.23 243.54
2021-05-12   233.64 243.96   233.61 243.93    11.12  21.45   233.07 243.39   238.65 248.98   232.38 242.71
2021-05-13   232.79 243.13   232.76 243.10    10.27  20.61   232.22 242.56   237.80 248.14   231.54 241.88
2021-05-14   231.94 242.29   231.91 242.26     9.42  19.78   231.37 241.72   236.95 247.31   230.69 241.04
2021-05-15   231.08 241.45   231.06 241.43     8.57  18.94   230.51 240.88   236.10 246.47   229.83 240.20
2021-05-16   230.23 240.61   230.20 240.59     7.71  18.10   229.66 240.04   235.24 245.63   228.98 239.36
2021-05-17   229.37 239.77   229.34 239.74     6.86  17.26   228.80 239.20   234.38 244.78   228.12 238.52
2021-05-18   228.51 238.92   228.48 238.90     5.99  16.41   227.94 238.35   233.52 243.94   227.25 237.67
2021-05-19   227.64 238.08   227.61 238.05     5.13  15.56   227.07 237.51   232.66 243.09   226.39 236.83
2021-05-20   226.77 237.23   226.74 237.20     4.26  14.72   226.20 236.66   231.79 242.24   225.52 235.98
2021-05-21   225.90 236.38   225.87 236.35     3.39  13.86   225.33 235.81   230.91 241.39   224.65 235.12
2021-05-22   225.02 235.52   225.00 235.49     2.51  13.01   224.45 234.95   230.04 240.54   223.77 234.27
2021-05-23   224.14 234.66   224.12 234.64     1.63  12.15   223.57 234.09   229.16 239.68   222.89 233.41
2021-05-24   223.26 233.80   223.24 233.77     0.75  11.29   222.69 233.23   228.28 238.82   222.01 232.55
2021-05-25   222.38 232.94   222.35 232.91   359.86  10.42   221.81 232.37   227.39 237.95   221.12 231.68
2021-05-26   221.48 232.07   221.46 232.04   358.97   9.55   220.91 231.50   226.50 237.08   220.23 230.82
2021-05-27   220.59 231.20   220.56 231.17   358.08   8.68   220.02 230.63   225.61 236.21   219.34 229.95
2021-05-28   219.69 230.32   219.66 230.29   357.18   7.81   219.12 229.75   224.71 235.34   218.44 229.07
2021-05-29   218.79 229.44   218.76 229.42   356.28   6.93   218.22 228.87   223.80 234.46   217.54 228.19
2021-05-30   217.88 228.56   217.85 228.53   355.37   6.05   217.31 227.99   222.90 233.57   216.63 227.31
2021-05-31   216.97 227.67   216.94 227.65   354.46   5.16   216.40 227.10   221.98 232.69   215.72 226.42
2021-06-01   216.05 226.78   216.03 226.76   353.54   4.27   215.48 226.21   221.07 231.80   214.80 225.53
2021-06-02   215.13 225.89   215.11 225.86   352.62   3.37   214.56 225.32   220.15 230.90   213.88 224.64
2021-06-03   214.21 224.99   214.18 224.96   351.69   2.48   213.64 224.42   219.22 230.00   212.96 223.74
2021-06-04   213.28 224.08   213.25 224.06   350.76   1.57   212.71 223.51   218.29 229.10   212.02 222.83
2021-06-05   212.34 223.18   212.31 223.15   349.83   0.66   211.77 222.61   217.36 228.19   211.09 221.93
2021-06-06   211.40 222.26   211.37 222.24   348.89 359.75   210.83 221.69   216.42 227.28   210.15 221.01
2021-06-07   210.45 221.35   210.43 221.32   347.94 358.83   209.88 220.78   215.47 226.36   209.20 220.10
2021-06-08   209.50 220.43   209.48 220.40   346.99 357.91   208.93 219.86   214.52 225.44   208.25 219.17
2021-06-09   208.55 219.50   208.52 219.47   346.04 356.99   207.98 218.93   213.56 224.51   207.30 218.25
2021-06-10   207.59 218.57   207.56 218.54   345.08 356.05   207.02 218.00   212.60 223.58   206.34 217.32
2021-06-11   206.62 217.63   206.60 217.60   344.11 355.12   206.05 217.06   211.64 222.65   205.37 216.38
2021-06-12   205.65 216.69   205.63 216.66   343.14 354.18   205.08 216.12   210.67 221.70   204.40 215.44
2021-06-13   204.68 215.74   204.65 215.72   342.16 353.23   204.11 215.17   209.69 220.76   203.42 214.49
2021-06-14   203.69 214.79   203.67 214.76   341.18 352.28   203.12 214.22   208.71 219.80   202.44 213.54
2021-06-15   202.71 213.83   202.68 213.81   340.19 351.32   202.14 213.26   207.72 218.85   201.46 212.58
2021-06-16   201.71 212.87   201.69 212.84   339.20 350.36   201.14 212.30   206.73 217.88   200.46 211.62
2021-06-17   200.72 211.90   200.69 211.88   338.20 349.39   200.15 211.33   205.73 216.92   199.47 210.65
2021-06-18   199.71 210.93   199.69 210.90   337.20 348.42   199.14 210.36   204.73 215.94   198.46 209.68
2021-06-19   198.71 209.95   198.68 209.92   336.19 347.44   198.14 209.38   203.72 214.96   197.45 208.70
2021-06-20   197.69 208.97   197.66 208.94   335.18 346.45   197.12 208.40   202.71 213.98   196.44 207.71
2021-06-21   196.67 207.98   196.65 207.95   334.16 345.46   196.10 207.41   201.69 212.99   195.42 206.72
2021-06-22   195.65 206.98   195.62 206.95   333.13 344.47   195.08 206.41   200.66 212.00   194.40 205.73
2021-06-23   194.62 205.98   194.59 205.95   332.10 343.47   194.05 205.41   199.63 211.00   193.37 204.73
2021-06-24   193.58 204.97   193.56 204.95   331.07 342.46   193.01 204.40   198.60 209.99   192.33 203.72
2021-06-25   192.54 203.96   192.52 203.94   330.03 341.45   191.97 203.39   197.56 208.98   191.29 202.71
2021-06-26   191.50 202.94   191.47 202.92   328.98 340.43   190.93 202.37   196.51 207.96   190.25 201.69
2021-06-27   190.45 201.92   190.42 201.90   327.93 339.41   189.88 201.35   195.46 206.94   189.20 200.67
2021-06-28   189.39 200.89   189.36 200.87   326.88 338.38   188.82 200.32   194.41 205.91   188.14 199.64
2021-06-29   188.33 199.86   188.30 199.83   325.82 337.35   187.76 199.29   193.35 204.88   187.08 198.61
2021-06-30   187.26 198.82   187.24 198.80   324.75 336.31   186.69 198.25   192.28 203.84   186.01 197.57
2021-07-01   186.19 197.78   186.17 197.75   323.68 335.27   185.62 197.21   191.21 202.79   184.94 196.53
2021-07-02   185.12 196.73   185.09 196.70   322.61 334.22   184.55 196.16   190.14 201.74   183.87 195.48
2021-07-03   184.04 195.68   184.01 195.65   321.53 333.16   183.47 195.11   189.06 200.69   182.79 194.42
2021-07-04   182.96 194.62   182.93 194.59   320.45 332.10   182.39 194.05   187.97 199.63   181.71 193.37
2021-07-05   181.87 193.55   181.84 193.53   319.36 331.04   181.30 192.98   186.89 198.57   180.62 192.30
2021-07-06   180.78 192.48   180.75 192.46   318.27 329.97   180.21 191.91   185.79 197.50   179.53 191.23
2021-07-07   179.68 191.41   179.66 191.38   317.17 328.90   179.11 190.84   184.70 196.42   178.43 190.16
2021-07-08   178.58 190.33   178.56 190.31   316.07 327.82   178.01 189.76   183.60 195.35   177.33 189.08
2021-07-09   177.48 189.25   177.45 189.22   314.97 326.74   176.91 188.68   182.50 194.26   176.23 188.00
2021-07-10   176.38 188.16   176.35 188.14   313.86 325.65   175.81 187.59   181.39 193.18   175.12 186.91
2021-07-11   175.27 187.07   175.24 187.05   312.75 324.56   174.70 186.50   180.28 192.09   174.02 185.82
2021-07-12   174.15 185.98   174.13 185.95   311.64 323.46   173.58 185.41   179.17 190.99   172.90 184.73
2021-07-13   173.04 184.88   173.01 184.85   310.53 322.37   172.47 184.31   178.05 189.89   171.79 183.63
2021-07-14   171.92 183.78   171.90 183.75   309.41 321.26   171.35 183.21   176.94 188.79   170.67 182.53
2021-07-15   170.80 182.67   170.78 182.65   308.29 320.16   170.23 182.10   175.82 187.69   169.55 181.42
2021-07-16   169.68 181.56   169.66 181.54   307.17 319.05   169.11 180.99   174.70 186.58   168.43 180.31
2021-07-17   168.56 180.45   168.53 180.43   306.05 317.94   167.99 179.88   173.57 185.47   167.31 179.20
2021-07-18   167.43 179.34   167.41 179.31   304.92 316.82   166.86 178.77   172.45 184.35   166.18 178.09
2021-07-19   166.31 178.22   166.28 178.19   303.79 315.71   165.74 177.65   171.32 183.24   165.06 176.97
2021-07-20   165.18 177.10   165.15 177.08   302.67 314.59   164.61 176.53   170.19 182.12   163.93 175.85
2021-07-21   164.05 175.98   164.02 175.95   301.54 313.47   163.48 175.41   169.07 181.00   162.80 174.73
2021-07-22   162.92 174.86   162.90 174.83   300.41 312.35   162.35 174.29   167.94 179.87   161.67 173.61
2021-07-23   161.79 173.73   161.77 173.71   299.28 311.22   161.22 173.16   166.81 178.75   160.54 172.48
2021-07-24   160.66 172.61   160.64 172.58   298.15 310.09   160.09 172.04   165.68 177.62   159.41 171.36
2021-07-25   159.53 171.48   159.51 171.45   297.02 308.97   158.96 170.91   164.55 176.50   158.28 170.23
2021-07-26   158.41 170.35   158.38 170.33   295.89 307.84   157.84 169.78   163.42 175.37   157.15 169.10
2021-07-27   157.28 169.22   157.25 169.20   294.76 306.71   156.71 168.65   162.29 174.24   156.03 167.97
2021-07-28   156.15 168.09   156.12 168.07   293.64 305.58   155.58 167.52   161.17 173.11   154.90 166.84
2021-07-29   155.02 166.96   155.00 166.94   292.51 304.45   154.45 166.39   160.04 171.98   153.77 165.71
2021-07-30   153.90 165.84   153.87 165.81   291.39 303.32   153.33 165.27   158.91 170.85   152.65 164.58
2021-07-31   152.78 164.71   152.75 164.68   290.26 302.19   152.21 164.14   157.79 169.72   151.52 163.46
2021-08-01   151.65 163.58   151.63 163.55   289.14 301.07   151.08 163.01   156.67 168.59   150.40 162.33
2021-08-02   150.53 162.45   150.51 162.42   288.02 299.94   149.96 161.88   155.55 167.47   149.28 161.20
2021-08-03   149.42 161.32   149.39 161.30   286.90 298.81   148.85 160.75   154.43 166.34   148.17 160.07
2021-08-04   148.30 160.20   148.27 160.17   285.79 297.69   147.73 159.63   153.32 165.21   147.05 158.95
2021-08-05   147.19 159.08   147.16 159.05   284.68 296.56   146.62 158.51   152.20 164.09   145.94 157.82
2021-08-06   146.08 157.95   146.05 157.93   283.57 295.44   145.51 157.38   151.09 162.97   144.83 156.70
2021-08-07   144.97 156.83   144.95 156.81   282.46 294.32   144.40 156.26   149.99 161.85   143.72 155.58
2021-08-08   143.87 155.71   143.84 155.69   281.36 293.20   143.30 155.14   148.88 160.73   142.62 154.46
2021-08-09   142.77 154.60   142.74 154.57   280.26 292.09   142.20 154.03   147.79 159.61   141.52 153.35
2021-08-10   141.67 153.49   141.65 153.46   279.16 290.97   141.10 152.92   146.69 158.50   140.42 152.24
2021-08-11   140.58 152.38   140.55 152.35   278.07 289.86   140.01 151.81   145.60 157.39   139.33 151.12
2021-08-12   139.49 151.27   139.47 151.24   276.98 288.76   138.92 150.70   144.51 156.28   138.24 150.02
2021-08-13   138.41 150.16   138.38 150.14   275.89 287.65   137.84 149.59   143.42 155.18   137.16 148.91
2021-08-14   137.33 149.06   137.30 149.04   274.81 286.55   136.76 148.49   142.34 154.08   136.08 147.81
2021-08-15   136.25 147.96   136.22 147.94   273.74 285.45   135.68 147.39   141.27 152.98   135.00 146.71
2021-08-16   135.18 146.87   135.15 146.84   272.67 284.36   134.61 146.30   140.19 151.89   133.93 145.62
2021-08-17   134.11 145.78   134.09 145.75   271.60 283.27   133.54 145.21   139.13 150.80   132.86 144.53
2021-08-18   133.05 144.69   133.02 144.67   270.54 282.18   132.48 144.12   138.06 149.71   131.80 143.44
2021-08-19   131.99 143.61   131.96 143.58   269.48 281.10   131.42 143.04   137.01 148.63   130.74 142.36
2021-08-20   130.94 142.53   130.91 142.51   268.43 280.02   130.37 141.96   135.95 147.55   129.69 141.28
2021-08-21   129.89 141.46   129.86 141.43   267.38 278.95   129.32 140.89   134.90 146.47   128.64 140.21
2021-08-22   128.85 140.39   128.82 140.36   266.33 277.88   128.28 139.82   133.86 145.40   127.60 139.14
2021-08-23   127.81 139.32   127.78 139.30   265.30 276.81   127.24 138.75   132.82 144.34   126.56 138.07
2021-08-24   126.77 138.26   126.75 138.24   264.26 275.75   126.20 137.69   131.79 143.28   125.52 137.01
2021-08-25   125.75 137.21   125.72 137.18   263.23 274.70   125.18 136.64   130.76 142.22   124.50 135.96
2021-08-26   124.72 136.16   124.70 136.13   262.21 273.64   124.15 135.59   129.74 141.17   123.47 134.91
2021-08-27   123.70 135.11   123.68 135.08   261.19 272.60   123.13 134.54   128.72 140.13   122.45 133.86
2021-08-28   122.69 134.07   122.67 134.04   260.18 271.56   122.12 133.50   127.71 139.08   121.44 132.82
2021-08-29   121.68 133.03   121.66 133.01   259.17 270.52   121.11 132.46   126.70 138.05   120.43 131.78
2021-08-30   120.68 132.00   120.66 131.97   258.17 269.49   120.11 131.43   125.70 137.02   119.43 130.75
2021-08-31   119.68 130.97   119.66 130.95   257.17 268.46   119.11 130.40   124.70 135.99   118.43 129.72
2021-09-01   118.69 129.95   118.67 129.93   256.18 267.44   118.12 129.38   123.71 134.97   117.44 128.70
2021-09-02   117.71 128.94   117.68 128.91   255.19 266.42   117.14 128.37   122.72 133.95   116.45 127.68
2021-09-03   116.72 127.92   116.70 127.90   254.21 265.41   116.15 127.35   121.74 132.94   115.47 126.67
2021-09-04   115.75 126.92   115.72 126.89   253.23 264.40   115.18 126.35   120.76 131.93   114.50 125.67
2021-09-05   114.78 125.92   114.75 125.89   252.26 263.40   114.21 125.35   119.79 130.93   113.52 124.66
2021-09-06   113.81 124.92   113.78 124.89   251.30 262.41   113.24 124.35   118.82 129.93   112.56 123.67
2021-09-07   112.85 123.93   112.82 123.90   250.33 261.42   112.28 123.36   117.86 128.94   111.60 122.68
2021-09-08   111.89 122.94   111.86 122.91   249.38 260.43   111.32 122.37   116.91 127.96   110.64 121.69
2021-09-09   110.94 121.96   110.91 121.93   248.43 259.45   110.37 121.39   115.95 126.98   109.69 120.71
2021-09-10   109.99 120.98   109.96 120.96   247.48 258.47   109.42 120.41   115.01 126.00   108.74 119.73
2021-09-11   109.05 120.01   109.02 119.99   246.54 257.50   108.48 119.44   114.06 125.03   107.80 118.76
2021-09-12   108.11 119.05   108.08 119.02   245.60 256.53   107.54 118.48   113.13 124.06   106.86 117.79
2021-09-13   107.18 118.08   107.15 118.06   244.67 255.57   106.61 117.51   112.19 123.10   105.93 116.83
2021-09-14   106.25 117.13   106.22 117.10   243.74 254.61   105.68 116.56   111.26 122.14   105.00 115.88
2021-09-15   105.32 116.17   105.30 116.15   242.81 253.66   104.75 115.60   110.34 121.19   104.07 114.92
2021-09-16   104.40 115.23   104.38 115.20   241.89 252.71   103.83 114.66   109.42 120.24   103.15 113.98
2021-09-17   103.49 114.28   103.46 114.26   240.98 251.77   102.92 113.71   108.50 119.30   102.24 113.03
2021-09-18   102.58 113.35   102.55 113.32   240.06 250.83   102.01 112.78   107.59 118.36   101.33 112.09
2021-09-19   101.67 112.41   101.64 112.38   239.16 249.90   101.10 111.84   106.68 117.43   100.42 111.16
2021-09-20   100.77 111.48   100.74 111.45   238.25 248.97   100.20 110.91   105.78 116.50    99.51 110.23
2021-09-21    99.87 110.56    99.84 110.53   237.35 248.04    99.30 109.99   104.88 115.57    98.61 109.31
2021-09-22    98.97 109.63    98.94 109.61   236.46 247.12    98.40 109.06   103.98 114.65    97.72 108.38
2021-09-23    98.08 108.72    98.05 108.69   235.56 246.20    97.51 108.15   103.09 113.73    96.83 107.47
2021-09-24    97.19 107.80    97.16 107.78   234.68 245.29    96.62 107.23   102.20 112.82    95.94 106.55
2021-09-25    96.30 106.89    96.28 106.87   233.79 244.38    95.73 106.32   101.32 111.91    95.05 105.64
2021-09-26    95.42 105.99    95.39 105.96   232.91 243.48    94.85 105.42   100.43 111.00    94.17 104.74
2021-09-27    94.54 105.09    94.51 105.06   232.03 242.58    93.97 104.52    99.56 110.10    93.29 103.84
2021-09-28    93.66 104.19    93.64 104.16   231.15 241.68    93.09 103.62    98.68 109.20    92.41 102.94
2021-09-29    92.79 103.29    92.76 103.27   230.28 240.78    92.22 102.72    97.81 108.31    91.54 102.04
2021-09-30    91.92 102.40    91.89 102.38   229.41 239.89    91.35 101.83    96.93 107.42    90.67 101.15
2021-10-01    91.05 101.52    91.02 101.49   228.54 239.00    90.48 100.95    96.07 106.53    89.80 100.26
2021-10-02    90.19 100.63    90.16 100.60   227.67 238.12    89.62 100.06    95.20 105.65    88.93  99.38
2021-10-03    89.32  99.75    89.30  99.72   226.81 237.24    88.75  99.18    94.34 104.76    88.07  98.50
2021-10-04    88.46  98.87    88.43  98.84   225.95 236.36    87.89  98.30    93.48 103.88    87.21  97.62
2021-10-05    87.60  97.99    87.58  97.97   225.09 235.48    87.03  97.42    92.62 103.01    86.35  96.74
2021-10-06    86.75  97.12    86.72  97.09   224.23 234.61    86.18  96.55    91.76 102.14    85.49  95.87
2021-10-07    85.89  96.25    85.86  96.22   223.38 233.74    85.32  95.68    90.91 101.26    84.64  95.00
2021-10-08    85.04  95.38    85.01  95.35   222.52 232.87    84.47  94.81    90.05 100.40    83.79  94.13
2021-10-09    84.19  94.51    84.16  94.49   221.67 232.00    83.62  93.94    89.20  99.53    82.94  93.26
2021-10-10    83.34  93.65    83.31  93.62   220.82 231.14    82.77  93.08    88.35  98.67    82.08  92.40
2021-10-11    82.49  92.79    82.46  92.76   219.97 230.28    81.92  92.22    87.50  97.80    81.24  91.54
2021-10-12    81.64  91.93    81.61  91.90   219.13 229.42    81.07  91.36    86.65  96.94    80.39  90.68
2021-10-13    80.79  91.07    80.77  91.04   218.28 228.56    80.22  90.50    85.81  96.09    79.54  89.82
2021-10-14    79.95  90.21    79.92  90.19   217.43 227.70    79.38  89.64    84.96  95.23    78.70  88.96
2021-10-15    79.10  89.36    79.08  89.33   216.59 226.85    78.53  88.79    84.12  94.37    77.85  88.11
2021-10-16    78.26  88.51    78.23  88.48   215.74 225.99    77.69  87.94    83.27  93.52    77.01  87.26
2021-10-17    77.41  87.65    77.39  87.63   214.90 225.14    76.84  87.08    82.43  92.67    76.16  86.40
2021-10-18    76.57  86.80    76.54  86.78   214.06 224.29    76.00  86.23    81.59  91.82    75.32  85.55
2021-10-19    75.73  85.95    75.70  85.93   213.21 223.44    75.16  85.38    80.74  90.97    74.48  84.70
2021-10-20    74.88  85.10    74.86  85.08   212.37 222.59    74.31  84.53    79.90  90.12    73.63  83.85
2021-10-21    74.04  84.26    74.01  84.23   211.53 221.74    73.47  83.69    79.06  89.27    72.79  83.00
2021-10-22    73.20  83.41    73.17  83.38   210.69 220.90    72.63  82.84    78.21  88.42    71.95  82.16
2021-10-23    72.35  82.56    72.33  82.53   209.84 220.05    71.78  81.99    77.37  87.58    71.10  81.31
2021-10-24    71.51  81.71    71.48  81.69   209.00 219.20    70.94  81.14    76.53  86.73    70.26  80.46
2021-10-25    70.67  80.87    70.64  80.84   208.15 218.35    70.10  80.30    75.68  85.88    69.41  79.62
2021-10-26    69.82  80.02    69.79  79.99   207.31 217.51    69.25  79.45    74.83  85.04    68.57  78.77
2021-10-27    68.97  79.17    68.95  79.15   206.46 216.66    68.40  78.60    73.99  84.19    67.72  77.92
2021-10-28    68.13  78.33    68.10  78.30   205.61 215.81    67.56  77.76    73.14  83.34    66.87  77.08
2021-10-29    67.28  77.48    67.25  77.45   204.76 214.97    66.71  76.91    72.29  82.49    66.03  76.23
2021-10-30    66.43  76.63    66.40  76.60   203.91 214.12    65.86  76.06    71.44  81.65    65.18  75.38
2021-10-31    65.58  75.78    65.55  75.76   203.06 213.27    65.01  75.21    70.59  80.80    64.32  74.53
2021-11-01    64.77  74.89    64.74  74.86   202.25 212.38    64.20  74.32    69.78  79.90    63.52  73.64
2021-11-02    64.24  73.72    64.21  73.69   201.72 211.20    63.67  73.15    69.25  78.73    62.98  72.46
2021-11-03    63.70  72.54    63.68  72.51   201.19 210.03    63.13  71.97    68.72  77.56    62.45  71.29
2021-11-04    63.17  71.37    63.14  71.34   200.65 208.85    62.60  70.80    68.18  76.38    61.91  70.12
2021-11-05    62.63  70.19    62.60  70.16   200.11 207.68    62.06  69.62    67.64  75.20    61.38  68.94
2021-11-06    62.09  69.01    62.06  68.99   199.57 206.50    61.52  68.44    67.10  74.03    60.84  67.76

2022-04-15   257.71 265.15   257.68 265.12    35.20  42.63   257.14 264.58   262.72 270.16   256.46 263.89
2022-04-16   256.56 264.63   256.53 264.60    34.05  42.11   255.99 264.06   261.58 269.64   255.31 263.37
2022-04-17   255.42 264.11   255.39 264.08    32.90  41.59   254.85 263.54   260.43 269.12   254.16 262.86
2022-04-18   254.27 263.59   254.24 263.56    31.76  41.08   253.70 263.02   259.28 268.61   253.02 262.34
2022-04-19   253.13 263.08   253.10 263.05    30.61  40.56   252.56 262.51   258.14 268.09   251.87 261.82
2022-04-20   252.17 262.38   252.14 262.35    29.66  39.86   251.60 261.81   257.18 267.39   250.92 261.12
2022-04-21   251.34 261.55   251.32 261.52    28.83  39.03   250.77 260.98   256.36 266.56   250.09 260.30
2022-04-22   250.52 260.72   250.49 260.69    28.00  38.21   249.95 260.15   255.53 265.73   249.27 259.47
2022-04-23   249.69 259.89   249.66 259.86    27.18  37.38   249.12 259.32   254.71 264.91   248.44 258.64
2022-04-24   248.87 259.07   248.84 259.04    26.35  36.55   248.30 258.50   253.88 264.08   247.61 257.81
2022-04-25   248.04 258.24   248.01 258.21    25.53  35.73   247.47 257.67   253.05 263.25   246.79 256.99
2022-04-26   247.21 257.42   247.19 257.39    24.70  34.90   246.64 256.85   252.23 262.43   245.96 256.16
2022-04-27   246.39 256.59   246.36 256.56    23.88  34.08   245.82 256.02   251.40 261.61   245.14 255.34
2022-04-28   245.56 255.77   245.54 255.74    23.05  33.25   244.99 255.20   250.58 260.78   244.31 254.52
2022-04-29   244.74 254.94   244.71 254.92    22.22  32.43   244.17 254.37   249.75 259.96   243.48 253.69
2022-04-30   243.91 254.12   243.88 254.09    21.39  31.61   243.34 253.55   248.92 259.14   242.66 252.87
2022-05-01   243.08 253.30   243.05 253.27    20.57  30.78   242.51 252.73   248.09 258.31   241.83 252.05
2022-05-02   242.25 252.47   242.22 252.45    19.74  29.96   241.68 251.90   247.26 257.49   241.00 251.22
2022-05-03   241.42 251.65   241.39 251.62    18.91  29.14   240.85 251.08   246.43 256.66   240.17 250.40
2022-05-04   240.59 250.82   240.56 250.80    18.07  28.31   240.02 250.25   245.60 255.84   239.34 249.57
2022-05-05   239.75 250.00   239.73 249.97    17.24  27.49   239.18 249.43   244.77 255.01   238.50 248.75
2022-05-06   238.92 249.17   238.89 249.15    16.41  26.66   238.35 248.60   243.93 254.19   237.67 247.92
2022-05-07   238.08 248.35   238.06 248.32    15.57  25.83   237.51 247.78   243.10 253.36   236.83 247.10
2022-05-08   237.25 247.52   237.22 247.49    14.73  25.01   236.68 246.95   242.26 252.53   235.99 246.27
2022-05-09   236.41 246.69   236.38 246.66    13.89  24.18   235.84 246.12   241.42 251.70   235.15 245.44
2022-05-10   235.56 245.86   235.54 245.83    13.05  23.35   234.99 245.29   240.58 250.87   234.31 244.61
2022-05-11   234.72 245.03   234.69 245.00    12.21  22.51   234.15 244.46   239.73 250.04   233.47 243.78
2022-05-12   233.87 244.19   233.85 244.17    11.36  21.68   233.30 243.62   238.89 249.21   232.62 242.94
2022-05-13   233.02 243.36   233.00 243.33    10.51  20.85   232.45 242.79   238.04 248.37   231.77 242.11
2022-05-14   232.17 242.52   232.15 242.50     9.66  20.01   231.60 241.95   237.19 247.54   230.92 241.27
2022-05-15   231.32 241.68   231.29 241.66     8.81  19.17   230.75 241.11   236.33 246.70   230.07 240.43
2022-05-16   230.46 240.84   230.44 240.82     7.95  18.33   229.89 240.27   235.48 245.86   229.21 239.59
2022-05-17   229.60 240.00   229.58 239.97     7.09  17.49   229.03 239.43   234.62 245.02   228.35 238.75
2022-05-18   228.74 239.15   228.71 239.13     6.23  16.64   228.17 238.58   233.75 244.17   227.49 237.90
2022-05-19   227.87 238.31   227.85 238.28     5.36  15.79   227.30 237.74   232.89 243.32   226.62 237.06
2022-05-20   227.00 237.46   226.98 237.43     4.49  14.94   226.43 236.89   232.02 242.47   225.75 236.21
2022-05-21   226.13 236.60   226.11 236.58     3.62  14.09   225.56 236.03   231.15 241.62   224.88 235.35
2022-05-22   225.26 235.75   225.23 235.72     2.74  13.23   224.69 235.18   230.27 240.76   224.00 234.50
2022-05-23   224.38 234.89   224.35 234.86     1.86  12.38   223.81 234.32   229.39 239.90   223.13 233.64
2022-05-24   223.49 234.03   223.47 234.00     0.98  11.51   222.92 233.46   228.51 239.04   222.24 232.78
2022-05-25   222.61 233.16   222.58 233.13     0.09  10.65   222.04 232.59   227.62 238.18   221.35 231.91
2022-05-26   221.71 232.29   221.69 232.27   359.20   9.78   221.14 231.72   226.73 237.31   220.46 231.04
2022-05-27   220.82 231.42   220.79 231.39   358.31   8.91   220.25 230.85   225.83 236.44   219.57 230.17
2022-05-28   219.92 230.54   219.89 230.52   357.41   8.03   219.35 229.97   224.93 235.56   218.67 229.29
2022-05-29   219.02 229.66   218.99 229.64   356.50   7.15   218.45 229.09   224.03 234.68   217.77 228.41
2022-05-30   218.11 228.78   218.08 228.75   355.60   6.27   217.54 228.21   223.12 233.80   216.86 227.53
2022-05-31   217.20 227.89   217.17 227.87   354.68   5.38   216.63 227.32   222.21 232.91   215.94 226.64
2022-06-01   216.28 227.00   216.25 226.98   353.77   4.49   215.71 226.43   221.29 232.02   215.03 225.75
2022-06-02   215.36 226.11   215.33 226.08   352.84   3.59   214.79 225.54   220.37 231.12   214.11 224.86
2022-06-03   214.43 225.21   214.40 225.18   351.92   2.69   213.86 224.64   219.45 230.22   213.18 223.96
2022-06-04   213.50 224.30   213.47 224.28   350.99   1.79   212.93 223.73   218.51 229.32   212.25 223.05
2022-06-05   212.56 223.39   212.54 223.37   350.05   0.88   211.99 222.82   217.58 228.41   211.31 222.14
2022-06-06   211.62 222.48   211.60 222.46   349.11 359.97   211.05 221.91   216.64 227.50   210.37 221.23
2022-06-07   210.68 221.56   210.65 221.54   348.16 359.05   210.11 220.99   215.69 226.58   209.43 220.31
2022-06-08   209.73 220.64   209.70 220.62   347.21 358.13   209.16 220.07   214.74 225.66   208.48 219.39
2022-06-09   208.77 219.71   208.74 219.69   346.26 357.20   208.20 219.14   213.79 224.73   207.52 218.46
2022-06-10   207.81 218.78   207.78 218.76   345.30 356.27   207.24 218.21   212.82 223.80   206.56 217.53
2022-06-11   206.84 217.84   206.82 217.82   344.33 355.33   206.27 217.27   211.86 222.86   205.59 216.59
2022-06-12   205.87 216.90   205.84 216.88   343.36 354.39   205.30 216.33   210.89 221.92   204.62 215.65
2022-06-13   204.89 215.96   204.87 215.93   342.38 353.44   204.32 215.39   209.91 220.97   203.64 214.70
2022-06-14   203.91 215.00   203.89 214.98   341.40 352.49   203.34 214.43   208.93 220.02   202.66 213.75
2022-06-15   202.92 214.04   202.90 214.02   340.41 351.53   202.35 213.47   207.94 219.06   201.67 212.79
2022-06-16   201.93 213.08   201.90 213.05   339.42 350.57   201.36 212.51   206.95 218.10   200.68 211.83
2022-06-17   200.93 212.11   200.91 212.09   338.42 349.60   200.36 211.54   205.95 217.13   199.68 210.86
2022-06-18   199.93 211.14   199.90 211.11   337.42 348.63   199.36 210.57   204.94 216.15   198.68 209.89
2022-06-19   198.92 210.16   198.89 210.13   336.41 347.65   198.35 209.59   203.94 215.17   197.67 208.91
2022-06-20   197.91 209.18   197.88 209.15   335.39 346.66   197.34 208.61   202.92 214.19   196.65 207.92
2022-06-21   196.89 208.18   196.86 208.16   334.37 345.67   196.32 207.61   201.90 213.20   195.63 206.93
2022-06-22   195.86 207.19   195.83 207.16   333.35 344.68   195.29 206.62   200.88 212.20   194.61 205.94
2022-06-23   194.83 206.19   194.80 206.16   332.32 343.68   194.26 205.62   199.85 211.20   193.58 204.94
2022-06-24   193.79 205.18   193.77 205.16   331.28 342.67   193.22 204.61   198.81 210.20   192.54 203.93
2022-06-25   192.75 204.17   192.73 204.14   330.24 341.66   192.18 203.60   197.77 209.18   191.50 202.92
2022-06-26   191.71 203.15   191.68 203.13   329.20 340.64   191.14 202.58   196.72 208.17   190.46 201.90
2022-06-27   190.66 202.13   190.63 202.10   328.14 339.62   190.09 201.56   195.67 207.14   189.41 200.88
2022-06-28   189.60 201.10   189.57 201.07   327.09 338.59   189.03 200.53   194.62 206.12   188.35 199.85
2022-06-29   188.54 200.07   188.51 200.04   326.03 337.55   187.97 199.50   193.56 205.08   187.29 198.82
2022-06-30   187.47 199.03   187.45 199.00   324.96 336.52   186.90 198.46   192.49 204.04   186.22 197.78
2022-07-01   186.40 197.98   186.38 197.96   323.89 335.47   185.83 197.41   191.42 203.00   185.15 196.73
2022-07-02   185.33 196.94   185.30 196.91   322.82 334.42   184.76 196.37   190.35 201.95   184.08 195.69
2022-07-03   184.25 195.88   184.22 195.86   321.74 333.37   183.68 195.31   189.27 200.90   183.00 194.63
2022-07-04   183.17 194.82   183.14 194.80   320.66 332.31   182.60 194.25   188.18 199.84   181.92 193.57
2022-07-05   182.08 193.76   182.05 193.73   319.57 331.25   181.51 193.19   187.10 198.77   180.83 192.51
2022-07-06   180.99 192.69   180.96 192.66   318.48 330.18   180.42 192.12   186.00 197.71   179.74 191.44
2022-07-07   179.89 191.62   179.87 191.59   317.38 329.10   179.32 191.05   184.91 196.63   178.64 190.37
2022-07-08   178.80 190.54   178.77 190.51   316.28 328.03   178.23 189.97   183.81 195.56   177.54 189.29
2022-07-09   177.69 189.46   177.67 189.43   315.18 326.95   177.12 188.89   182.71 194.47   176.44 188.21
2022-07-10   176.59 188.37   176.56 188.35   314.08 325.86   176.02 187.80   181.60 193.39   175.34 187.12
2022-07-11   175.48 187.28   175.45 187.26   312.97 324.77   174.91 186.71   180.50 192.30   174.23 186.03
2022-07-12   174.37 186.19   174.34 186.16   311.86 323.68   173.80 185.62   179.38 191.20   173.12 184.94
2022-07-13   173.25 185.09   173.23 185.06   310.74 322.58   172.68 184.52   178.27 190.11   172.00 183.84
2022-07-14   172.14 183.99   172.11 183.96   309.63 321.48   171.57 183.42   177.15 189.01   170.89 182.74
2022-07-15   171.02 182.89   170.99 182.86   308.51 320.37   170.45 182.32   176.04 187.90   169.77 181.64
2022-07-16   169.90 181.78   169.87 181.75   307.39 319.27   169.33 181.21   174.92 186.79   168.65 180.53
2022-07-17   168.78 180.67   168.75 180.64   306.27 318.16   168.21 180.10   173.79 185.68   167.53 179.42
2022-07-18   167.65 179.56   167.63 179.53   305.14 317.04   167.08 178.99   172.67 184.57   166.40 178.30
2022-07-19   166.53 178.44   166.50 178.41   304.02 315.93   165.96 177.87   171.54 183.46   165.28 177.19
2022-07-20   165.40 177.32   165.38 177.30   302.89 314.81   164.83 176.75   170.42 182.34   164.15 176.07
2022-07-21   164.28 176.20   164.25 176.18   301.76 313.69   163.71 175.63   169.29 181.22   163.03 174.95
2022-07-22   163.15 175.08   163.12 175.06   300.64 312.57   162.58 174.51   168.16 180.10   161.90 173.83
2022-07-23   162.02 173.96   161.99 173.93   299.51 311.45   161.45 173.39   167.04 178.97   160.77 172.71
2022-07-24   160.89 172.83   160.87 172.81   298.38 310.32   160.32 172.26   165.91 177.85   159.64 171.58
2022-07-25   159.77 171.71   159.74 171.68   297.25 309.20   159.20 171.14   164.78 176.72   158.51 170.46
2022-07-26   158.64 170.58   158.61 170.56   296.13 308.07   158.07 170.01   163.65 175.60   157.39 169.33
2022-07-27   157.51 169.46   157.49 169.43   295.00 306.94   156.94 168.89   162.53 174.47   156.26 168.21
2022-07-28   156.39 168.33   156.36 168.30   293.87 305.82   155.82 167.76   161.40 173.34   155.14 167.08
2022-07-29   155.26 167.20   155.23 167.18   292.75 304.69   154.69 166.63   160.28 172.22   154.01 165.95
2022-07-30   154.14 166.07   154.11 166.05   291.63 303.56   153.57 165.50   159.15 171.09   152.89 164.82
2022-07-31   153.02 164.95   152.99 164.92   290.50 302.43   152.45 164.38   158.03 169.96   151.77 163.70
2022-08-01   151.90 163.82   151.87 163.79   289.38 301.31   151.33 163.25   156.91 168.84   150.65 162.57
2022-08-02   150.78 162.70   150.75 162.67   288.27 300.18   150.21 162.13   155.79 167.71   149.53 161.44
2022-08-03   149.66 161.57   149.64 161.54   287.15 299.06   149.09 161.00   154.68 166.59   148.41 160.32
2022-08-04   148.55 160.45   148.52 160.42   286.04 297.93   147.98 159.88   153.56 165.46   147.30 159.20
2022-08-05   147.44 159.33   147.41 159.30   284.93 296.81   146.87 158.76   152.45 164.34   146.19 158.07
2022-08-06   146.33 158.20   146.30 158.18   283.82 295.69   145.76 157.63   151.35 163.22   145.08 156.95
2022-08-07   145.23 157.09   145.20 157.06   282.71 294.57   144.66 156.52   150.24 162.10   143.97 155.84
2022-08-08   144.12 155.97   144.10 155.94   281.61 293.46   143.55 155.40   149.14 160.99   142.87 154.72
2022-08-09   143.03 154.86   143.00 154.83   280.51 292.34   142.46 154.29   148.04 159.87   141.77 153.61
2022-08-10   141.93 153.74   141.90 153.72   279.42 291.23   141.36 153.17   146.95 158.76   140.68 152.49
2022-08-11   140.84 152.64   140.81 152.61   278.33 290.12   140.27 152.07   145.85 157.65   139.59 151.38
2022-08-12   139.75 151.53   139.73 151.50   277.24 289.02   139.18 150.96   144.77 156.54   138.50 150.28
2022-08-13   138.67 150.43   138.64 150.40   276.16 287.91   138.10 149.86   143.68 155.44   137.42 149.18
2022-08-14   137.59 149.33   137.56 149.30   275.08 286.81   137.02 148.76   142.60 154.34   136.34 148.08
2022-08-15   136.51 148.23   136.49 148.20   274.00 285.72   135.94 147.66   141.53 153.25   135.26 146.98
2022-08-16   135.44 147.14   135.42 147.11   272.93 284.63   134.87 146.57   140.46 152.15   134.19 145.89
2022-08-17   134.38 146.05   134.35 146.02   271.86 283.54   133.81 145.48   139.39 151.06   133.13 144.80
2022-08-18   133.32 144.96   133.29 144.94   270.80 282.45   132.75 144.39   138.33 149.98   132.06 143.71
2022-08-19   132.26 143.88   132.23 143.86   269.75 281.37   131.69 143.31   137.27 148.90   131.01 142.63
2022-08-20   131.21 142.81   131.18 142.78   268.69 280.29   130.64 142.24   136.22 147.82   129.96 141.55
2022-08-21   130.16 141.73   130.13 141.71   267.65 279.22   129.59 141.16   135.17 146.75   128.91 140.48
2022-08-22   129.12 140.66   129.09 140.64   266.60 278.15   128.55 140.09   134.13 145.68   127.87 139.41
2022-08-23   128.08 139.60   128.05 139.57   265.57 277.09   127.51 139.03   133.09 144.62   126.83 138.35
2022-08-24   127.05 138.54   127.02 138.51   264.53 276.03   126.48 137.97   132.06 143.56   125.80 137.29
2022-08-25   126.02 137.49   125.99 137.46   263.51 274.97   125.45 136.92   131.03 142.50   124.77 136.23
2022-08-26   125.00 136.43   124.97 136.41   262.48 273.92   124.43 135.86   130.01 141.45   123.75 135.18
2022-08-27   123.98 135.39   123.95 135.36   261.47 272.88   123.41 134.82   128.99 140.40   122.73 134.14
2022-08-28   122.97 134.35   122.94 134.32   260.45 271.84   122.40 133.78   127.98 139.36   121.72 133.10
2022-08-29   121.96 133.31   121.93 133.29   259.45 270.80   121.39 132.74   126.97 138.33   120.71 132.06
2022-08-30   120.96 132.28   120.93 132.25   258.44 269.77   120.39 131.71   125.97 137.30   119.71 131.03
2022-08-31   119.96 131.26   119.93 131.23   257.45 268.74   119.39 130.69   124.98 136.27   118.71 130.00
2022-09-01   118.97 130.23   118.94 130.21   256.46 267.72   118.40 129.66   123.98 135.25   117.72 128.98
2022-09-02   117.98 129.22   117.96 129.19   255.47 266.71   117.41 128.65   123.00 134.23   116.73 127.97
2022-09-03   117.00 128.21   116.97 128.18   254.49 265.69   116.43 127.64   122.02 133.22   115.75 126.96
2022-09-04   116.02 127.20   116.00 127.17   253.51 264.69   115.45 126.63   121.04 132.22   114.77 125.95
2022-09-05   115.05 126.20   115.03 126.17   252.54 263.69   114.48 125.63   120.07 131.21   113.80 124.95
2022-09-06   114.09 125.20   114.06 125.18   251.57 262.69   113.52 124.63   119.10 130.22   112.84 123.95
2022-09-07   113.12 124.21   113.10 124.19   250.61 261.70   112.55 123.64   118.14 129.23   111.87 122.96
2022-09-08   112.17 123.23   112.14 123.20   249.65 260.71   111.60 122.66   117.18 128.24   110.92 121.97
2022-09-09   111.22 122.24   111.19 122.22   248.70 259.73   110.65 121.67   116.23 127.26   109.96 120.99
2022-09-10   110.27 121.27   110.24 121.24   247.76 258.76   109.70 120.70   115.28 126.28   109.02 120.02
2022-09-11   109.33 120.30   109.30 120.27   246.81 257.78   108.76 119.73   114.34 125.31   108.08 119.05
2022-09-12   108.39 119.33   108.36 119.30   245.88 256.82   107.82 118.76   113.40 124.34   107.14 118.08
2022-09-13   107.45 118.37   107.43 118.34   244.94 255.85   106.88 117.80   112.47 123.38   106.20 117.12
2022-09-14   106.53 117.41   106.50 117.38   244.01 254.90   105.96 116.84   111.54 122.43   105.27 116.16
2022-09-15   105.60 116.46   105.57 116.43   243.09 253.95   105.03 115.89   110.62 121.47   104.35 115.21
2022-09-16   104.68 115.51   104.65 115.48   242.17 253.00   104.11 114.94   109.70 120.53   103.43 114.26
2022-09-17   103.76 114.57   103.74 114.54   241.25 252.05   103.19 114.00   108.78 119.58   102.51 113.32
2022-09-18   102.85 113.63   102.83 113.60   240.34 251.11   102.28 113.06   107.87 118.64   101.60 112.38
2022-09-19   101.94 112.69   101.92 112.67   239.43 250.18   101.37 112.12   106.96 117.71   100.69 111.44
2022-09-20   101.04 111.76   101.01 111.74   238.53 249.25   100.47 111.19   106.06 116.78    99.79 110.51
2022-09-21   100.14 110.84   100.11 110.81   237.63 248.32    99.57 110.27   105.16 115.85    98.89 109.59
2022-09-22    99.24 109.91    99.22 109.89   236.73 247.40    98.67 109.34   104.26 114.93    97.99 108.66
2022-09-23    98.35 109.00    98.32 108.97   235.84 246.48    97.78 108.43   103.37 114.01    97.10 107.75
2022-09-24    97.46 108.08    97.43 108.06   234.95 245.57    96.89 107.51   102.48 113.10    96.21 106.83
2022-09-25    96.57 107.17    96.55 107.15   234.06 244.66    96.00 106.60   101.59 112.19    95.32 105.92
2022-09-26    95.69 106.27    95.66 106.24   233.18 243.75    95.12 105.70   100.71 111.28    94.44 105.02
2022-09-27    94.81 105.36    94.78 105.34   232.30 242.85    94.24 104.79    99.83 110.38    93.56 104.11
2022-09-28    93.93 104.47    93.91 104.44   231.42 241.95    93.36 103.90    98.95 109.48    92.68 103.22
2022-09-29    93.06 103.57    93.03 103.54   230.55 241.06    92.49 103.00    98.07 108.59    91.81 102.32
2022-09-30    92.19 102.68    92.16 102.65   229.68 240.17    91.62 102.11    97.20 107.69    90.94 101.43
2022-10-01    91.32 101.79    91.29 101.76   228.81 239.28    90.75 101.22    96.33 106.80    90.07 100.54
2022-10-02    90.45 100.90    90.43 100.88   227.94 238.39    89.88 100.33    95.47 105.92    89.20  99.65
2022-10-03    89.59 100.02    89.56  99.99   227.08 237.51    89.02  99.45    94.60 105.04    88.34  98.77
2022-10-04    88.73  99.14    88.70  99.11   226.21 236.63    88.16  98.57    93.74 104.16    87.48  97.89
2022-10-05    87.87  98.26    87.84  98.24   225.36 235.75    87.30  97.69    92.88 103.28    86.62  97.01
2022-10-06    87.01  97.39    86.98  97.36   224.50 234.88    86.44  96.82    92.03 102.40    85.76  96.14
2022-10-07    86.15  96.52    86.13  96.49   223.64 234.01    85.58  95.95    91.17 101.53    84.90  95.27
2022-10-08    85.30  95.65    85.27  95.62   222.79 233.14    84.73  95.08    90.32 100.66    84.05  94.40
2022-10-09    84.45  94.78    84.42  94.75   221.94 232.27    83.88  94.21    89.46  99.80    83.20  93.53
2022-10-10    83.60  93.92    83.57  93.89   221.08 231.40    83.03  93.35    88.61  98.93    82.35  92.67
2022-10-11    82.75  93.05    82.72  93.03   220.23 230.54    82.18  92.48    87.76  98.07    81.50  91.80
2022-10-12    81.90  92.19    81.87  92.17   219.39 229.68    81.33  91.62    86.91  97.21    80.65  90.94
2022-10-13    81.05  91.33    81.02  91.31   218.54 228.82    80.48  90.76    86.07  96.35    79.80  90.08
2022-10-14    80.20  90.48    80.18  90.45   217.69 227.96    79.63  89.91    85.22  95.49    78.95  89.23
2022-10-15    79.36  89.62    79.33  89.59   216.85 227.11    78.79  89.05    84.37  94.64    78.11  88.37
2022-10-16    78.51  88.77    78.49  88.74   216.00 226.25    77.94  88.20    83.53  93.78    77.26  87.51
2022-10-17    77.67  87.91    77.64  87.89   215.16 225.40    77.10  87.34    82.68  92.93    76.42  86.66
2022-10-18    76.82  87.06    76.80  87.03   214.31 224.55    76.25  86.49    81.84  92.08    75.57  85.81
2022-10-19    75.98  86.21    75.95  86.18   213.47 223.70    75.41  85.64    81.00  91.22    74.73  84.96
2022-10-20    75.14  85.36    75.11  85.33   212.62 222.85    74.57  84.79    80.15  90.37    73.89  84.11
2022-10-21    74.29  84.51    74.27  84.48   211.78 222.00    73.72  83.94    79.31  89.52    73.04  83.26
2022-10-22    73.45  83.66    73.42  83.63   210.94 221.15    72.88  83.09    78.46  88.68    72.20  82.41
2022-10-23    72.60  82.81    72.58  82.79   210.09 220.30    72.03  82.24    77.62  87.83    71.35  81.56
2022-10-24    71.76  81.96    71.73  81.94   209.25 219.45    71.19  81.39    76.77  86.98    70.51  80.71
2022-10-25    70.91  81.12    70.89  81.09   208.40 218.60    70.34  80.55    75.93  86.13    69.66  79.86
2022-10-26    70.07  80.27    70.04  80.24   207.55 217.76    69.50  79.70    75.08  85.28    68.82  79.02
2022-10-27    69.22  79.42    69.19  79.39   206.71 216.91    68.65  78.85    74.23  84.43    67.97  78.17
2022-10-28    68.37  78.57    68.34  78.55   205.86 216.06    67.80  78.00    73.39  83.59    67.12  77.32
2022-10-29    67.52  77.72    67.50  77.70   205.01 215.21    66.95  77.15    72.54  82.74    66.27  76.47
2022-10-30    66.67  76.87    66.64  76.85   204.16 214.36    66.10  76.30    71.69  81.89    65.42  75.62
2022-10-31    65.82  76.02    65.79  76.00   203.31 213.51    65.25  75.45    70.83  81.04    64.57  74.77
2022-11-01    64.96  75.17    64.94  75.15   202.45 212.66    64.39  74.60    69.98  80.19    63.71  73.92
2022-11-02    64.38  74.05    64.35  74.03   201.87 211.54    63.81  73.48    69.39  79.07    63.13  72.80
2022-11-03    63.84  72.88    63.82  72.85   201.33 210.36    63.27  72.31    68.86  77.89    62.59  71.63
2022-11-04    63.31  71.70    63.28  71.67   200.80 209.19    62.74  71.13    68.32  76.72    62.06  70.45
2022-11-05    62.77  70.52    62.74  70.50   200.26 208.01    62.20  69.95    67.78  75.54    61.52  69.27
2022-11-06    62.23  69.34    62.20  69.32   199.72 206.83    61.66  68.77    67.24  74.36    60.98  68.09

2023-04-15   258.06 265.31   258.03 265.28    35.55  42.80   257.49 264.74   263.08 270.32   256.81 264.06
2023-04-16   256.91 264.79   256.89 264.76    34.40  42.27   256.34 264.22   261.93 269.80   255.66 263.54
2023-04-17   255.77 264.27   255.74 264.24    33.25  41.76   255.20 263.70   260.78 269.28   254.51 263.02
2023-04-18   254.62 263.75   254.59 263.73    32.11  41.24   254.05 263.18   259.63 268.77   253.37 262.50
2023-04-19   253.47 263.24   253.45 263.21    30.96  40.72   252.90 262.67   258.49 268.25   252.22 261.99
2023-04-20   252.42 262.63   252.39 262.60    29.91  40.12   251.85 262.06   257.44 267.64   251.17 261.38
2023-04-21   251.59 261.80   251.57 261.77    29.08  39.29   251.02 261.23   256.61 266.81   250.34 260.55
2023-04-22   250.77 260.97   250.74 260.94    28.26  38.46   250.20 260.40   255.78 265.99   249.52 259.72
2023-04-23   249.94 260.14   249.91 260.12    27.43  37.63   249.37 259.57   254.96 265.16   248.69 258.89
2023-04-24   249.12 259.32   249.09 259.29    26.60  36.80   248.55 258.75   254.13 264.33   247.86 258.06
2023-04-25   248.29 258.49   248.26 258.46    25.78  35.98   247.72 257.92   253.30 263.50   247.04 257.24
2023-04-26   247.46 257.66   247.44 257.64    24.95  35.15   246.89 257.09   252.48 262.68   246.21 256.41
2023-04-27   246.64 256.84   246.61 256.81    24.12  34.33   246.07 256.27   251.65 261.85   245.39 255.59
2023-04-28   245.81 256.01   245.78 255.99    23.30  33.50   245.24 255.44   250.82 261.03   244.56 254.76
2023-04-29   244.98 255.19   244.96 255.16    22.47  32.68   244.41 254.62   250.00 260.20   243.73 253.94
2023-04-30   244.15 254.36   244.13 254.34    21.64  31.85   243.58 253.79   249.17 259.38   242.90 253.11
2023-05-01   243.32 253.54   243.30 253.51    20.81  31.03   242.75 252.97   248.34 258.56   242.07 252.29
2023-05-02   242.49 252.72   242.47 252.69    19.98  30.20   241.92 252.15   247.51 257.73   241.24 251.46
2023-05-03   241.66 251.89   241.64 251.86    19.15  29.38   241.09 251.32   246.68 256.91   240.41 250.64
2023-05-04   240.83 251.07   240.80 251.04    18.32  28.55   240.26 250.50   245.85 256.08   239.58 249.81
2023-05-05   240.00 250.24   239.97 250.21    17.48  27.73   239.43 249.67   245.01 255.25   238.75 248.99
2023-05-06   239.16 249.41   239.14 249.39    16.65  26.90   238.59 248.84   244.18 254.43   237.91 248.16
2023-05-07   238.32 248.58   238.30 248.56    15.81  26.07   237.75 248.01   243.34 253.60   237.07 247.33
2023-05-08   237.49 247.76   237.46 247.73    14.97  25.24   236.92 247.19   242.50 252.77   236.24 246.51
2023-05-09   236.65 246.93   236.62 246.90    14.13  24.41   236.08 246.36   241.66 251.94   235.39 245.68
2023-05-10   235.80 246.10   235.78 246.07    13.29  23.58   235.23 245.53   240.82 251.11   234.55 244.84
2023-05-11   234.96 245.26   234.93 245.24    12.45  22.75   234.39 244.69   239.97 250.28   233.71 244.01
2023-05-12   234.11 244.43   234.08 244.40    11.60  21.92   233.54 243.86   239.13 249.44   232.86 243.18
2023-05-13   233.26 243.59   233.23 243.57    10.75  21.08   232.69 243.02   238.28 248.61   232.01 242.34
2023-05-14   232.41 242.76   232.38 242.73     9.90  20.24   231.84 242.19   237.42 247.77   231.16 241.50
2023-05-15   231.55 241.92   231.53 241.89     9.04  19.40   230.98 241.35   236.57 246.93   230.30 240.66
2023-05-16   230.70 241.07   230.67 241.05     8.18  18.56   230.13 240.50   235.71 246.09   229.45 239.82
2023-05-17   229.84 240.23   229.81 240.20     7.32  17.72   229.27 239.66   234.85 245.25   228.59 238.98
2023-05-18   228.97 239.38   228.95 239.36     6.46  16.87   228.40 238.81   233.99 244.40   227.72 238.13
2023-05-19   228.11 238.54   228.08 238.51     5.59  16.02   227.54 237.97   233.12 243.55   226.86 237.28
2023-05-20   227.24 237.68   227.21 237.66     4.72  15.17   226.67 237.11   232.25 242.70   225.99 236.43
2023-05-21   226.36 236.83   226.34 236.80     3.85  14.32   225.79 236.26   231.38 241.85   225.11 235.58
2023-05-22   225.49 235.97   225.46 235.95     2.97  13.46   224.92 235.40   230.50 240.99   224.24 234.72
2023-05-23   224.61 235.11   224.58 235.09     2.09  12.60   224.04 234.54   229.62 240.13   223.36 233.86
2023-05-24   223.72 234.25   223.70 234.22     1.21  11.74   223.15 233.68   228.74 239.27   222.47 233.00
2023-05-25   222.83 233.38   222.81 233.36     0.32  10.87   222.26 232.81   227.85 238.40   221.58 232.13
2023-05-26   221.94 232.52   221.92 232.49   359.43  10.00   221.37 231.95   226.96 237.53   220.69 231.26
2023-05-27   221.05 231.64   221.02 231.62   358.53   9.13   220.48 231.07   226.06 236.66   219.80 230.39
2023-05-28   220.15 230.77   220.12 230.74   357.63   8.25   219.58 230.20   225.16 235.78   218.90 229.52
2023-05-29   219.24 229.89   219.22 229.86   356.73   7.37   218.67 229.32   224.26 234.90   217.99 228.63
2023-05-30   218.33 229.00   218.31 228.98   355.82   6.49   217.76 228.43   223.35 234.02   217.08 227.75
2023-05-31   217.42 228.11   217.39 228.09   354.91   5.60   216.85 227.54   222.44 233.13   216.17 226.86
2023-06-01   216.50 227.22   216.48 227.20   353.99   4.71   215.93 226.65   221.52 232.24   215.25 225.97
2023-06-02   215.58 226.33   215.55 226.30   353.07   3.81   215.01 225.76   220.60 231.34   214.33 225.07
2023-06-03   214.65 225.43   214.63 225.40   352.14   2.91   214.08 224.86   219.67 230.44   213.40 224.17
2023-06-04   213.72 224.52   213.70 224.49   351.21   2.01   213.15 223.95   218.74 229.54   212.47 223.27
2023-06-05   212.78 223.61   212.76 223.58   350.27   1.10   212.21 223.04   217.80 228.63   211.53 222.36
2023-06-06   211.84 222.70   211.82 222.67   349.33   0.18   211.27 222.13   216.86 227.71   210.59 221.45
2023-06-07   210.90 221.78   210.87 221.75   348.38 359.27   210.33 221.21   215.91 226.79   209.65 220.53
2023-06-08   209.95 220.86   209.92 220.83   347.43 358.34   209.38 220.29   214.96 225.87   208.69 219.60
2023-06-09   208.99 219.93   208.96 219.90   346.48 357.41   208.42 219.36   214.00 224.94   207.74 218.68
2023-06-10   208.03 218.99   208.00 218.97   345.51 356.48   207.46 218.42   213.04 224.01   206.78 217.74
2023-06-11   207.06 218.06   207.03 218.03   344.55 355.54   206.49 217.49   212.07 223.07   205.81 216.81
2023-06-12   206.09 217.11   206.06 217.09   343.57 354.60   205.52 216.54   211.10 222.13   204.84 215.86
2023-06-13   205.11 216.17   205.08 216.14   342.60 353.65   204.54 215.60   210.13 221.18   203.86 214.92
2023-06-14   204.13 215.21   204.10 215.19   341.61 352.70   203.56 214.64   209.14 220.23   202.88 213.96
2023-06-15   203.14 214.25   203.11 214.23   340.63 351.74   202.57 213.68   208.15 219.27   201.89 213.00
2023-06-16   202.15 213.29   202.12 213.26   339.63 350.78   201.58 212.72   207.16 218.31   200.89 212.04
2023-06-17   201.15 212.32   201.12 212.30   338.63 349.81   200.58 211.75   206.16 217.34   199.90 211.07
2023-06-18   200.14 211.35   200.12 211.32   337.63 348.83   199.57 210.78   205.16 216.36   198.89 210.10
2023-06-19   199.13 210.37   199.11 210.34   336.62 347.86   198.56 209.80   204.15 215.38   197.88 209.12
2023-06-20   198.12 209.38   198.09 209.36   335.61 346.87   197.55 208.81   203.13 214.40   196.87 208.13
2023-06-21   197.10 208.39   197.07 208.37   334.59 345.88   196.53 207.82   202.11 213.41   195.85 207.14
2023-06-22   196.07 207.40   196.05 207.37   333.56 344.88   195.50 206.83   201.09 212.41   194.82 206.15
2023-06-23   195.04 206.40   195.02 206.37   332.53 343.88   194.47 205.83   200.06 211.41   193.79 205.14
2023-06-24   194.01 205.39   193.98 205.36   331.49 342.88   193.44 204.82   199.02 210.40   192.76 204.14
2023-06-25   192.97 204.38   192.94 204.35   330.45 341.86   192.40 203.81   197.98 209.39   191.71 203.13
2023-06-26   191.92 203.36   191.89 203.33   329.41 340.85   191.35 202.79   196.93 208.37   190.67 202.11
2023-06-27   190.87 202.34   190.84 202.31   328.36 339.82   190.30 201.77   195.88 207.35   189.62 201.09
2023-06-28   189.81 201.31   189.79 201.28   327.30 338.80   189.24 200.74   194.83 206.32   188.56 200.06
2023-06-29   188.75 200.27   188.73 200.25   326.24 337.76   188.18 199.70   193.77 205.29   187.50 199.02
2023-06-30   187.69 199.24   187.66 199.21   325.17 336.72   187.12 198.67   192.70 204.25   186.44 197.99
2023-07-01   186.62 198.19   186.59 198.17   324.10 335.68   186.05 197.62   191.63 203.21   185.37 196.94
2023-07-02   185.54 197.14   185.52 197.12   323.03 334.63   184.97 196.57   190.56 202.16   184.29 195.89
2023-07-03   184.46 196.09   184.44 196.06   321.95 333.58   183.89 195.52   189.48 201.11   183.21 194.84
2023-07-04   183.38 195.03   183.36 195.01   320.87 332.52   182.81 194.46   188.40 200.05   182.13 193.78
2023-07-05   182.30 193.97   182.27 193.94   319.78 331.46   181.73 193.40   187.31 198.98   181.04 192.72
2023-07-06   181.21 192.90   181.18 192.88   318.69 330.39   180.64 192.33   186.22 197.92   179.95 191.65
2023-07-07   180.11 191.83   180.08 191.80   317.60 329.32   179.54 191.26   185.13 196.85   178.86 190.58
2023-07-08   179.01 190.75   178.99 190.73   316.50 328.24   178.44 190.18   184.03 195.77   177.76 189.50
2023-07-09   177.91 189.67   177.89 189.65   315.40 327.16   177.34 189.10   182.93 194.69   176.66 188.42
2023-07-10   176.81 188.59   176.78 188.56   314.30 326.08   176.24 188.02   181.82 193.60   175.56 187.34
2023-07-11   175.70 187.50   175.67 187.47   313.19 324.99   175.13 186.93   180.72 192.51   174.45 186.25
2023-07-12   174.59 186.41   174.57 186.38   312.08 323.89   174.02 185.84   179.61 191.42   173.34 185.16
2023-07-13   173.48 185.31   173.45 185.28   310.97 322.80   172.91 184.74   178.49 190.33   172.23 184.06
2023-07-14   172.36 184.21   172.34 184.19   309.85 321.70   171.79 183.64   177.38 189.23   171.11 182.96
2023-07-15   171.25 183.11   171.22 183.08   308.74 320.60   170.68 182.54   176.26 188.12   170.00 181.86
2023-07-16   170.13 182.00   170.10 181.98   307.62 319.49   169.56 181.43   175.14 187.02   168.88 180.75
2023-07-17   169.01 180.90   168.98 180.87   306.50 318.38   168.44 180.33   174.02 185.91   167.76 179.65
2023-07-18   167.89 179.78   167.86 179.76   305.37 317.27   167.32 179.21   172.90 184.80   166.64 178.53
2023-07-19   166.76 178.67   166.74 178.65   304.25 316.16   166.19 178.10   171.78 183.69   165.51 177.42
2023-07-20   165.64 177.56   165.61 177.53   303.13 315.04   165.07 176.99   170.65 182.57   164.39 176.31
2023-07-21   164.51 176.44   164.49 176.41   302.00 313.93   163.94 175.87   169.53 181.45   163.26 175.19
2023-07-22   163.39 175.32   163.36 175.29   300.88 312.81   162.82 174.75   168.40 180.33   162.14 174.07
2023-07-23   162.26 174.20   162.24 174.17   299.75 311.69   161.69 173.63   167.28 179.21   161.01 172.95
2023-07-24   161.14 173.08   161.11 173.05   298.62 310.56   160.57 172.51   166.15 178.09   159.89 171.83
2023-07-25   160.01 171.95   159.98 171.93   297.50 309.44   159.44 171.38   165.03 176.97   158.76 170.70
2023-07-26   158.89 170.83   158.86 170.80   296.37 308.32   158.32 170.26   163.90 175.84   157.64 169.58
2023-07-27   157.76 169.70   157.73 169.68   295.25 307.19   157.19 169.13   162.78 174.72   156.51 168.45
2023-07-28   156.64 168.58   156.61 168.55   294.12 306.07   156.07 168.01   161.65 173.59   155.39 167.33
2023-07-29   155.51 167.45   155.49 167.43   293.00 304.94   154.94 166.88   160.53 172.47   154.26 166.20
2023-07-30   154.39 166.33   154.37 166.30   291.88 303.82   153.82 165.76   159.41 171.34   153.14 165.08
2023-07-31   153.27 165.20   153.25 165.18   290.76 302.69   152.70 164.63   158.29 170.22   152.02 163.95
2023-08-01   152.16 164.08   152.13 164.05   289.64 301.57   151.59 163.51   157.17 169.09   150.90 162.83
2023-08-02   151.04 162.96   151.01 162.93   288.53 300.44   150.47 162.39   156.05 167.97   149.79 161.71
2023-08-03   149.93 161.83   149.90 161.81   287.41 299.32   149.36 161.26   154.94 166.85   148.67 160.58
2023-08-04   148.81 160.71   148.79 160.69   286.30 298.20   148.24 160.14   153.83 165.73   147.56 159.46
2023-08-05   147.70 159.59   147.68 159.57   285.19 297.08   147.13 159.02   152.72 164.61   146.45 158.34
2023-08-06   146.60 158.47   146.57 158.45   284.09 295.96   146.03 157.90   151.61 163.49   145.35 157.22
2023-08-07   145.49 157.36   145.47 157.33   282.98 294.84   144.92 156.79   150.51 162.37   144.24 156.11
2023-08-08   144.39 156.24   144.37 156.22   281.88 293.73   143.82 155.67   149.41 161.26   143.14 154.99
2023-08-09   143.30 155.13   143.27 155.10   280.79 292.62   142.73 154.56   148.31 160.15   142.05 153.88
2023-08-10   142.20 154.02   142.18 153.99   279.69 291.51   141.63 153.45   147.22 159.04   140.95 152.77
2023-08-11   141.11 152.91   141.09 152.89   278.60 290.40   140.54 152.34   146.13 157.93   139.86 151.66
2023-08-12   140.03 151.81   140.00 151.78   277.52 289.30   139.46 151.24   145.04 156.82   138.78 150.56
2023-08-13   138.95 150.71   138.92 150.68   276.43 288.20   138.38 150.14   143.96 155.72   137.70 149.46
2023-08-14   137.87 149.61   137.84 149.58   275.36 287.10   137.30 149.04   142.88 154.62   136.62 148.36
2023-08-15   136.79 148.51   136.77 148.49   274.28 286.00   136.22 147.94   141.81 153.53   135.54 147.26
2023-08-16   135.72 147.42   135.70 147.40   273.21 284.91   135.15 146.85   140.74 152.44   134.47 146.17
2023-08-17   134.66 146.34   134.63 146.31   272.15 283.82   134.09 145.77   139.68 151.35   133.41 145.09
2023-08-18   133.60 145.25   133.57 145.23   271.09 282.74   133.03 144.68   138.61 150.27   132.35 144.00
2023-08-19   132.54 144.17   132.52 144.15   270.03 281.66   131.97 143.60   137.56 149.19   131.29 142.92
2023-08-20   131.49 143.10   131.47 143.07   268.98 280.58   130.92 142.53   136.51 148.11   130.24 141.85
2023-08-21   130.45 142.02   130.42 142.00   267.93 279.51   129.88 141.45   135.46 147.04   129.19 140.77
2023-08-22   129.40 140.96   129.38 140.93   266.89 278.44   128.83 140.39   134.42 145.97   128.15 139.71
2023-08-23   128.37 139.89   128.34 139.87   265.85 277.38   127.80 139.32   133.38 144.91   127.12 138.64
2023-08-24   127.33 138.83   127.31 138.81   264.82 276.32   126.76 138.26   132.35 143.85   126.08 137.58
2023-08-25   126.31 137.78   126.28 137.75   263.79 275.27   125.74 137.21   131.32 142.80   125.06 136.53
2023-08-26   125.29 136.73   125.26 136.70   262.77 274.22   124.72 136.16   130.30 141.75   124.03 135.48
2023-08-27   124.27 135.69   124.24 135.66   261.76 273.17   123.70 135.12   129.28 140.70   123.02 134.43
2023-08-28   123.26 134.64   123.23 134.62   260.74 272.13   122.69 134.07   128.27 139.66   122.01 133.39
2023-08-29   122.25 133.61   122.22 133.58   259.74 271.10   121.68 133.04   127.26 138.62   121.00 132.36
2023-08-30   121.25 132.58   121.22 132.55   258.74 270.07   120.68 132.01   126.26 137.59   120.00 131.33
2023-08-31   120.25 131.55   120.22 131.53   257.74 269.04   119.68 130.98   125.27 136.57   119.00 130.30
2023-09-01   119.26 130.53   119.23 130.51   256.75 268.02   118.69 129.96   124.27 135.55   118.01 129.28
2023-09-02   118.27 129.52   118.25 129.49   255.76 267.00   117.70 128.95   123.29 134.53   117.02 128.27
2023-09-03   117.29 128.50   117.27 128.48   254.78 265.99   116.72 127.93   122.31 133.52   116.04 127.25
2023-09-04   116.32 127.50   116.29 127.47   253.80 264.99   115.75 126.93   121.33 132.51   115.06 126.25
2023-09-05   115.34 126.50   115.32 126.47   252.83 263.98   114.77 125.93   120.36 131.51   114.09 125.25
2023-09-06   114.38 125.50   114.35 125.47   251.86 262.99   113.81 124.93   119.39 130.52   113.13 124.25
2023-09-07   113.41 124.51   113.39 124.48   250.90 262.00   112.84 123.94   118.43 129.53   112.16 123.26
2023-09-08   112.46 123.52   112.43 123.50   249.95 261.01   111.89 122.95   117.47 128.54   111.21 122.27
2023-09-09   111.51 122.54   111.48 122.52   248.99 260.03   110.94 121.97   116.52 127.56   110.25 121.29
2023-09-10   110.56 121.57   110.53 121.54   248.05 259.05   109.99 121.00   115.57 126.58   109.31 120.31
2023-09-11   109.62 120.59   109.59 120.57   247.10 258.08   109.05 120.02   114.63 125.61   108.36 119.34
2023-09-12   108.68 119.63   108.65 119.60   246.16 257.11   108.11 119.06   113.69 124.64   107.43 118.38
2023-09-13   107.74 118.66   107.72 118.64   245.23 256.15   107.17 118.09   112.76 123.68   106.49 117.41
2023-09-14   106.81 117.71   106.79 117.68   244.30 255.19   106.24 117.14   111.83 122.72   105.56 116.46
2023-09-15   105.89 116.75   105.86 116.73   243.38 254.24   105.32 116.18   110.90 121.77   104.64 115.50
2023-09-16   104.97 115.80   104.94 115.78   242.45 253.29   104.40 115.23   109.98 120.82   103.72 114.55
2023-09-17   104.05 114.86   104.02 114.83   241.54 252.35   103.48 114.29   109.07 119.88   102.80 113.61
2023-09-18   103.14 113.92   103.11 113.89   240.63 251.41   102.57 113.35   108.15 118.94   101.89 112.67
2023-09-19   102.23 112.99   102.20 112.96   239.72 250.47   101.66 112.42   107.24 118.00   100.98 111.73
2023-09-20   101.32 112.05   101.30 112.03   238.81 249.54   100.75 111.48   106.34 117.07   100.07 110.80
2023-09-21   100.42 111.13   100.40 111.10   237.91 248.61    99.85 110.56   105.44 116.14    99.17 109.88
2023-09-22    99.53 110.20    99.50 110.18   237.01 247.69    98.96 109.63   104.54 115.22    98.28 108.95
2023-09-23    98.63 109.29    98.61 109.26   236.12 246.77    98.06 108.72   103.65 114.30    97.38 108.04
2023-09-24    97.74 108.37    97.71 108.34   235.23 245.86    97.17 107.80   102.76 113.39    96.49 107.12
2023-09-25    96.85 107.46    96.83 107.43   234.34 244.95    96.28 106.89   101.87 112.48    95.60 106.21
2023-09-26    95.97 106.55    95.94 106.53   233.46 244.04    95.40 105.98   100.99 111.57    94.72 105.30
2023-09-27    95.09 105.65    95.06 105.62   232.58 243.14    94.52 105.08   100.10 110.66    93.84 104.40
2023-09-28    94.21 104.75    94.18 104.72   231.70 242.24    93.64 104.18    99.23 109.76    92.96 103.50
2023-09-29    93.34 103.85    93.31 103.83   230.82 241.34    92.77 103.28    98.35 108.87    92.09 102.60
2023-09-30    92.46 102.96    92.44 102.93   229.95 240.45    91.89 102.39    97.48 107.97    91.21 101.71
2023-10-01    91.59 102.07    91.57 102.04   229.08 239.56    91.02 101.50    96.61 107.08    90.34 100.82
2023-10-02    90.73 101.18    90.70 101.16   228.21 238.67    90.16 100.61    95.74 106.20    89.48  99.93
2023-10-03    89.86 100.30    89.83 100.27   227.35 237.79    89.29  99.73    94.88 105.31    88.61  99.05
2023-10-04    89.00  99.42    88.97  99.39   226.49 236.91    88.43  98.85    94.01 104.43    87.75  98.17
2023-10-05    88.14  98.54    88.11  98.51   225.63 236.03    87.57  97.97    93.15 103.55    86.89  97.29
2023-10-06    87.28  97.66    87.25  97.64   224.77 235.15    86.71  97.09    92.29 102.68    86.03  96.41
2023-10-07    86.42  96.79    86.40  96.76   223.91 234.28    85.85  96.22    91.44 101.81    85.17  95.54
2023-10-08    85.57  95.92    85.54  95.89   223.05 233.41    85.00  95.35    90.58 100.93    84.32  94.67
2023-10-09    84.71  95.05    84.69  95.02   222.20 232.54    84.14  94.48    89.73 100.07    83.46  93.80
2023-10-10    83.86  94.18    83.83  94.16   221.35 231.67    83.29  93.61    88.88  99.20    82.61  92.93
2023-10-11    83.01  93.32    82.98  93.29   220.50 230.81    82.44  92.75    88.03  98.34    81.76  92.07
2023-10-12    82.16  92.46    82.13  92.43   219.65 229.95    81.59  91.89    87.18  97.47    80.91  91.21
2023-10-13    81.31  91.60    81.29  91.57   218.80 229.09    80.74  91.03    86.33  96.61    80.06  90.35
2023-10-14    80.46  90.74    80.44  90.71   217.95 228.23    79.89  90.17    85.48  95.75    79.21  89.49
2023-10-15    79.62  89.88    79.59  89.85   217.10 227.37    79.05  89.31    84.63  94.90    78.37  88.63
2023-10-16    78.77  89.03    78.74  89.00   216.26 226.51    78.20  88.46    83.79  94.04    77.52  87.77
2023-10-17    77.93  88.17    77.90  88.14   215.41 225.66    77.36  87.60    82.94  93.19    76.67  86.92
2023-10-18    77.08  87.32    77.05  87.29   214.57 224.80    76.51  86.75    82.09  92.33    75.83  86.07
2023-10-19    76.23  86.46    76.21  86.44   213.72 223.95    75.66  85.89    81.25  91.48    74.98  85.21
2023-10-20    75.39  85.61    75.36  85.59   212.88 223.10    74.82  85.04    80.40  90.63    74.14  84.36
2023-10-21    74.54  84.76    74.52  84.74   212.03 222.25    73.97  84.19    79.56  89.78    73.29  83.51
2023-10-22    73.70  83.91    73.67  83.88   211.19 221.40    73.13  83.34    78.71  88.93    72.45  82.66
2023-10-23    72.85  83.06    72.83  83.03   210.34 220.55    72.28  82.49    77.87  88.08    71.60  81.81
2023-10-24    72.01  82.21    71.98  82.19   209.49 219.70    71.44  81.64    77.02  87.23    70.76  80.96
2023-10-25    71.16  81.36    71.13  81.34   208.65 218.85    70.59  80.79    76.17  86.38    69.91  80.11
2023-10-26    70.31  80.51    70.29  80.49   207.80 218.00    69.74  79.94    75.33  85.53    69.06  79.26
2023-10-27    69.46  79.66    69.44  79.64   206.95 217.15    68.89  79.09    74.48  84.68    68.21  78.41
2023-10-28    68.61  78.81    68.59  78.79   206.10 216.30    68.04  78.24    73.63  83.83    67.36  77.56
2023-10-29    67.76  77.96    67.74  77.94   205.25 215.45    67.19  77.39    72.78  82.98    66.51  76.71
2023-10-30    66.91  77.11    66.88  77.09   204.40 214.60    66.34  76.54    71.93  82.13    65.66  75.86
2023-10-31    66.06  76.26    66.03  76.24   203.55 213.75    65.49  75.69    71.07  81.28    64.81  75.01
2023-11-01    65.20  75.41    65.18  75.38   202.69 212.90    64.63  74.84    70.22  80.43    63.95  74.16
2023-11-02    64.52  74.39    64.49  74.36   202.01 211.87    63.95  73.82    69.53  79.40    63.27  73.14
2023-11-03    63.98  73.21    63.96  73.18   201.47 210.70    63.41  72.64    69.00  78.22    62.73  71.96
2023-11-04    63.45  72.03    63.42  72.00   200.93 209.52    62.88  71.46    68.46  77.05    62.19  70.78
2023-11-05    62.91  70.85    62.88  70.83   200.39 208.34    62.34  70.28    67.92  75.87    61.65  69.60
2023-11-06    62.36  69.67    62.34  69.64   199.85 207.16    61.79  69.10    67.38  74.69    61.11  68.42
