
       Target
                ecliptic
RA      Dec     latitude
284.567  49.013  70.923

Checked interval [2020-01-01, 2023-12-31]
|           Window [days]                 |    Normal V3 PA [deg]    |
   Start           End         Duration         Start         End         RA            Dec     
 2020-04-04      2020-11-08       218.00     266.27325      56.90632     284.56695      49.01271 
 2021-04-04      2021-11-08       218.02     266.55340      57.15416     284.56695      49.01271 
 2022-04-04      2022-11-09       219.00     266.83663      56.47952     284.56695      49.01271 
 2023-04-05      2023-11-09       218.00     266.19644      56.73246     284.56695      49.01271 


                V3PA          NIRCam           NIRSpec         NIRISS           MIRI          FGS
   Date      min    max      min    max       min    max     min    max      min    max      min    max

2020-04-05   262.59 269.78   262.56 269.75    40.07  47.26   262.02 269.21   267.60 274.79   261.33 268.52
2020-04-06   261.46 269.04   261.44 269.01    38.95  46.53   260.89 268.47   266.48 274.06   260.21 267.79
2020-04-07   260.34 268.31   260.32 268.28    37.83  45.80   259.77 267.74   265.36 273.32   259.09 267.06
2020-04-08   259.22 267.58   259.20 267.55    36.71  45.06   258.65 267.01   264.24 272.59   257.97 266.33
2020-04-09   258.10 266.85   258.08 266.82    35.59  44.34   257.53 266.28   263.12 271.86   256.85 265.60
2020-04-10   256.98 266.12   256.96 266.10    34.47  43.61   256.41 265.55   262.00 271.14   255.73 264.87
2020-04-11   255.87 265.40   255.84 265.37    33.35  42.88   255.30 264.83   260.88 270.41   254.62 264.15
2020-04-12   254.75 264.67   254.72 264.65    32.24  42.16   254.18 264.10   259.76 269.69   253.50 263.42
2020-04-13   253.69 263.90   253.66 263.87    31.17  41.38   253.12 263.33   258.70 268.91   252.44 262.64
2020-04-14   252.77 262.98   252.74 262.95    30.26  40.46   252.20 262.41   257.78 267.99   251.52 261.73
2020-04-15   251.85 262.06   251.83 262.03    29.34  39.55   251.28 261.49   256.87 267.07   250.60 260.81
2020-04-16   250.94 261.14   250.91 261.11    28.42  38.63   250.37 260.57   255.95 266.16   249.69 259.89
2020-04-17   250.02 260.22   250.00 260.20    27.51  37.71   249.45 259.65   255.04 265.24   248.77 258.97
2020-04-18   249.11 259.31   249.08 259.28    26.59  36.80   248.54 258.74   254.12 264.32   247.86 258.06
2020-04-19   248.19 258.39   248.17 258.37    25.68  35.88   247.62 257.82   253.21 263.41   246.94 257.14
2020-04-20   247.28 257.48   247.25 257.45    24.77  34.97   246.71 256.91   252.29 262.49   246.03 256.23
2020-04-21   246.37 256.57   246.34 256.54    23.85  34.05   245.80 256.00   251.38 261.58   245.11 255.31
2020-04-22   245.45 255.65   245.43 255.63    22.94  33.14   244.88 255.08   250.47 260.67   244.20 254.40
2020-04-23   244.54 254.74   244.51 254.71    22.03  32.23   243.97 254.17   249.55 259.76   243.29 253.49
2020-04-24   243.63 253.83   243.60 253.80    21.11  31.32   243.06 253.26   248.64 258.84   242.38 252.58
2020-04-25   242.71 252.92   242.69 252.89    20.20  30.40   242.14 252.35   247.73 257.93   241.46 251.67
2020-04-26   241.80 252.01   241.78 251.98    19.29  29.49   241.23 251.44   246.82 257.02   240.55 250.76
2020-04-27   240.89 251.10   240.86 251.07    18.38  28.58   240.32 250.53   245.90 256.11   239.64 249.84
2020-04-28   239.98 250.18   239.95 250.16    17.46  27.67   239.41 249.61   244.99 255.20   238.73 248.93
2020-04-29   239.06 249.27   239.04 249.25    16.55  26.76   238.49 248.70   244.08 254.29   237.81 248.02
2020-04-30   238.15 248.36   238.12 248.34    15.64  25.85   237.58 247.79   243.17 253.38   236.90 247.11
2020-05-01   237.24 247.45   237.21 247.43    14.72  24.94   236.67 246.88   242.25 252.47   235.99 246.20
2020-05-02   236.32 246.54   236.30 246.52    13.81  24.03   235.75 245.97   241.34 251.56   235.07 245.29
2020-05-03   235.41 245.63   235.38 245.61    12.90  23.12   234.84 245.06   240.42 250.65   234.16 244.38
2020-05-04   234.49 244.72   234.47 244.69    11.98  22.21   233.92 244.15   239.51 249.74   233.24 243.47
2020-05-05   233.58 243.81   233.55 243.78    11.07  21.30   233.01 243.24   238.59 248.82   232.33 242.56
2020-05-06   232.66 242.90   232.64 242.87    10.15  20.39   232.09 242.33   237.68 247.91   231.41 241.65
2020-05-07   231.74 241.99   231.72 241.96     9.23  19.47   231.17 241.42   236.76 247.00   230.49 240.74
2020-05-08   230.83 241.07   230.80 241.05     8.31  18.56   230.26 240.50   235.84 246.09   229.58 239.82
2020-05-09   229.91 240.16   229.88 240.13     7.40  17.65   229.34 239.59   234.92 245.18   228.66 238.91
2020-05-10   228.99 239.25   228.96 239.22     6.48  16.73   228.42 238.68   234.01 244.26   227.74 238.00
2020-05-11   228.07 238.33   228.04 238.31     5.56  15.82   227.50 237.76   233.09 243.35   226.82 237.08
2020-05-12   227.15 237.42   227.12 237.39     4.64  14.91   226.58 236.85   232.16 242.43   225.90 236.17
2020-05-13   226.23 236.50   226.20 236.48     3.71  13.99   225.66 235.93   231.24 241.52   224.98 235.25
2020-05-14   225.30 235.59   225.28 235.56     2.79  13.07   224.73 235.02   230.32 240.60   224.05 234.33
2020-05-15   224.38 234.67   224.35 234.64     1.87  12.16   223.81 234.10   229.39 239.68   223.13 233.42
2020-05-16   223.45 233.75   223.43 233.72     0.94  11.24   222.88 233.18   228.47 238.76   222.20 232.50
2020-05-17   222.53 232.83   222.50 232.80     0.01  10.32   221.96 232.26   227.54 237.85   221.28 231.58
2020-05-18   221.60 231.91   221.57 231.88   359.09   9.40   221.03 231.34   226.61 236.92   220.35 230.66
2020-05-19   220.67 230.99   220.64 230.96   358.16   8.47   220.10 230.42   225.68 236.00   219.42 229.74
2020-05-20   219.74 230.06   219.71 230.04   357.23   7.55   219.17 229.49   224.75 235.08   218.49 228.81
2020-05-21   218.81 229.14   218.78 229.11   356.29   6.63   218.24 228.57   223.82 234.16   217.56 227.89
2020-05-22   217.87 228.22   217.85 228.19   355.36   5.70   217.30 227.65   222.89 233.23   216.62 226.96
2020-05-23   216.94 227.29   216.91 227.26   354.42   4.78   216.37 226.72   221.95 232.30   215.69 226.04
2020-05-24   216.00 226.36   215.97 226.33   353.49   3.85   215.43 225.79   221.02 231.38   214.75 225.11
2020-05-25   215.06 225.43   215.04 225.40   352.55   2.92   214.49 224.86   220.08 230.45   213.81 224.18
2020-05-26   214.12 224.50   214.10 224.47   351.61   1.99   213.55 223.93   219.14 229.52   212.87 223.25
2020-05-27   213.18 223.57   213.15 223.54   350.67   1.05   212.61 223.00   218.20 228.58   211.93 222.32
2020-05-28   212.24 222.63   212.21 222.61   349.72   0.12   211.67 222.06   217.25 227.65   210.99 221.38
2020-05-29   211.29 221.70   211.27 221.67   348.78 359.18   210.72 221.13   216.31 226.71   210.04 220.45
2020-05-30   210.35 220.76   210.32 220.73   347.83 358.25   209.78 220.19   215.36 225.78   209.09 219.51
2020-05-31   209.40 219.82   209.37 219.79   346.88 357.31   208.83 219.25   214.41 224.84   208.15 218.57
2020-06-01   208.45 218.88   208.42 218.85   345.93 356.37   207.88 218.31   213.46 223.90   207.20 217.63
2020-06-02   207.49 217.94   207.47 217.91   344.98 355.43   206.92 217.37   212.51 222.95   206.24 216.69
2020-06-03   206.54 216.99   206.51 216.97   344.03 354.48   205.97 216.42   211.56 222.01   205.29 215.74
2020-06-04   205.58 216.05   205.56 216.02   343.07 353.54   205.01 215.48   210.60 221.06   204.33 214.80
2020-06-05   204.63 215.10   204.60 215.07   342.11 352.59   204.06 214.53   209.64 220.12   203.38 213.85
2020-06-06   203.67 214.15   203.64 214.12   341.15 351.64   203.10 213.58   208.68 219.17   202.42 212.90
2020-06-07   202.70 213.20   202.68 213.17   340.19 350.69   202.13 212.63   207.72 218.21   201.45 211.95
2020-06-08   201.74 212.25   201.71 212.22   339.23 349.73   201.17 211.68   206.76 217.26   200.49 210.99
2020-06-09   200.78 211.29   200.75 211.26   338.26 348.78   200.21 210.72   205.79 216.31   199.53 210.04
2020-06-10   199.81 210.33   199.78 210.31   337.30 347.82   199.24 209.76   204.82 215.35   198.56 209.08
2020-06-11   198.84 209.37   198.81 209.35   336.33 346.86   198.27 208.80   203.85 214.39   197.59 208.12
2020-06-12   197.87 208.41   197.84 208.39   335.36 345.90   197.30 207.84   202.88 213.43   196.62 207.16
2020-06-13   196.89 207.45   196.87 207.42   334.38 344.94   196.32 206.88   201.91 212.46   195.64 206.20
2020-06-14   195.92 206.48   195.89 206.46   333.41 343.97   195.35 205.91   200.93 211.50   194.67 205.23
2020-06-15   194.94 205.52   194.92 205.49   332.43 343.00   194.37 204.95   199.96 210.53   193.69 204.27
2020-06-16   193.96 204.55   193.94 204.52   331.45 342.03   193.39 203.98   198.98 209.56   192.71 203.30
2020-06-17   192.98 203.58   192.96 203.55   330.47 341.06   192.41 203.01   198.00 208.59   191.73 202.33
2020-06-18   192.00 202.60   191.97 202.58   329.49 340.09   191.43 202.03   197.01 207.62   190.75 201.35
2020-06-19   191.01 201.63   190.99 201.60   328.50 339.11   190.44 201.06   196.03 206.64   189.76 200.38
2020-06-20   190.03 200.65   190.00 200.62   327.51 338.14   189.46 200.08   195.04 205.67   188.78 199.40
2020-06-21   189.04 199.67   189.01 199.64   326.53 337.16   188.47 199.10   194.05 204.69   187.79 198.42
2020-06-22   188.05 198.69   188.02 198.66   325.54 336.18   187.48 198.12   193.06 203.71   186.80 197.44
2020-06-23   187.06 197.71   187.03 197.68   324.54 335.19   186.49 197.14   192.07 202.72   185.81 196.46
2020-06-24   186.06 196.72   186.04 196.70   323.55 334.21   185.49 196.15   191.08 201.74   184.81 195.47
2020-06-25   185.07 195.73   185.04 195.71   322.55 333.22   184.50 195.16   190.08 200.75   183.82 194.48
2020-06-26   184.07 194.75   184.04 194.72   321.56 332.23   183.50 194.18   189.08 199.76   182.82 193.50
2020-06-27   183.07 193.76   183.04 193.73   320.56 331.24   182.50 193.19   188.09 198.77   181.82 192.50
2020-06-28   182.07 192.76   182.04 192.74   319.56 330.25   181.50 192.19   187.08 197.78   180.82 191.51
2020-06-29   181.07 191.77   181.04 191.74   318.55 329.26   180.50 191.20   186.08 196.78   179.82 190.52
2020-06-30   180.06 190.77   180.04 190.75   317.55 328.26   179.49 190.20   185.08 195.79   178.81 189.52
2020-07-01   179.06 189.77   179.03 189.75   316.55 327.26   178.49 189.20   184.07 194.79   177.81 188.52
2020-07-02   178.05 188.77   178.02 188.75   315.54 326.26   177.48 188.20   183.07 193.79   176.80 187.52
2020-07-03   177.04 187.77   177.02 187.75   314.53 325.26   176.47 187.20   182.06 192.79   175.79 186.52
2020-07-04   176.03 186.77   176.01 186.74   313.52 324.26   175.46 186.20   181.05 191.79   174.78 185.52
2020-07-05   175.02 185.77   175.00 185.74   312.51 323.25   174.45 185.20   180.04 190.78   173.77 184.52
2020-07-06   174.01 184.76   173.98 184.73   311.50 322.25   173.44 184.19   179.03 189.78   172.76 183.51
2020-07-07   173.00 183.75   172.97 183.73   310.49 321.24   172.43 183.18   178.01 188.77   171.75 182.50
2020-07-08   171.98 182.74   171.96 182.72   309.47 320.23   171.41 182.17   177.00 187.76   170.73 181.49
2020-07-09   170.97 181.73   170.94 181.71   308.46 319.22   170.40 181.16   175.98 186.75   169.72 180.48
2020-07-10   169.95 180.72   169.93 180.70   307.44 318.21   169.38 180.15   174.97 185.74   168.70 179.47
2020-07-11   168.94 179.71   168.91 179.68   306.42 317.20   168.37 179.14   173.95 184.73   167.68 178.46
2020-07-12   167.92 178.70   167.89 178.67   305.40 316.18   167.35 178.13   172.93 183.71   166.67 177.45
2020-07-13   166.90 177.68   166.87 177.66   304.39 315.17   166.33 177.11   171.91 182.70   165.65 176.43
2020-07-14   165.88 176.67   165.85 176.64   303.37 314.15   165.31 176.10   170.90 181.68   164.63 175.42
2020-07-15   164.86 175.65   164.83 175.62   302.35 313.14   164.29 175.08   169.88 180.66   163.61 174.40
2020-07-16   163.84 174.63   163.81 174.61   301.33 312.12   163.27 174.06   168.86 179.65   162.59 173.38
2020-07-17   162.82 173.61   162.79 173.59   300.31 311.10   162.25 173.04   167.83 178.63   161.57 172.36
2020-07-18   161.80 172.59   161.77 172.57   299.29 310.08   161.23 172.02   166.81 177.61   160.55 171.34
2020-07-19   160.78 171.57   160.75 171.55   298.26 309.06   160.21 171.00   165.79 176.59   159.53 170.32
2020-07-20   159.76 170.55   159.73 170.53   297.24 308.04   159.19 169.98   164.77 175.57   158.50 169.30
2020-07-21   158.73 169.53   158.71 169.51   296.22 307.02   158.16 168.96   163.75 174.55   157.48 168.28
2020-07-22   157.71 168.51   157.69 168.49   295.20 306.00   157.14 167.94   162.73 173.53   156.46 167.26
2020-07-23   156.69 167.49   156.66 167.46   294.18 304.98   156.12 166.92   161.71 172.51   155.44 166.24
2020-07-24   155.67 166.47   155.64 166.44   293.16 303.96   155.10 165.90   160.69 171.48   154.42 165.22
2020-07-25   154.65 165.45   154.62 165.42   292.14 302.94   154.08 164.88   159.66 170.46   153.40 164.20
2020-07-26   153.63 164.43   153.60 164.40   291.12 301.91   153.06 163.86   158.64 169.44   152.38 163.18
2020-07-27   152.61 163.40   152.58 163.38   290.10 300.89   152.04 162.83   157.62 168.42   151.36 162.15
2020-07-28   151.59 162.38   151.56 162.36   289.08 299.87   151.02 161.81   156.60 167.40   150.34 161.13
2020-07-29   150.57 161.36   150.54 161.33   288.06 298.85   150.00 160.79   155.58 166.38   149.32 160.11
2020-07-30   149.55 160.34   149.52 160.31   287.04 297.83   148.98 159.77   154.56 165.35   148.30 159.09
2020-07-31   148.53 159.32   148.51 159.29   286.02 296.81   147.96 158.75   153.55 164.33   147.28 158.07
2020-08-01   147.51 158.30   147.49 158.27   285.00 295.79   146.94 157.73   152.53 163.31   146.26 157.05
2020-08-02   146.50 157.28   146.47 157.25   283.99 294.77   145.93 156.71   151.51 162.29   145.25 156.03
2020-08-03   145.48 156.26   145.46 156.23   282.97 293.75   144.91 155.69   150.50 161.27   144.23 155.01
2020-08-04   144.47 155.24   144.44 155.21   281.95 292.73   143.90 154.67   149.48 160.25   143.22 153.99
2020-08-05   143.45 154.22   143.43 154.19   280.94 291.71   142.88 153.65   148.47 159.24   142.20 152.97
2020-08-06   142.44 153.20   142.41 153.18   279.93 290.69   141.87 152.63   147.46 158.22   141.19 151.95
2020-08-07   141.43 152.19   141.40 152.16   278.92 289.67   140.86 151.62   146.44 157.20   140.18 150.94
2020-08-08   140.42 151.17   140.39 151.14   277.91 288.66   139.85 150.60   145.43 156.19   139.17 149.92
2020-08-09   139.41 150.16   139.38 150.13   276.90 287.64   138.84 149.59   144.42 155.17   138.16 148.90
2020-08-10   138.40 149.14   138.38 149.11   275.89 286.63   137.83 148.57   143.42 154.16   137.15 147.89
2020-08-11   137.40 148.13   137.37 148.10   274.88 285.62   136.83 147.56   142.41 153.14   136.14 146.88
2020-08-12   136.39 147.12   136.36 147.09   273.88 284.60   135.82 146.55   141.41 152.13   135.14 145.87
2020-08-13   135.39 146.11   135.36 146.08   272.87 283.59   134.82 145.54   140.40 151.12   134.14 144.85
2020-08-14   134.38 145.10   134.36 145.07   271.87 282.58   133.81 144.53   139.40 150.11   133.13 143.84
2020-08-15   133.38 144.09   133.36 144.06   270.87 281.57   132.81 143.52   138.40 149.10   132.13 142.84
2020-08-16   132.38 143.08   132.36 143.05   269.87 280.57   131.81 142.51   137.40 148.09   131.13 141.83
2020-08-17   131.39 142.07   131.36 142.05   268.87 279.56   130.82 141.50   136.40 147.09   130.13 140.82
2020-08-18   130.39 141.07   130.36 141.04   267.88 278.56   129.82 140.50   135.40 146.08   129.14 139.82
2020-08-19   129.39 140.07   129.37 140.04   266.88 277.55   128.82 139.50   134.41 145.08   128.14 138.82
2020-08-20   128.40 139.06   128.38 139.04   265.89 276.55   127.83 138.49   133.42 144.08   127.15 137.81
2020-08-21   127.41 138.06   127.38 138.04   264.90 275.55   126.84 137.49   132.43 143.08   126.16 136.81
2020-08-22   126.42 137.07   126.39 137.04   263.91 274.55   125.85 136.50   131.44 142.08   125.17 135.81
2020-08-23   125.43 136.07   125.41 136.04   262.92 273.56   124.86 135.50   130.45 141.08   124.18 134.82
2020-08-24   124.45 135.07   124.42 135.05   261.93 272.56   123.88 134.50   129.46 140.09   123.20 133.82
2020-08-25   123.46 134.08   123.44 134.05   260.95 271.57   122.89 133.51   128.48 139.09   122.21 132.83
2020-08-26   122.48 133.09   122.45 133.06   259.97 270.57   121.91 132.52   127.49 138.10   121.23 131.84
2020-08-27   121.50 132.10   121.47 132.07   258.99 269.58   120.93 131.53   126.51 137.11   120.25 130.84
2020-08-28   120.52 131.11   120.49 131.08   258.01 268.59   119.95 130.54   125.53 136.12   119.27 129.86
2020-08-29   119.54 130.12   119.51 130.09   257.03 267.61   118.97 129.55   124.56 135.13   118.29 128.87
2020-08-30   118.56 129.13   118.54 129.11   256.05 266.62   117.99 128.56   123.58 134.15   117.31 127.88
2020-08-31   117.59 128.15   117.56 128.12   255.08 265.64   117.02 127.58   122.61 133.16   116.34 126.90
2020-09-01   116.62 127.17   116.59 127.14   254.11 264.65   116.05 126.60   121.63 132.18   115.37 125.92
2020-09-02   115.65 126.19   115.62 126.16   253.14 263.67   115.08 125.62   120.66 131.20   114.40 124.93
2020-09-03   114.68 125.21   114.65 125.18   252.17 262.69   114.11 124.64   119.69 130.22   113.43 123.96
2020-09-04   113.71 124.23   113.69 124.20   251.20 261.72   113.14 123.66   118.73 129.24   112.46 122.98
2020-09-05   112.75 123.25   112.72 123.23   250.23 260.74   112.18 122.68   117.76 128.27   111.50 122.00
2020-09-06   111.78 122.28   111.76 122.25   249.27 259.77   111.21 121.71   116.80 127.29   110.53 121.03
2020-09-07   110.82 121.31   110.79 121.28   248.31 258.79   110.25 120.74   115.84 126.32   109.57 120.06
2020-09-08   109.86 120.34   109.83 120.31   247.35 257.82   109.29 119.77   114.87 125.35   108.61 119.09
2020-09-09   108.90 119.37   108.87 119.34   246.39 256.86   108.33 118.80   113.92 124.38   107.65 118.12
2020-09-10   107.94 118.40   107.92 118.37   245.43 255.89   107.37 117.83   112.96 123.42   106.69 117.15
2020-09-11   106.99 117.43   106.96 117.41   244.48 254.92   106.42 116.86   112.00 122.45   105.74 116.18
2020-09-12   106.03 116.47   106.01 116.44   243.52 253.96   105.46 115.90   111.05 121.49   104.78 115.22
2020-09-13   105.08 115.51   105.05 115.48   242.57 253.00   104.51 114.94   110.10 120.52   103.83 114.26
2020-09-14   104.13 114.55   104.10 114.52   241.62 252.03   103.56 113.98   109.14 119.56   102.88 113.30
2020-09-15   103.18 113.59   103.15 113.56   240.67 251.08   102.61 113.02   108.20 118.60   101.93 112.34
2020-09-16   102.23 112.63   102.21 112.60   239.72 250.12   101.66 112.06   107.25 117.65   100.98 111.38
2020-09-17   101.28 111.67   101.26 111.65   238.77 249.16   100.71 111.10   106.30 116.69   100.03 110.42
2020-09-18   100.34 110.72   100.31 110.69   237.83 248.21    99.77 110.15   105.35 115.73    99.09 109.47
2020-09-19    99.40 109.77    99.37 109.74   236.88 247.25    98.83 109.20   104.41 114.78    98.14 108.52
2020-09-20    98.45 108.81    98.43 108.79   235.94 246.30    97.88 108.24   103.47 113.83    97.20 107.56
2020-09-21    97.51 107.86    97.48 107.84   235.00 245.35    96.94 107.29   102.53 112.88    96.26 106.61
2020-09-22    96.57 106.91    96.54 106.89   234.06 244.40    96.00 106.34   101.59 111.93    95.32 105.66
2020-09-23    95.63 105.97    95.60 105.94   233.12 243.45    95.06 105.40   100.65 110.98    94.38 104.72
2020-09-24    94.69 105.02    94.67 104.99   232.18 242.51    94.12 104.45    99.71 110.04    93.44 103.77
2020-09-25    93.76 104.08    93.73 104.05   231.24 241.56    93.19 103.51    98.77 109.09    92.50 102.82
2020-09-26    92.82 103.13    92.79 103.10   230.31 240.62    92.25 102.56    97.83 108.15    91.57 101.88
2020-09-27    91.88 102.19    91.86 102.16   229.37 239.68    91.31 101.62    96.90 107.20    90.63 100.94
2020-09-28    90.95 101.25    90.92 101.22   228.44 238.73    90.38 100.68    95.96 106.26    89.70 100.00
2020-09-29    90.02 100.31    89.99 100.28   227.50 237.79    89.45  99.74    95.03 105.32    88.76  99.05
2020-09-30    89.08  99.37    89.06  99.34   226.57 236.85    88.51  98.80    94.10 104.38    87.83  98.11
2020-10-01    88.15  98.43    88.12  98.40   225.64 235.91    87.58  97.86    93.17 103.44    86.90  97.18
2020-10-02    87.22  97.49    87.19  97.46   224.71 234.98    86.65  96.92    92.23 102.50    85.97  96.24
2020-10-03    86.29  96.55    86.26  96.53   223.78 234.04    85.72  95.98    91.30 101.57    85.04  95.30
2020-10-04    85.36  95.62    85.33  95.59   222.85 233.10    84.79  95.05    90.37 100.63    84.11  94.36
2020-10-05    84.43  94.68    84.40  94.65   221.92 232.17    83.86  94.11    89.44  99.70    83.18  93.43
2020-10-06    83.50  93.75    83.47  93.72   220.99 231.23    82.93  93.18    88.51  98.76    82.25  92.49
2020-10-07    82.57  92.81    82.54  92.78   220.06 230.30    82.00  92.24    87.58  97.83    81.32  91.56
2020-10-08    81.64  91.88    81.61  91.85   219.13 229.36    81.07  91.31    86.66  96.89    80.39  90.63
2020-10-09    80.71  90.94    80.69  90.92   218.20 228.43    80.14  90.37    85.73  95.96    79.46  89.69
2020-10-10    79.78  90.01    79.76  89.99   217.27 227.50    79.21  89.44    84.80  95.03    78.53  88.76
2020-10-11    78.86  89.08    78.83  89.05   216.34 226.57    78.29  88.51    83.87  94.09    77.60  87.83
2020-10-12    77.93  88.15    77.90  88.12   215.41 225.64    77.36  87.58    82.94  93.16    76.68  86.90
2020-10-13    77.00  87.22    76.97  87.19   214.49 224.70    76.43  86.65    82.01  92.23    75.75  85.97
2020-10-14    76.07  86.28    76.04  86.26   213.56 223.77    75.50  85.71    81.09  91.30    74.82  85.03
2020-10-15    75.14  85.35    75.12  85.33   212.63 222.84    74.57  84.78    80.16  90.37    73.89  84.10
2020-10-16    74.21  84.42    74.19  84.40   211.70 221.91    73.64  83.85    79.23  89.44    72.96  83.17
2020-10-17    73.28  83.49    73.26  83.46   210.77 220.98    72.71  82.92    78.30  88.51    72.03  82.24
2020-10-18    72.36  82.56    72.33  82.53   209.84 220.05    71.79  81.99    77.37  87.58    71.10  81.31
2020-10-19    71.43  81.63    71.40  81.60   208.91 219.12    70.86  81.06    76.44  86.64    70.18  80.38
2020-10-20    70.50  80.70    70.47  80.67   207.98 218.18    69.93  80.13    75.51  85.71    69.24  79.45
2020-10-21    69.56  79.77    69.54  79.74   207.05 217.25    68.99  79.20    74.58  84.78    68.31  78.51
2020-10-22    68.63  78.83    68.61  78.81   206.12 216.32    68.06  78.26    73.65  83.85    67.38  77.58
2020-10-23    67.70  77.90    67.68  77.88   205.19 215.39    67.13  77.33    72.72  82.92    66.45  76.65
2020-10-24    66.77  76.97    66.74  76.94   204.26 214.46    66.20  76.40    71.78  81.98    65.52  75.72
2020-10-25    65.84  76.04    65.81  76.01   203.32 213.52    65.27  75.47    70.85  81.05    64.58  74.78
2020-10-26    64.90  75.10    64.87  75.08   202.39 212.59    64.33  74.53    69.92  80.12    63.65  73.85
2020-10-27    63.97  74.17    63.94  74.14   201.45 211.65    63.40  73.60    68.98  79.18    62.71  72.92
2020-10-28    63.03  73.23    63.00  73.21   200.52 210.72    62.46  72.66    68.04  78.25    61.78  71.98
2020-10-29    62.09  72.30    62.06  72.27   199.58 209.78    61.52  71.73    67.11  77.31    60.84  71.05
2020-10-30    61.15  71.36    61.13  71.33   198.64 208.85    60.58  70.79    66.17  76.37    59.90  70.11
2020-10-31    60.21  70.42    60.19  70.40   197.70 207.91    59.64  69.85    65.23  75.44    58.96  69.17
2020-11-01    59.46  69.29    59.44  69.27   196.95 206.78    58.89  68.72    64.48  74.31    58.21  68.04
2020-11-02    58.72  68.15    58.70  68.12   196.21 205.64    58.15  67.58    63.74  73.17    57.47  66.90
2020-11-03    57.98  67.01    57.95  66.98   195.47 204.50    57.41  66.44    62.99  72.02    56.73  65.76
2020-11-04    57.23  65.87    57.21  65.84   194.72 203.35    56.66  65.30    62.25  70.88    55.98  64.62
2020-11-05    56.49  64.72    56.46  64.70   193.98 202.21    55.92  64.15    61.50  69.74    55.24  63.47
2020-11-06    55.74  63.58    55.71  63.55   193.23 201.07    55.17  63.01    60.75  68.59    54.49  62.33
2020-11-07    54.99  62.43    54.96  62.41   192.48 199.92    54.42  61.86    60.00  67.45    53.74  61.18
2020-11-08    54.24  61.29    54.21  61.26   191.72 198.78    53.67  60.72    59.25  66.30    52.98  60.04

2021-04-05   262.93 269.99   262.90 269.96    40.42  47.48   262.36 269.42   267.95 275.01   261.68 268.74
2021-04-06   261.81 269.26   261.78 269.23    39.30  46.74   261.24 268.69   266.82 274.27   260.56 268.01
2021-04-07   260.69 268.52   260.66 268.50    38.17  46.01   260.12 267.95   265.70 273.54   259.44 267.27
2021-04-08   259.57 267.79   259.54 267.77    37.05  45.28   259.00 267.22   264.58 272.81   258.32 266.54
2021-04-09   258.45 267.06   258.42 267.04    35.93  44.55   257.88 266.49   263.46 272.08   257.20 265.81
2021-04-10   257.33 266.34   257.30 266.31    34.82  43.82   256.76 265.77   262.34 271.35   256.08 265.09
2021-04-11   256.21 265.61   256.18 265.59    33.70  43.10   255.64 265.04   261.23 270.63   254.96 264.36
2021-04-12   255.09 264.89   255.07 264.86    32.58  42.38   254.52 264.32   260.11 269.90   253.84 263.64
2021-04-13   253.97 264.17   253.95 264.14    31.46  41.65   253.40 263.60   258.99 269.18   252.72 262.92
2021-04-14   253.05 263.26   253.02 263.23    30.54  40.74   252.48 262.69   258.06 268.27   251.80 262.01
2021-04-15   252.13 262.34   252.11 262.31    29.62  39.82   251.56 261.77   257.15 267.35   250.88 261.09
2021-04-16   251.22 261.42   251.19 261.39    28.70  38.91   250.65 260.85   256.23 266.43   249.96 260.17
2021-04-17   250.30 260.50   250.27 260.48    27.79  37.99   249.73 259.93   255.32 265.52   249.05 259.25
2021-04-18   249.39 259.59   249.36 259.56    26.87  37.07   248.82 259.02   254.40 264.60   248.13 258.34
2021-04-19   248.47 258.67   248.44 258.65    25.96  36.16   247.90 258.10   253.49 263.69   247.22 257.42
2021-04-20   247.56 257.76   247.53 257.73    25.04  35.24   246.99 257.19   252.57 262.77   246.31 256.51
2021-04-21   246.64 256.84   246.62 256.82    24.13  34.33   246.07 256.27   251.66 261.86   245.39 255.59
2021-04-22   245.73 255.93   245.70 255.90    23.22  33.42   245.16 255.36   250.74 260.95   244.48 254.68
2021-04-23   244.82 255.02   244.79 254.99    22.30  32.50   244.25 254.45   249.83 260.03   243.57 253.77
2021-04-24   243.90 254.10   243.88 254.08    21.39  31.59   243.33 253.53   248.92 259.12   242.65 252.85
2021-04-25   242.99 253.19   242.96 253.17    20.48  30.68   242.42 252.62   248.01 258.21   241.74 251.94
2021-04-26   242.08 252.28   242.05 252.25    19.56  29.77   241.51 251.71   247.09 257.30   240.83 251.03
2021-04-27   241.16 251.37   241.14 251.34    18.65  28.86   240.59 250.80   246.18 256.39   239.91 250.12
2021-04-28   240.25 250.46   240.22 250.43    17.74  27.95   239.68 249.89   245.27 255.47   239.00 249.21
2021-04-29   239.34 249.55   239.31 249.52    16.82  27.03   238.77 248.98   244.35 254.56   238.09 248.30
2021-04-30   238.42 248.64   238.40 248.61    15.91  26.12   237.85 248.07   243.44 253.65   237.17 247.39
2021-05-01   237.51 247.73   237.48 247.70    15.00  25.21   236.94 247.16   242.52 252.74   236.26 246.47
2021-05-02   236.59 246.81   236.57 246.79    14.08  24.30   236.02 246.24   241.61 251.83   235.34 245.56
2021-05-03   235.68 245.90   235.65 245.88    13.17  23.39   235.11 245.33   240.70 250.92   234.43 244.65
2021-05-04   234.76 244.99   234.74 244.96    12.25  22.48   234.19 244.42   239.78 250.01   233.51 243.74
2021-05-05   233.85 244.08   233.82 244.05    11.34  21.57   233.28 243.51   238.86 249.09   232.60 242.83
2021-05-06   232.93 243.17   232.91 243.14    10.42  20.65   232.36 242.60   237.95 248.18   231.68 241.92
2021-05-07   232.01 242.25   231.99 242.23     9.50  19.74   231.44 241.68   237.03 247.27   230.76 241.00
2021-05-08   231.10 241.34   231.07 241.31     8.58  18.83   230.53 240.77   236.11 246.36   229.85 240.09
2021-05-09   230.18 240.43   230.15 240.40     7.66  17.91   229.61 239.86   235.19 245.44   228.93 239.18
2021-05-10   229.26 239.51   229.23 239.49     6.74  17.00   228.69 238.94   234.27 244.53   228.01 238.26
2021-05-11   228.34 238.60   228.31 238.57     5.82  16.08   227.77 238.03   233.35 243.61   227.09 237.35
2021-05-12   227.41 237.68   227.39 237.66     4.90  15.17   226.84 237.11   232.43 242.70   226.16 236.43
2021-05-13   226.49 236.77   226.46 236.74     3.98  14.25   225.92 236.20   231.51 241.78   225.24 235.51
2021-05-14   225.57 235.85   225.54 235.82     3.05  13.33   225.00 235.28   230.58 240.86   224.32 234.60
2021-05-15   224.64 234.93   224.62 234.90     2.13  12.42   224.07 234.36   229.66 239.94   223.39 233.68
2021-05-16   223.72 234.01   223.69 233.98     1.20  11.50   223.15 233.44   228.73 239.02   222.46 232.76
2021-05-17   222.79 233.09   222.76 233.06     0.28  10.58   222.22 232.52   227.80 238.10   221.54 231.84
2021-05-18   221.86 232.17   221.83 232.14   359.35   9.66   221.29 231.60   226.87 237.18   220.61 230.92
2021-05-19   220.93 231.25   220.90 231.22   358.42   8.73   220.36 230.68   225.94 236.26   219.68 229.99
2021-05-20   220.00 230.32   219.97 230.29   357.48   7.81   219.43 229.75   225.01 235.34   218.75 229.07
2021-05-21   219.06 229.40   219.04 229.37   356.55   6.88   218.49 228.83   224.08 234.41   217.81 228.15
2021-05-22   218.13 228.47   218.10 228.44   355.62   5.96   217.56 227.90   223.14 233.49   216.88 227.22
2021-05-23   217.19 227.54   217.17 227.52   354.68   5.03   216.62 226.97   222.21 232.56   215.94 226.29
2021-05-24   216.26 226.61   216.23 226.59   353.74   4.10   215.69 226.04   221.27 231.63   215.00 225.36
2021-05-25   215.32 225.68   215.29 225.66   352.80   3.17   214.75 225.11   220.33 230.70   214.06 224.43
2021-05-26   214.37 224.75   214.35 224.72   351.86   2.24   213.80 224.18   219.39 229.77   213.12 223.50
2021-05-27   213.43 223.82   213.41 223.79   350.92   1.30   212.86 223.25   218.45 228.83   212.18 222.57
2021-05-28   212.49 222.88   212.46 222.86   349.98   0.37   211.92 222.31   217.50 227.90   211.24 221.63
2021-05-29   211.54 221.94   211.52 221.92   349.03 359.43   210.97 221.37   216.56 226.96   210.29 220.69
2021-05-30   210.59 221.01   210.57 220.98   348.08 358.49   210.02 220.44   215.61 226.02   209.34 219.76
2021-05-31   209.64 220.07   209.62 220.04   347.13 357.55   209.07 219.50   214.66 225.08   208.39 218.82
2021-06-01   208.69 219.12   208.67 219.10   346.18 356.61   208.12 218.55   213.71 224.14   207.44 217.87
2021-06-02   207.74 218.18   207.71 218.15   345.23 355.67   207.17 217.61   212.75 223.20   206.49 216.93
2021-06-03   206.78 217.24   206.76 217.21   344.27 354.72   206.21 216.67   211.80 222.25   205.53 215.99
2021-06-04   205.83 216.29   205.80 216.26   343.31 353.78   205.26 215.72   210.84 221.30   204.58 215.04
2021-06-05   204.87 215.34   204.84 215.31   342.36 352.83   204.30 214.77   209.88 220.36   203.62 214.09
2021-06-06   203.91 214.39   203.88 214.36   341.39 351.88   203.34 213.82   208.92 219.40   202.66 213.14
2021-06-07   202.94 213.44   202.92 213.41   340.43 350.92   202.37 212.87   207.96 218.45   201.69 212.19
2021-06-08   201.98 212.48   201.95 212.46   339.47 349.97   201.41 211.91   206.99 217.50   200.73 211.23
2021-06-09   201.01 211.53   200.99 211.50   338.50 349.01   200.44 210.96   206.03 216.54   199.76 210.27
2021-06-10   200.04 210.57   200.02 210.54   337.53 348.05   199.47 210.00   205.06 215.58   198.79 209.32
2021-06-11   199.07 209.61   199.05 209.58   336.56 347.09   198.50 209.04   204.09 214.62   197.82 208.36
2021-06-12   198.10 208.64   198.07 208.62   335.59 346.13   197.53 208.07   203.12 213.66   196.85 207.39
2021-06-13   197.13 207.68   197.10 207.65   334.61 345.17   196.56 207.11   202.14 212.69   195.88 206.43
2021-06-14   196.15 206.71   196.12 206.69   333.64 344.20   195.58 206.14   201.16 211.73   194.90 205.46
2021-06-15   195.17 205.74   195.14 205.72   332.66 343.23   194.60 205.17   200.19 210.76   193.92 204.49
2021-06-16   194.19 204.77   194.16 204.75   331.68 342.26   193.62 204.20   199.21 209.79   192.94 203.52
2021-06-17   193.21 203.80   193.18 203.78   330.70 341.29   192.64 203.23   198.22 208.82   191.96 202.55
2021-06-18   192.22 202.83   192.20 202.80   329.71 340.31   191.65 202.26   197.24 207.84   190.97 201.58
2021-06-19   191.24 201.85   191.21 201.82   328.73 339.34   190.67 201.28   196.25 206.87   189.99 200.60
2021-06-20   190.25 200.87   190.22 200.85   327.74 338.36   189.68 200.30   195.27 205.89   189.00 199.62
2021-06-21   189.26 199.89   189.23 199.87   326.75 337.38   188.69 199.32   194.28 204.91   188.01 198.64
2021-06-22   188.27 198.91   188.24 198.88   325.76 336.40   187.70 198.34   193.28 203.93   187.02 197.66
2021-06-23   187.28 197.93   187.25 197.90   324.76 335.41   186.71 197.36   192.29 202.94   186.03 196.68
2021-06-24   186.28 196.94   186.25 196.91   323.77 334.43   185.71 196.37   191.30 201.96   185.03 195.69
2021-06-25   185.28 195.95   185.26 195.93   322.77 333.44   184.71 195.38   190.30 200.97   184.03 194.70
2021-06-26   184.29 194.96   184.26 194.94   321.77 332.45   183.72 194.39   189.30 199.98   183.04 193.71
2021-06-27   183.29 193.97   183.26 193.94   320.77 331.46   182.72 193.40   188.30 198.99   182.04 192.72
2021-06-28   182.28 192.98   182.26 192.95   319.77 330.46   181.71 192.41   187.30 197.99   181.03 191.73
2021-06-29   181.28 191.98   181.25 191.96   318.77 329.47   180.71 191.41   186.30 197.00   180.03 190.73
2021-06-30   180.28 190.98   180.25 190.96   317.76 328.47   179.71 190.41   185.29 196.00   179.03 189.73
2021-07-01   179.27 189.99   179.24 189.96   316.76 327.47   178.70 189.42   184.29 195.00   178.02 188.74
2021-07-02   178.26 188.99   178.24 188.96   315.75 326.47   177.69 188.42   183.28 194.00   177.01 187.73
2021-07-03   177.25 187.98   177.23 187.96   314.74 325.47   176.68 187.41   182.27 193.00   176.00 186.73
2021-07-04   176.24 186.98   176.22 186.95   313.73 324.47   175.67 186.41   181.26 192.00   174.99 185.73
2021-07-05   175.23 185.98   175.21 185.95   312.72 323.46   174.66 185.41   180.25 190.99   173.98 184.72
2021-07-06   174.22 184.97   174.19 184.94   311.71 322.46   173.65 184.40   179.24 189.98   172.97 183.72
2021-07-07   173.21 183.96   173.18 183.93   310.69 321.45   172.64 183.39   178.22 188.98   171.96 182.71
2021-07-08   172.19 182.95   172.17 182.93   309.68 320.44   171.62 182.38   177.21 187.97   170.94 181.70
2021-07-09   171.18 181.94   171.15 181.92   308.66 319.43   170.61 181.37   176.19 186.96   169.93 180.69
2021-07-10   170.16 180.93   170.13 180.90   307.65 318.42   169.59 180.36   175.18 185.95   168.91 179.68
2021-07-11   169.14 179.92   169.12 179.89   306.63 317.40   168.57 179.35   174.16 184.93   167.89 178.67
2021-07-12   168.13 178.90   168.10 178.88   305.61 316.39   167.56 178.33   173.14 183.92   166.87 177.65
2021-07-13   167.11 177.89   167.08 177.86   304.59 315.38   166.54 177.32   172.12 182.90   165.86 176.64
2021-07-14   166.09 176.87   166.06 176.85   303.58 314.36   165.52 176.30   171.10 181.89   164.84 175.62
2021-07-15   165.07 175.86   165.04 175.83   302.56 313.34   164.50 175.29   170.08 180.87   163.82 174.61
2021-07-16   164.05 174.84   164.02 174.81   301.54 312.33   163.48 174.27   169.06 179.85   162.80 173.59
2021-07-17   163.03 173.82   163.00 173.80   300.52 311.31   162.46 173.25   168.04 178.84   161.78 172.57
2021-07-18   162.01 172.80   161.98 172.78   299.49 310.29   161.44 172.23   167.02 177.82   160.76 171.55
2021-07-19   160.99 171.78   160.96 171.76   298.47 309.27   160.42 171.21   166.00 176.80   159.74 170.53
2021-07-20   159.97 170.76   159.94 170.74   297.45 308.25   159.40 170.19   164.98 175.78   158.71 169.51
2021-07-21   158.94 169.74   158.92 169.72   296.43 307.23   158.37 169.17   163.96 174.76   157.69 168.49
2021-07-22   157.92 168.72   157.90 168.70   295.41 306.21   157.35 168.15   162.94 173.74   156.67 167.47
2021-07-23   156.90 167.70   156.88 167.68   294.39 305.19   156.33 167.13   161.92 172.72   155.65 166.45
2021-07-24   155.88 166.68   155.86 166.66   293.37 304.17   155.31 166.11   160.90 171.70   154.63 165.43
2021-07-25   154.86 165.66   154.84 165.64   292.35 303.15   154.29 165.09   159.88 170.68   153.61 164.41
2021-07-26   153.84 164.64   153.82 164.61   291.33 302.13   153.27 164.07   158.86 169.66   152.59 163.39
2021-07-27   152.82 163.62   152.80 163.59   290.31 301.11   152.25 163.05   157.84 168.64   151.57 162.37
2021-07-28   151.81 162.60   151.78 162.57   289.29 300.09   151.24 162.03   156.82 167.61   150.55 161.35
2021-07-29   150.79 161.58   150.76 161.55   288.27 299.07   150.22 161.01   155.80 166.59   149.54 160.33
2021-07-30   149.77 160.56   149.74 160.53   287.26 298.05   149.20 159.99   154.78 165.57   148.52 159.31
2021-07-31   148.75 159.54   148.73 159.51   286.24 297.03   148.18 158.97   153.77 164.55   147.50 158.29
2021-08-01   147.74 158.52   147.71 158.49   285.22 296.01   147.17 157.95   152.75 163.54   146.49 157.27
2021-08-02   146.72 157.50   146.69 157.47   284.21 294.99   146.15 156.93   151.74 162.52   145.47 156.25
2021-08-03   145.71 156.48   145.68 156.46   283.19 293.97   145.14 155.91   150.72 161.50   144.46 155.23
2021-08-04   144.69 155.47   144.67 155.44   282.18 292.95   144.12 154.90   149.71 160.48   143.44 154.21
2021-08-05   143.68 154.45   143.65 154.42   281.17 291.94   143.11 153.88   148.70 159.46   142.43 153.20
2021-08-06   142.67 153.43   142.64 153.41   280.16 290.92   142.10 152.86   147.68 158.45   141.42 152.18
2021-08-07   141.66 152.42   141.63 152.39   279.15 289.90   141.09 151.85   146.67 157.43   140.41 151.17
2021-08-08   140.65 151.40   140.62 151.38   278.14 288.89   140.08 150.83   145.67 156.42   139.40 150.15
2021-08-09   139.64 150.39   139.62 150.36   277.13 287.88   139.07 149.82   144.66 155.40   138.39 149.14
2021-08-10   138.64 149.38   138.61 149.35   276.12 286.86   138.07 148.81   143.65 154.39   137.39 148.13
2021-08-11   137.63 148.36   137.60 148.34   275.12 285.85   137.06 147.79   142.65 153.38   136.38 147.11
2021-08-12   136.63 147.35   136.60 147.33   274.11 284.84   136.06 146.78   141.64 152.37   135.38 146.10
2021-08-13   135.62 146.34   135.60 146.32   273.11 283.83   135.05 145.77   140.64 151.36   134.37 145.09
2021-08-14   134.62 145.34   134.60 145.31   272.11 282.82   134.05 144.77   139.64 150.35   133.37 144.09
2021-08-15   133.62 144.33   133.60 144.30   271.11 281.82   133.05 143.76   138.64 149.34   132.37 143.08
2021-08-16   132.63 143.32   132.60 143.30   270.11 280.81   132.06 142.75   137.64 148.34   131.38 142.07
2021-08-17   131.63 142.32   131.60 142.29   269.12 279.81   131.06 141.75   136.65 147.33   130.38 141.07
2021-08-18   130.64 141.32   130.61 141.29   268.12 278.80   130.07 140.75   135.65 146.33   129.38 140.07
2021-08-19   129.64 140.31   129.62 140.29   267.13 277.80   129.07 139.74   134.66 145.33   128.39 139.06
2021-08-20   128.65 139.31   128.62 139.29   266.14 276.80   128.08 138.74   133.67 144.33   127.40 138.06
2021-08-21   127.66 138.32   127.63 138.29   265.15 275.80   127.09 137.75   132.68 143.33   126.41 137.06
2021-08-22   126.67 137.32   126.65 137.29   264.16 274.81   126.10 136.75   131.69 142.33   125.42 136.07
2021-08-23   125.69 136.32   125.66 136.30   263.17 273.81   125.12 135.75   130.70 141.34   124.43 135.07
2021-08-24   124.70 135.33   124.67 135.30   262.19 272.82   124.13 134.76   129.72 140.34   123.45 134.08
2021-08-25   123.72 134.34   123.69 134.31   261.20 271.82   123.15 133.77   128.73 139.35   122.47 133.08
2021-08-26   122.74 133.34   122.71 133.32   260.22 270.83   122.17 132.77   127.75 138.36   121.48 132.09
2021-08-27   121.76 132.35   121.73 132.33   259.24 269.84   121.19 131.78   126.77 137.37   120.50 131.10
2021-08-28   120.78 131.37   120.75 131.34   258.26 268.85   120.21 130.80   125.79 136.38   119.53 130.12
2021-08-29   119.80 130.38   119.77 130.35   257.29 267.87   119.23 129.81   124.82 135.40   118.55 129.13
2021-08-30   118.83 129.40   118.80 129.37   256.31 266.88   118.26 128.83   123.84 134.41   117.58 128.15
2021-08-31   117.85 128.41   117.83 128.39   255.34 265.90   117.28 127.84   122.87 133.43   116.60 127.16
2021-09-01   116.88 127.43   116.86 127.41   254.37 264.92   116.31 126.86   121.90 132.45   115.63 126.18
2021-09-02   115.91 126.45   115.89 126.43   253.40 263.94   115.34 125.88   120.93 131.47   114.66 125.20
2021-09-03   114.94 125.47   114.92 125.45   252.43 262.96   114.37 124.90   119.96 130.49   113.69 124.22
2021-09-04   113.98 124.50   113.95 124.47   251.47 261.99   113.41 123.93   118.99 129.51   112.73 123.25
2021-09-05   113.01 123.52   112.99 123.50   250.50 261.01   112.44 122.95   118.03 128.54   111.76 122.27
2021-09-06   112.05 122.55   112.02 122.52   249.54 260.04   111.48 121.98   117.07 127.57   110.80 121.30
2021-09-07   111.09 121.58   111.06 121.55   248.58 259.07   110.52 121.01   116.11 126.59   109.84 120.33
2021-09-08   110.13 120.61   110.10 120.58   247.62 258.10   109.56 120.04   115.15 125.62   108.88 119.36
2021-09-09   109.17 119.64   109.15 119.62   246.66 257.13   108.60 119.07   114.19 124.66   107.92 118.39
2021-09-10   108.22 118.68   108.19 118.65   245.70 256.16   107.65 118.11   113.23 123.69   106.97 117.42
2021-09-11   107.26 117.71   107.23 117.68   244.75 255.20   106.69 117.14   112.28 122.73   106.01 116.46
2021-09-12   106.31 116.75   106.28 116.72   243.80 254.23   105.74 116.18   111.32 121.76   105.06 115.50
2021-09-13   105.36 115.79   105.33 115.76   242.84 253.27   104.79 115.22   110.37 120.80   104.11 114.54
2021-09-14   104.41 114.83   104.38 114.80   241.89 252.31   103.84 114.26   109.42 119.84   103.16 113.57
2021-09-15   103.46 113.87   103.43 113.84   240.94 251.35   102.89 113.30   108.47 118.88   102.21 112.62
2021-09-16   102.51 112.91   102.48 112.88   240.00 250.40   101.94 112.34   107.52 117.93   101.26 111.66
2021-09-17   101.56 111.95   101.54 111.93   239.05 249.44   100.99 111.38   106.58 116.97   100.31 110.70
2021-09-18   100.62 111.00   100.59 110.97   238.11 248.49   100.05 110.43   105.63 116.02    99.37 109.75
2021-09-19    99.67 110.05    99.65 110.02   237.16 247.54    99.10 109.48   104.69 115.06    98.42 108.80
2021-09-20    98.73 109.10    98.71 109.07   236.22 246.58    98.16 108.53   103.75 114.11    97.48 107.85
2021-09-21    97.79 108.15    97.76 108.12   235.28 245.63    97.22 107.58   102.81 113.16    96.54 106.90
2021-09-22    96.85 107.20    96.82 107.17   234.34 244.69    96.28 106.63   101.87 112.21    95.60 105.95
2021-09-23    95.91 106.25    95.89 106.22   233.40 243.74    95.34 105.68   100.93 111.27    94.66 105.00
2021-09-24    94.97 105.30    94.95 105.28   232.46 242.79    94.40 104.73    99.99 110.32    93.72 104.05
2021-09-25    94.04 104.36    94.01 104.33   231.53 241.85    93.47 103.79    99.05 109.37    92.79 103.11
2021-09-26    93.10 103.42    93.08 103.39   230.59 240.90    92.53 102.85    98.12 108.43    91.85 102.17
2021-09-27    92.17 102.47    92.14 102.45   229.65 239.96    91.60 101.90    97.18 107.49    90.92 101.22
2021-09-28    91.23 101.53    91.21 101.51   228.72 239.02    90.66 100.96    96.25 106.55    89.98 100.28
2021-09-29    90.30 100.59    90.27 100.56   227.79 238.08    89.73 100.02    95.31 105.61    89.05  99.34
2021-09-30    89.37  99.65    89.34  99.63   226.85 237.14    88.80  99.08    94.38 104.67    88.12  98.40
2021-10-01    88.43  98.71    88.41  98.69   225.92 236.20    87.86  98.14    93.45 103.73    87.18  97.46
2021-10-02    87.50  97.78    87.48  97.75   224.99 235.26    86.93  97.21    92.52 102.79    86.25  96.52
2021-10-03    86.57  96.84    86.55  96.81   224.06 234.33    86.00  96.27    91.59 101.85    85.32  95.59
2021-10-04    85.64  95.90    85.62  95.88   223.13 233.39    85.07  95.33    90.66 100.92    84.39  94.65
2021-10-05    84.71  94.97    84.69  94.94   222.20 232.45    84.14  94.40    89.73  99.98    83.46  93.72
2021-10-06    83.78  94.03    83.76  94.00   221.27 231.52    83.21  93.46    88.80  99.05    82.53  92.78
2021-10-07    82.85  93.10    82.83  93.07   220.34 230.58    82.28  92.53    87.87  98.11    81.60  91.85
2021-10-08    81.93  92.16    81.90  92.14   219.41 229.65    81.36  91.59    86.94  97.18    80.67  90.91
2021-10-09    81.00  91.23    80.97  91.20   218.48 228.72    80.43  90.66    86.01  96.25    79.75  89.98
2021-10-10    80.07  90.30    80.04  90.27   217.56 227.78    79.50  89.73    85.08  95.31    78.82  89.05
2021-10-11    79.14  89.36    79.11  89.34   216.63 226.85    78.57  88.79    84.16  94.38    77.89  88.11
2021-10-12    78.21  88.43    78.19  88.41   215.70 225.92    77.64  87.86    83.23  93.45    76.96  87.18
2021-10-13    77.28  87.50    77.26  87.47   214.77 224.99    76.71  86.93    82.30  92.52    76.03  86.25
2021-10-14    76.35  86.57    76.33  86.54   213.84 224.06    75.78  86.00    81.37  91.58    75.10  85.32
2021-10-15    75.43  85.64    75.40  85.61   212.91 223.13    74.86  85.07    80.44  90.65    74.18  84.39
2021-10-16    74.50  84.71    74.47  84.68   211.98 222.19    73.93  84.14    79.51  89.72    73.25  83.46
2021-10-17    73.57  83.77    73.54  83.75   211.06 221.26    73.00  83.20    78.58  88.79    72.32  82.52
2021-10-18    72.64  82.84    72.61  82.82   210.13 220.33    72.07  82.27    77.65  87.86    71.39  81.59
2021-10-19    71.71  81.91    71.68  81.88   209.20 219.40    71.14  81.34    76.72  86.93    70.46  80.66
2021-10-20    70.78  80.98    70.75  80.95   208.26 218.47    70.21  80.41    75.79  85.99    69.53  79.73
2021-10-21    69.85  80.05    69.82  80.02   207.33 217.53    69.28  79.48    74.86  85.06    68.60  78.80
2021-10-22    68.91  79.11    68.89  79.09   206.40 216.60    68.34  78.54    73.93  84.13    67.66  77.86
2021-10-23    67.98  78.18    67.96  78.16   205.47 215.67    67.41  77.61    73.00  83.20    66.73  76.93
2021-10-24    67.05  77.25    67.02  77.22   204.54 214.74    66.48  76.68    72.06  82.26    65.80  76.00
2021-10-25    66.11  76.31    66.09  76.29   203.60 213.80    65.54  75.74    71.13  81.33    64.86  75.06
2021-10-26    65.18  75.38    65.15  75.35   202.67 212.87    64.61  74.81    70.19  80.40    63.93  74.13
2021-10-27    64.24  74.44    64.22  74.42   201.73 211.93    63.67  73.87    69.26  79.46    62.99  73.19
2021-10-28    63.31  73.51    63.28  73.48   200.79 211.00    62.74  72.94    68.32  78.52    62.06  72.26
2021-10-29    62.37  72.57    62.34  72.55   199.86 210.06    61.80  72.00    67.38  77.59    61.12  71.32
2021-10-30    61.43  71.63    61.40  71.61   198.92 209.12    60.86  71.06    66.44  76.65    60.18  70.38
2021-10-31    60.49  70.70    60.46  70.67   197.98 208.18    59.92  70.13    65.50  75.71    59.24  69.45
2021-11-01    59.68  69.63    59.65  69.60   197.16 207.12    59.11  69.06    64.69  74.64    58.42  68.38
2021-11-02    58.93  68.49    58.91  68.46   196.42 205.97    58.36  67.92    63.95  73.50    57.68  67.24
2021-11-03    58.19  67.34    58.16  67.32   195.68 204.83    57.62  66.77    63.20  72.36    56.94  66.09
2021-11-04    57.44  66.20    57.42  66.17   194.93 203.69    56.87  65.63    62.46  71.22    56.19  64.95
2021-11-05    56.70  65.06    56.67  65.03   194.18 202.54    56.13  64.49    61.71  70.07    55.45  63.81
2021-11-06    55.95  63.91    55.92  63.88   193.43 201.40    55.38  63.34    60.96  68.93    54.70  62.66
2021-11-07    55.20  62.77    55.17  62.74   192.68 200.25    54.63  62.20    60.21  67.78    53.94  61.51
2021-11-08    54.44  61.62    54.42  61.59   191.93 199.11    53.87  61.05    59.46  66.63    53.19  60.37

2022-04-05   263.28 270.21   263.25 270.18    40.76  47.70   262.71 269.64   268.29 275.23   262.03 268.96
2022-04-06   262.16 269.48   262.13 269.45    39.64  46.96   261.59 268.91   267.17 274.49   260.90 268.22
2022-04-07   261.03 268.74   261.01 268.72    38.52  46.23   260.46 268.17   266.05 273.76   259.78 267.49
2022-04-08   259.91 268.01   259.89 267.99    37.40  45.50   259.34 267.44   264.93 273.03   258.66 266.76
2022-04-09   258.79 267.28   258.77 267.26    36.28  44.77   258.22 266.71   263.81 272.30   257.54 266.03
2022-04-10   257.67 266.56   257.65 266.53    35.16  44.04   257.10 265.99   262.69 271.57   256.42 265.30
2022-04-11   256.55 265.83   256.53 265.80    34.04  43.32   255.98 265.26   261.57 270.85   255.30 264.58
2022-04-12   255.43 265.11   255.41 265.08    32.92  42.59   254.86 264.54   260.45 270.12   254.18 263.86
2022-04-13   254.32 264.38   254.29 264.36    31.80  41.87   253.75 263.81   259.33 269.40   253.07 263.13
2022-04-14   253.33 263.54   253.30 263.51    30.81  41.02   252.76 262.97   258.34 268.55   252.08 262.28
2022-04-15   252.41 262.62   252.38 262.59    29.90  40.10   251.84 262.05   257.43 267.63   251.16 261.37
2022-04-16   251.49 261.70   251.47 261.67    28.98  39.19   250.92 261.13   256.51 266.71   250.24 260.45
2022-04-17   250.58 260.78   250.55 260.75    28.07  38.27   250.01 260.21   255.59 265.80   249.33 259.53
2022-04-18   249.66 259.86   249.64 259.84    27.15  37.35   249.09 259.29   254.68 264.88   248.41 258.61
2022-04-19   248.75 258.95   248.72 258.92    26.23  36.44   248.18 258.38   253.76 263.96   247.50 257.70
2022-04-20   247.83 258.03   247.81 258.01    25.32  35.52   247.26 257.46   252.85 263.05   246.58 256.78
2022-04-21   246.92 257.12   246.89 257.09    24.41  34.61   246.35 256.55   251.93 262.13   245.67 255.87
2022-04-22   246.00 256.20   245.98 256.18    23.49  33.69   245.43 255.63   251.02 261.22   244.75 254.95
2022-04-23   245.09 255.29   245.06 255.26    22.58  32.78   244.52 254.72   250.11 260.31   243.84 254.04
2022-04-24   244.18 254.38   244.15 254.35    21.66  31.86   243.61 253.81   249.19 259.39   242.93 253.13
2022-04-25   243.26 253.46   243.24 253.44    20.75  30.95   242.69 252.89   248.28 258.48   242.01 252.21
2022-04-26   242.35 252.55   242.32 252.53    19.84  30.04   241.78 251.98   247.36 257.57   241.10 251.30
2022-04-27   241.43 251.64   241.41 251.61    18.92  29.13   240.86 251.07   246.45 256.65   240.18 250.39
2022-04-28   240.52 250.73   240.49 250.70    18.01  28.21   239.95 250.16   245.54 255.74   239.27 249.48
2022-04-29   239.61 249.82   239.58 249.79    17.09  27.30   239.04 249.25   244.62 254.83   238.35 248.56
2022-04-30   238.69 248.90   238.66 248.88    16.18  26.39   238.12 248.33   243.71 253.92   237.44 247.65
2022-05-01   237.78 247.99   237.75 247.96    15.26  25.48   237.21 247.42   242.79 253.01   236.53 246.74
2022-05-02   236.86 247.08   236.83 247.05    14.35  24.57   236.29 246.51   241.88 252.09   235.61 245.83
2022-05-03   235.94 246.17   235.92 246.14    13.43  23.65   235.37 245.60   240.96 251.18   234.69 244.92
2022-05-04   235.03 245.25   235.00 245.23    12.52  22.74   234.46 244.68   240.04 250.27   233.78 244.00
2022-05-05   234.11 244.34   234.08 244.31    11.60  21.83   233.54 243.77   239.13 249.36   232.86 243.09
2022-05-06   233.19 243.43   233.17 243.40    10.68  20.91   232.62 242.86   238.21 248.44   231.94 242.18
2022-05-07   232.27 242.51   232.25 242.49     9.76  20.00   231.70 241.94   237.29 247.53   231.02 241.26
2022-05-08   231.36 241.60   231.33 241.57     8.84  19.09   230.79 241.03   236.37 246.61   230.10 240.35
2022-05-09   230.44 240.68   230.41 240.66     7.92  18.17   229.87 240.11   235.45 245.70   229.18 239.43
2022-05-10   229.51 239.77   229.49 239.74     7.00  17.26   228.94 239.20   234.53 244.78   228.26 238.52
2022-05-11   228.59 238.85   228.57 238.83     6.08  16.34   228.02 238.28   233.61 243.87   227.34 237.60
2022-05-12   227.67 237.94   227.64 237.91     5.16  15.42   227.10 237.37   232.68 242.95   226.42 236.68
2022-05-13   226.75 237.02   226.72 236.99     4.23  14.51   226.18 236.45   231.76 242.03   225.49 235.77
2022-05-14   225.82 236.10   225.79 236.07     3.31  13.59   225.25 235.53   230.84 241.11   224.57 234.85
2022-05-15   224.89 235.18   224.87 235.15     2.38  12.67   224.32 234.61   229.91 240.19   223.64 233.93
2022-05-16   223.97 234.26   223.94 234.23     1.45  11.75   223.40 233.69   228.98 239.27   222.72 233.01
2022-05-17   223.04 233.34   223.01 233.31     0.52  10.82   222.47 232.77   228.05 238.35   221.79 232.09
2022-05-18   222.11 232.41   222.08 232.39   359.59   9.90   221.54 231.84   227.12 237.43   220.86 231.16
2022-05-19   221.18 231.49   221.15 231.46   358.66   8.98   220.61 230.92   226.19 236.51   219.92 230.24
2022-05-20   220.24 230.57   220.22 230.54   357.73   8.05   219.67 230.00   225.26 235.58   218.99 229.31
2022-05-21   219.31 229.64   219.28 229.61   356.80   7.13   218.74 229.07   224.32 234.65   218.06 228.39
2022-05-22   218.37 228.71   218.35 228.69   355.86   6.20   217.80 228.14   223.39 233.73   217.12 227.46
2022-05-23   217.43 227.78   217.41 227.76   354.92   5.27   216.86 227.21   222.45 232.80   216.18 226.53
2022-05-24   216.50 226.85   216.47 226.83   353.98   4.34   215.93 226.28   221.51 231.87   215.25 225.60
2022-05-25   215.56 225.92   215.53 225.89   353.04   3.41   214.99 225.35   220.57 230.94   214.30 224.67
2022-05-26   214.61 224.99   214.59 224.96   352.10   2.47   214.04 224.42   219.63 230.00   213.36 223.74
2022-05-27   213.67 224.05   213.64 224.03   351.16   1.54   213.10 223.48   218.68 229.07   212.42 222.80
2022-05-28   212.72 223.12   212.70 223.09   350.21   0.60   212.15 222.55   217.74 228.13   211.47 221.86
2022-05-29   211.78 222.18   211.75 222.15   349.26 359.67   211.21 221.61   216.79 227.19   210.52 220.93
2022-05-30   210.83 221.24   210.80 221.21   348.31 358.73   210.26 220.67   215.84 226.25   209.58 219.99
2022-05-31   209.88 220.30   209.85 220.27   347.36 357.78   209.31 219.73   214.89 225.31   208.62 219.05
2022-06-01   208.92 219.35   208.90 219.33   346.41 356.84   208.35 218.78   213.94 224.37   207.67 218.10
2022-06-02   207.97 218.41   207.94 218.38   345.46 355.90   207.40 217.84   212.98 223.42   206.72 217.16
2022-06-03   207.01 217.46   206.98 217.44   344.50 354.95   206.44 216.89   212.03 222.48   205.76 216.21
2022-06-04   206.05 216.51   206.03 216.49   343.54 354.00   205.48 215.94   211.07 221.53   204.80 215.26
2022-06-05   205.09 215.56   205.07 215.54   342.58 353.05   204.52 214.99   210.11 220.58   203.84 214.31
2022-06-06   204.13 214.61   204.10 214.58   341.62 352.10   203.56 214.04   209.15 219.63   202.88 213.36
2022-06-07   203.17 213.66   203.14 213.63   340.65 351.14   202.60 213.09   208.18 218.67   201.92 212.41
2022-06-08   202.20 212.70   202.17 212.67   339.69 350.19   201.63 212.13   207.22 217.72   200.95 211.45
2022-06-09   201.23 211.74   201.21 211.72   338.72 349.23   200.66 211.17   206.25 216.76   199.98 210.49
2022-06-10   200.26 210.78   200.24 210.76   337.75 348.27   199.69 210.21   205.28 215.80   199.01 209.53
2022-06-11   199.29 209.82   199.26 209.80   336.78 347.31   198.72 209.25   204.31 214.84   198.04 208.57
2022-06-12   198.32 208.86   198.29 208.83   335.80 346.35   197.75 208.29   203.33 213.87   197.07 207.61
2022-06-13   197.34 207.89   197.31 207.87   334.83 345.38   196.77 207.32   202.36 212.91   196.09 206.64
2022-06-14   196.36 206.92   196.34 206.90   333.85 344.41   195.79 206.35   201.38 211.94   195.11 205.67
2022-06-15   195.38 205.96   195.36 205.93   332.87 343.44   194.81 205.39   200.40 210.97   194.13 204.70
2022-06-16   194.40 204.98   194.37 204.96   331.89 342.47   193.83 204.41   199.42 210.00   193.15 203.73
2022-06-17   193.42 204.01   193.39 203.98   330.91 341.50   192.85 203.44   198.43 209.03   192.17 202.76
2022-06-18   192.43 203.03   192.41 203.01   329.92 340.52   191.86 202.46   197.45 208.05   191.18 201.78
2022-06-19   191.45 202.06   191.42 202.03   328.93 339.54   190.88 201.49   196.46 207.07   190.19 200.81
2022-06-20   190.46 201.08   190.43 201.05   327.94 338.56   189.89 200.51   195.47 206.09   189.21 199.83
2022-06-21   189.47 200.10   189.44 200.07   326.95 337.58   188.90 199.53   194.48 205.11   188.21 198.85
2022-06-22   188.47 199.11   188.45 199.09   325.96 336.60   187.90 198.54   193.49 204.13   187.22 197.86
2022-06-23   187.48 198.13   187.45 198.10   324.97 335.61   186.91 197.56   192.49 203.14   186.23 196.88
2022-06-24   186.48 197.14   186.46 197.11   323.97 334.63   185.91 196.57   191.50 202.16   185.23 195.89
2022-06-25   185.49 196.15   185.46 196.13   322.97 333.64   184.92 195.58   190.50 201.17   184.23 194.90
2022-06-26   184.49 195.16   184.46 195.13   321.97 332.65   183.92 194.59   189.50 200.18   183.24 193.91
2022-06-27   183.49 194.17   183.46 194.14   320.97 331.66   182.92 193.60   188.50 199.18   182.23 192.92
2022-06-28   182.48 193.17   182.46 193.15   319.97 330.66   181.91 192.60   187.50 198.19   181.23 191.92
2022-06-29   181.48 192.18   181.45 192.15   318.97 329.67   180.91 191.61   186.49 197.19   180.23 190.93
2022-06-30   180.47 191.18   180.45 191.15   317.96 328.67   179.90 190.61   185.49 196.20   179.22 189.93
2022-07-01   179.47 190.18   179.44 190.16   316.95 327.67   178.90 189.61   184.48 195.20   178.22 188.93
2022-07-02   178.46 189.18   178.43 189.15   315.95 326.67   177.89 188.61   183.47 194.20   177.21 187.93
2022-07-03   177.45 188.18   177.42 188.15   314.94 325.67   176.88 187.61   182.46 193.19   176.20 186.93
2022-07-04   176.44 187.17   176.41 187.15   313.93 324.66   175.87 186.60   181.45 192.19   175.19 185.92
2022-07-05   175.43 186.17   175.40 186.14   312.92 323.66   174.86 185.60   180.44 191.18   174.18 184.92
2022-07-06   174.42 185.16   174.39 185.14   311.90 322.65   173.85 184.59   179.43 190.18   173.16 183.91
2022-07-07   173.40 184.16   173.38 184.13   310.89 321.64   172.83 183.59   178.42 189.17   172.15 182.90
2022-07-08   172.39 183.15   172.36 183.12   309.87 320.63   171.82 182.58   177.40 188.16   171.14 181.90
2022-07-09   171.37 182.14   171.35 182.11   308.86 319.62   170.80 181.57   176.39 187.15   170.12 180.89
2022-07-10   170.36 181.12   170.33 181.10   307.84 318.61   169.79 180.55   175.37 186.14   169.10 179.87
2022-07-11   169.34 180.11   169.31 180.09   306.83 317.60   168.77 179.54   174.35 185.13   168.09 178.86
2022-07-12   168.32 179.10   168.29 179.07   305.81 316.59   167.75 178.53   173.34 184.11   167.07 177.85
2022-07-13   167.30 178.08   167.28 178.06   304.79 315.57   166.73 177.51   172.32 183.10   166.05 176.83
2022-07-14   166.28 177.07   166.26 177.04   303.77 314.56   165.71 176.50   171.30 182.08   165.03 175.82
2022-07-15   165.27 176.05   165.24 176.03   302.75 313.54   164.70 175.48   170.28 181.07   164.02 174.80
2022-07-16   164.25 175.04   164.22 175.01   301.73 312.52   163.68 174.47   169.26 180.05   163.00 173.79
2022-07-17   163.23 174.02   163.20 173.99   300.71 311.51   162.66 173.45   168.24 179.04   161.98 172.77
2022-07-18   162.21 173.00   162.18 172.98   299.69 310.49   161.64 172.43   167.22 178.02   160.96 171.75
2022-07-19   161.19 171.98   161.16 171.96   298.68 309.47   160.62 171.41   166.20 177.00   159.94 170.73
2022-07-20   160.17 170.97   160.14 170.94   297.66 308.45   159.60 170.40   165.18 175.98   158.92 169.72
2022-07-21   159.15 169.95   159.12 169.92   296.64 307.43   158.58 169.38   164.16 174.96   157.90 168.70
2022-07-22   158.13 168.93   158.10 168.90   295.62 306.42   157.56 168.36   163.14 173.94   156.88 167.68
2022-07-23   157.11 167.91   157.08 167.88   294.60 305.40   156.54 167.34   162.12 172.92   155.86 166.66
2022-07-24   156.09 166.89   156.06 166.86   293.58 304.38   155.52 166.32   161.11 171.90   154.84 165.64
2022-07-25   155.07 165.87   155.05 165.84   292.56 303.36   154.50 165.30   160.09 170.89   153.82 164.62
2022-07-26   154.05 164.85   154.03 164.82   291.54 302.34   153.48 164.28   159.07 169.87   152.80 163.60
2022-07-27   153.04 163.83   153.01 163.81   290.52 301.32   152.47 163.26   158.05 168.85   151.78 162.58
2022-07-28   152.02 162.81   151.99 162.79   289.51 300.30   151.45 162.24   157.03 167.83   150.77 161.56
2022-07-29   151.00 161.79   150.97 161.77   288.49 299.28   150.43 161.22   156.02 166.81   149.75 160.54
2022-07-30   149.99 160.78   149.96 160.75   287.47 298.26   149.42 160.21   155.00 165.79   148.73 159.52
2022-07-31   148.97 159.76   148.94 159.73   286.46 297.24   148.40 159.19   153.99 164.77   147.72 158.51
2022-08-01   147.96 158.74   147.93 158.71   285.44 296.23   147.39 158.17   152.97 163.75   146.70 157.49
2022-08-02   146.94 157.72   146.92 157.70   284.43 295.21   146.37 157.15   151.96 162.74   145.69 156.47
2022-08-03   145.93 156.71   145.90 156.68   283.42 294.19   145.36 156.14   150.94 161.72   144.68 155.45
2022-08-04   144.92 155.69   144.89 155.66   282.41 293.18   144.35 155.12   149.93 160.70   143.67 154.44
2022-08-05   143.91 154.67   143.88 154.65   281.39 292.16   143.34 154.10   148.92 159.69   142.66 153.42
2022-08-06   142.90 153.66   142.87 153.63   280.38 291.15   142.33 153.09   147.91 158.68   141.65 152.41
2022-08-07   141.89 152.65   141.86 152.62   279.38 290.13   141.32 152.08   146.90 157.66   140.64 151.40
2022-08-08   140.88 151.63   140.86 151.61   278.37 289.12   140.31 151.06   145.90 156.65   139.63 150.38
2022-08-09   139.88 150.62   139.85 150.60   277.36 288.11   139.31 150.05   144.89 155.64   138.62 149.37
2022-08-10   138.87 149.61   138.84 149.58   276.36 287.10   138.30 149.04   143.89 154.63   137.62 148.36
2022-08-11   137.87 148.60   137.84 148.57   275.35 286.09   137.30 148.03   142.88 153.62   136.62 147.35
2022-08-12   136.87 147.59   136.84 147.57   274.35 285.08   136.30 147.02   141.88 152.61   135.61 146.34
2022-08-13   135.86 146.58   135.84 146.56   273.35 284.07   135.29 146.01   140.88 151.60   134.61 145.33
2022-08-14   134.87 145.58   134.84 145.55   272.35 283.07   134.30 145.01   139.88 150.59   133.61 144.33
2022-08-15   133.87 144.57   133.84 144.55   271.35 282.06   133.30 144.00   138.88 149.59   132.62 143.32
2022-08-16   132.87 143.57   132.84 143.54   270.36 281.06   132.30 143.00   137.89 148.58   131.62 142.32
2022-08-17   131.88 142.57   131.85 142.54   269.36 280.05   131.31 142.00   136.89 147.58   130.63 141.32
2022-08-18   130.88 141.56   130.86 141.54   268.37 279.05   130.31 140.99   135.90 146.58   129.63 140.31
2022-08-19   129.89 140.56   129.86 140.54   267.38 278.05   129.32 139.99   134.91 145.58   128.64 139.31
2022-08-20   128.90 139.57   128.87 139.54   266.39 277.05   128.33 139.00   133.92 144.58   127.65 138.32
2022-08-21   127.91 138.57   127.89 138.54   265.40 276.06   127.34 138.00   132.93 143.58   126.66 137.32
2022-08-22   126.93 137.57   126.90 137.55   264.41 275.06   126.36 137.00   131.94 142.59   125.68 136.32
2022-08-23   125.94 136.58   125.91 136.55   263.43 274.07   125.37 136.01   130.96 141.59   124.69 135.33
2022-08-24   124.96 135.59   124.93 135.56   262.44 273.07   124.39 135.02   129.97 140.60   123.71 134.34
2022-08-25   123.98 134.60   123.95 134.57   261.46 272.08   123.41 134.03   128.99 139.61   122.72 133.34
2022-08-26   123.00 133.61   122.97 133.58   260.48 271.09   122.43 133.04   128.01 138.62   121.74 132.35
2022-08-27   122.02 132.62   121.99 132.59   259.50 270.10   121.45 132.05   127.03 137.63   120.77 131.37
2022-08-28   121.04 131.63   121.01 131.60   258.53 269.12   120.47 131.06   126.06 136.65   119.79 130.38
2022-08-29   120.06 130.65   120.04 130.62   257.55 268.13   119.49 130.08   125.08 135.66   118.81 129.40
2022-08-30   119.09 129.66   119.06 129.64   256.58 267.15   118.52 129.09   124.11 134.68   117.84 128.41
2022-08-31   118.12 128.68   118.09 128.65   255.61 266.17   117.55 128.11   123.13 133.70   116.87 127.43
2022-09-01   117.15 127.70   117.12 127.67   254.64 265.19   116.58 127.13   122.16 132.72   115.90 126.45
2022-09-02   116.18 126.72   116.15 126.70   253.67 264.21   115.61 126.15   121.20 131.74   114.93 125.47
2022-09-03   115.21 125.75   115.19 125.72   252.70 263.23   114.64 125.18   120.23 130.76   113.96 124.50
2022-09-04   114.25 124.77   114.22 124.74   251.74 262.26   113.68 124.20   119.26 129.79   113.00 123.52
2022-09-05   113.29 123.80   113.26 123.77   250.77 261.28   112.72 123.23   118.30 128.81   112.04 122.55
2022-09-06   112.32 122.83   112.30 122.80   249.81 260.31   111.75 122.26   117.34 127.84   111.07 121.57
2022-09-07   111.36 121.86   111.34 121.83   248.85 259.34   110.79 121.29   116.38 126.87   110.11 120.60
2022-09-08   110.41 120.89   110.38 120.86   247.89 258.37   109.84 120.32   115.42 125.90   109.15 119.64
2022-09-09   109.45 119.92   109.42 119.89   246.94 257.41   108.88 119.35   114.46 124.93   108.20 118.67
2022-09-10   108.49 118.95   108.47 118.93   245.98 256.44   107.92 118.38   113.51 123.97   107.24 117.70
2022-09-11   107.54 117.99   107.51 117.96   245.03 255.48   106.97 117.42   112.55 123.01   106.29 116.74
2022-09-12   106.59 117.03   106.56 117.00   244.07 254.52   106.02 116.46   111.60 122.04   105.34 115.78
2022-09-13   105.64 116.07   105.61 116.04   243.12 253.55   105.07 115.50   110.65 121.08   104.38 114.82
2022-09-14   104.69 115.11   104.66 115.08   242.17 252.60   104.12 114.54   109.70 120.12   103.44 113.86
2022-09-15   103.74 114.15   103.71 114.12   241.23 251.64   103.17 113.58   108.75 119.17   102.49 112.90
2022-09-16   102.79 113.19   102.76 113.17   240.28 250.68   102.22 112.62   107.81 118.21   101.54 111.94
2022-09-17   101.85 112.24   101.82 112.21   239.33 249.73   101.28 111.67   106.86 117.25   100.59 110.99
2022-09-18   100.90 111.29   100.87 111.26   238.39 248.77   100.33 110.72   105.92 116.30    99.65 110.03
2022-09-19    99.96 110.33    99.93 110.31   237.45 247.82    99.39 109.76   104.97 115.35    98.71 109.08
2022-09-20    99.02 109.38    98.99 109.36   236.50 246.87    98.45 108.81   104.03 114.40    97.77 108.13
2022-09-21    98.08 108.43    98.05 108.41   235.56 245.92    97.51 107.86   103.09 113.45    96.82 107.18
2022-09-22    97.14 107.48    97.11 107.46   234.62 244.97    96.57 106.91   102.15 112.50    95.88 106.23
2022-09-23    96.20 106.54    96.17 106.51   233.68 244.02    95.63 105.97   101.21 111.55    94.95 105.29
2022-09-24    95.26 105.59    95.23 105.57   232.75 243.08    94.69 105.02   100.27 110.61    94.01 104.34
2022-09-25    94.32 104.65    94.30 104.62   231.81 242.13    93.75 104.08    99.34 109.66    93.07 103.40
2022-09-26    93.39 103.70    93.36 103.68   230.87 241.19    92.82 103.13    98.40 108.72    92.14 102.45
2022-09-27    92.45 102.76    92.43 102.73   229.94 240.25    91.88 102.19    97.47 107.78    91.20 101.51
2022-09-28    91.52 101.82    91.49 101.79   229.01 239.31    90.95 101.25    96.53 106.83    90.27 100.57
2022-09-29    90.59 100.88    90.56 100.85   228.07 238.37    90.02 100.31    95.60 105.89    89.33  99.63
2022-09-30    89.65  99.94    89.63  99.91   227.14 237.43    89.08  99.37    94.67 104.95    88.40  98.69
2022-10-01    88.72  99.00    88.69  98.97   226.21 236.49    88.15  98.43    93.74 104.02    87.47  97.75
2022-10-02    87.79  98.06    87.76  98.04   225.28 235.55    87.22  97.49    92.80 103.08    86.54  96.81
2022-10-03    86.86  97.13    86.83  97.10   224.35 234.61    86.29  96.56    91.87 102.14    85.61  95.87
2022-10-04    85.93  96.19    85.90  96.16   223.42 233.68    85.36  95.62    90.94 101.20    84.68  94.94
2022-10-05    85.00  95.25    84.97  95.23   222.49 232.74    84.43  94.68    90.01 100.27    83.75  94.00
2022-10-06    84.07  94.32    84.04  94.29   221.56 231.81    83.50  93.75    89.08  99.33    82.82  93.07
2022-10-07    83.14  93.38    83.11  93.36   220.63 230.87    82.57  92.81    88.15  98.40    81.89  92.13
2022-10-08    82.21  92.45    82.18  92.42   219.70 229.94    81.64  91.88    87.23  97.47    80.96  91.20
2022-10-09    81.28  91.52    81.26  91.49   218.77 229.00    80.71  90.95    86.30  96.53    80.03  90.27
2022-10-10    80.35  90.58    80.33  90.56   217.84 228.07    79.78  90.01    85.37  95.60    79.10  89.33
2022-10-11    79.42  89.65    79.40  89.62   216.91 227.14    78.85  89.08    84.44  94.67    78.17  88.40
2022-10-12    78.50  88.72    78.47  88.69   215.98 226.21    77.93  88.15    83.51  93.73    77.24  87.47
2022-10-13    77.57  87.79    77.54  87.76   215.05 225.27    77.00  87.22    82.58  92.80    76.32  86.53
2022-10-14    76.64  86.85    76.61  86.83   214.12 224.34    76.07  86.28    81.65  91.87    75.39  85.60
2022-10-15    75.71  85.92    75.68  85.89   213.20 223.41    75.14  85.35    80.72  90.94    74.46  84.67
2022-10-16    74.78  84.99    74.75  84.96   212.27 222.48    74.21  84.42    79.79  90.00    73.53  83.74
2022-10-17    73.85  84.06    73.82  84.03   211.34 221.54    73.28  83.49    78.86  89.07    72.60  82.81
2022-10-18    72.92  83.12    72.89  83.10   210.41 220.61    72.35  82.55    77.93  88.14    71.67  81.87
2022-10-19    71.99  82.19    71.96  82.17   209.48 219.68    71.42  81.62    77.00  87.21    70.74  80.94
2022-10-20    71.06  81.26    71.03  81.23   208.54 218.75    70.49  80.69    76.07  86.27    69.81  80.01
2022-10-21    70.12  80.33    70.10  80.30   207.61 217.81    69.55  79.76    75.14  85.34    68.87  79.08
2022-10-22    69.19  79.39    69.17  79.37   206.68 216.88    68.62  78.82    74.21  84.41    67.94  78.14
2022-10-23    68.26  78.46    68.23  78.43   205.75 215.95    67.69  77.89    73.27  83.47    67.01  77.21
2022-10-24    67.32  77.52    67.30  77.50   204.81 215.01    66.75  76.95    72.34  82.54    66.07  76.27
2022-10-25    66.39  76.59    66.36  76.56   203.88 214.08    65.82  76.02    71.40  81.61    65.14  75.34
2022-10-26    65.45  75.65    65.43  75.63   202.94 213.14    64.88  75.08    70.47  80.67    64.20  74.40
2022-10-27    64.52  74.72    64.49  74.69   202.00 212.21    63.95  74.15    69.53  79.73    63.27  73.47
2022-10-28    63.58  73.78    63.55  73.76   201.07 211.27    63.01  73.21    68.59  78.80    62.33  72.53
2022-10-29    62.64  72.84    62.61  72.82   200.13 210.33    62.07  72.27    67.66  77.86    61.39  71.59
2022-10-30    61.70  71.91    61.67  71.88   199.19 209.39    61.13  71.34    66.71  76.92    60.45  70.65
2022-10-31    60.76  70.97    60.73  70.94   198.25 208.45    60.19  70.40    65.77  75.98    59.51  69.72
2022-11-01    59.88  69.96    59.86  69.93   197.37 207.45    59.31  69.39    64.90  74.97    58.63  68.71
2022-11-02    59.14  68.82    59.11  68.79   196.63 206.30    58.57  68.25    64.15  73.83    57.89  67.57
2022-11-03    58.39  67.67    58.37  67.65   195.88 205.16    57.82  67.10    63.41  72.69    57.14  66.42
2022-11-04    57.65  66.53    57.62  66.50   195.14 204.02    57.08  65.96    62.66  71.54    56.40  65.28
2022-11-05    56.90  65.38    56.87  65.36   194.39 202.87    56.33  64.81    61.91  70.40    55.65  64.13
2022-11-06    56.15  64.24    56.12  64.21   193.64 201.72    55.58  63.67    61.16  69.25    54.90  62.99
2022-11-07    55.40  63.09    55.37  63.06   192.88 200.58    54.83  62.52    60.41  68.11    54.15  61.84
2022-11-08    54.64  61.94    54.62  61.92   192.13 199.43    54.07  61.37    59.66  66.96    53.39  60.69
2022-11-09    53.88  60.79    53.86  60.77   191.37 198.28    53.31  60.22    58.90  65.81    52.63  59.54

2023-04-06   262.51 269.70   262.48 269.67    39.99  47.19   261.94 269.13   267.52 274.72   261.26 268.45
2023-04-07   261.38 268.97   261.36 268.94    38.87  46.46   260.81 268.40   266.40 273.98   260.13 267.72
2023-04-08   260.26 268.24   260.24 268.21    37.75  45.72   259.69 267.67   265.28 273.25   259.01 266.99
2023-04-09   259.14 267.51   259.11 267.48    36.63  45.00   258.57 266.94   264.16 272.52   257.89 266.26
2023-04-10   258.02 266.78   257.99 266.75    35.51  44.27   257.45 266.21   263.04 271.80   256.77 265.53
2023-04-11   256.90 266.05   256.87 266.03    34.39  43.54   256.33 265.48   261.92 271.07   255.65 264.80
2023-04-12   255.78 265.33   255.75 265.30    33.27  42.82   255.21 264.76   260.80 270.35   254.53 264.08
2023-04-13   254.66 264.61   254.64 264.58    32.15  42.10   254.09 264.04   259.68 269.62   253.41 263.36
2023-04-14   253.61 263.82   253.58 263.79    31.10  41.31   253.04 263.25   258.63 268.83   252.36 262.57
2023-04-15   252.69 262.90   252.67 262.87    30.18  40.39   252.12 262.33   257.71 267.91   251.44 261.65
2023-04-16   251.78 261.98   251.75 261.95    29.26  39.47   251.21 261.41   256.79 267.00   250.52 260.73
2023-04-17   250.86 261.06   250.83 261.04    28.35  38.55   250.29 260.49   255.87 266.08   249.61 259.81
2023-04-18   249.94 260.14   249.92 260.12    27.43  37.63   249.37 259.57   254.96 265.16   248.69 258.89
2023-04-19   249.03 259.23   249.00 259.20    26.51  36.72   248.46 258.66   254.04 264.24   247.78 257.98
2023-04-20   248.11 258.31   248.08 258.29    25.60  35.80   247.54 257.74   253.13 263.33   246.86 257.06
2023-04-21   247.20 257.40   247.17 257.37    24.68  34.88   246.63 256.83   252.21 262.41   245.95 256.15
2023-04-22   246.28 256.48   246.25 256.45    23.77  33.97   245.71 255.91   251.30 261.50   245.03 255.23
2023-04-23   245.37 255.57   245.34 255.54    22.85  33.05   244.80 255.00   250.38 260.58   244.12 254.32
2023-04-24   244.45 254.65   244.42 254.63    21.94  32.14   243.88 254.08   249.47 259.67   243.20 253.40
2023-04-25   243.54 253.74   243.51 253.71    21.02  31.23   242.97 253.17   248.55 258.75   242.29 252.49
2023-04-26   242.62 252.82   242.60 252.80    20.11  30.31   242.05 252.25   247.64 257.84   241.37 251.57
2023-04-27   241.71 251.91   241.68 251.88    19.19  29.40   241.14 251.34   246.72 256.93   240.46 250.66
2023-04-28   240.79 251.00   240.77 250.97    18.28  28.49   240.22 250.43   245.81 256.01   239.54 249.75
2023-04-29   239.88 250.09   239.85 250.06    17.36  27.57   239.31 249.52   244.89 255.10   238.63 248.83
2023-04-30   238.96 249.17   238.93 249.15    16.45  26.66   238.39 248.60   243.98 254.19   237.71 247.92
2023-05-01   238.04 248.26   238.02 248.23    15.53  25.75   237.47 247.69   243.06 253.27   236.79 247.01
2023-05-02   237.13 247.35   237.10 247.32    14.62  24.83   236.56 246.78   242.14 252.36   235.88 246.09
2023-05-03   236.21 246.43   236.18 246.41    13.70  23.92   235.64 245.86   241.23 251.45   234.96 245.18
2023-05-04   235.29 245.52   235.27 245.49    12.78  23.01   234.72 244.95   240.31 250.53   234.04 244.27
2023-05-05   234.37 244.60   234.35 244.58    11.86  22.09   233.80 244.03   239.39 249.62   233.12 243.35
2023-05-06   233.46 243.69   233.43 243.66    10.94  21.18   232.89 243.12   238.47 248.70   232.21 242.44
2023-05-07   232.54 242.77   232.51 242.75    10.02  20.26   231.97 242.20   237.55 247.79   231.29 241.52
2023-05-08   231.62 241.86   231.59 241.83     9.10  19.35   231.05 241.29   236.63 246.87   230.37 240.61
2023-05-09   230.69 240.94   230.67 240.92     8.18  18.43   230.12 240.37   235.71 245.96   229.44 239.69
2023-05-10   229.77 240.03   229.75 240.00     7.26  17.51   229.20 239.46   234.79 245.04   228.52 238.77
2023-05-11   228.85 239.11   228.82 239.08     6.34  16.60   228.28 238.54   233.86 244.12   227.60 237.86
2023-05-12   227.92 238.19   227.90 238.16     5.41  15.68   227.35 237.62   232.94 243.20   226.67 236.94
2023-05-13   227.00 237.27   226.97 237.24     4.49  14.76   226.43 236.70   232.01 242.29   225.75 236.02
2023-05-14   226.07 236.35   226.05 236.32     3.56  13.84   225.50 235.78   231.09 241.37   224.82 235.10
2023-05-15   225.15 235.43   225.12 235.40     2.63  12.92   224.58 234.86   230.16 240.44   223.89 234.18
2023-05-16   224.22 234.51   224.19 234.48     1.70  11.99   223.65 233.94   229.23 239.52   222.97 233.26
2023-05-17   223.29 233.58   223.26 233.56     0.77  11.07   222.72 233.01   228.30 238.60   222.04 232.33
2023-05-18   222.35 232.66   222.33 232.63   359.84  10.15   221.78 232.09   227.37 237.68   221.10 231.41
2023-05-19   221.42 231.74   221.40 231.71   358.91   9.22   220.85 231.17   226.44 236.75   220.17 230.48
2023-05-20   220.49 230.81   220.46 230.78   357.97   8.30   219.92 230.24   225.50 235.82   219.24 229.56
2023-05-21   219.55 229.88   219.53 229.85   357.04   7.37   218.98 229.31   224.57 234.90   218.30 228.63
2023-05-22   218.61 228.95   218.59 228.93   356.10   6.44   218.04 228.38   223.63 233.97   217.36 227.70
2023-05-23   217.68 228.02   217.65 228.00   355.16   5.51   217.11 227.45   222.69 233.04   216.42 226.77
2023-05-24   216.74 227.09   216.71 227.06   354.22   4.58   216.17 226.52   221.75 232.11   215.48 225.84
2023-05-25   215.79 226.16   215.77 226.13   353.28   3.64   215.22 225.59   220.81 231.17   214.54 224.91
2023-05-26   214.85 225.22   214.82 225.20   352.34   2.71   214.28 224.65   219.86 230.24   213.60 223.97
2023-05-27   213.90 224.29   213.88 224.26   351.39   1.77   213.33 223.72   218.92 229.30   212.65 223.03
2023-05-28   212.96 223.35   212.93 223.32   350.44   0.84   212.39 222.78   217.97 228.36   211.71 222.10
2023-05-29   212.01 222.41   211.98 222.38   349.50 359.90   211.44 221.84   217.02 227.42   210.76 221.16
2023-05-30   211.06 221.47   211.03 221.44   348.54 358.95   210.49 220.90   216.07 226.48   209.81 220.22
2023-05-31   210.11 220.52   210.08 220.50   347.59 358.01   209.54 219.95   215.12 225.54   208.85 219.27
2023-06-01   209.15 219.58   209.12 219.55   346.64 357.07   208.58 219.01   214.17 224.60   207.90 218.33
2023-06-02   208.19 218.63   208.17 218.61   345.68 356.12   207.62 218.06   213.21 223.65   206.94 217.38
2023-06-03   207.24 217.69   207.21 217.66   344.72 355.17   206.67 217.12   212.25 222.70   205.99 216.44
2023-06-04   206.28 216.74   206.25 216.71   343.76 354.22   205.71 216.17   211.29 221.75   205.03 215.49
2023-06-05   205.32 215.78   205.29 215.76   342.80 353.27   204.75 215.21   210.33 220.80   204.06 214.53
2023-06-06   204.35 214.83   204.33 214.80   341.84 352.32   203.78 214.26   209.37 219.85   203.10 213.58
2023-06-07   203.39 213.88   203.36 213.85   340.87 351.36   202.82 213.31   208.40 218.89   202.14 212.62
2023-06-08   202.42 212.92   202.39 212.89   339.91 350.41   201.85 212.35   207.43 217.93   201.17 211.67
2023-06-09   201.45 211.96   201.42 211.93   338.94 349.45   200.88 211.39   206.46 216.97   200.20 210.71
2023-06-10   200.48 211.00   200.45 210.97   337.97 348.49   199.91 210.43   205.49 216.01   199.23 209.75
2023-06-11   199.50 210.04   199.48 210.01   336.99 347.52   198.93 209.47   204.52 215.05   198.25 208.78
2023-06-12   198.53 209.07   198.50 209.04   336.02 346.56   197.96 208.50   203.54 214.09   197.28 207.82
2023-06-13   197.55 208.10   197.53 208.08   335.04 345.59   196.98 207.53   202.57 213.12   196.30 206.85
2023-06-14   196.57 207.13   196.55 207.11   334.06 344.62   196.00 206.56   201.59 212.15   195.32 205.88
2023-06-15   195.59 206.16   195.57 206.14   333.08 343.65   195.02 205.59   200.61 211.18   194.34 204.91
2023-06-16   194.61 205.19   194.58 205.16   332.10 342.68   194.04 204.62   199.63 210.21   193.36 203.94
2023-06-17   193.63 204.22   193.60 204.19   331.11 341.70   193.06 203.65   198.64 209.23   192.37 202.97
2023-06-18   192.64 203.24   192.61 203.21   330.13 340.73   192.07 202.67   197.65 208.26   191.39 201.99
2023-06-19   191.65 202.26   191.62 202.23   329.14 339.75   191.08 201.69   196.67 207.28   190.40 201.01
2023-06-20   190.66 201.28   190.63 201.25   328.15 338.77   190.09 200.71   195.68 206.30   189.41 200.03
2023-06-21   189.67 200.30   189.64 200.27   327.16 337.79   189.10 199.73   194.68 205.31   188.42 199.05
2023-06-22   188.68 199.31   188.65 199.29   326.16 336.80   188.11 198.74   193.69 204.33   187.43 198.06
2023-06-23   187.68 198.33   187.65 198.30   325.17 335.82   187.11 197.76   192.70 203.34   186.43 197.08
2023-06-24   186.68 197.34   186.66 197.31   324.17 334.83   186.11 196.77   191.70 202.36   185.43 196.09
2023-06-25   185.69 196.35   185.66 196.33   323.17 333.84   185.12 195.78   190.70 201.37   184.44 195.10
2023-06-26   184.69 195.36   184.66 195.33   322.17 332.85   184.12 194.79   189.70 200.38   183.44 194.11
2023-06-27   183.69 194.37   183.66 194.34   321.17 331.85   183.12 193.80   188.70 199.38   182.43 193.12
2023-06-28   182.68 193.37   182.66 193.35   320.17 330.86   182.11 192.80   187.70 198.39   181.43 192.12
2023-06-29   181.68 192.38   181.65 192.35   319.17 329.86   181.11 191.81   186.69 197.39   180.43 191.13
2023-06-30   180.67 191.38   180.65 191.35   318.16 328.87   180.10 190.81   185.69 196.39   179.42 190.13
2023-07-01   179.67 190.38   179.64 190.35   317.15 327.87   179.10 189.81   184.68 195.39   178.42 189.13
2023-07-02   178.66 189.38   178.63 189.35   316.15 326.87   178.09 188.81   183.67 194.39   177.41 188.13
2023-07-03   177.65 188.38   177.62 188.35   315.14 325.86   177.08 187.81   182.66 193.39   176.40 187.13
2023-07-04   176.64 187.37   176.61 187.35   314.13 324.86   176.07 186.80   181.65 192.39   175.39 186.12
2023-07-05   175.63 186.37   175.60 186.34   313.11 323.86   175.06 185.80   180.64 191.38   174.38 185.12
2023-07-06   174.62 185.36   174.59 185.34   312.10 322.85   174.05 184.79   179.63 190.38   173.36 184.11
2023-07-07   173.60 184.35   173.58 184.33   311.09 321.84   173.03 183.78   178.62 189.37   172.35 183.10
2023-07-08   172.59 183.35   172.56 183.32   310.08 320.83   172.02 182.78   177.60 188.36   171.34 182.10
2023-07-09   171.57 182.34   171.55 182.31   309.06 319.82   171.00 181.77   176.59 187.35   170.32 181.09
2023-07-10   170.56 181.33   170.53 181.30   308.05 318.81   169.99 180.76   175.57 186.34   169.31 180.08
2023-07-11   169.54 180.31   169.52 180.29   307.03 317.80   168.97 179.74   174.56 185.33   168.29 179.06
2023-07-12   168.53 179.30   168.50 179.28   306.01 316.79   167.96 178.73   173.54 184.32   167.27 178.05
2023-07-13   167.51 178.29   167.48 178.26   305.00 315.78   166.94 177.72   172.52 183.30   166.26 177.04
2023-07-14   166.49 177.27   166.46 177.25   303.98 314.76   165.92 176.70   171.51 182.29   165.24 176.02
2023-07-15   165.47 176.26   165.45 176.23   302.96 313.75   164.90 175.69   170.49 181.28   164.22 175.01
2023-07-16   164.46 175.24   164.43 175.22   301.94 312.73   163.89 174.67   169.47 180.26   163.20 173.99
2023-07-17   163.44 174.23   163.41 174.20   300.92 311.72   162.87 173.66   168.45 179.24   162.19 172.98
2023-07-18   162.42 173.21   162.39 173.19   299.91 310.70   161.85 172.64   167.43 178.23   161.17 171.96
2023-07-19   161.40 172.20   161.37 172.17   298.89 309.68   160.83 171.63   166.42 177.21   160.15 170.95
2023-07-20   160.38 171.18   160.36 171.15   297.87 308.67   159.81 170.61   165.40 176.19   159.13 169.93
2023-07-21   159.36 170.16   159.34 170.14   296.85 307.65   158.79 169.59   164.38 175.18   158.11 168.91
2023-07-22   158.35 169.14   158.32 169.12   295.83 306.63   157.78 168.57   163.36 174.16   157.10 167.89
2023-07-23   157.33 168.13   157.30 168.10   294.82 305.61   156.76 167.56   162.34 173.14   156.08 166.88
2023-07-24   156.31 167.11   156.28 167.08   293.80 304.60   155.74 166.54   161.33 172.12   155.06 165.86
2023-07-25   155.29 166.09   155.27 166.06   292.78 303.58   154.72 165.52   160.31 171.11   154.04 164.84
2023-07-26   154.28 165.07   154.25 165.05   291.76 302.56   153.71 164.50   159.29 170.09   153.03 163.82
2023-07-27   153.26 164.06   153.23 164.03   290.75 301.54   152.69 163.49   158.28 169.07   152.01 162.81
2023-07-28   152.25 163.04   152.22 163.01   289.73 300.53   151.68 162.47   157.26 168.05   150.99 161.79
2023-07-29   151.23 162.02   151.20 162.00   288.72 299.51   150.66 161.45   156.25 167.04   149.98 160.77
2023-07-30   150.22 161.01   150.19 160.98   287.70 298.49   149.65 160.44   155.23 166.02   148.97 159.75
2023-07-31   149.20 159.99   149.18 159.96   286.69 297.48   148.63 159.42   154.22 165.00   147.95 158.74
2023-08-01   148.19 158.97   148.16 158.95   285.68 296.46   147.62 158.40   153.21 163.99   146.94 157.72
2023-08-02   147.18 157.96   147.15 157.93   284.67 295.45   146.61 157.39   152.19 162.97   145.93 156.71
2023-08-03   146.17 156.94   146.14 156.92   283.65 294.43   145.60 156.37   151.18 161.96   144.92 155.69
2023-08-04   145.16 155.93   145.13 155.90   282.64 293.42   144.59 155.36   150.17 160.94   143.91 154.68
2023-08-05   144.15 154.92   144.12 154.89   281.64 292.40   143.58 154.35   149.16 159.93   142.90 153.67
2023-08-06   143.14 153.90   143.11 153.88   280.63 291.39   142.57 153.33   148.16 158.92   141.89 152.65
2023-08-07   142.13 152.89   142.11 152.87   279.62 290.38   141.56 152.32   147.15 157.91   140.88 151.64
2023-08-08   141.13 151.88   141.10 151.85   278.62 289.37   140.56 151.31   146.14 156.90   139.88 150.63
2023-08-09   140.12 150.87   140.10 150.84   277.61 288.36   139.55 150.30   145.14 155.89   138.87 149.62
2023-08-10   139.12 149.86   139.09 149.84   276.61 287.35   138.55 149.29   144.14 154.88   137.87 148.61
2023-08-11   138.12 148.85   138.09 148.83   275.61 286.34   137.55 148.28   143.13 153.87   136.87 147.60
2023-08-12   137.12 147.85   137.09 147.82   274.61 285.33   136.55 147.28   142.13 152.86   135.87 146.60
2023-08-13   136.12 146.84   136.09 146.81   273.61 284.33   135.55 146.27   141.14 151.86   134.87 145.59
2023-08-14   135.12 145.84   135.10 145.81   272.61 283.32   134.55 145.27   140.14 150.85   133.87 144.59
2023-08-15   134.13 144.83   134.10 144.81   271.61 282.32   133.56 144.26   139.14 149.85   132.88 143.58
2023-08-16   133.13 143.83   133.11 143.80   270.62 281.32   132.56 143.26   138.15 148.85   131.88 142.58
2023-08-17   132.14 142.83   132.11 142.80   269.63 280.32   131.57 142.26   137.15 147.84   130.89 141.58
2023-08-18   131.15 141.83   131.12 141.80   268.63 279.32   130.58 141.26   136.16 146.84   129.90 140.58
2023-08-19   130.16 140.83   130.13 140.80   267.64 278.32   129.59 140.26   135.17 145.85   128.91 139.58
2023-08-20   129.17 139.83   129.14 139.81   266.66 277.32   128.60 139.26   134.18 144.85   127.92 138.58
2023-08-21   128.18 138.84   128.15 138.81   265.67 276.33   127.61 138.27   133.20 143.85   126.93 137.59
2023-08-22   127.20 137.84   127.17 137.82   264.68 275.33   126.63 137.27   132.21 142.86   125.94 136.59
2023-08-23   126.21 136.85   126.19 136.83   263.70 274.34   125.64 136.28   131.23 141.87   124.96 135.60
2023-08-24   125.23 135.86   125.20 135.83   262.72 273.35   124.66 135.29   130.24 140.88   123.98 134.61
2023-08-25   124.25 134.87   124.22 134.84   261.74 272.36   123.68 134.30   129.26 139.89   123.00 133.62
2023-08-26   123.27 133.88   123.24 133.86   260.76 271.37   122.70 133.31   128.29 138.90   122.02 132.63
2023-08-27   122.29 132.90   122.27 132.87   259.78 270.38   121.72 132.33   127.31 137.91   121.04 131.64
2023-08-28   121.32 131.91   121.29 131.88   258.80 269.40   120.75 131.34   126.33 136.93   120.07 130.66
2023-08-29   120.34 130.93   120.32 130.90   257.83 268.41   119.77 130.36   125.36 135.94   119.09 129.68
2023-08-30   119.37 129.94   119.34 129.92   256.86 267.43   118.80 129.37   124.39 134.96   118.12 128.69
2023-08-31   118.40 128.96   118.37 128.94   255.89 266.45   117.83 128.39   123.42 133.98   117.15 127.71
2023-09-01   117.43 127.99   117.41 127.96   254.92 265.47   116.86 127.42   122.45 133.00   116.18 126.73
2023-09-02   116.46 127.01   116.44 126.98   253.95 264.50   115.89 126.44   121.48 132.02   115.21 125.76
2023-09-03   115.50 126.03   115.47 126.01   252.99 263.52   114.93 125.46   120.51 131.05   114.25 124.78
2023-09-04   114.53 125.06   114.51 125.03   252.02 262.55   113.96 124.49   119.55 130.07   113.28 123.81
2023-09-05   113.57 124.09   113.55 124.06   251.06 261.57   113.00 123.52   118.59 129.10   112.32 122.84
2023-09-06   112.61 123.11   112.58 123.09   250.10 260.60   112.04 122.54   117.63 128.13   111.36 121.86
2023-09-07   111.65 122.15   111.63 122.12   249.14 259.63   111.08 121.58   116.67 127.16   110.40 120.89
2023-09-08   110.69 121.18   110.67 121.15   248.18 258.67   110.12 120.61   115.71 126.19   109.44 119.93
2023-09-09   109.74 120.21   109.71 120.18   247.23 257.70   109.17 119.64   114.75 125.23   108.49 118.96
2023-09-10   108.78 119.25   108.76 119.22   246.27 256.73   108.21 118.68   113.80 124.26   107.53 118.00
2023-09-11   107.83 118.28   107.80 118.26   245.32 255.77   107.26 117.71   112.84 123.30   106.58 117.03
2023-09-12   106.88 117.32   106.85 117.30   244.37 254.81   106.31 116.75   111.89 122.34   105.63 116.07
2023-09-13   105.93 116.36   105.90 116.33   243.41 253.85   105.36 115.79   110.94 121.38   104.68 115.11
2023-09-14   104.98 115.40   104.95 115.38   242.47 252.89   104.41 114.83   109.99 120.42   103.73 114.15
2023-09-15   104.03 114.45   104.00 114.42   241.52 251.93   103.46 113.88   109.05 119.46   102.78 113.19
2023-09-16   103.08 113.49   103.06 113.46   240.57 250.98   102.51 112.92   108.10 118.50   101.83 112.24
2023-09-17   102.14 112.53   102.11 112.51   239.63 250.02   101.57 111.96   107.15 117.55   100.89 111.28
2023-09-18   101.19 111.58   101.17 111.55   238.68 249.07   100.62 111.01   106.21 116.60    99.94 110.33
2023-09-19   100.25 110.63   100.23 110.60   237.74 248.12    99.68 110.06   105.27 115.64    99.00 109.38
2023-09-20    99.31 109.68    99.28 109.65   236.80 247.17    98.74 109.11   104.33 114.69    98.06 108.43
2023-09-21    98.37 108.73    98.34 108.70   235.86 246.22    97.80 108.16   103.38 113.74    97.12 107.48
2023-09-22    97.43 107.78    97.40 107.75   234.92 245.27    96.86 107.21   102.45 112.80    96.18 106.53
2023-09-23    96.49 106.83    96.47 106.81   233.98 244.32    95.92 106.26   101.51 111.85    95.24 105.58
2023-09-24    95.55 105.89    95.53 105.86   233.04 243.38    94.98 105.32   100.57 110.90    94.30 104.64
2023-09-25    94.62 104.94    94.59 104.92   232.10 242.43    94.05 104.37    99.63 109.96    93.37 103.69
2023-09-26    93.68 104.00    93.66 103.97   231.17 241.49    93.11 103.43    98.70 109.02    92.43 102.75
2023-09-27    92.75 103.06    92.72 103.03   230.23 240.54    92.18 102.49    97.76 108.07    91.50 101.81
2023-09-28    91.81 102.12    91.79 102.09   229.30 239.60    91.24 101.55    96.83 107.13    90.56 100.86
2023-09-29    90.88 101.17    90.85 101.15   228.37 238.66    90.31 100.60    95.89 106.19    89.63  99.92
2023-09-30    89.95 100.23    89.92 100.21   227.43 237.72    89.38  99.66    94.96 105.25    88.70  98.98
2023-10-01    89.01  99.30    88.99  99.27   226.50 236.78    88.44  98.73    94.03 104.31    87.76  98.05
2023-10-02    88.08  98.36    88.06  98.33   225.57 235.85    87.51  97.79    93.10 103.37    86.83  97.11
2023-10-03    87.15  97.42    87.12  97.39   224.64 234.91    86.58  96.85    92.17 102.44    85.90  96.17
2023-10-04    86.22  96.48    86.19  96.46   223.71 233.97    85.65  95.91    91.24 101.50    84.97  95.23
2023-10-05    85.29  95.55    85.26  95.52   222.78 233.03    84.72  94.98    90.31 100.56    84.04  94.30
2023-10-06    84.36  94.61    84.33  94.58   221.85 232.10    83.79  94.04    89.38  99.63    83.11  93.36
2023-10-07    83.43  93.68    83.40  93.65   220.92 231.16    82.86  93.11    88.45  98.69    82.18  92.43
2023-10-08    82.50  92.74    82.47  92.71   219.99 230.23    81.93  92.17    87.52  97.76    81.25  91.49
2023-10-09    81.57  91.81    81.54  91.78   219.06 229.29    81.00  91.24    86.59  96.82    80.32  90.56
2023-10-10    80.64  90.87    80.61  90.85   218.13 228.36    80.07  90.30    85.66  95.89    79.39  89.62
2023-10-11    79.71  89.94    79.69  89.91   217.20 227.43    79.14  89.37    84.73  94.95    78.46  88.69
2023-10-12    78.78  89.01    78.76  88.98   216.27 226.49    78.21  88.44    83.80  94.02    77.53  87.76
2023-10-13    77.85  88.07    77.83  88.05   215.34 225.56    77.28  87.50    82.87  93.09    76.60  86.82
2023-10-14    76.92  87.14    76.90  87.11   214.41 224.63    76.35  86.57    81.94  92.15    75.67  85.89
2023-10-15    75.99  86.21    75.97  86.18   213.48 223.69    75.42  85.64    81.01  91.22    74.74  84.96
2023-10-16    75.06  85.27    75.04  85.25   212.55 222.76    74.49  84.70    80.08  90.29    73.81  84.02
2023-10-17    74.13  84.34    74.11  84.31   211.62 221.83    73.56  83.77    79.15  89.36    72.88  83.09
2023-10-18    73.20  83.41    73.17  83.38   210.69 220.89    72.63  82.84    78.22  88.42    71.95  82.16
2023-10-19    72.27  82.47    72.24  82.45   209.76 219.96    71.70  81.90    77.28  87.49    71.02  81.22
2023-10-20    71.34  81.54    71.31  81.51   208.82 219.03    70.77  80.97    76.35  86.55    70.09  80.29
2023-10-21    70.40  80.61    70.38  80.58   207.89 218.09    69.83  80.04    75.42  85.62    69.15  79.35
2023-10-22    69.47  79.67    69.44  79.64   206.96 217.16    68.90  79.10    74.48  84.69    68.22  78.42
2023-10-23    68.54  78.74    68.51  78.71   206.02 216.22    67.97  78.17    73.55  83.75    67.28  77.48
2023-10-24    67.60  77.80    67.57  77.77   205.09 215.29    67.03  77.23    72.62  82.82    66.35  76.55
2023-10-25    66.66  76.86    66.64  76.84   204.15 214.35    66.09  76.29    71.68  81.88    65.41  75.61
2023-10-26    65.73  75.93    65.70  75.90   203.21 213.41    65.16  75.36    70.74  80.94    64.48  74.68
2023-10-27    64.79  74.99    64.76  74.96   202.28 212.48    64.22  74.42    69.80  80.01    63.54  73.74
2023-10-28    63.85  74.05    63.82  74.03   201.34 211.54    63.28  73.48    68.86  79.07    62.60  72.80
2023-10-29    62.91  73.11    62.88  73.09   200.40 210.60    62.34  72.54    67.92  78.13    61.66  71.86
2023-10-30    61.97  72.17    61.94  72.15   199.46 209.66    61.40  71.60    66.98  77.19    60.72  70.92
2023-10-31    61.03  71.23    61.00  71.21   198.51 208.72    60.46  70.66    66.04  76.25    59.77  69.98
2023-11-01    60.08  70.29    60.06  70.26   197.57 207.78    59.51  69.72    65.10  75.30    58.83  69.04
2023-11-02    59.34  69.14    59.31  69.12   196.83 206.63    58.77  68.57    64.35  74.16    58.09  67.89
2023-11-03    58.59  68.00    58.57  67.97   196.08 205.49    58.02  67.43    63.61  73.01    57.34  66.75
2023-11-04    57.85  66.85    57.82  66.83   195.33 204.34    57.28  66.28    62.86  71.87    56.59  65.60
2023-11-05    57.10  65.71    57.07  65.68   194.58 203.19    56.53  65.14    62.11  70.72    55.85  64.46
2023-11-06    56.34  64.56    56.32  64.53   193.83 202.05    55.77  63.99    61.36  69.57    55.09  63.31
2023-11-07    55.59  63.41    55.56  63.38   193.08 200.90    55.02  62.84    60.61  68.42    54.34  62.16
2023-11-08    54.83  62.26    54.81  62.23   192.32 199.75    54.26  61.69    59.85  67.28    53.58  61.01
2023-11-09    54.08  61.11    54.05  61.08   191.56 198.60    53.51  60.54    59.09  66.12    52.83  59.86
