
       Target
                ecliptic
RA      Dec     latitude
285.717  44.758  66.622

Checked interval [2020-01-01, 2023-12-31]
|           Window [days]                 |    Normal V3 PA [deg]    |
   Start           End         Duration         Start         End         RA            Dec     
 2020-04-05      2020-11-04       213.00     265.81989      61.87959     285.71744      44.75835 
 2021-04-05      2021-11-04       212.99     266.08108      62.14306     285.71744      44.75835 
 2022-04-06      2022-11-05       213.00     265.46447      61.47584     285.71744      44.75835 
 2023-04-06      2023-11-05       213.00     265.74433      61.72697     285.71744      44.75835 


                V3PA          NIRCam           NIRSpec         NIRISS           MIRI          FGS
   Date      min    max      min    max       min    max     min    max      min    max      min    max

2020-04-06   262.22 269.24   262.20 269.21    39.71  46.72   261.65 268.67   267.24 274.25   260.97 267.99
2020-04-07   261.08 268.57   261.06 268.55    38.57  46.06   260.51 268.00   266.10 273.59   259.83 267.32
2020-04-08   259.95 267.91   259.92 267.88    37.43  45.40   259.38 267.34   264.96 272.93   258.70 266.66
2020-04-09   258.81 267.25   258.78 267.22    36.30  44.74   258.24 266.68   263.83 272.27   257.56 266.00
2020-04-10   257.67 266.59   257.65 266.57    35.16  44.08   257.10 266.02   262.69 271.61   256.42 265.34
2020-04-11   256.54 265.94   256.51 265.91    34.03  43.42   255.97 265.37   261.56 270.95   255.29 264.69
2020-04-12   255.41 265.28   255.38 265.26    32.89  42.77   254.84 264.71   260.42 270.30   254.15 264.03
2020-04-13   254.35 264.56   254.32 264.53    31.83  42.04   253.78 263.99   259.36 269.57   253.10 263.30
2020-04-14   253.46 263.66   253.43 263.64    30.94  41.15   252.89 263.09   258.47 268.68   252.21 262.41
2020-04-15   252.57 262.77   252.54 262.74    30.05  40.26   252.00 262.20   257.58 267.79   251.32 261.52
2020-04-16   251.68 261.88   251.65 261.85    29.16  39.37   251.11 261.31   256.69 266.89   250.43 260.63
2020-04-17   250.79 260.99   250.76 260.96    28.28  38.48   250.22 260.42   255.80 266.00   249.54 259.74
2020-04-18   249.90 260.10   249.87 260.07    27.39  37.59   249.33 259.53   254.92 265.12   248.65 258.85
2020-04-19   249.01 259.21   248.99 259.19    26.50  36.70   248.44 258.64   254.03 264.23   247.76 257.96
2020-04-20   248.12 258.32   248.10 258.30    25.61  35.81   247.55 257.75   253.14 263.34   246.87 257.07
2020-04-21   247.24 257.44   247.21 257.41    24.72  34.93   246.67 256.87   252.25 262.45   245.99 256.19
2020-04-22   246.35 256.55   246.32 256.52    23.84  34.04   245.78 255.98   251.36 261.57   245.10 255.30
2020-04-23   245.46 255.67   245.44 255.64    22.95  33.15   244.89 255.10   250.48 260.68   244.21 254.41
2020-04-24   244.57 254.78   244.55 254.75    22.06  32.27   244.00 254.21   249.59 259.80   243.32 253.53
2020-04-25   243.69 253.89   243.66 253.87    21.17  31.38   243.12 253.32   248.70 258.91   242.44 252.64
2020-04-26   242.80 253.01   242.77 252.98    20.29  30.50   242.23 252.44   247.81 258.02   241.55 251.76
2020-04-27   241.91 252.12   241.88 252.10    19.40  29.61   241.34 251.55   246.93 257.14   240.66 250.87
2020-04-28   241.02 251.24   241.00 251.21    18.51  28.73   240.45 250.67   246.04 256.25   239.77 249.99
2020-04-29   240.13 250.35   240.11 250.33    17.62  27.84   239.56 249.78   245.15 255.37   238.88 249.10
2020-04-30   239.24 249.47   239.22 249.44    16.73  26.96   238.67 248.90   244.26 254.48   237.99 248.22
2020-05-01   238.35 248.58   238.33 248.56    15.84  26.07   237.78 248.01   243.37 253.60   237.10 247.33
2020-05-02   237.46 247.70   237.43 247.67    14.95  25.19   236.89 247.13   242.48 252.71   236.21 246.45
2020-05-03   236.57 246.81   236.54 246.78    14.06  24.30   236.00 246.24   241.58 251.83   235.32 245.56
2020-05-04   235.67 245.92   235.65 245.90    13.16  23.41   235.10 245.35   240.69 250.94   234.42 244.67
2020-05-05   234.78 245.04   234.75 245.01    12.27  22.52   234.21 244.47   239.80 250.05   233.53 243.79
2020-05-06   233.88 244.15   233.86 244.12    11.37  21.64   233.31 243.58   238.90 249.16   232.63 242.90
2020-05-07   232.99 243.26   232.96 243.23    10.48  20.75   232.42 242.69   238.00 248.27   231.74 242.01
2020-05-08   232.09 242.37   232.06 242.34     9.58  19.86   231.52 241.80   237.10 247.38   230.84 241.12
2020-05-09   231.19 241.48   231.16 241.45     8.68  18.97   230.62 240.91   236.21 246.49   229.94 240.23
2020-05-10   230.29 240.59   230.26 240.56     7.78  18.07   229.72 240.02   235.30 245.60   229.04 239.34
2020-05-11   229.39 239.69   229.36 239.67     6.87  17.18   228.82 239.12   234.40 244.71   228.14 238.44
2020-05-12   228.48 238.80   228.46 238.77     5.97  16.29   227.91 238.23   233.50 243.81   227.23 237.55
2020-05-13   227.58 237.90   227.55 237.88     5.06  15.39   227.01 237.33   232.59 242.92   226.33 236.65
2020-05-14   226.67 237.01   226.64 236.98     4.16  14.49   226.10 236.44   231.68 242.02   225.42 235.75
2020-05-15   225.76 236.11   225.73 236.08     3.25  13.59   225.19 235.54   230.78 241.12   224.51 234.86
2020-05-16   224.85 235.21   224.82 235.18     2.34  12.69   224.28 234.64   229.86 240.22   223.60 233.96
2020-05-17   223.94 234.30   223.91 234.28     1.42  11.79   223.37 233.73   228.95 239.32   222.68 233.05
2020-05-18   223.02 233.40   222.99 233.37     0.51  10.89   222.45 232.83   228.04 238.42   221.77 232.15
2020-05-19   222.10 232.50   222.08 232.47   359.59   9.98   221.53 231.93   227.12 237.51   220.85 231.24
2020-05-20   221.18 231.59   221.16 231.56   358.67   9.08   220.61 231.02   226.20 236.60   219.93 230.34
2020-05-21   220.26 230.68   220.24 230.65   357.75   8.17   219.69 230.11   225.28 235.69   219.01 229.43
2020-05-22   219.34 229.77   219.31 229.74   356.83   7.26   218.77 229.20   224.35 234.78   218.09 228.52
2020-05-23   218.41 228.85   218.39 228.83   355.90   6.34   217.84 228.28   223.43 233.87   217.16 227.60
2020-05-24   217.48 227.94   217.46 227.91   354.97   5.43   216.91 227.37   222.50 232.95   216.23 226.69
2020-05-25   216.55 227.02   216.53 227.00   354.04   4.51   215.98 226.45   221.57 232.04   215.30 225.77
2020-05-26   215.62 226.10   215.59 226.08   353.11   3.59   215.05 225.53   220.63 231.12   214.37 224.85
2020-05-27   214.68 225.18   214.66 225.15   352.17   2.67   214.11 224.61   219.70 230.20   213.43 223.93
2020-05-28   213.74 224.26   213.72 224.23   351.23   1.74   213.17 223.69   218.76 229.27   212.49 223.01
2020-05-29   212.80 223.33   212.78 223.30   350.29   0.82   212.23 222.76   217.82 228.34   211.55 222.08
2020-05-30   211.86 222.40   211.83 222.37   349.35 359.89   211.29 221.83   216.87 227.41   210.61 221.15
2020-05-31   210.91 221.47   210.89 221.44   348.40 358.96   210.34 220.90   215.93 226.48   209.66 220.22
2020-06-01   209.96 220.53   209.94 220.51   347.45 358.02   209.39 219.96   214.98 225.55   208.71 219.28
2020-06-02   209.01 219.60   208.98 219.57   346.50 357.08   208.44 219.03   214.03 224.61   207.76 218.35
2020-06-03   208.06 218.66   208.03 218.63   345.54 356.14   207.49 218.09   213.07 223.67   206.80 217.41
2020-06-04   207.10 217.71   207.07 217.69   344.58 355.20   206.53 217.14   212.11 222.73   205.85 216.46
2020-06-05   206.14 216.77   206.11 216.74   343.62 354.26   205.57 216.20   211.15 221.78   204.89 215.52
2020-06-06   205.17 215.82   205.15 215.79   342.66 353.31   204.60 215.25   210.19 220.84   203.92 214.57
2020-06-07   204.21 214.87   204.18 214.84   341.69 352.36   203.64 214.30   209.22 219.89   202.96 213.62
2020-06-08   203.24 213.92   203.21 213.89   340.73 351.40   202.67 213.35   208.25 218.93   201.99 212.67
2020-06-09   202.27 212.96   202.24 212.93   339.75 350.45   201.70 212.39   207.28 217.98   201.01 211.71
2020-06-10   201.29 212.00   201.26 211.97   338.78 349.49   200.72 211.43   206.31 217.02   200.04 210.75
2020-06-11   200.31 211.04   200.29 211.01   337.80 348.53   199.74 210.47   205.33 216.05   199.06 209.79
2020-06-12   199.33 210.07   199.31 210.05   336.82 347.56   198.76 209.50   204.35 215.09   198.08 208.82
2020-06-13   198.35 209.10   198.32 209.08   335.84 346.59   197.78 208.53   203.36 214.12   197.10 207.85
2020-06-14   197.36 208.13   197.34 208.11   334.85 345.62   196.79 207.56   202.38 213.15   196.11 206.88
2020-06-15   196.37 207.16   196.35 207.13   333.86 344.65   195.80 206.59   201.39 212.17   195.12 205.91
2020-06-16   195.38 206.18   195.35 206.16   332.87 343.67   194.81 205.61   200.39 211.20   194.13 204.93
2020-06-17   194.38 205.20   194.36 205.18   331.87 342.69   193.81 204.63   199.40 210.22   193.13 203.95
2020-06-18   193.39 204.22   193.36 204.19   330.87 341.71   192.82 203.65   198.40 209.23   192.14 202.97
2020-06-19   192.39 203.23   192.36 203.21   329.87 340.72   191.82 202.66   197.40 208.25   191.13 201.98
2020-06-20   191.38 202.24   191.36 202.22   328.87 339.73   190.81 201.67   196.40 207.26   190.13 200.99
2020-06-21   190.38 201.25   190.35 201.23   327.86 338.74   189.81 200.68   195.39 206.27   189.13 200.00
2020-06-22   189.37 200.26   189.34 200.23   326.85 337.74   188.80 199.69   194.38 205.27   188.12 199.01
2020-06-23   188.36 199.26   188.33 199.23   325.84 336.75   187.79 198.69   193.37 204.27   187.10 198.01
2020-06-24   187.34 198.26   187.31 198.23   324.83 335.75   186.77 197.69   192.36 203.27   186.09 197.01
2020-06-25   186.32 197.26   186.30 197.23   323.81 334.74   185.75 196.69   191.34 202.27   185.07 196.00
2020-06-26   185.31 196.25   185.28 196.22   322.79 333.74   184.74 195.68   190.32 201.26   184.05 195.00
2020-06-27   184.28 195.24   184.26 195.21   321.77 332.73   183.71 194.67   189.30 200.26   183.03 193.99
2020-06-28   183.26 194.23   183.23 194.20   320.75 331.72   182.69 193.66   188.27 199.24   182.01 192.98
2020-06-29   182.23 193.21   182.21 193.19   319.72 330.70   181.66 192.64   187.25 198.23   180.98 191.96
2020-06-30   181.20 192.20   181.18 192.17   318.69 329.68   180.63 191.63   186.22 197.21   179.95 190.95
2020-07-01   180.17 191.18   180.15 191.15   317.66 328.67   179.60 190.61   185.19 196.19   178.92 189.93
2020-07-02   179.14 190.16   179.12 190.13   316.63 327.64   178.57 189.59   184.16 195.17   177.89 188.91
2020-07-03   178.11 189.13   178.08 189.11   315.59 326.62   177.54 188.56   183.12 194.15   176.86 187.88
2020-07-04   177.07 188.11   177.04 188.08   314.56 325.59   176.50 187.54   182.09 193.12   175.82 186.85
2020-07-05   176.03 187.08   176.01 187.05   313.52 324.56   175.46 186.51   181.05 192.09   174.78 185.83
2020-07-06   174.99 186.05   174.97 186.02   312.48 323.53   174.42 185.48   180.01 191.06   173.74 184.79
2020-07-07   173.95 185.01   173.92 184.99   311.44 322.50   173.38 184.44   178.97 190.03   172.70 183.76
2020-07-08   172.91 183.98   172.88 183.95   310.40 321.46   172.34 183.41   177.92 188.99   171.66 182.73
2020-07-09   171.86 182.94   171.84 182.91   309.35 320.43   171.29 182.37   176.88 187.96   170.61 181.69
2020-07-10   170.82 181.90   170.79 181.88   308.31 319.39   170.25 181.33   175.83 186.92   169.57 180.65
2020-07-11   169.77 180.86   169.74 180.83   307.26 318.35   169.20 180.29   174.79 185.88   168.52 179.61
2020-07-12   168.72 179.82   168.70 179.79   306.21 317.31   168.15 179.25   173.74 184.83   167.47 178.57
2020-07-13   167.67 178.78   167.65 178.75   305.16 316.26   167.10 178.21   172.69 183.79   166.42 177.52
2020-07-14   166.62 177.73   166.60 177.70   304.11 315.22   166.05 177.16   171.64 182.75   165.37 176.48
2020-07-15   165.57 176.68   165.55 176.66   303.06 314.17   165.00 176.11   170.59 181.70   164.32 175.43
2020-07-16   164.52 175.64   164.50 175.61   302.01 313.12   163.95 175.07   169.54 180.65   163.27 174.39
2020-07-17   163.47 174.59   163.45 174.56   300.96 312.08   162.90 174.02   168.49 179.60   162.22 173.34
2020-07-18   162.42 173.54   162.39 173.51   299.91 311.03   161.85 172.97   167.44 178.55   161.17 172.29
2020-07-19   161.37 172.49   161.34 172.46   298.86 309.98   160.80 171.92   166.38 177.50   160.12 171.24
2020-07-20   160.32 171.44   160.29 171.41   297.80 308.93   159.75 170.87   165.33 176.45   159.07 170.19
2020-07-21   159.26 170.39   159.24 170.36   296.75 307.87   158.69 169.82   164.28 175.40   158.01 169.14
2020-07-22   158.21 169.34   158.19 169.31   295.70 306.82   157.64 168.77   163.23 174.35   156.96 168.08
2020-07-23   157.16 168.28   157.14 168.26   294.65 305.77   156.59 167.71   162.18 173.30   155.91 167.03
2020-07-24   156.11 167.23   156.08 167.20   293.60 304.72   155.54 166.66   161.13 172.25   154.86 165.98
2020-07-25   155.06 166.18   155.03 166.15   292.55 303.67   154.49 165.61   160.08 171.19   153.81 164.93
2020-07-26   154.01 165.13   153.98 165.10   291.50 302.61   153.44 164.56   159.03 170.14   152.76 163.88
2020-07-27   152.96 164.07   152.94 164.05   290.45 301.56   152.39 163.50   157.98 169.09   151.71 162.82
2020-07-28   151.91 163.02   151.89 163.00   289.40 300.51   151.34 162.45   156.93 168.04   150.66 161.77
2020-07-29   150.87 161.97   150.84 161.94   288.35 299.46   150.30 161.40   155.88 166.99   149.62 160.72
2020-07-30   149.82 160.92   149.79 160.89   287.31 298.41   149.25 160.35   154.84 165.94   148.57 159.67
2020-07-31   148.78 159.87   148.75 159.84   286.26 297.36   148.21 159.30   153.79 164.89   147.52 158.62
2020-08-01   147.73 158.82   147.71 158.79   285.22 296.31   147.16 158.25   152.75 163.84   146.48 157.57
2020-08-02   146.69 157.77   146.66 157.75   284.18 295.26   146.12 157.20   151.71 162.79   145.44 156.52
2020-08-03   145.65 156.73   145.62 156.70   283.14 294.21   145.08 156.16   150.67 161.74   144.40 155.47
2020-08-04   144.61 155.68   144.58 155.65   282.10 293.17   144.04 155.11   149.63 160.69   143.36 154.43
2020-08-05   143.57 154.63   143.55 154.61   281.06 292.12   143.00 154.06   148.59 159.65   142.32 153.38
2020-08-06   142.54 153.59   142.51 153.56   280.03 291.08   141.97 153.02   147.55 158.61   141.29 152.34
2020-08-07   141.51 152.55   141.48 152.52   278.99 290.03   140.94 151.98   146.52 157.56   140.25 151.30
2020-08-08   140.47 151.51   140.45 151.48   277.96 288.99   139.90 150.94   145.49 156.52   139.22 150.26
2020-08-09   139.44 150.47   139.42 150.44   276.93 287.95   138.87 149.90   144.46 155.48   138.19 149.22
2020-08-10   138.42 149.43   138.39 149.40   275.90 286.92   137.85 148.86   143.43 154.44   137.17 148.18
2020-08-11   137.39 148.39   137.37 148.37   274.88 285.88   136.82 147.82   142.41 153.41   136.14 147.14
2020-08-12   136.37 147.36   136.34 147.33   273.86 284.85   135.80 146.79   141.38 152.37   135.12 146.11
2020-08-13   135.35 146.33   135.32 146.30   272.84 283.81   134.78 145.76   140.36 151.34   134.10 145.08
2020-08-14   134.33 145.30   134.30 145.27   271.82 282.78   133.76 144.73   139.35 150.31   133.08 144.05
2020-08-15   133.32 144.27   133.29 144.24   270.80 281.76   132.75 143.70   138.33 149.28   132.06 143.02
2020-08-16   132.30 143.24   132.28 143.22   269.79 280.73   131.73 142.67   137.32 148.26   131.05 141.99
2020-08-17   131.29 142.22   131.26 142.19   268.78 279.71   130.72 141.65   136.31 147.23   130.04 140.97
2020-08-18   130.28 141.20   130.26 141.17   267.77 278.68   129.71 140.63   135.30 146.21   129.03 139.95
2020-08-19   129.28 140.18   129.25 140.15   266.76 277.67   128.71 139.61   134.29 145.19   128.03 138.93
2020-08-20   128.27 139.16   128.25 139.13   265.76 276.65   127.70 138.59   133.29 144.18   127.02 137.91
2020-08-21   127.27 138.15   127.25 138.12   264.76 275.63   126.70 137.58   132.29 143.16   126.02 136.90
2020-08-22   126.28 137.13   126.25 137.11   263.76 274.62   125.71 136.56   131.29 142.15   125.03 135.88
2020-08-23   125.28 136.13   125.26 136.10   262.77 273.61   124.71 135.56   130.30 141.14   124.03 134.87
2020-08-24   124.29 135.12   124.26 135.09   261.78 272.61   123.72 134.55   129.30 140.13   123.04 133.87
2020-08-25   123.30 134.11   123.27 134.09   260.79 271.60   122.73 133.54   128.32 139.13   122.05 132.86
2020-08-26   122.31 133.11   122.29 133.09   259.80 270.60   121.74 132.54   127.33 138.13   121.06 131.86
2020-08-27   121.33 132.11   121.30 132.09   258.82 269.60   120.76 131.54   126.34 137.13   120.08 130.86
2020-08-28   120.35 131.12   120.32 131.09   257.84 268.60   119.78 130.55   125.36 136.13   119.10 129.87
2020-08-29   119.37 130.12   119.34 130.10   256.86 267.61   118.80 129.55   124.38 135.14   118.12 128.87
2020-08-30   118.39 129.13   118.37 129.10   255.88 266.62   117.82 128.56   123.41 134.15   117.14 127.88
2020-08-31   117.42 128.14   117.39 128.12   254.91 265.63   116.85 127.57   122.44 133.16   116.17 126.89
2020-09-01   116.45 127.16   116.42 127.13   253.94 264.64   115.88 126.59   121.47 132.17   115.20 125.91
2020-09-02   115.48 126.17   115.46 126.15   252.97 263.66   114.91 125.60   120.50 131.19   114.23 124.92
2020-09-03   114.52 125.19   114.49 125.17   252.01 262.68   113.95 124.62   119.53 130.21   113.27 123.94
2020-09-04   113.56 124.21   113.53 124.19   251.04 261.70   112.99 123.64   118.57 129.23   112.30 122.96
2020-09-05   112.60 123.24   112.57 123.21   250.08 260.73   112.03 122.67   117.61 128.25   111.35 121.99
2020-09-06   111.64 122.27   111.61 122.24   249.13 259.75   111.07 121.70   116.65 127.28   110.39 121.02
2020-09-07   110.68 121.30   110.66 121.27   248.17 258.78   110.11 120.73   115.70 126.31   109.43 120.05
2020-09-08   109.73 120.33   109.71 120.30   247.22 257.82   109.16 119.76   114.75 125.34   108.48 119.08
2020-09-09   108.78 119.36   108.76 119.34   246.27 256.85   108.21 118.79   113.80 124.38   107.53 118.11
2020-09-10   107.84 118.40   107.81 118.38   245.32 255.89   107.27 117.83   112.85 123.42   106.59 117.15
2020-09-11   106.89 117.44   106.87 117.42   244.38 254.93   106.32 116.87   111.91 122.46   105.64 116.19
2020-09-12   105.95 116.49   105.92 116.46   243.44 253.97   105.38 115.92   110.97 121.50   104.70 115.24
2020-09-13   105.01 115.53   104.98 115.51   242.50 253.02   104.44 114.96   110.03 120.55   103.76 114.28
2020-09-14   104.07 114.58   104.05 114.55   241.56 252.07   103.50 114.01   109.09 119.59   102.82 113.33
2020-09-15   103.14 113.63   103.11 113.60   240.62 251.12   102.57 113.06   108.15 118.65   101.89 112.38
2020-09-16   102.20 112.68   102.18 112.66   239.69 250.17   101.63 112.11   107.22 117.70   100.95 111.43
2020-09-17   101.27 111.74   101.25 111.71   238.76 249.23   100.70 111.17   106.29 116.75   100.02 110.49
2020-09-18   100.34 110.80   100.32 110.77   237.83 248.28    99.77 110.23   105.36 115.81    99.09 109.54
2020-09-19    99.42 109.86    99.39 109.83   236.90 247.34    98.85 109.29   104.43 114.87    98.17 108.60
2020-09-20    98.49 108.92    98.47 108.89   235.98 246.40    97.92 108.35   103.51 113.93    97.24 107.67
2020-09-21    97.57 107.98    97.54 107.95   235.06 245.47    97.00 107.41   102.58 113.00    96.32 106.73
2020-09-22    96.65 107.05    96.62 107.02   234.14 244.53    96.08 106.48   101.66 112.06    95.40 105.80
2020-09-23    95.73 106.12    95.70 106.09   233.22 243.60    95.16 105.55   100.74 111.13    94.48 104.86
2020-09-24    94.81 105.19    94.78 105.16   232.30 242.67    94.24 104.62    99.83 110.20    93.56 103.93
2020-09-25    93.89 104.26    93.87 104.23   231.38 241.74    93.32 103.69    98.91 109.27    92.64 103.01
2020-09-26    92.98 103.33    92.95 103.30   230.47 240.82    92.41 102.76    97.99 108.35    91.73 102.08
2020-09-27    92.07 102.41    92.04 102.38   229.55 239.89    91.50 101.84    97.08 107.42    90.82 101.16
2020-09-28    91.15 101.48    91.13 101.46   228.64 238.97    90.58 100.91    96.17 106.50    89.90 100.23
2020-09-29    90.24 100.56    90.22 100.54   227.73 238.05    89.67  99.99    95.26 105.58    88.99  99.31
2020-09-30    89.33  99.64    89.31  99.62   226.82 237.13    88.76  99.07    94.35 104.66    88.08  98.39
2020-10-01    88.43  98.73    88.40  98.70   225.91 236.21    87.86  98.16    93.44 103.74    87.17  97.48
2020-10-02    87.52  97.81    87.49  97.78   225.01 235.30    86.95  97.24    92.53 102.83    86.27  96.56
2020-10-03    86.61  96.89    86.58  96.87   224.10 234.38    86.04  96.32    91.63 101.91    85.36  95.64
2020-10-04    85.71  95.98    85.68  95.95   223.19 233.47    85.14  95.41    90.72 101.00    84.46  94.73
2020-10-05    84.80  95.07    84.77  95.04   222.29 232.56    84.23  94.50    89.82 100.08    83.55  93.82
2020-10-06    83.90  94.16    83.87  94.13   221.38 231.64    83.33  93.59    88.91  99.17    82.65  92.91
2020-10-07    82.99  93.25    82.97  93.22   220.48 230.73    82.42  92.68    88.01  98.26    81.74  92.00
2020-10-08    82.09  92.34    82.06  92.31   219.58 229.82    81.52  91.77    87.11  97.35    80.84  91.09
2020-10-09    81.19  91.43    81.16  91.40   218.68 228.92    80.62  90.86    86.20  96.44    79.94  90.18
2020-10-10    80.29  90.52    80.26  90.49   217.77 228.01    79.72  89.95    85.30  95.54    79.04  89.27
2020-10-11    79.39  89.61    79.36  89.59   216.87 227.10    78.82  89.04    84.40  94.63    78.13  88.36
2020-10-12    78.48  88.71    78.46  88.68   215.97 226.19    77.91  88.14    83.50  93.72    77.23  87.46
2020-10-13    77.58  87.80    77.56  87.77   215.07 225.29    77.01  87.23    82.60  92.82    76.33  86.55
2020-10-14    76.68  86.90    76.65  86.87   214.17 224.38    76.11  86.33    81.70  91.91    75.43  85.64
2020-10-15    75.78  85.99    75.75  85.96   213.27 223.48    75.21  85.42    80.79  91.01    74.53  84.74
2020-10-16    74.88  85.09    74.85  85.06   212.36 222.57    74.31  84.52    79.89  90.10    73.63  83.84
2020-10-17    73.98  84.18    73.95  84.15   211.46 221.67    73.41  83.61    78.99  89.20    72.72  82.93
2020-10-18    73.07  83.28    73.05  83.25   210.56 220.76    72.50  82.71    78.09  88.29    71.82  82.03
2020-10-19    72.17  82.37    72.14  82.35   209.66 219.86    71.60  81.80    77.19  87.39    70.92  81.12
2020-10-20    71.27  81.47    71.24  81.44   208.75 218.96    70.70  80.90    76.28  86.48    70.02  80.22
2020-10-21    70.36  80.56    70.34  80.54   207.85 218.05    69.79  79.99    75.38  85.58    69.11  79.31
2020-10-22    69.46  79.66    69.43  79.63   206.95 217.15    68.89  79.09    74.47  84.67    68.21  78.41
2020-10-23    68.55  78.75    68.53  78.73   206.04 216.24    67.98  78.18    73.57  83.77    67.30  77.50
2020-10-24    67.65  77.85    67.62  77.82   205.13 215.33    67.08  77.28    72.66  82.86    66.40  76.60
2020-10-25    66.74  76.94    66.71  76.91   204.23 214.43    66.17  76.37    71.75  81.96    65.49  75.69
2020-10-26    65.83  76.03    65.80  76.01   203.32 213.52    65.26  75.46    70.85  81.05    64.58  74.78
2020-10-27    64.92  75.13    64.89  75.10   202.41 212.61    64.35  74.56    69.94  80.14    63.67  73.88
2020-10-28    64.01  74.22    63.98  74.19   201.50 211.71    63.44  73.65    69.02  79.23    62.76  72.97
2020-10-29    63.24  73.16    63.22  73.14   200.73 210.65    62.67  72.59    68.26  78.18    61.99  71.91
2020-10-30    62.57  72.01    62.55  71.98   200.06 209.49    62.00  71.44    67.59  77.02    61.32  70.76
2020-10-31    61.90  70.85    61.88  70.82   199.39 208.34    61.33  70.28    66.92  75.87    60.65  69.60
2020-11-01    61.23  69.69    61.20  69.67   198.72 207.18    60.66  69.12    66.25  74.71    59.98  68.44
2020-11-02    60.56  68.54    60.53  68.51   198.04 206.02    59.99  67.97    65.57  73.55    59.31  67.28
2020-11-03    59.88  67.38    59.85  67.35   197.37 204.86    59.31  66.81    64.90  72.39    58.63  66.12
2020-11-04    59.20  66.22    59.18  66.19   196.69 203.70    58.63  65.65    64.22  71.23    57.95  64.96

2021-04-06   262.57 269.43   262.55 269.40    40.06  46.92   262.00 268.86   267.59 274.45   261.32 268.18
2021-04-07   261.43 268.77   261.41 268.74    38.92  46.25   260.86 268.20   266.45 273.78   260.18 267.52
2021-04-08   260.30 268.10   260.27 268.08    37.78  45.59   259.73 267.53   265.31 273.12   259.05 266.85
2021-04-09   259.16 267.44   259.13 267.42    36.65  44.93   258.59 266.87   264.17 272.46   257.91 266.19
2021-04-10   258.02 266.79   258.00 266.76    35.51  44.27   257.45 266.22   263.04 271.80   256.77 265.54
2021-04-11   256.89 266.13   256.86 266.10    34.38  43.62   256.32 265.56   261.90 271.15   255.64 264.88
2021-04-12   255.75 265.48   255.73 265.45    33.24  42.96   255.18 264.91   260.77 270.49   254.50 264.23
2021-04-13   254.62 264.82   254.59 264.80    32.11  42.31   254.05 264.25   259.64 269.84   253.37 263.57
2021-04-14   253.73 263.93   253.70 263.91    31.21  41.42   253.16 263.36   258.74 268.95   252.48 262.68
2021-04-15   252.84 263.04   252.81 263.01    30.32  40.53   252.27 262.47   257.85 268.06   251.59 261.79
2021-04-16   251.95 262.15   251.92 262.12    29.43  39.64   251.38 261.58   256.96 267.17   250.70 260.90
2021-04-17   251.06 261.26   251.03 261.23    28.55  38.75   250.49 260.69   256.07 266.28   249.81 260.01
2021-04-18   250.17 260.37   250.14 260.34    27.66  37.86   249.60 259.80   255.19 265.39   248.92 259.12
2021-04-19   249.28 259.48   249.26 259.46    26.77  36.97   248.71 258.91   254.30 264.50   248.03 258.23
2021-04-20   248.39 258.59   248.37 258.57    25.88  36.08   247.82 258.02   253.41 263.61   247.14 257.34
2021-04-21   247.51 257.71   247.48 257.68    24.99  35.19   246.94 257.14   252.52 262.72   246.26 256.46
2021-04-22   246.62 256.82   246.59 256.79    24.11  34.31   246.05 256.25   251.63 261.84   245.37 255.57
2021-04-23   245.73 255.93   245.70 255.91    23.22  33.42   245.16 255.36   250.75 260.95   244.48 254.68
2021-04-24   244.84 255.05   244.82 255.02    22.33  32.54   244.27 254.48   249.86 260.06   243.59 253.80
2021-04-25   243.96 254.16   243.93 254.14    21.44  31.65   243.39 253.59   248.97 259.18   242.70 252.91
2021-04-26   243.07 253.28   243.04 253.25    20.55  30.76   242.50 252.71   248.08 258.29   241.82 252.03
2021-04-27   242.18 252.39   242.15 252.37    19.67  29.88   241.61 251.82   247.19 257.41   240.93 251.14
2021-04-28   241.29 251.51   241.26 251.48    18.78  28.99   240.72 250.94   246.30 256.52   240.04 250.26
2021-04-29   240.40 250.62   240.37 250.59    17.89  28.11   239.83 250.05   245.42 255.64   239.15 249.37
2021-04-30   239.51 249.73   239.48 249.71    17.00  27.22   238.94 249.16   244.52 254.75   238.26 248.48
2021-05-01   238.62 248.85   238.59 248.82    16.11  26.34   238.05 248.28   243.63 253.86   237.37 247.60
2021-05-02   237.73 247.96   237.70 247.94    15.21  25.45   237.16 247.39   242.74 252.98   236.48 246.71
2021-05-03   236.83 247.08   236.81 247.05    14.32  24.56   236.26 246.51   241.85 252.09   235.58 245.82
2021-05-04   235.94 246.19   235.91 246.16    13.43  23.68   235.37 245.62   240.96 251.20   234.69 244.94
2021-05-05   235.05 245.30   235.02 245.27    12.53  22.79   234.48 244.73   240.06 250.31   233.79 244.05
2021-05-06   234.15 244.41   234.12 244.38    11.64  21.90   233.58 243.84   239.16 249.43   232.90 243.16
2021-05-07   233.25 243.52   233.23 243.49    10.74  21.01   232.68 242.95   238.27 248.54   232.00 242.27
2021-05-08   232.35 242.63   232.33 242.60     9.84  20.12   231.78 242.06   237.37 247.65   231.10 241.38
2021-05-09   231.45 241.74   231.43 241.71     8.94  19.23   230.88 241.17   236.47 246.75   230.20 240.49
2021-05-10   230.55 240.85   230.53 240.82     8.04  18.33   229.98 240.28   235.57 245.86   229.30 239.60
2021-05-11   229.65 239.95   229.62 239.93     7.14  17.44   229.08 239.38   234.66 244.97   228.40 238.70
2021-05-12   228.74 239.06   228.72 239.03     6.23  16.54   228.17 238.49   233.76 244.07   227.49 237.81
2021-05-13   227.84 238.16   227.81 238.13     5.33  15.65   227.27 237.59   232.85 243.18   226.59 236.91
2021-05-14   226.93 237.26   226.90 237.24     4.42  14.75   226.36 236.69   231.94 242.28   225.68 236.01
2021-05-15   226.02 236.36   225.99 236.34     3.51  13.85   225.45 235.79   231.03 241.38   224.77 235.11
2021-05-16   225.11 235.46   225.08 235.44     2.60  12.95   224.54 234.89   230.12 240.48   223.86 234.21
2021-05-17   224.19 234.56   224.17 234.53     1.68  12.05   223.62 233.99   229.21 239.58   222.94 233.31
2021-05-18   223.28 233.66   223.25 233.63     0.77  11.14   222.71 233.09   228.29 238.67   222.03 232.41
2021-05-19   222.36 232.75   222.33 232.72   359.85  10.24   221.79 232.18   227.38 237.76   221.11 231.50
2021-05-20   221.44 231.84   221.41 231.82   358.93   9.33   220.87 231.27   226.46 236.86   220.19 230.59
2021-05-21   220.52 230.93   220.49 230.91   358.01   8.42   219.95 230.36   225.53 235.95   219.27 229.68
2021-05-22   219.59 230.02   219.57 229.99   357.08   7.51   219.02 229.45   224.61 235.04   218.34 228.77
2021-05-23   218.67 229.11   218.64 229.08   356.15   6.59   218.10 228.54   223.68 234.12   217.42 227.86
2021-05-24   217.74 228.19   217.71 228.16   355.22   5.68   217.17 227.62   222.75 233.21   216.49 226.94
2021-05-25   216.80 227.27   216.78 227.25   354.29   4.76   216.23 226.70   221.82 232.29   215.55 226.02
2021-05-26   215.87 226.35   215.84 226.32   353.36   3.84   215.30 225.78   220.89 231.37   214.62 225.10
2021-05-27   214.93 225.43   214.91 225.40   352.42   2.92   214.36 224.86   219.95 230.44   213.68 224.18
2021-05-28   213.99 224.50   213.97 224.48   351.48   1.99   213.42 223.93   219.01 229.52   212.74 223.25
2021-05-29   213.05 223.58   213.03 223.55   350.54   1.06   212.48 223.01   218.07 228.59   211.80 222.32
2021-05-30   212.11 222.65   212.08 222.62   349.59   0.13   211.54 222.08   217.12 227.66   210.86 221.39
2021-05-31   211.16 221.71   211.13 221.69   348.65 359.20   210.59 221.14   216.17 226.73   209.91 220.46
2021-06-01   210.21 220.78   210.18 220.75   347.70 358.26   209.64 220.21   215.22 225.79   208.96 219.53
2021-06-02   209.26 219.84   209.23 219.81   346.74 357.33   208.69 219.27   214.27 224.85   208.01 218.59
2021-06-03   208.30 218.90   208.27 218.87   345.79 356.39   207.73 218.33   213.32 223.91   207.05 217.65
2021-06-04   207.34 217.96   207.31 217.93   344.83 355.44   206.77 217.39   212.36 222.97   206.09 216.70
2021-06-05   206.38 217.01   206.35 216.98   343.87 354.50   205.81 216.44   211.40 222.02   205.13 215.76
2021-06-06   205.42 216.06   205.39 216.03   342.90 353.55   204.85 215.49   210.43 221.08   204.16 214.81
2021-06-07   204.45 215.11   204.42 215.08   341.94 352.60   203.88 214.54   209.46 220.12   203.20 213.86
2021-06-08   203.48 214.15   203.45 214.13   340.97 351.64   202.91 213.58   208.49 219.17   202.23 212.90
2021-06-09   202.50 213.20   202.48 213.17   339.99 350.68   201.93 212.63   207.52 218.21   201.25 211.95
2021-06-10   201.53 212.24   201.50 212.21   339.02 349.72   200.96 211.67   206.54 217.25   200.28 210.99
2021-06-11   200.55 211.27   200.52 211.25   338.04 348.76   199.98 210.70   205.57 216.29   199.30 210.02
2021-06-12   199.57 210.31   199.54 210.28   337.06 347.79   199.00 209.74   204.58 215.32   198.32 209.06
2021-06-13   198.58 209.34   198.56 209.31   336.07 346.82   198.01 208.77   203.60 214.35   197.33 208.09
2021-06-14   197.60 208.37   197.57 208.34   335.08 345.85   197.03 207.80   202.61 213.38   196.34 207.11
2021-06-15   196.61 207.39   196.58 207.36   334.09 344.88   196.04 206.82   201.62 212.41   195.35 206.14
2021-06-16   195.61 206.41   195.59 206.39   333.10 343.90   195.04 205.84   200.63 211.43   194.36 205.16
2021-06-17   194.62 205.43   194.59 205.40   332.10 342.92   194.05 204.86   199.63 210.45   193.36 204.18
2021-06-18   193.62 204.45   193.59 204.42   331.10 341.93   193.05 203.88   198.63 209.46   192.37 203.20
2021-06-19   192.61 203.46   192.59 203.43   330.10 340.95   192.04 202.89   197.63 208.47   191.36 202.21
2021-06-20   191.61 202.47   191.58 202.44   329.10 339.96   191.04 201.90   196.63 207.48   190.36 201.22
2021-06-21   190.60 201.48   190.58 201.45   328.09 338.96   190.03 200.91   195.62 206.49   189.35 200.23
2021-06-22   189.59 200.48   189.57 200.45   327.08 337.97   189.02 199.91   194.61 205.50   188.34 199.23
2021-06-23   188.58 199.48   188.55 199.46   326.07 336.97   188.01 198.91   193.60 204.50   187.33 198.23
2021-06-24   187.57 198.48   187.54 198.45   325.05 335.97   187.00 197.91   192.58 203.50   186.31 197.23
2021-06-25   186.55 197.48   186.52 197.45   324.04 334.96   185.98 196.91   191.56 202.49   185.30 196.23
2021-06-26   185.53 196.47   185.50 196.44   323.01 333.96   184.96 195.90   190.54 201.48   184.28 195.22
2021-06-27   184.51 195.46   184.48 195.43   321.99 332.95   183.94 194.89   189.52 200.48   183.25 194.21
2021-06-28   183.48 194.45   183.45 194.42   320.97 331.93   182.91 193.88   188.50 199.46   182.23 193.20
2021-06-29   182.45 193.43   182.43 193.41   319.94 330.92   181.88 192.86   187.47 198.45   181.20 192.18
2021-06-30   181.42 192.41   181.40 192.39   318.91 329.90   180.85 191.84   186.44 197.43   180.17 191.16
2021-07-01   180.39 191.39   180.37 191.37   317.88 328.88   179.82 190.82   185.41 196.41   179.14 190.14
2021-07-02   179.36 190.37   179.33 190.35   316.85 327.86   178.79 189.80   184.37 195.39   178.11 189.12
2021-07-03   178.32 189.35   178.30 189.32   315.81 326.83   177.75 188.78   183.34 194.36   177.07 188.10
2021-07-04   177.29 188.32   177.26 188.29   314.77 325.81   176.72 187.75   182.30 193.34   176.04 187.07
2021-07-05   176.25 187.29   176.22 187.26   313.74 324.78   175.68 186.72   181.26 192.31   175.00 186.04
2021-07-06   175.21 186.26   175.18 186.23   312.69 323.75   174.64 185.69   180.22 191.27   173.96 185.01
2021-07-07   174.17 185.23   174.14 185.20   311.65 322.71   173.60 184.66   179.18 190.24   172.91 183.98
2021-07-08   173.12 184.19   173.10 184.16   310.61 321.68   172.55 183.62   178.14 189.21   171.87 182.94
2021-07-09   172.08 183.15   172.05 183.13   309.56 320.64   171.51 182.58   177.09 188.17   170.83 181.90
2021-07-10   171.03 182.11   171.01 182.09   308.52 319.60   170.46 181.54   176.05 187.13   169.78 180.86
2021-07-11   169.98 181.07   169.96 181.05   307.47 318.56   169.41 180.50   175.00 186.09   168.73 179.82
2021-07-12   168.94 180.03   168.91 180.01   306.42 317.52   168.37 179.46   173.95 185.05   167.69 178.78
2021-07-13   167.89 178.99   167.86 178.96   305.38 316.48   167.32 178.42   172.90 184.00   166.64 177.74
2021-07-14   166.84 177.94   166.81 177.92   304.33 315.43   166.27 177.37   171.85 182.96   165.59 176.69
2021-07-15   165.79 176.90   165.76 176.87   303.28 314.39   165.22 176.33   170.80 181.91   164.54 175.65
2021-07-16   164.74 175.85   164.71 175.82   302.23 313.34   164.17 175.28   169.75 180.87   163.49 174.60
2021-07-17   163.69 174.80   163.66 174.78   301.17 312.29   163.12 174.23   168.70 179.82   162.44 173.55
2021-07-18   162.64 173.75   162.61 173.73   300.12 311.24   162.07 173.18   167.65 178.77   161.38 172.50
2021-07-19   161.58 172.70   161.56 172.68   299.07 310.19   161.01 172.13   166.60 177.72   160.33 171.45
2021-07-20   160.53 171.65   160.51 171.63   298.02 309.14   159.96 171.08   165.55 176.67   159.28 170.40
2021-07-21   159.48 170.60   159.46 170.58   296.97 308.09   158.91 170.03   164.50 175.62   158.23 169.35
2021-07-22   158.43 169.55   158.40 169.53   295.92 307.04   157.86 168.98   163.45 174.57   157.18 168.30
2021-07-23   157.38 168.50   157.35 168.48   294.87 305.99   156.81 167.93   162.40 173.52   156.13 167.25
2021-07-24   156.33 167.45   156.30 167.42   293.82 304.94   155.76 166.88   161.35 172.47   155.08 166.20
2021-07-25   155.28 166.40   155.25 166.37   292.77 303.89   154.71 165.83   160.30 171.41   154.03 165.15
2021-07-26   154.23 165.35   154.21 165.32   291.72 302.84   153.66 164.78   159.25 170.36   152.98 164.10
2021-07-27   153.18 164.30   153.16 164.27   290.67 301.78   152.61 163.73   158.20 169.31   151.93 163.05
2021-07-28   152.14 163.25   152.11 163.22   289.62 300.73   151.57 162.68   157.15 168.26   150.89 162.00
2021-07-29   151.09 162.20   151.06 162.17   288.58 299.68   150.52 161.63   156.11 167.21   149.84 160.95
2021-07-30   150.05 161.15   150.02 161.12   287.53 298.63   149.48 160.58   155.06 166.16   148.80 159.90
2021-07-31   149.00 160.10   148.98 160.07   286.49 297.59   148.43 159.53   154.02 165.11   147.75 158.85
2021-08-01   147.96 159.05   147.93 159.02   285.45 296.54   147.39 158.48   152.98 164.06   146.71 157.80
2021-08-02   146.92 158.00   146.89 157.98   284.41 295.49   146.35 157.43   151.93 163.02   145.67 156.75
2021-08-03   145.88 156.96   145.85 156.93   283.37 294.44   145.31 156.39   150.90 161.97   144.63 155.71
2021-08-04   144.84 155.91   144.82 155.88   282.33 293.40   144.27 155.34   149.86 160.93   143.59 154.66
2021-08-05   143.81 154.87   143.78 154.84   281.29 292.35   143.24 154.30   148.82 159.88   142.56 153.62
2021-08-06   142.77 153.83   142.75 153.80   280.26 291.31   142.20 153.26   147.79 158.84   141.52 152.57
2021-08-07   141.74 152.78   141.71 152.76   279.23 290.27   141.17 152.21   146.76 157.80   140.49 151.53
2021-08-08   140.71 151.74   140.68 151.72   278.20 289.23   140.14 151.17   145.73 156.76   139.46 150.49
2021-08-09   139.68 150.71   139.66 150.68   277.17 288.19   139.11 150.14   144.70 155.72   138.43 149.46
2021-08-10   138.66 149.67   138.63 149.64   276.14 287.16   138.09 149.10   143.67 154.69   137.41 148.42
2021-08-11   137.63 148.64   137.61 148.61   275.12 286.12   137.06 148.07   142.65 153.65   136.38 147.38
2021-08-12   136.61 147.60   136.59 147.58   274.10 285.09   136.04 147.03   141.63 152.62   135.36 146.35
2021-08-13   135.59 146.57   135.57 146.55   273.08 284.06   135.02 146.00   140.61 151.59   134.34 145.32
2021-08-14   134.58 145.54   134.55 145.52   272.06 283.03   134.01 144.97   139.59 150.56   133.32 144.29
2021-08-15   133.56 144.52   133.53 144.49   271.05 282.00   132.99 143.95   138.58 149.53   132.31 143.27
2021-08-16   132.55 143.49   132.52 143.47   270.04 280.98   131.98 142.92   137.56 148.51   131.30 142.24
2021-08-17   131.54 142.47   131.51 142.44   269.03 279.96   130.97 141.90   136.55 147.48   130.29 141.22
2021-08-18   130.53 141.45   130.51 141.42   268.02 278.94   129.96 140.88   135.55 146.46   129.28 140.20
2021-08-19   129.53 140.43   129.50 140.40   267.02 277.92   128.96 139.86   134.54 145.45   128.28 139.18
2021-08-20   128.53 139.42   128.50 139.39   266.01 276.90   127.96 138.85   133.54 144.43   127.28 138.16
2021-08-21   127.53 138.40   127.50 138.38   265.01 275.89   126.96 137.83   132.54 143.42   126.28 137.15
2021-08-22   126.53 137.39   126.50 137.36   264.02 274.88   125.96 136.82   131.55 142.41   125.28 136.14
2021-08-23   125.54 136.38   125.51 136.36   263.02 273.87   124.97 135.81   130.55 141.40   124.29 135.13
2021-08-24   124.55 135.38   124.52 135.35   262.03 272.86   123.98 134.81   129.56 140.39   123.30 134.13
2021-08-25   123.56 134.37   123.53 134.35   261.05 271.86   122.99 133.80   128.57 139.39   122.31 133.12
2021-08-26   122.57 133.37   122.55 133.35   260.06 270.86   122.00 132.80   127.59 138.39   121.32 132.12
2021-08-27   121.59 132.37   121.56 132.35   259.08 269.86   121.02 131.80   126.60 137.39   120.34 131.12
2021-08-28   120.61 131.38   120.58 131.35   258.10 268.87   120.04 130.81   125.62 136.39   119.36 130.13
2021-08-29   119.63 130.39   119.60 130.36   257.12 267.87   119.06 129.82   124.65 135.40   118.38 129.14
2021-08-30   118.66 129.40   118.63 129.37   256.14 266.88   118.09 128.83   123.67 134.41   117.41 128.15
2021-08-31   117.68 128.41   117.66 128.38   255.17 265.90   117.11 127.84   122.70 133.42   116.43 127.16
2021-09-01   116.71 127.42   116.69 127.40   254.20 264.91   116.14 126.85   121.73 132.44   115.46 126.17
2021-09-02   115.75 126.44   115.72 126.41   253.24 263.93   115.18 125.87   120.76 131.46   114.50 125.19
2021-09-03   114.78 125.46   114.76 125.44   252.27 262.95   114.21 124.89   119.80 130.48   113.53 124.21
2021-09-04   113.82 124.48   113.80 124.46   251.31 261.97   113.25 123.91   118.84 129.50   112.57 123.23
2021-09-05   112.86 123.51   112.84 123.48   250.35 261.00   112.29 122.94   117.88 128.53   111.61 122.26
2021-09-06   111.91 122.54   111.88 122.51   249.40 260.03   111.34 121.97   116.92 127.55   110.66 121.29
2021-09-07   110.95 121.57   110.93 121.54   248.44 259.06   110.38 121.00   115.97 126.58   109.70 120.32
2021-09-08   110.00 120.60   109.98 120.58   247.49 258.09   109.43 120.03   115.02 125.62   108.75 119.35
2021-09-09   109.05 119.64   109.03 119.61   246.54 257.13   108.48 119.07   114.07 124.65   107.80 118.39
2021-09-10   108.11 118.68   108.08 118.65   245.60 256.16   107.54 118.11   113.12 123.69   106.86 117.43
2021-09-11   107.16 117.72   107.14 117.69   244.65 255.21   106.59 117.15   112.18 122.73   105.91 116.47
2021-09-12   106.22 116.76   106.20 116.74   243.71 254.25   105.65 116.19   111.24 121.78   104.97 115.51
2021-09-13   105.28 115.81   105.26 115.78   242.77 253.30   104.71 115.24   110.30 120.82   104.03 114.56
2021-09-14   104.35 114.86   104.32 114.83   241.83 252.34   103.78 114.29   109.36 119.87   103.10 113.61
2021-09-15   103.41 113.91   103.38 113.88   240.90 251.39   102.84 113.34   108.43 118.92   102.16 112.66
2021-09-16   102.48 112.96   102.45 112.93   239.97 250.45   101.91 112.39   107.49 117.98   101.23 111.71
2021-09-17   101.55 112.02   101.52 111.99   239.04 249.50   100.98 111.45   106.56 117.03   100.30 110.77
2021-09-18   100.62 111.07   100.59 111.05   238.11 248.56   100.05 110.50   105.63 116.09    99.37 109.82
2021-09-19    99.69 110.13    99.67 110.11   237.18 247.62    99.12 109.56   104.71 115.15    98.44 108.88
2021-09-20    98.77 109.20    98.74 109.17   236.26 246.68    98.20 108.63   103.78 114.21    97.52 107.95
2021-09-21    97.85 108.26    97.82 108.23   235.33 245.75    97.28 107.69   102.86 113.28    96.59 107.01
2021-09-22    96.92 107.33    96.90 107.30   234.41 244.81    96.35 106.76   101.94 112.34    95.67 106.08
2021-09-23    96.01 106.40    95.98 106.37   233.49 243.88    95.44 105.83   101.02 111.41    94.75 105.14
2021-09-24    95.09 105.47    95.06 105.44   232.57 242.95    94.52 104.90   100.10 110.48    93.84 104.21
2021-09-25    94.17 104.54    94.14 104.51   231.66 242.03    93.60 103.97    99.19 109.55    92.92 103.29
2021-09-26    93.26 103.61    93.23 103.59   230.74 241.10    92.69 103.04    98.27 108.63    92.01 102.36
2021-09-27    92.34 102.69    92.32 102.66   229.83 240.18    91.77 102.12    97.36 107.70    91.09 101.44
2021-09-28    91.43 101.77    91.41 101.74   228.92 239.25    90.86 101.20    96.45 106.78    90.18 100.51
2021-09-29    90.52 100.84    90.49 100.82   228.01 238.33    89.95 100.27    95.54 105.86    89.27  99.59
2021-09-30    89.61  99.92    89.59  99.90   227.10 237.41    89.04  99.35    94.63 104.94    88.36  98.67
2021-10-01    88.70  99.01    88.68  98.98   226.19 236.49    88.13  98.44    93.72 104.02    87.45  97.76
2021-10-02    87.80  98.09    87.77  98.06   225.28 235.58    87.23  97.52    92.81 103.11    86.55  96.84
2021-10-03    86.89  97.18    86.86  97.15   224.38 234.66    86.32  96.61    91.90 102.19    85.64  95.92
2021-10-04    85.98  96.26    85.96  96.23   223.47 233.75    85.41  95.69    91.00 101.28    84.73  95.01
2021-10-05    85.08  95.35    85.05  95.32   222.57 232.84    84.51  94.78    90.09 100.36    83.83  94.10
2021-10-06    84.17  94.44    84.15  94.41   221.66 231.92    83.60  93.87    89.19  99.45    82.92  93.19
2021-10-07    83.27  93.53    83.24  93.50   220.76 231.01    82.70  92.96    88.29  98.54    82.02  92.28
2021-10-08    82.37  92.62    82.34  92.59   219.86 230.10    81.80  92.05    87.38  97.63    81.12  91.37
2021-10-09    81.47  91.71    81.44  91.68   218.95 229.19    80.90  91.14    86.48  96.72    80.22  90.46
2021-10-10    80.56  90.80    80.54  90.77   218.05 228.29    79.99  90.23    85.58  95.81    79.31  89.55
2021-10-11    79.66  89.89    79.64  89.87   217.15 227.38    79.09  89.32    84.68  94.91    78.41  88.64
2021-10-12    78.76  88.98    78.73  88.96   216.25 226.47    78.19  88.41    83.78  94.00    77.51  87.73
2021-10-13    77.86  88.08    77.83  88.05   215.35 225.57    77.29  87.51    82.87  93.09    76.61  86.83
2021-10-14    76.96  87.17    76.93  87.15   214.44 224.66    76.39  86.60    81.97  92.19    75.71  85.92
2021-10-15    76.05  86.27    76.03  86.24   213.54 223.75    75.48  85.70    81.07  91.28    74.80  85.02
2021-10-16    75.15  85.36    75.13  85.34   212.64 222.85    74.58  84.79    80.17  90.38    73.90  84.11
2021-10-17    74.25  84.46    74.22  84.43   211.74 221.94    73.68  83.89    79.27  89.47    73.00  83.21
2021-10-18    73.35  83.55    73.32  83.53   210.83 221.04    72.78  82.98    78.36  88.57    72.10  82.30
2021-10-19    72.44  82.65    72.42  82.62   209.93 220.13    71.87  82.08    77.46  87.66    71.19  81.40
2021-10-20    71.54  81.74    71.51  81.72   209.03 219.23    70.97  81.17    76.56  86.76    70.29  80.49
2021-10-21    70.64  80.84    70.61  80.81   208.12 218.32    70.07  80.27    75.65  85.85    69.39  79.59
2021-10-22    69.73  79.93    69.70  79.90   207.22 217.42    69.16  79.36    74.75  84.95    68.48  78.68
2021-10-23    68.82  79.02    68.80  79.00   206.31 216.51    68.25  78.45    73.84  84.04    67.57  77.77
2021-10-24    67.92  78.12    67.89  78.09   205.41 215.61    67.35  77.55    72.93  83.13    66.67  76.87
2021-10-25    67.01  77.21    66.98  77.18   204.50 214.70    66.44  76.64    72.02  82.23    65.76  75.96
2021-10-26    66.10  76.30    66.07  76.28   203.59 213.79    65.53  75.73    71.12  81.32    64.85  75.05
2021-10-27    65.19  75.40    65.16  75.37   202.68 212.88    64.62  74.83    70.21  80.41    63.94  74.14
2021-10-28    64.28  74.49    64.25  74.46   201.77 211.97    63.71  73.92    69.29  79.50    63.03  73.24
2021-10-29    63.44  73.51    63.41  73.48   200.92 210.99    62.87  72.94    68.45  78.52    62.19  72.26
2021-10-30    62.77  72.35    62.74  72.32   200.25 209.84    62.20  71.78    67.78  77.36    61.52  71.10
2021-10-31    62.10  71.19    62.07  71.17   199.58 208.68    61.53  70.62    67.11  76.21    60.85  69.94
2021-11-01    61.42  70.03    61.40  70.01   198.91 207.52    60.85  69.46    66.44  75.05    60.17  68.78
2021-11-02    60.75  68.87    60.72  68.85   198.24 206.36    60.18  68.30    65.76  73.89    59.50  67.62
2021-11-03    60.07  67.71    60.05  67.69   197.56 205.20    59.50  67.14    65.09  72.73    58.82  66.46
2021-11-04    59.39  66.55    59.37  66.53   196.88 204.04    58.82  65.98    64.41  71.57    58.14  65.30

2022-04-07   261.78 268.96   261.76 268.94    39.27  46.45   261.21 268.39   266.80 273.98   260.53 267.71
2022-04-08   260.65 268.30   260.62 268.28    38.13  45.79   260.08 267.73   265.66 273.32   259.40 267.05
2022-04-09   259.51 267.64   259.48 267.62    37.00  45.13   258.94 267.07   264.52 272.66   258.26 266.39
2022-04-10   258.37 266.98   258.35 266.96    35.86  44.47   257.80 266.41   263.39 272.00   257.12 265.73
2022-04-11   257.24 266.33   257.21 266.30    34.72  43.82   256.67 265.76   262.25 271.34   255.99 265.08
2022-04-12   256.10 265.67   256.08 265.65    33.59  43.16   255.53 265.10   261.12 270.69   254.85 264.42
2022-04-13   254.97 265.02   254.94 264.99    32.45  42.51   254.40 264.45   259.98 270.04   253.72 263.77
2022-04-14   254.00 264.21   253.97 264.18    31.48  41.69   253.43 263.64   259.01 269.22   252.75 262.95
2022-04-15   253.11 263.31   253.08 263.29    30.59  40.80   252.54 262.74   258.12 268.33   251.86 262.06
2022-04-16   252.22 262.42   252.19 262.39    29.70  39.91   251.65 261.85   257.23 267.44   250.97 261.17
2022-04-17   251.33 261.53   251.30 261.50    28.82  39.02   250.76 260.96   256.34 266.54   250.08 260.28
2022-04-18   250.44 260.64   250.41 260.61    27.93  38.13   249.87 260.07   255.45 265.65   249.19 259.39
2022-04-19   249.55 259.75   249.52 259.72    27.04  37.24   248.98 259.18   254.57 264.77   248.30 258.50
2022-04-20   248.66 258.86   248.64 258.84    26.15  36.35   248.09 258.29   253.68 263.88   247.41 257.61
2022-04-21   247.77 257.97   247.75 257.95    25.26  35.46   247.20 257.40   252.79 262.99   246.52 256.72
2022-04-22   246.89 257.09   246.86 257.06    24.37  34.57   246.32 256.52   251.90 262.10   245.63 255.84
2022-04-23   246.00 256.20   245.97 256.17    23.48  33.69   245.43 255.63   251.01 261.21   244.75 254.95
2022-04-24   245.11 255.31   245.08 255.29    22.60  32.80   244.54 254.74   250.12 260.33   243.86 254.06
2022-04-25   244.22 254.43   244.19 254.40    21.71  31.91   243.65 253.86   249.24 259.44   242.97 253.18
2022-04-26   243.33 253.54   243.30 253.51    20.82  31.03   242.76 252.97   248.35 258.56   242.08 252.29
2022-04-27   242.44 252.65   242.42 252.63    19.93  30.14   241.87 252.08   247.46 257.67   241.19 251.40
2022-04-28   241.55 251.77   241.53 251.74    19.04  29.26   240.98 251.20   246.57 256.78   240.30 250.52
2022-04-29   240.66 250.88   240.64 250.85    18.15  28.37   240.09 250.31   245.68 255.90   239.41 249.63
2022-04-30   239.77 249.99   239.74 249.97    17.26  27.48   239.20 249.42   244.79 255.01   238.52 248.74
2022-05-01   238.88 249.11   238.85 249.08    16.37  26.60   238.31 248.54   243.89 254.12   237.63 247.86
2022-05-02   237.99 248.22   237.96 248.19    15.47  25.71   237.42 247.65   243.00 253.24   236.74 246.97
2022-05-03   237.09 247.33   237.07 247.31    14.58  24.82   236.52 246.76   242.11 252.35   235.84 246.08
2022-05-04   236.20 246.44   236.17 246.42    13.69  23.93   235.63 245.87   241.21 251.46   234.95 245.19
2022-05-05   235.30 245.56   235.28 245.53    12.79  23.04   234.73 244.99   240.32 250.57   234.05 244.30
2022-05-06   234.41 244.67   234.38 244.64    11.89  22.15   233.84 244.10   239.42 249.68   233.15 243.41
2022-05-07   233.51 243.78   233.48 243.75    11.00  21.26   232.94 243.21   238.52 248.79   232.26 242.52
2022-05-08   232.61 242.88   232.58 242.86    10.10  20.37   232.04 242.31   237.62 247.90   231.36 241.63
2022-05-09   231.71 241.99   231.68 241.96     9.19  19.48   231.14 241.42   236.72 247.01   230.46 240.74
2022-05-10   230.81 241.10   230.78 241.07     8.29  18.58   230.24 240.53   235.82 246.11   229.55 239.85
2022-05-11   229.90 240.20   229.87 240.18     7.39  17.69   229.33 239.63   234.92 245.22   228.65 238.95
2022-05-12   229.00 239.31   228.97 239.28     6.48  16.79   228.43 238.74   234.01 244.32   227.74 238.06
2022-05-13   228.09 238.41   228.06 238.38     5.58  15.90   227.52 237.84   233.10 243.42   226.84 237.16
2022-05-14   227.18 237.51   227.15 237.48     4.67  15.00   226.61 236.94   232.19 242.53   225.93 236.26
2022-05-15   226.27 236.61   226.24 236.58     3.76  14.10   225.70 236.04   231.28 241.63   225.02 235.36
2022-05-16   225.36 235.71   225.33 235.68     2.84  13.20   224.79 235.14   230.37 240.72   224.10 234.46
2022-05-17   224.44 234.80   224.41 234.78     1.93  12.29   223.87 234.23   229.46 239.82   223.19 233.55
2022-05-18   223.52 233.90   223.50 233.87     1.01  11.39   222.95 233.33   228.54 238.91   222.27 232.65
2022-05-19   222.61 232.99   222.58 232.97     0.09  10.48   222.04 232.42   227.62 238.01   221.35 231.74
2022-05-20   221.68 232.08   221.66 232.06   359.17   9.57   221.11 231.51   226.70 237.10   220.43 230.83
2022-05-21   220.76 231.17   220.73 231.15   358.25   8.66   220.19 230.60   225.78 236.19   219.51 229.92
2022-05-22   219.83 230.26   219.81 230.23   357.32   7.75   219.26 229.69   224.85 235.27   218.58 229.01
2022-05-23   218.91 229.34   218.88 229.32   356.39   6.83   218.34 228.77   223.92 234.36   217.66 228.09
2022-05-24   217.98 228.43   217.95 228.40   355.46   5.91   217.41 227.86   222.99 233.44   216.73 227.18
2022-05-25   217.04 227.51   217.02 227.48   354.53   5.00   216.47 226.94   222.06 232.52   215.79 226.26
2022-05-26   216.11 226.59   216.08 226.56   353.60   4.07   215.54 226.02   221.12 231.60   214.86 225.34
2022-05-27   215.17 225.66   215.14 225.64   352.66   3.15   214.60 225.09   220.19 230.68   213.92 224.41
2022-05-28   214.23 224.74   214.20 224.71   351.72   2.22   213.66 224.17   219.24 229.75   212.98 223.49
2022-05-29   213.29 223.81   213.26 223.78   350.77   1.29   212.72 223.24   218.30 228.82   212.04 222.56
2022-05-30   212.34 222.88   212.31 222.85   349.83   0.36   211.77 222.31   217.36 227.89   211.09 221.63
2022-05-31   211.39 221.94   211.36 221.92   348.88 359.43   210.82 221.37   216.41 226.96   210.14 220.69
2022-06-01   210.44 221.01   210.41 220.98   347.93 358.49   209.87 220.44   215.46 226.02   209.19 219.75
2022-06-02   209.49 220.07   209.46 220.04   346.97 357.55   208.92 219.50   214.50 225.08   208.24 218.82
2022-06-03   208.53 219.12   208.50 219.10   346.02 356.61   207.96 218.55   213.54 224.14   207.28 217.87
2022-06-04   207.57 218.18   207.54 218.15   345.06 355.67   207.00 217.61   212.58 223.20   206.32 216.93
2022-06-05   206.61 217.23   206.58 217.21   344.09 354.72   206.04 216.66   211.62 222.25   205.36 215.98
2022-06-06   205.64 216.28   205.61 216.26   343.13 353.77   205.07 215.71   210.66 221.30   204.39 215.03
2022-06-07   204.67 215.33   204.65 215.30   342.16 352.82   204.10 214.76   209.69 220.35   203.42 214.08
2022-06-08   203.70 214.37   203.67 214.35   341.19 351.86   203.13 213.80   208.72 219.39   202.45 213.12
2022-06-09   202.73 213.42   202.70 213.39   340.21 350.90   202.16 212.85   207.74 218.43   201.48 212.17
2022-06-10   201.75 212.45   201.72 212.43   339.24 349.94   201.18 211.88   206.76 217.47   200.50 211.20
2022-06-11   200.77 211.49   200.74 211.46   338.26 348.98   200.20 210.92   205.78 216.51   199.52 210.24
2022-06-12   199.79 210.52   199.76 210.50   337.27 348.01   199.22 209.95   204.80 215.54   198.54 209.27
2022-06-13   198.80 209.55   198.77 209.53   336.29 347.04   198.23 208.98   203.82 214.57   197.55 208.30
2022-06-14   197.81 208.58   197.79 208.55   335.30 346.07   197.24 208.01   202.83 213.59   196.56 207.33
2022-06-15   196.82 207.60   196.79 207.58   334.31 345.09   196.25 207.03   201.84 212.62   195.57 206.35
2022-06-16   195.83 206.62   195.80 206.60   333.31 344.11   195.26 206.05   200.84 211.64   194.58 205.37
2022-06-17   194.83 205.64   194.80 205.62   332.32 343.13   194.26 205.07   199.84 210.66   193.58 204.39
2022-06-18   193.83 204.66   193.80 204.63   331.32 342.14   193.26 204.09   198.84 209.67   192.58 203.41
2022-06-19   192.83 203.67   192.80 203.64   330.31 341.16   192.26 203.10   197.84 208.68   191.57 202.42
2022-06-20   191.82 202.68   191.79 202.65   329.31 340.17   191.25 202.11   196.84 207.69   190.57 201.43
2022-06-21   190.81 201.68   190.79 201.66   328.30 339.17   190.24 201.11   195.83 206.70   189.56 200.43
2022-06-22   189.80 200.69   189.77 200.66   327.29 338.17   189.23 200.12   194.82 205.70   188.55 199.44
2022-06-23   188.79 199.69   188.76 199.66   326.27 337.18   188.22 199.12   193.80 204.70   187.54 198.44
2022-06-24   187.77 198.69   187.74 198.66   325.26 336.17   187.20 198.12   192.79 203.70   186.52 197.43
2022-06-25   186.75 197.68   186.73 197.65   324.24 335.17   186.18 197.11   191.77 202.70   185.50 196.43
2022-06-26   185.73 196.67   185.71 196.65   323.22 334.16   185.16 196.10   190.75 201.69   184.48 195.42
2022-06-27   184.71 195.66   184.68 195.64   322.20 333.15   184.14 195.09   189.72 200.68   183.46 194.41
2022-06-28   183.68 194.65   183.66 194.62   321.17 332.14   183.11 194.08   188.70 199.66   182.43 193.40
2022-06-29   182.66 193.63   182.63 193.61   320.14 331.12   182.09 193.06   187.67 198.65   181.40 192.38
2022-06-30   181.63 192.62   181.60 192.59   319.11 330.10   181.06 192.05   186.64 197.63   180.38 191.36
2022-07-01   180.59 191.59   180.57 191.57   318.08 329.08   180.02 191.02   185.61 196.61   179.34 190.34
2022-07-02   179.56 190.57   179.53 190.55   317.05 328.06   178.99 190.00   184.58 195.59   178.31 189.32
2022-07-03   178.52 189.55   178.50 189.52   316.01 327.03   177.95 188.98   183.54 194.56   177.27 188.30
2022-07-04   177.49 188.52   177.46 188.49   314.97 326.01   176.92 187.95   182.50 193.53   176.24 187.27
2022-07-05   176.45 187.49   176.42 187.46   313.94 324.98   175.88 186.92   181.46 192.51   175.20 186.24
2022-07-06   175.41 186.46   175.38 186.43   312.90 323.95   174.84 185.89   180.42 191.47   174.16 185.21
2022-07-07   174.37 185.43   174.34 185.40   311.85 322.91   173.80 184.86   179.38 190.44   173.12 184.17
2022-07-08   173.32 184.39   173.30 184.36   310.81 321.88   172.75 183.82   178.34 189.41   172.07 183.14
2022-07-09   172.28 183.35   172.25 183.33   309.77 320.84   171.71 182.78   177.29 188.37   171.03 182.10
2022-07-10   171.23 182.31   171.21 182.29   308.72 319.80   170.66 181.74   176.25 187.33   169.98 181.06
2022-07-11   170.19 181.27   170.16 181.25   307.67 318.76   169.62 180.70   175.20 186.29   168.94 180.02
2022-07-12   169.14 180.23   169.11 180.21   306.63 317.72   168.57 179.66   174.15 185.25   167.89 178.98
2022-07-13   168.09 179.19   168.06 179.16   305.58 316.68   167.52 178.62   173.11 184.21   166.84 177.94
2022-07-14   167.04 178.15   167.01 178.12   304.53 315.63   166.47 177.58   172.06 183.16   165.79 176.90
2022-07-15   165.99 177.10   165.97 177.07   303.48 314.59   165.42 176.53   171.01 182.12   164.74 175.85
2022-07-16   164.94 176.05   164.92 176.03   302.43 313.54   164.37 175.48   169.96 181.07   163.69 174.80
2022-07-17   163.89 175.01   163.87 174.98   301.38 312.49   163.32 174.44   168.91 180.02   162.64 173.76
2022-07-18   162.84 173.96   162.82 173.93   300.33 311.45   162.27 173.39   167.86 178.97   161.59 172.71
2022-07-19   161.79 172.91   161.77 172.88   299.28 310.40   161.22 172.34   166.81 177.93   160.54 171.66
2022-07-20   160.74 171.86   160.71 171.84   298.23 309.35   160.17 171.29   165.76 176.88   159.49 170.61
2022-07-21   159.69 170.81   159.66 170.79   297.18 308.30   159.12 170.24   164.71 175.83   158.44 169.56
2022-07-22   158.64 169.76   158.62 169.74   296.13 307.25   158.07 169.19   163.66 174.78   157.39 168.51
2022-07-23   157.59 168.71   157.57 168.69   295.08 306.20   157.02 168.14   162.61 173.73   156.34 167.46
2022-07-24   156.54 167.66   156.52 167.64   294.03 305.15   155.97 167.09   161.56 172.68   155.29 166.41
2022-07-25   155.50 166.61   155.47 166.59   292.98 304.10   154.93 166.04   160.51 171.63   154.24 165.36
2022-07-26   154.45 165.56   154.42 165.54   291.94 303.05   153.88 164.99   159.46 170.58   153.20 164.31
2022-07-27   153.40 164.51   153.38 164.49   290.89 302.00   152.83 163.94   158.42 169.53   152.15 163.26
2022-07-28   152.36 163.47   152.33 163.44   289.84 300.95   151.79 162.90   157.37 168.48   151.11 162.21
2022-07-29   151.31 162.42   151.29 162.39   288.80 299.90   150.74 161.85   156.33 167.43   150.06 161.17
2022-07-30   150.27 161.37   150.24 161.34   287.76 298.86   149.70 160.80   155.28 166.38   149.02 160.12
2022-07-31   149.23 160.32   149.20 160.30   286.71 297.81   148.66 159.75   154.24 165.34   147.98 159.07
2022-08-01   148.19 159.28   148.16 159.25   285.67 296.76   147.62 158.71   153.20 164.29   146.94 158.02
2022-08-02   147.15 158.23   147.12 158.20   284.63 295.72   146.58 157.66   152.16 163.24   145.90 156.98
2022-08-03   146.11 157.19   146.08 157.16   283.60 294.67   145.54 156.62   151.12 162.20   144.86 155.93
2022-08-04   145.07 156.14   145.05 156.12   282.56 293.63   144.50 155.57   150.09 161.16   143.82 154.89
2022-08-05   144.04 155.10   144.01 155.07   281.53 292.59   143.47 154.53   149.05 160.12   142.79 153.85
2022-08-06   143.01 154.06   142.98 154.03   280.49 291.55   142.44 153.49   148.02 159.07   141.76 152.81
2022-08-07   141.98 153.02   141.95 152.99   279.46 290.51   141.41 152.45   146.99 158.03   140.73 151.77
2022-08-08   140.95 151.98   140.92 151.96   278.43 289.47   140.38 151.41   145.96 157.00   139.70 150.73
2022-08-09   139.92 150.95   139.89 150.92   277.41 288.43   139.35 150.38   144.94 155.96   138.67 149.69
2022-08-10   138.90 149.91   138.87 149.88   276.38 287.40   138.33 149.34   143.91 154.93   137.65 148.66
2022-08-11   137.87 148.88   137.85 148.85   275.36 286.37   137.30 148.31   142.89 153.89   136.62 147.63
2022-08-12   136.85 147.85   136.83 147.82   274.34 285.33   136.28 147.28   141.87 152.86   135.60 146.60
2022-08-13   135.84 146.82   135.81 146.79   273.32 284.31   135.27 146.25   140.85 151.83   134.59 145.57
2022-08-14   134.82 145.79   134.79 145.76   272.31 283.28   134.25 145.22   139.84 150.81   133.57 144.54
2022-08-15   133.81 144.77   133.78 144.74   271.30 282.25   133.24 144.20   138.82 149.78   132.56 143.51
2022-08-16   132.80 143.74   132.77 143.72   270.29 281.23   132.23 143.17   137.81 148.76   131.55 142.49
2022-08-17   131.79 142.72   131.76 142.69   269.28 280.21   131.22 142.15   136.81 147.74   130.54 141.47
2022-08-18   130.78 141.70   130.76 141.68   268.27 279.19   130.21 141.13   135.80 146.72   129.53 140.45
2022-08-19   129.78 140.69   129.75 140.66   267.27 278.17   129.21 140.12   134.80 145.70   128.53 139.44
2022-08-20   128.78 139.67   128.75 139.65   266.27 277.16   128.21 139.10   133.80 144.69   127.53 138.42
2022-08-21   127.78 138.66   127.76 138.63   265.27 276.15   127.21 138.09   132.80 143.68   126.53 137.41
2022-08-22   126.79 137.65   126.76 137.62   264.28 275.14   126.22 137.08   131.80 142.67   125.54 136.40
2022-08-23   125.80 136.64   125.77 136.62   263.28 274.13   125.23 136.07   130.81 141.66   124.54 135.39
2022-08-24   124.81 135.64   124.78 135.61   262.29 273.13   124.24 135.07   129.82 140.65   123.55 134.39
2022-08-25   123.82 134.64   123.79 134.61   261.31 272.12   123.25 134.07   128.83 139.65   122.57 133.39
2022-08-26   122.83 133.64   122.81 133.61   260.32 271.12   122.26 133.07   127.85 138.65   121.58 132.39
2022-08-27   121.85 132.64   121.83 132.61   259.34 270.13   121.28 132.07   126.87 137.66   120.60 131.39
2022-08-28   120.87 131.65   120.85 131.62   258.36 269.13   120.30 131.08   125.89 136.66   119.62 130.40
2022-08-29   119.90 130.65   119.87 130.63   257.38 268.14   119.33 130.08   124.91 135.67   118.65 129.40
2022-08-30   118.92 129.67   118.90 129.64   256.41 267.15   118.35 129.10   123.94 134.68   117.67 128.41
2022-08-31   117.95 128.68   117.93 128.65   255.44 266.17   117.38 128.11   122.97 133.69   116.70 127.43
2022-09-01   116.98 127.69   116.96 127.67   254.47 265.18   116.41 127.12   122.00 132.71   115.73 126.44
2022-09-02   116.02 126.71   115.99 126.69   253.50 264.20   115.45 126.14   121.03 131.73   114.77 125.46
2022-09-03   115.05 125.73   115.03 125.71   252.54 263.22   114.48 125.16   120.07 130.75   113.80 124.48
2022-09-04   114.09 124.76   114.07 124.73   251.58 262.25   113.52 124.19   119.11 129.77   112.84 123.51
2022-09-05   113.14 123.79   113.11 123.76   250.62 261.27   112.57 123.22   118.15 128.80   111.88 122.53
2022-09-06   112.18 122.81   112.15 122.79   249.67 260.30   111.61 122.24   117.20 127.83   110.93 121.56
2022-09-07   111.23 121.85   111.20 121.82   248.71 259.33   110.66 121.28   116.24 126.86   109.98 120.59
2022-09-08   110.28 120.88   110.25 120.85   247.76 258.37   109.71 120.31   115.29 125.90   109.03 119.63
2022-09-09   109.33 119.92   109.30 119.89   246.82 257.40   108.76 119.35   114.34 124.93   108.08 118.67
2022-09-10   108.38 118.96   108.36 118.93   245.87 256.44   107.81 118.39   113.40 123.97   107.13 117.71
2022-09-11   107.44 118.00   107.41 117.97   244.93 255.48   106.87 117.43   112.45 123.01   106.19 116.75
2022-09-12   106.50 117.04   106.47 117.02   243.99 254.53   105.93 116.47   111.51 122.06   105.25 115.79
2022-09-13   105.56 116.09   105.53 116.06   243.05 253.58   104.99 115.52   110.58 121.10   104.31 114.84
2022-09-14   104.62 115.14   104.60 115.11   242.11 252.62   104.05 114.57   109.64 120.15   103.37 113.89
2022-09-15   103.69 114.19   103.66 114.16   241.18 251.68   103.12 113.62   108.70 119.20   102.44 112.94
2022-09-16   102.76 113.24   102.73 113.22   240.24 250.73   102.19 112.67   107.77 118.26   101.51 111.99
2022-09-17   101.83 112.30   101.80 112.27   239.31 249.79   101.26 111.73   106.84 117.31   100.58 111.05
2022-09-18   100.90 111.36   100.87 111.33   238.39 248.84   100.33 110.79   105.91 116.37    99.65 110.11
2022-09-19    99.97 110.42    99.95 110.39   237.46 247.90    99.40 109.85   104.99 115.43    98.72 109.17
2022-09-20    99.05 109.48    99.02 109.45   236.54 246.97    98.48 108.91   104.06 114.49    97.80 108.23
2022-09-21    98.13 108.54    98.10 108.52   235.61 246.03    97.56 107.97   103.14 113.56    96.87 107.29
2022-09-22    97.20 107.61    97.18 107.58   234.69 245.10    96.63 107.04   102.22 112.63    95.95 106.36
2022-09-23    96.29 106.68    96.26 106.65   233.77 244.17    95.72 106.11   101.30 111.69    95.03 105.43
2022-09-24    95.37 105.75    95.34 105.72   232.85 243.24    94.80 105.18   100.38 110.76    94.12 104.50
2022-09-25    94.45 104.82    94.42 104.79   231.94 242.31    93.88 104.25    99.47 109.84    93.20 103.57
2022-09-26    93.54 103.89    93.51 103.87   231.02 241.38    92.97 103.32    98.55 108.91    92.29 102.64
2022-09-27    92.62 102.97    92.60 102.94   230.11 240.46    92.05 102.40    97.64 107.99    91.37 101.72
2022-09-28    91.71 102.05    91.69 102.02   229.20 239.54    91.14 101.48    96.73 107.06    90.46 100.80
2022-09-29    90.80 101.13    90.77 101.10   228.29 238.61    90.23 100.56    95.82 106.14    89.55  99.88
2022-09-30    89.89 100.21    89.86 100.18   227.38 237.69    89.32  99.64    94.91 105.22    88.64  98.96
2022-10-01    88.98  99.29    88.96  99.26   226.47 236.78    88.41  98.72    94.00 104.30    87.73  98.04
2022-10-02    88.08  98.37    88.05  98.35   225.56 235.86    87.51  97.80    93.09 103.39    86.82  97.12
2022-10-03    87.17  97.46    87.14  97.43   224.66 234.94    86.60  96.89    92.18 102.47    85.92  96.21
2022-10-04    86.26  96.54    86.24  96.52   223.75 234.03    85.69  95.97    91.28 101.56    85.01  95.29
2022-10-05    85.36  95.63    85.33  95.60   222.85 233.12    84.79  95.06    90.37 100.64    84.11  94.38
2022-10-06    84.45  94.72    84.43  94.69   221.94 232.20    83.88  94.15    89.47  99.73    83.20  93.47
2022-10-07    83.55  93.81    83.52  93.78   221.04 231.29    82.98  93.24    88.56  98.82    82.30  92.56
2022-10-08    82.65  92.90    82.62  92.87   220.13 230.38    82.08  92.33    87.66  97.91    81.40  91.64
2022-10-09    81.74  91.99    81.72  91.96   219.23 229.47    81.17  91.42    86.76  97.00    80.49  90.74
2022-10-10    80.84  91.08    80.81  91.05   218.33 228.57    80.27  90.51    85.86  96.09    79.59  89.83
2022-10-11    79.94  90.17    79.91  90.14   217.43 227.66    79.37  89.60    84.95  95.18    78.69  88.92
2022-10-12    79.04  89.26    79.01  89.24   216.52 226.75    78.47  88.69    84.05  94.28    77.79  88.01
2022-10-13    78.13  88.36    78.11  88.33   215.62 225.84    77.56  87.79    83.15  93.37    76.88  87.10
2022-10-14    77.23  87.45    77.20  87.42   214.72 224.94    76.66  86.88    82.25  92.46    75.98  86.20
2022-10-15    76.33  86.54    76.30  86.52   213.82 224.03    75.76  85.97    81.34  91.56    75.08  85.29
2022-10-16    75.43  85.64    75.40  85.61   212.91 223.12    74.86  85.07    80.44  90.65    74.18  84.39
2022-10-17    74.52  84.73    74.50  84.70   212.01 222.22    73.95  84.16    79.54  89.75    73.27  83.48
2022-10-18    73.62  83.83    73.59  83.80   211.11 221.31    73.05  83.26    78.64  88.84    72.37  82.57
2022-10-19    72.72  82.92    72.69  82.89   210.20 220.41    72.15  82.35    77.73  87.93    71.47  81.67
2022-10-20    71.81  82.01    71.79  81.99   209.30 219.50    71.24  81.44    76.83  87.03    70.56  80.76
2022-10-21    70.91  81.11    70.88  81.08   208.39 218.59    70.34  80.54    75.92  86.12    69.66  79.86
2022-10-22    70.00  80.20    69.97  80.17   207.49 217.69    69.43  79.63    75.02  85.22    68.75  78.95
2022-10-23    69.09  79.29    69.07  79.27   206.58 216.78    68.52  78.72    74.11  84.31    67.84  78.04
2022-10-24    68.19  78.39    68.16  78.36   205.67 215.87    67.62  77.82    73.20  83.40    66.94  77.14
2022-10-25    67.28  77.48    67.25  77.45   204.76 214.97    66.71  76.91    72.29  82.49    66.03  76.23
2022-10-26    66.37  76.57    66.34  76.54   203.85 214.06    65.80  76.00    71.38  81.59    65.12  75.32
2022-10-27    65.46  75.66    65.43  75.63   202.94 213.15    64.89  75.09    70.47  80.68    64.21  74.41
2022-10-28    64.54  74.75    64.52  74.72   202.03 212.24    63.97  74.18    69.56  79.77    63.29  73.50
2022-10-29    63.63  73.84    63.60  73.81   201.12 211.33    63.06  73.27    68.65  78.85    62.38  72.59
2022-10-30    62.96  72.69    62.93  72.66   200.44 210.17    62.39  72.12    67.97  77.70    61.70  71.44
2022-10-31    62.28  71.53    62.26  71.50   199.77 209.02    61.71  70.96    67.30  76.54    61.03  70.28
2022-11-01    61.61  70.37    61.58  70.34   199.10 207.86    61.04  69.80    66.63  75.38    60.36  69.12
2022-11-02    60.93  69.21    60.91  69.18   198.42 206.70    60.36  68.64    65.95  74.22    59.68  67.96
2022-11-03    60.26  68.05    60.23  68.02   197.74 205.54    59.69  67.48    65.27  73.06    59.01  66.80
2022-11-04    59.58  66.89    59.55  66.86   197.06 204.37    59.01  66.32    64.59  71.90    58.33  65.63
2022-11-05    58.89  65.72    58.87  65.70   196.38 203.21    58.32  65.15    63.91  70.74    57.64  64.47

2023-04-07   262.14 269.17   262.11 269.14    39.63  46.66   261.57 268.60   267.16 274.18   260.89 267.92
2023-04-08   261.00 268.51   260.97 268.48    38.49  45.99   260.43 267.94   266.02 273.52   259.75 267.26
2023-04-09   259.86 267.85   259.84 267.82    37.35  45.33   259.29 267.28   264.88 272.86   258.61 266.59
2023-04-10   258.73 267.19   258.70 267.16    36.21  44.67   258.16 266.62   263.74 272.20   257.47 265.94
2023-04-11   257.59 266.53   257.56 266.50    35.08  44.02   257.02 265.96   262.60 271.55   256.34 265.28
2023-04-12   256.45 265.88   256.43 265.85    33.94  43.36   255.88 265.31   261.47 270.89   255.20 264.63
2023-04-13   255.32 265.22   255.29 265.20    32.80  42.71   254.75 264.65   260.33 270.24   254.07 263.97
2023-04-14   254.27 264.48   254.25 264.45    31.76  41.97   253.70 263.91   259.29 269.50   253.02 263.23
2023-04-15   253.38 263.59   253.36 263.56    30.87  41.07   252.81 263.02   258.40 268.60   252.13 262.34
2023-04-16   252.49 262.69   252.46 262.67    29.98  40.18   251.92 262.12   257.51 267.71   251.24 261.44
2023-04-17   251.60 261.80   251.57 261.78    29.09  39.29   251.03 261.23   256.62 266.82   250.35 260.55
2023-04-18   250.71 260.91   250.68 260.89    28.20  38.40   250.14 260.34   255.73 265.93   249.46 259.66
2023-04-19   249.82 260.02   249.80 260.00    27.31  37.51   249.25 259.45   254.84 265.04   248.57 258.77
2023-04-20   248.93 259.13   248.91 259.11    26.42  36.62   248.36 258.56   253.95 264.15   247.68 257.88
2023-04-21   248.04 258.24   248.02 258.22    25.53  35.73   247.47 257.67   253.06 263.26   246.79 256.99
2023-04-22   247.16 257.36   247.13 257.33    24.64  34.84   246.59 256.79   252.17 262.37   245.90 256.11
2023-04-23   246.27 256.47   246.24 256.44    23.75  33.96   245.70 255.90   251.28 261.48   245.02 255.22
2023-04-24   245.38 255.58   245.35 255.55    22.86  33.07   244.81 255.01   250.39 260.60   244.13 254.33
2023-04-25   244.49 254.69   244.46 254.67    21.98  32.18   243.92 254.12   249.50 259.71   243.24 253.44
2023-04-26   243.60 253.81   243.57 253.78    21.09  31.29   243.03 253.24   248.61 258.82   242.35 252.56
2023-04-27   242.71 252.92   242.68 252.89    20.20  30.41   242.14 252.35   247.72 257.93   241.46 251.67
2023-04-28   241.82 252.03   241.79 252.01    19.30  29.52   241.25 251.46   246.83 257.05   240.57 250.78
2023-04-29   240.93 251.14   240.90 251.12    18.41  28.63   240.36 250.57   245.94 256.16   239.68 249.89
2023-04-30   240.03 250.26   240.01 250.23    17.52  27.74   239.46 249.69   245.05 255.27   238.78 249.01
2023-05-01   239.14 249.37   239.11 249.34    16.63  26.86   238.57 248.80   244.16 254.38   237.89 248.12
2023-05-02   238.25 248.48   238.22 248.45    15.74  25.97   237.68 247.91   243.26 253.50   237.00 247.23
2023-05-03   237.35 247.59   237.33 247.57    14.84  25.08   236.78 247.02   242.37 252.61   236.10 246.34
2023-05-04   236.46 246.70   236.43 246.68    13.95  24.19   235.89 246.13   241.47 251.72   235.21 245.45
2023-05-05   235.56 245.81   235.53 245.79    13.05  23.30   234.99 245.24   240.58 250.83   234.31 244.56
2023-05-06   234.66 244.92   234.64 244.90    12.15  22.41   234.09 244.35   239.68 249.94   233.41 243.67
2023-05-07   233.76 244.03   233.74 244.00    11.25  21.52   233.19 243.46   238.78 249.05   232.51 242.78
2023-05-08   232.86 243.14   232.84 243.11    10.35  20.62   232.29 242.57   237.88 248.15   231.61 241.89
2023-05-09   231.96 242.24   231.94 242.22     9.45  19.73   231.39 241.67   236.98 247.26   230.71 240.99
2023-05-10   231.06 241.35   231.03 241.32     8.55  18.84   230.49 240.78   236.07 246.36   229.81 240.10
2023-05-11   230.15 240.45   230.13 240.43     7.64  17.94   229.58 239.88   235.17 245.47   228.90 239.20
2023-05-12   229.25 239.56   229.22 239.53     6.73  17.04   228.68 238.99   234.26 244.57   228.00 238.31
2023-05-13   228.34 238.66   228.31 238.63     5.83  16.14   227.77 238.09   233.35 243.67   227.09 237.41
2023-05-14   227.43 237.76   227.40 237.73     4.92  15.24   226.86 237.19   232.44 242.77   226.18 236.51
2023-05-15   226.52 236.86   226.49 236.83     4.00  14.34   225.95 236.29   231.53 241.87   225.27 235.61
2023-05-16   225.60 235.95   225.58 235.93     3.09  13.44   225.03 235.38   230.62 240.97   224.35 234.70
2023-05-17   224.69 235.05   224.66 235.02     2.17  12.54   224.12 234.48   229.70 240.06   223.44 233.80
2023-05-18   223.77 234.14   223.74 234.12     1.26  11.63   223.20 233.57   228.78 239.16   222.52 232.89
2023-05-19   222.85 233.23   222.82 233.21     0.34  10.72   222.28 232.66   227.86 238.25   221.60 231.98
2023-05-20   221.93 232.32   221.90 232.30   359.41   9.81   221.36 231.75   226.94 237.34   220.68 231.07
2023-05-21   221.00 231.41   220.98 231.38   358.49   8.90   220.43 230.84   226.02 236.43   219.75 230.16
2023-05-22   220.08 230.50   220.05 230.47   357.56   7.98   219.51 229.93   225.09 235.51   218.82 229.25
2023-05-23   219.15 229.58   219.12 229.55   356.63   7.07   218.58 229.01   224.16 234.60   217.90 228.33
2023-05-24   218.21 228.66   218.19 228.64   355.70   6.15   217.64 228.09   223.23 233.68   216.96 227.41
2023-05-25   217.28 227.74   217.25 227.72   354.77   5.23   216.71 227.17   222.30 232.76   216.03 226.49
2023-05-26   216.34 226.82   216.32 226.79   353.83   4.31   215.77 226.25   221.36 231.83   215.09 225.57
2023-05-27   215.40 225.89   215.38 225.87   352.89   3.38   214.83 225.32   220.42 230.91   214.15 224.64
2023-05-28   214.46 224.97   214.44 224.94   351.95   2.45   213.89 224.40   219.48 229.98   213.21 223.72
2023-05-29   213.52 224.04   213.49 224.01   351.01   1.52   212.95 223.47   218.53 229.05   212.27 222.79
2023-05-30   212.57 223.10   212.55 223.08   350.06   0.59   212.00 222.53   217.59 228.12   211.32 221.85
2023-05-31   211.62 222.17   211.60 222.14   349.11 359.66   211.05 221.60   216.64 227.18   210.37 220.92
2023-06-01   210.67 221.23   210.64 221.21   348.16 358.72   210.10 220.66   215.68 226.25   209.42 219.98
2023-06-02   209.71 220.29   209.69 220.27   347.20 357.78   209.14 219.72   214.73 225.31   208.46 219.04
2023-06-03   208.76 219.35   208.73 219.32   346.24 356.84   208.19 218.78   213.77 224.36   207.50 218.10
2023-06-04   207.79 218.40   207.77 218.38   345.28 355.89   207.22 217.83   212.81 223.42   206.54 217.15
2023-06-05   206.83 217.46   206.80 217.43   344.32 354.94   206.26 216.89   211.85 222.47   205.58 216.20
2023-06-06   205.86 216.50   205.84 216.48   343.35 353.99   205.29 215.93   210.88 221.52   204.61 215.25
2023-06-07   204.89 215.55   204.87 215.52   342.38 353.04   204.32 214.98   209.91 220.57   203.64 214.30
2023-06-08   203.92 214.59   203.90 214.57   341.41 352.08   203.35 214.02   208.94 219.61   202.67 213.34
2023-06-09   202.95 213.63   202.92 213.61   340.43 351.12   202.38 213.06   207.96 218.65   201.70 212.38
2023-06-10   201.97 212.67   201.94 212.64   339.46 350.16   201.40 212.10   206.98 217.69   200.72 211.42
2023-06-11   200.99 211.71   200.96 211.68   338.47 349.19   200.42 211.14   206.00 216.72   199.74 210.45
2023-06-12   200.00 210.74   199.98 210.71   337.49 348.22   199.43 210.17   205.02 215.75   198.75 209.49
2023-06-13   199.02 209.77   198.99 209.74   336.50 347.25   198.45 209.20   204.03 214.78   197.77 208.51
2023-06-14   198.03 208.79   198.00 208.76   335.51 346.28   197.46 208.22   203.04 213.81   196.78 207.54
2023-06-15   197.03 207.81   197.01 207.79   334.52 345.30   196.46 207.24   202.05 212.83   195.78 206.56
2023-06-16   196.04 206.83   196.01 206.81   333.53 344.32   195.47 206.26   201.05 211.85   194.79 205.58
2023-06-17   195.04 205.85   195.01 205.82   332.53 343.34   194.47 205.28   200.06 210.87   193.79 204.60
2023-06-18   194.04 204.86   194.01 204.84   331.53 342.35   193.47 204.29   199.05 209.88   192.79 203.61
2023-06-19   193.04 203.88   193.01 203.85   330.52 341.36   192.47 203.31   198.05 208.89   191.78 202.63
2023-06-20   192.03 202.88   192.00 202.86   329.52 340.37   191.46 202.31   197.04 207.90   190.78 201.63
2023-06-21   191.02 201.89   190.99 201.86   328.51 339.38   190.45 201.32   196.03 206.91   189.77 200.64
2023-06-22   190.01 200.89   189.98 200.87   327.50 338.38   189.44 200.32   195.02 205.91   188.76 199.64
2023-06-23   188.99 199.89   188.97 199.87   326.48 337.38   188.42 199.32   194.01 204.91   187.74 198.64
2023-06-24   187.98 198.89   187.95 198.86   325.46 336.38   187.41 198.32   192.99 203.90   186.73 197.64
2023-06-25   186.96 197.88   186.93 197.86   324.45 335.37   186.39 197.31   191.97 202.90   185.71 196.63
2023-06-26   185.94 196.88   185.91 196.85   323.42 334.36   185.37 196.31   190.95 201.89   184.69 195.63
2023-06-27   184.91 195.87   184.89 195.84   322.40 333.35   184.34 195.30   189.93 200.88   183.66 194.61
2023-06-28   183.89 194.85   183.86 194.83   321.38 332.34   183.32 194.28   188.90 199.87   182.64 193.60
2023-06-29   182.86 193.84   182.83 193.81   320.35 331.32   182.29 193.27   187.88 198.85   181.61 192.59
2023-06-30   181.83 192.82   181.80 192.79   319.32 330.31   181.26 192.25   186.85 197.83   180.58 191.57
2023-07-01   180.80 191.80   180.77 191.77   318.29 329.28   180.23 191.23   185.81 196.81   179.55 190.55
2023-07-02   179.76 190.77   179.74 190.75   317.25 328.26   179.19 190.20   184.78 195.79   178.51 189.52
2023-07-03   178.73 189.75   178.70 189.72   316.22 327.24   178.16 189.18   183.74 194.76   177.48 188.50
2023-07-04   177.69 188.72   177.67 188.70   315.18 326.21   177.12 188.15   182.71 193.74   176.44 187.47
2023-07-05   176.65 187.69   176.63 187.67   314.14 325.18   176.08 187.12   181.67 192.71   175.40 186.44
2023-07-06   175.61 186.66   175.59 186.64   313.10 324.15   175.04 186.09   180.63 191.68   174.36 185.41
2023-07-07   174.57 185.63   174.55 185.60   312.06 323.12   174.00 185.06   179.59 190.65   173.32 184.38
2023-07-08   173.53 184.60   173.50 184.57   311.02 322.08   172.96 184.03   178.54 189.61   172.28 183.34
2023-07-09   172.49 183.56   172.46 183.53   309.97 321.05   171.92 182.99   177.50 188.57   171.23 182.31
2023-07-10   171.44 182.52   171.41 182.49   308.93 320.01   170.87 181.95   176.46 187.54   170.19 181.27
2023-07-11   170.40 181.48   170.37 181.46   307.88 318.97   169.83 180.91   175.41 186.50   169.14 180.23
2023-07-12   169.35 180.44   169.32 180.42   306.84 317.93   168.78 179.87   174.36 185.46   168.10 179.19
2023-07-13   168.30 179.40   168.28 179.37   305.79 316.89   167.73 178.83   173.32 184.42   167.05 178.15
2023-07-14   167.25 178.36   167.23 178.33   304.74 315.84   166.68 177.79   172.27 183.37   166.00 177.11
2023-07-15   166.21 177.31   166.18 177.29   303.69 314.80   165.64 176.74   171.22 182.33   164.95 176.06
2023-07-16   165.16 176.27   165.13 176.24   302.64 313.76   164.59 175.70   170.17 181.28   163.91 175.02
2023-07-17   164.11 175.22   164.08 175.20   301.60 312.71   163.54 174.65   169.12 180.24   162.86 173.97
2023-07-18   163.06 174.18   163.03 174.15   300.55 311.66   162.49 173.61   168.07 179.19   161.81 172.93
2023-07-19   162.01 173.13   161.98 173.10   299.50 310.62   161.44 172.56   167.03 178.14   160.76 171.88
2023-07-20   160.96 172.08   160.94 172.06   298.45 309.57   160.39 171.51   165.98 177.10   159.71 170.83
2023-07-21   159.91 171.03   159.89 171.01   297.40 308.52   159.34 170.46   164.93 176.05   158.66 169.78
2023-07-22   158.87 169.99   158.84 169.96   296.35 307.47   158.30 169.42   163.88 175.00   157.61 168.74
2023-07-23   157.82 168.94   157.79 168.91   295.31 306.43   157.25 168.37   162.83 173.95   156.57 167.69
2023-07-24   156.77 167.89   156.74 167.86   294.26 305.38   156.20 167.32   161.79 172.90   155.52 166.64
2023-07-25   155.72 166.84   155.70 166.82   293.21 304.33   155.15 166.27   160.74 171.86   154.47 165.59
2023-07-26   154.68 165.79   154.65 165.77   292.17 303.28   154.11 165.22   159.69 170.81   153.43 164.54
2023-07-27   153.63 164.75   153.61 164.72   291.12 302.23   153.06 164.18   158.65 169.76   152.38 163.50
2023-07-28   152.59 163.70   152.56 163.67   290.08 301.19   152.02 163.13   157.61 168.71   151.34 162.45
2023-07-29   151.55 162.65   151.52 162.63   289.03 300.14   150.98 162.08   156.56 167.67   150.30 161.40
2023-07-30   150.51 161.61   150.48 161.58   287.99 299.09   149.94 161.04   155.52 166.62   149.26 160.36
2023-07-31   149.47 160.56   149.44 160.53   286.95 298.05   148.90 159.99   154.48 165.58   148.21 159.31
2023-08-01   148.43 159.52   148.40 159.49   285.91 297.00   147.86 158.95   153.44 164.53   147.18 158.27
2023-08-02   147.39 158.47   147.36 158.45   284.88 295.96   146.82 157.90   152.40 163.49   146.14 157.22
2023-08-03   146.35 157.43   146.33 157.40   283.84 294.92   145.78 156.86   151.37 162.45   145.10 156.18
2023-08-04   145.32 156.39   145.29 156.36   282.81 293.88   144.75 155.82   150.33 161.40   144.07 155.14
2023-08-05   144.29 155.35   144.26 155.32   281.77 292.84   143.72 154.78   149.30 160.36   143.04 154.10
2023-08-06   143.26 154.31   143.23 154.28   280.74 291.80   142.69 153.74   148.27 159.32   142.01 153.06
2023-08-07   142.23 153.27   142.20 153.25   279.71 290.76   141.66 152.70   147.24 158.29   140.98 152.02
2023-08-08   141.20 152.24   141.17 152.21   278.69 289.72   140.63 151.67   146.22 157.25   139.95 150.98
2023-08-09   140.18 151.20   140.15 151.17   277.66 288.69   139.61 150.63   145.19 156.22   138.92 149.95
2023-08-10   139.15 150.17   139.13 150.14   276.64 287.66   138.58 149.60   144.17 155.18   137.90 148.92
2023-08-11   138.13 149.14   138.11 149.11   275.62 286.62   137.56 148.57   143.15 154.15   136.88 147.89
2023-08-12   137.11 148.11   137.09 148.08   274.60 285.59   136.54 147.54   142.13 153.12   135.86 146.86
2023-08-13   136.10 147.08   136.07 147.05   273.59 284.57   135.53 146.51   141.11 152.10   134.85 145.83
2023-08-14   135.08 146.05   135.06 146.03   272.57 283.54   134.51 145.48   140.10 151.07   133.83 144.80
2023-08-15   134.07 145.03   134.05 145.00   271.56 282.52   133.50 144.46   139.09 150.05   132.82 143.78
2023-08-16   133.06 144.01   133.04 143.98   270.55 281.50   132.49 143.44   138.08 149.02   131.81 142.76
2023-08-17   132.06 142.99   132.03 142.96   269.54 280.48   131.49 142.42   137.07 148.00   130.81 141.74
2023-08-18   131.05 141.97   131.03 141.95   268.54 279.46   130.48 141.40   136.07 146.99   129.80 140.72
2023-08-19   130.05 140.96   130.02 140.93   267.54 278.44   129.48 140.39   135.07 145.97   128.80 139.71
2023-08-20   129.05 139.94   129.03 139.92   266.54 277.43   128.48 139.37   134.07 144.96   127.80 138.69
2023-08-21   128.06 138.93   128.03 138.91   265.54 276.42   127.49 138.36   133.07 143.95   126.80 137.68
2023-08-22   127.06 137.93   127.03 137.90   264.55 275.41   126.49 137.36   132.08 142.94   125.81 136.68
2023-08-23   126.07 136.92   126.04 136.89   263.56 274.41   125.50 136.35   131.08 141.94   124.82 135.67
2023-08-24   125.08 135.92   125.05 135.89   262.57 273.40   124.51 135.35   130.10 140.93   123.83 134.67
2023-08-25   124.09 134.92   124.07 134.89   261.58 272.40   123.52 134.35   129.11 139.93   122.84 133.67
2023-08-26   123.11 133.92   123.08 133.89   260.60 271.41   122.54 133.35   128.13 138.93   121.86 132.67
2023-08-27   122.13 132.92   122.10 132.90   259.62 270.41   121.56 132.35   127.15 137.94   120.88 131.67
2023-08-28   121.15 131.93   121.13 131.90   258.64 269.42   120.58 131.36   126.17 136.94   119.90 130.68
2023-08-29   120.18 130.94   120.15 130.91   257.66 268.43   119.61 130.37   125.19 135.95   118.93 129.69
2023-08-30   119.20 129.95   119.18 129.92   256.69 267.44   118.63 129.38   124.22 134.97   117.95 128.70
2023-08-31   118.23 128.96   118.21 128.94   255.72 266.45   117.66 128.39   123.25 133.98   116.98 127.71
2023-09-01   117.27 127.98   117.24 127.95   254.75 265.47   116.70 127.41   122.28 133.00   116.02 126.73
2023-09-02   116.30 127.00   116.27 126.97   253.79 264.49   115.73 126.43   121.32 132.02   115.05 125.75
2023-09-03   115.34 126.02   115.31 126.00   252.83 263.51   114.77 125.45   120.35 131.04   114.09 124.77
2023-09-04   114.38 125.05   114.35 125.02   251.87 262.53   113.81 124.48   119.39 130.06   113.13 123.80
2023-09-05   113.42 124.07   113.39 124.05   250.91 261.56   112.85 123.50   118.44 129.09   112.17 122.82
2023-09-06   112.47 123.10   112.44 123.08   249.95 260.59   111.90 122.53   117.48 128.12   111.22 121.85
2023-09-07   111.51 122.14   111.49 122.11   249.00 259.62   110.94 121.57   116.53 127.15   110.26 120.89
2023-09-08   110.56 121.17   110.54 121.14   248.05 258.66   109.99 120.60   115.58 126.19   109.31 119.92
2023-09-09   109.62 120.21   109.59 120.18   247.10 257.70   109.05 119.64   114.63 125.22   108.37 118.96
2023-09-10   108.67 119.25   108.64 119.22   246.16 256.73   108.10 118.68   113.69 124.26   107.42 118.00
2023-09-11   107.73 118.29   107.70 118.26   245.22 255.78   107.16 117.72   112.74 123.30   106.48 117.04
2023-09-12   106.79 117.33   106.76 117.31   244.27 254.82   106.22 116.76   111.80 122.35   105.54 116.08
2023-09-13   105.85 116.38   105.82 116.35   243.34 253.87   105.28 115.81   110.86 121.40   104.60 115.13
2023-09-14   104.91 115.43   104.89 115.40   242.40 252.92   104.34 114.86   109.93 120.45   103.66 114.18
2023-09-15   103.98 114.48   103.95 114.46   241.47 251.97   103.41 113.91   108.99 119.50   102.73 113.23
2023-09-16   103.05 113.54   103.02 113.51   240.53 251.02   102.48 112.97   108.06 118.55   101.80 112.28
2023-09-17   102.12 112.59   102.09 112.56   239.60 250.08   101.55 112.02   107.13 117.61   100.87 111.34
2023-09-18   101.19 111.65   101.16 111.62   238.68 249.14   100.62 111.08   106.20 116.66    99.94 110.40
2023-09-19   100.26 110.71   100.24 110.68   237.75 248.20    99.69 110.14   105.28 115.72    99.01 109.46
2023-09-20    99.34 109.77    99.31 109.75   236.82 247.26    98.77 109.20   104.35 114.79    98.09 108.52
2023-09-21    98.41 108.84    98.39 108.81   235.90 246.32    97.84 108.27   103.43 113.85    97.16 107.59
2023-09-22    97.49 107.90    97.47 107.88   234.98 245.39    96.92 107.33   102.51 112.92    96.24 106.65
2023-09-23    96.57 106.97    96.55 106.94   234.06 244.46    96.00 106.40   101.59 111.99    95.32 105.72
2023-09-24    95.66 106.04    95.63 106.01   233.14 243.53    95.09 105.47   100.67 111.06    94.41 104.79
2023-09-25    94.74 105.11    94.71 105.09   232.23 242.60    94.17 104.54    99.76 110.13    93.49 103.86
2023-09-26    93.82 104.19    93.80 104.16   231.31 241.67    93.25 103.62    98.84 109.20    92.57 102.94
2023-09-27    92.91 103.26    92.88 103.24   230.40 240.75    92.34 102.69    97.93 108.28    91.66 102.01
2023-09-28    92.00 102.34    91.97 102.31   229.49 239.83    91.43 101.77    97.01 107.35    90.75 101.09
2023-09-29    91.09 101.42    91.06 101.39   228.58 238.90    90.52 100.85    96.10 106.43    89.84 100.17
2023-09-30    90.18 100.50    90.15 100.47   227.67 237.98    89.61  99.93    95.19 105.51    88.93  99.25
2023-10-01    89.27  99.58    89.24  99.55   226.76 237.07    88.70  99.01    94.28 104.59    88.02  98.33
2023-10-02    88.36  98.66    88.33  98.63   225.85 236.15    87.79  98.09    93.38 103.68    87.11  97.41
2023-10-03    87.45  97.74    87.43  97.72   224.94 235.23    86.88  97.17    92.47 102.76    86.20  96.49
2023-10-04    86.55  96.83    86.52  96.80   224.03 234.32    85.98  96.26    91.56 101.84    85.30  95.58
2023-10-05    85.64  95.92    85.62  95.89   223.13 233.40    85.07  95.35    90.66 100.93    84.39  94.66
2023-10-06    84.74  95.00    84.71  94.98   222.22 232.49    84.17  94.43    89.75 100.02    83.49  93.75
2023-10-07    83.83  94.09    83.81  94.06   221.32 231.58    83.26  93.52    88.85  99.11    82.58  92.84
2023-10-08    82.93  93.18    82.90  93.15   220.42 230.67    82.36  92.61    87.94  98.19    81.68  91.93
2023-10-09    82.02  92.27    82.00  92.24   219.51 229.76    81.45  91.70    87.04  97.28    80.77  91.02
2023-10-10    81.12  91.36    81.09  91.33   218.61 228.85    80.55  90.79    86.14  96.38    79.87  90.11
2023-10-11    80.22  90.45    80.19  90.42   217.71 227.94    79.65  89.88    85.23  95.47    78.97  89.20
2023-10-12    79.31  89.54    79.29  89.52   216.80 227.03    78.74  88.97    84.33  94.56    78.06  88.29
2023-10-13    78.41  88.63    78.39  88.61   215.90 226.12    77.84  88.06    83.43  93.65    77.16  87.38
2023-10-14    77.51  87.73    77.48  87.70   215.00 225.21    76.94  87.16    82.52  92.74    76.26  86.48
2023-10-15    76.61  86.82    76.58  86.79   214.09 224.31    76.04  86.25    81.62  91.84    75.35  85.57
2023-10-16    75.70  85.91    75.67  85.89   213.19 223.40    75.13  85.34    80.72  90.93    74.45  84.66
2023-10-17    74.80  85.01    74.77  84.98   212.28 222.49    74.23  84.44    79.81  90.02    73.55  83.76
2023-10-18    73.89  84.10    73.87  84.07   211.38 221.59    73.32  83.53    78.91  89.11    72.64  82.85
2023-10-19    72.99  83.19    72.96  83.17   210.48 220.68    72.42  82.62    78.00  88.21    71.74  81.94
2023-10-20    72.08  82.28    72.06  82.26   209.57 219.77    71.51  81.71    77.10  87.30    70.83  81.03
2023-10-21    71.18  81.38    71.15  81.35   208.66 218.86    70.61  80.81    76.19  86.39    69.93  80.13
2023-10-22    70.27  80.47    70.24  80.44   207.76 217.96    69.70  79.90    75.28  85.49    69.02  79.22
2023-10-23    69.36  79.56    69.34  79.54   206.85 217.05    68.79  78.99    74.38  84.58    68.11  78.31
2023-10-24    68.45  78.65    68.43  78.63   205.94 216.14    67.88  78.08    73.47  83.67    67.20  77.40
2023-10-25    67.54  77.74    67.52  77.72   205.03 215.23    66.97  77.17    72.56  82.76    66.29  76.49
2023-10-26    66.63  76.83    66.61  76.81   204.12 214.32    66.06  76.26    71.65  81.85    65.38  75.58
2023-10-27    65.72  75.92    65.69  75.90   203.21 213.41    65.15  75.35    70.74  80.94    64.47  74.67
2023-10-28    64.81  75.01    64.78  74.99   202.29 212.50    64.24  74.44    69.82  80.03    63.56  73.76
2023-10-29    63.89  74.10    63.87  74.07   201.38 211.59    63.32  73.53    68.91  79.12    62.64  72.85
2023-10-30    63.14  73.02    63.11  73.00   200.63 210.51    62.57  72.45    68.15  78.04    61.89  71.77
2023-10-31    62.47  71.86    62.44  71.84   199.95 209.35    61.90  71.29    67.48  76.88    61.22  70.61
2023-11-01    61.79  70.70    61.76  70.68   199.28 208.19    61.22  70.13    66.81  75.72    60.54  69.45
2023-11-02    61.11  69.54    61.09  69.51   198.60 207.03    60.54  68.97    66.13  74.56    59.86  68.29
2023-11-03    60.44  68.38    60.41  68.35   197.92 205.87    59.87  67.81    65.45  73.39    59.19  67.13
2023-11-04    59.75  67.21    59.73  67.19   197.24 204.70    59.18  66.64    64.77  72.23    58.50  65.96
2023-11-05    59.07  66.05    59.05  66.02   196.56 203.54    58.50  65.48    64.09  71.06    57.82  64.80
