
       Target
                ecliptic
RA      Dec     latitude
289.786  46.859  67.729

Checked interval [2020-01-01, 2023-12-31]
|           Window [days]                 |    Normal V3 PA [deg]    |
   Start           End         Duration         Start         End         RA            Dec     
 2020-04-13      2020-11-13       214.00     261.66664      56.40392     289.78616      46.85882 
 2021-04-14      2021-11-14       214.00     261.03733      55.72144     289.78616      46.85882 
 2022-04-14      2022-11-14       214.00     261.31197      55.96733     289.78616      46.85882 
 2023-04-14      2023-11-14       214.00     261.59098      56.20553     289.78616      46.85882 


                V3PA          NIRCam           NIRSpec         NIRISS           MIRI          FGS
   Date      min    max      min    max       min    max     min    max      min    max      min    max

2020-04-14   258.13 265.02   258.11 264.99    35.62  42.51   257.56 264.45   263.15 270.03   256.88 263.77
2020-04-15   257.00 264.34   256.98 264.31    34.49  41.83   256.43 263.77   262.02 269.36   255.75 263.09
2020-04-16   255.88 263.66   255.85 263.64    33.36  41.15   255.31 263.09   260.89 268.68   254.62 262.41
2020-04-17   254.75 262.99   254.72 262.96    32.23  40.48   254.18 262.42   259.76 268.00   253.50 261.74
2020-04-18   253.62 262.32   253.59 262.29    31.11  39.80   253.05 261.75   258.64 267.33   252.37 261.07
2020-04-19   252.49 261.65   252.47 261.62    29.98  39.13   251.92 261.08   257.51 266.66   251.24 260.39
2020-04-20   251.37 260.98   251.34 260.95    28.86  38.46   250.80 260.41   256.38 265.99   250.12 259.73
2020-04-21   250.24 260.31   250.22 260.28    27.73  37.80   249.67 259.74   255.26 265.32   248.99 259.06
2020-04-22   249.28 259.48   249.25 259.46    26.76  36.97   248.71 258.91   254.29 264.50   248.03 258.23
2020-04-23   248.38 258.59   248.36 258.56    25.87  36.08   247.81 258.02   253.40 263.60   247.13 257.34
2020-04-24   247.49 257.69   247.46 257.67    24.98  35.18   246.92 257.12   252.51 262.71   246.24 256.44
2020-04-25   246.60 256.80   246.57 256.77    24.09  34.29   246.03 256.23   251.61 261.82   245.35 255.55
2020-04-26   245.71 255.91   245.68 255.88    23.19  33.40   245.14 255.34   250.72 260.92   244.46 254.66
2020-04-27   244.82 255.02   244.79 254.99    22.30  32.50   244.25 254.45   249.83 260.03   243.56 253.76
2020-04-28   243.92 254.12   243.90 254.10    21.41  31.61   243.35 253.55   248.94 259.14   242.67 252.87
2020-04-29   243.03 253.23   243.01 253.21    20.52  30.72   242.46 252.66   248.05 258.25   241.78 251.98
2020-04-30   242.14 252.34   242.12 252.32    19.63  29.83   241.57 251.77   247.16 257.36   240.89 251.09
2020-05-01   241.25 251.45   241.22 251.43    18.74  28.94   240.68 250.88   246.27 256.47   240.00 250.20
2020-05-02   240.36 250.56   240.33 250.54    17.85  28.05   239.79 249.99   245.38 255.58   239.11 249.31
2020-05-03   239.47 249.67   239.44 249.65    16.96  27.16   238.90 249.10   244.48 254.69   238.22 248.42
2020-05-04   238.58 248.78   238.55 248.76    16.07  26.27   238.01 248.21   243.59 253.80   237.33 247.53
2020-05-05   237.69 247.90   237.66 247.87    15.17  25.38   237.12 247.33   242.70 252.91   236.44 246.64
2020-05-06   236.79 247.01   236.77 246.98    14.28  24.49   236.22 246.44   241.81 252.02   235.54 245.76
2020-05-07   235.90 246.12   235.87 246.09    13.39  23.60   235.33 245.55   240.92 251.13   234.65 244.87
2020-05-08   235.01 245.23   234.98 245.20    12.50  22.72   234.44 244.66   240.02 250.24   233.76 243.98
2020-05-09   234.11 244.34   234.09 244.31    11.60  21.83   233.54 243.77   239.13 249.35   232.86 243.09
2020-05-10   233.22 243.45   233.19 243.42    10.71  20.94   232.65 242.88   238.23 248.46   231.97 242.20
2020-05-11   232.32 242.56   232.30 242.53     9.81  20.05   231.75 241.99   237.34 247.57   231.07 241.31
2020-05-12   231.43 241.67   231.40 241.64     8.91  19.15   230.86 241.10   236.44 246.68   230.18 240.42
2020-05-13   230.53 240.78   230.50 240.75     8.02  18.26   229.96 240.21   235.55 245.79   229.28 239.52
2020-05-14   229.63 239.88   229.60 239.86     7.12  17.37   229.06 239.31   234.65 244.90   228.38 238.63
2020-05-15   228.73 238.99   228.71 238.96     6.22  16.48   228.16 238.42   233.75 244.01   227.48 237.74
2020-05-16   227.83 238.10   227.80 238.07     5.32  15.58   227.26 237.53   232.85 243.11   226.58 236.85
2020-05-17   226.93 237.20   226.90 237.18     4.42  14.69   226.36 236.63   231.94 242.22   225.68 235.95
2020-05-18   226.03 236.31   226.00 236.28     3.51  13.79   225.46 235.74   231.04 241.32   224.77 235.06
2020-05-19   225.12 235.41   225.09 235.38     2.61  12.90   224.55 234.84   230.14 240.42   223.87 234.16
2020-05-20   224.21 234.51   224.19 234.48     1.70  12.00   223.64 233.94   229.23 239.53   222.96 233.26
2020-05-21   223.31 233.61   223.28 233.59     0.79  11.10   222.74 233.04   228.32 238.63   222.06 232.36
2020-05-22   222.40 232.71   222.37 232.69   359.88  10.20   221.83 232.14   227.41 237.73   221.15 231.46
2020-05-23   221.49 231.81   221.46 231.78   358.97   9.30   220.92 231.24   226.50 236.83   220.24 230.56
2020-05-24   220.57 230.91   220.55 230.88   358.06   8.39   220.00 230.34   225.59 235.92   219.32 229.66
2020-05-25   219.66 230.00   219.63 229.98   357.15   7.49   219.09 229.43   224.67 235.02   218.41 228.75
2020-05-26   218.74 229.10   218.71 229.07   356.23   6.58   218.17 228.53   223.76 234.11   217.49 227.84
2020-05-27   217.82 228.19   217.80 228.16   355.31   5.67   217.25 227.62   222.84 233.20   216.57 226.94
2020-05-28   216.90 227.28   216.88 227.25   354.39   4.77   216.33 226.71   221.92 232.29   215.65 226.03
2020-05-29   215.98 226.37   215.95 226.34   353.47   3.85   215.41 225.80   220.99 231.38   214.73 225.12
2020-05-30   215.05 225.45   215.03 225.43   352.54   2.94   214.48 224.88   220.07 230.47   213.80 224.20
2020-05-31   214.13 224.54   214.10 224.51   351.62   2.03   213.56 223.97   219.14 229.55   212.88 223.29
2020-06-01   213.20 223.62   213.17 223.59   350.69   1.11   212.63 223.05   218.21 228.64   211.95 222.37
2020-06-02   212.27 222.70   212.24 222.67   349.75   0.19   211.70 222.13   217.28 227.72   211.02 221.45
2020-06-03   211.33 221.78   211.31 221.75   348.82 359.27   210.76 221.21   216.35 226.79   210.08 220.53
2020-06-04   210.40 220.86   210.37 220.83   347.88 358.34   209.83 220.29   215.41 225.87   209.15 219.61
2020-06-05   209.46 219.93   209.43 219.90   346.95 357.42   208.89 219.36   214.47 224.95   208.21 218.68
2020-06-06   208.52 219.00   208.49 218.98   346.01 356.49   207.95 218.43   213.53 224.02   207.27 217.75
2020-06-07   207.57 218.07   207.55 218.05   345.06 355.56   207.00 217.50   212.59 223.09   206.32 216.82
2020-06-08   206.63 217.14   206.60 217.11   344.12 354.63   206.06 216.57   211.64 222.15   205.38 215.89
2020-06-09   205.68 216.20   205.65 216.18   343.17 353.69   205.11 215.63   210.70 221.22   204.43 214.95
2020-06-10   204.73 215.27   204.70 215.24   342.22 352.75   204.16 214.70   209.74 220.28   203.48 214.02
2020-06-11   203.78 214.33   203.75 214.30   341.26 351.81   203.21 213.76   208.79 219.34   202.52 213.08
2020-06-12   202.82 213.38   202.79 213.36   340.31 350.87   202.25 212.81   207.83 218.40   201.57 212.13
2020-06-13   201.86 212.44   201.83 212.41   339.35 349.93   201.29 211.87   206.88 217.45   200.61 211.19
2020-06-14   200.90 211.49   200.87 211.47   338.39 348.98   200.33 210.92   205.91 216.51   199.65 210.24
2020-06-15   199.93 210.54   199.91 210.52   337.42 348.03   199.36 209.97   204.95 215.56   198.68 209.29
2020-06-16   198.97 209.59   198.94 209.56   336.45 347.08   198.40 209.02   203.98 214.60   197.72 208.34
2020-06-17   198.00 208.63   197.97 208.61   335.49 346.12   197.43 208.06   203.01 213.65   196.75 207.38
2020-06-18   197.03 207.67   197.00 207.65   334.51 345.16   196.46 207.10   202.04 212.69   195.77 206.42
2020-06-19   196.05 206.71   196.02 206.69   333.54 344.20   195.48 206.14   201.07 211.73   194.80 205.46
2020-06-20   195.07 205.75   195.05 205.72   332.56 343.24   194.50 205.18   200.09 210.77   193.82 204.50
2020-06-21   194.09 204.78   194.07 204.76   331.58 342.27   193.52 204.21   199.11 209.80   192.84 203.53
2020-06-22   193.11 203.81   193.08 203.79   330.60 341.30   192.54 203.24   198.12 208.83   191.86 202.56
2020-06-23   192.12 202.84   192.10 202.82   329.61 340.33   191.55 202.27   197.14 207.86   190.87 201.59
2020-06-24   191.13 201.87   191.11 201.84   328.62 339.36   190.56 201.30   196.15 206.88   189.88 200.62
2020-06-25   190.14 200.89   190.12 200.86   327.63 338.38   189.57 200.32   195.16 205.91   188.89 199.64
2020-06-26   189.15 199.91   189.12 199.88   326.64 337.40   188.58 199.34   194.17 204.93   187.90 198.66
2020-06-27   188.15 198.93   188.13 198.90   325.64 336.41   187.58 198.36   193.17 203.94   186.90 197.68
2020-06-28   187.15 197.94   187.13 197.92   324.64 335.43   186.58 197.37   192.17 202.96   185.90 196.69
2020-06-29   186.15 196.95   186.13 196.93   323.64 334.44   185.58 196.38   191.17 201.97   184.90 195.70
2020-06-30   185.15 195.96   185.12 195.94   322.64 333.45   184.58 195.39   190.16 200.98   183.90 194.71
2020-07-01   184.14 194.97   184.12 194.94   321.63 332.46   183.57 194.40   189.16 199.98   182.89 193.72
2020-07-02   183.13 193.97   183.11 193.95   320.62 331.46   182.56 193.40   188.15 198.99   181.88 192.72
2020-07-03   182.12 192.97   182.10 192.95   319.61 330.46   181.55 192.40   187.14 197.99   180.87 191.72
2020-07-04   181.11 191.97   181.08 191.94   318.60 329.46   180.54 191.40   186.12 196.99   179.86 190.72
2020-07-05   180.09 190.97   180.07 190.94   317.58 328.45   179.52 190.40   185.11 195.98   178.84 189.72
2020-07-06   179.08 189.96   179.05 189.93   316.56 327.45   178.51 189.39   184.09 194.98   177.82 188.71
2020-07-07   178.06 188.95   178.03 188.93   315.54 326.44   177.49 188.38   183.07 193.97   176.80 187.70
2020-07-08   177.03 187.94   177.01 187.91   314.52 325.43   176.46 187.37   182.05 192.96   175.78 186.69
2020-07-09   176.01 186.93   175.98 186.90   313.50 324.41   175.44 186.36   181.02 191.94   174.76 185.68
2020-07-10   174.98 185.91   174.96 185.88   312.47 323.40   174.41 185.34   180.00 190.93   173.73 184.66
2020-07-11   173.96 184.89   173.93 184.87   311.44 322.38   173.39 184.32   178.97 189.91   172.71 183.64
2020-07-12   172.93 183.87   172.90 183.85   310.41 321.36   172.36 183.30   177.94 188.89   171.68 182.62
2020-07-13   171.90 182.85   171.87 182.82   309.38 320.34   171.33 182.28   176.91 187.86   170.64 181.60
2020-07-14   170.86 181.83   170.84 181.80   308.35 319.31   170.29 181.26   175.88 186.84   169.61 180.57
2020-07-15   169.83 180.80   169.80 180.77   307.32 318.29   169.26 180.23   174.84 185.81   168.58 179.55
2020-07-16   168.79 179.77   168.77 179.74   306.28 317.26   168.22 179.20   173.81 184.79   167.54 178.52
2020-07-17   167.76 178.74   167.73 178.71   305.24 316.23   167.19 178.17   172.77 183.76   166.51 177.49
2020-07-18   166.72 177.71   166.69 177.68   304.21 315.20   166.15 177.14   171.73 182.72   165.47 176.46
2020-07-19   165.68 176.68   165.65 176.65   303.17 314.16   165.11 176.11   170.69 181.69   164.43 175.43
2020-07-20   164.64 175.64   164.61 175.62   302.13 313.13   164.07 175.07   169.65 180.66   163.39 174.39
2020-07-21   163.60 174.61   163.57 174.58   301.09 312.09   163.03 174.04   168.61 179.62   162.35 173.36
2020-07-22   162.56 173.57   162.53 173.54   300.04 311.06   161.99 173.00   167.57 178.59   161.31 172.32
2020-07-23   161.52 172.53   161.49 172.51   299.00 310.02   160.95 171.96   166.53 177.55   160.26 171.28
2020-07-24   160.47 171.49   160.45 171.47   297.96 308.98   159.90 170.92   165.49 176.51   159.22 170.24
2020-07-25   159.43 170.45   159.40 170.43   296.92 307.94   158.86 169.88   164.44 175.47   158.18 169.20
2020-07-26   158.39 169.41   158.36 169.39   295.87 306.90   157.82 168.84   163.40 174.43   157.13 168.16
2020-07-27   157.34 168.37   157.32 168.34   294.83 305.86   156.77 167.80   162.36 173.39   156.09 167.12
2020-07-28   156.30 167.33   156.27 167.30   293.79 304.81   155.73 166.76   161.31 172.34   155.05 166.08
2020-07-29   155.25 166.28   155.23 166.26   292.74 303.77   154.68 165.71   160.27 171.30   154.00 165.03
2020-07-30   154.21 165.24   154.18 165.22   291.70 302.73   153.64 164.67   159.23 170.26   152.96 163.99
2020-07-31   153.17 164.20   153.14 164.17   290.66 301.69   152.60 163.63   158.18 169.21   151.92 162.95
2020-08-01   152.12 163.15   152.10 163.13   289.61 300.64   151.55 162.58   157.14 168.17   150.87 161.90
2020-08-02   151.08 162.11   151.06 162.08   288.57 299.60   150.51 161.54   156.10 167.13   149.83 160.86
2020-08-03   150.04 161.07   150.01 161.04   287.53 298.55   149.47 160.50   155.06 166.08   148.79 159.82
2020-08-04   149.00 160.02   148.97 160.00   286.49 297.51   148.43 159.45   154.01 165.04   147.75 158.77
2020-08-05   147.96 158.98   147.93 158.95   285.45 296.47   147.39 158.41   152.97 163.99   146.71 157.73
2020-08-06   146.92 157.94   146.89 157.91   284.41 295.42   146.35 157.37   151.93 162.95   145.67 156.69
2020-08-07   145.88 156.89   145.85 156.87   283.37 294.38   145.31 156.32   150.89 161.91   144.63 155.64
2020-08-08   144.84 155.85   144.81 155.82   282.33 293.34   144.27 155.28   149.86 160.87   143.59 154.60
2020-08-09   143.80 154.81   143.78 154.78   281.29 292.30   143.23 154.24   148.82 159.82   142.55 153.56
2020-08-10   142.77 153.77   142.74 153.74   280.26 291.26   142.20 153.20   147.78 158.78   141.52 152.52
2020-08-11   141.73 152.73   141.71 152.70   279.22 290.22   141.16 152.16   146.75 157.74   140.48 151.48
2020-08-12   140.70 151.69   140.67 151.66   278.19 289.18   140.13 151.12   145.72 156.70   139.45 150.44
2020-08-13   139.67 150.65   139.64 150.62   277.16 288.14   139.10 150.08   144.68 155.67   138.42 149.40
2020-08-14   138.64 149.61   138.61 149.59   276.13 287.10   138.07 149.04   143.65 154.63   137.39 148.36
2020-08-15   137.61 148.58   137.58 148.55   275.10 286.06   137.04 148.01   142.63 153.59   136.36 147.33
2020-08-16   136.58 147.54   136.56 147.52   274.07 285.03   136.01 146.97   141.60 152.56   135.33 146.29
2020-08-17   135.56 146.51   135.53 146.48   273.05 284.00   134.99 145.94   140.57 151.52   134.31 145.26
2020-08-18   134.54 145.48   134.51 145.45   272.02 282.96   133.97 144.91   139.55 150.49   133.29 144.23
2020-08-19   133.51 144.45   133.49 144.42   271.00 281.93   132.94 143.88   138.53 149.46   132.26 143.19
2020-08-20   132.50 143.42   132.47 143.39   269.98 280.90   131.93 142.85   137.51 148.43   131.24 142.17
2020-08-21   131.48 142.39   131.45 142.36   268.97 279.88   130.91 141.82   136.49 147.40   130.23 141.14
2020-08-22   130.46 141.36   130.44 141.34   267.95 278.85   129.89 140.79   135.48 146.38   129.21 140.11
2020-08-23   129.45 140.34   129.42 140.31   266.94 277.83   128.88 139.77   134.46 145.35   128.20 139.09
2020-08-24   128.44 139.32   128.41 139.29   265.93 276.80   127.87 138.75   133.45 144.33   127.19 138.06
2020-08-25   127.43 138.30   127.40 138.27   264.92 275.78   126.86 137.73   132.44 143.31   126.18 137.04
2020-08-26   126.42 137.28   126.40 137.25   263.91 274.76   125.85 136.71   131.44 142.29   125.17 136.03
2020-08-27   125.42 136.26   125.39 136.23   262.90 273.75   124.85 135.69   130.43 141.27   124.17 135.01
2020-08-28   124.41 135.24   124.39 135.22   261.90 272.73   123.84 134.67   129.43 140.26   123.16 133.99
2020-08-29   123.41 134.23   123.39 134.21   260.90 271.72   122.84 133.66   128.43 139.25   122.16 132.98
2020-08-30   122.42 133.22   122.39 133.20   259.90 270.71   121.85 132.65   127.43 138.24   121.17 131.97
2020-08-31   121.42 132.21   121.39 132.19   258.91 269.70   120.85 131.64   126.44 137.23   120.17 130.96
2020-09-01   120.43 131.21   120.40 131.18   257.92 268.69   119.86 130.64   125.44 136.22   119.18 129.96
2020-09-02   119.44 130.20   119.41 130.18   256.92 267.69   118.87 129.63   124.45 135.22   118.19 128.95
2020-09-03   118.45 129.20   118.42 129.17   255.94 266.69   117.88 128.63   123.46 134.22   117.20 127.95
2020-09-04   117.46 128.20   117.44 128.18   254.95 265.69   116.89 127.63   122.48 133.22   116.21 126.95
2020-09-05   116.48 127.20   116.45 127.18   253.97 264.69   115.91 126.63   121.49 132.22   115.23 125.95
2020-09-06   115.50 126.21   115.47 126.18   252.99 263.70   114.93 125.64   120.51 131.22   114.25 124.96
2020-09-07   114.52 125.22   114.49 125.19   252.01 262.70   113.95 124.65   119.53 130.23   113.27 123.97
2020-09-08   113.54 124.23   113.52 124.20   251.03 261.71   112.97 123.66   118.56 129.24   112.29 122.98
2020-09-09   112.57 123.24   112.54 123.21   250.06 260.73   112.00 122.67   117.58 128.25   111.32 121.99
2020-09-10   111.60 122.25   111.57 122.23   249.08 259.74   111.03 121.68   116.61 127.27   110.35 121.00
2020-09-11   110.63 121.27   110.60 121.24   248.12 258.76   110.06 120.70   115.64 126.28   109.38 120.02
2020-09-12   109.66 120.29   109.63 120.26   247.15 257.78   109.09 119.72   114.68 125.30   108.41 119.04
2020-09-13   108.70 119.31   108.67 119.28   246.18 256.80   108.13 118.74   113.71 124.32   107.45 118.06
2020-09-14   107.73 118.33   107.71 118.31   245.22 255.82   107.16 117.76   112.75 123.35   106.48 117.08
2020-09-15   106.77 117.36   106.75 117.33   244.26 254.85   106.20 116.79   111.79 122.37   105.52 116.11
2020-09-16   105.82 116.39   105.79 116.36   243.30 253.87   105.25 115.82   110.83 121.40   104.57 115.14
2020-09-17   104.86 115.42   104.83 115.39   242.35 252.91   104.29 114.85   109.88 120.43   103.61 114.17
2020-09-18   103.91 114.45   103.88 114.42   241.39 251.94   103.34 113.88   108.92 119.47   102.66 113.20
2020-09-19   102.96 113.49   102.93 113.46   240.44 250.97   102.39 112.92   107.97 118.50   101.70 112.23
2020-09-20   102.01 112.52   101.98 112.50   239.49 250.01   101.44 111.95   107.02 117.54   100.76 111.27
2020-09-21   101.06 111.56   101.03 111.54   238.55 249.05   100.49 110.99   106.07 116.58    99.81 110.31
2020-09-22   100.11 110.60   100.09 110.58   237.60 248.09    99.54 110.03   105.13 115.62    98.86 109.35
2020-09-23    99.17 109.65    99.14 109.62   236.66 247.14    98.60 109.08   104.19 114.66    97.92 108.40
2020-09-24    98.23 108.69    98.20 108.67   235.72 246.18    97.66 108.12   103.25 113.71    96.98 107.44
2020-09-25    97.29 107.74    97.26 107.72   234.78 245.23    96.72 107.17   102.31 112.76    96.04 106.49
2020-09-26    96.35 106.79    96.33 106.77   233.84 244.28    95.78 106.22   101.37 111.81    95.10 105.54
2020-09-27    95.42 105.84    95.39 105.82   232.90 243.33    94.85 105.27   100.43 110.86    94.17 104.59
2020-09-28    94.48 104.90    94.46 104.87   231.97 242.38    93.91 104.33    99.50 109.91    93.23 103.65
2020-09-29    93.55 103.95    93.52 103.93   231.04 241.44    92.98 103.38    98.57 108.97    92.30 102.70
2020-09-30    92.62 103.01    92.59 102.98   230.11 240.50    92.05 102.44    97.64 108.03    91.37 101.76
2020-10-01    91.69 102.07    91.66 102.04   229.18 239.56    91.12 101.50    96.71 107.09    90.44 100.82
2020-10-02    90.76 101.13    90.74 101.10   228.25 238.62    90.19 100.56    95.78 106.15    89.51  99.88
2020-10-03    89.84 100.19    89.81 100.17   227.32 237.68    89.27  99.62    94.85 105.21    88.59  98.94
2020-10-04    88.91  99.26    88.89  99.23   226.40 236.75    88.34  98.69    93.93 104.27    87.66  98.01
2020-10-05    87.99  98.32    87.96  98.30   225.48 235.81    87.42  97.75    93.00 103.34    86.74  97.07
2020-10-06    87.07  97.39    87.04  97.37   224.55 234.88    86.50  96.82    92.08 102.41    85.81  96.14
2020-10-07    86.14  96.46    86.12  96.43   223.63 233.95    85.57  95.89    91.16 101.48    84.89  95.21
2020-10-08    85.22  95.53    85.20  95.51   222.71 233.02    84.65  94.96    90.24 100.55    83.97  94.28
2020-10-09    84.30  94.60    84.28  94.58   221.79 232.09    83.73  94.03    89.32  99.62    83.05  93.35
2020-10-10    83.39  93.68    83.36  93.65   220.87 231.16    82.82  93.11    88.40  98.69    82.13  92.43
2020-10-11    82.47  92.75    82.44  92.72   219.96 230.24    81.90  92.18    87.48  97.77    81.22  91.50
2020-10-12    81.55  91.83    81.52  91.80   219.04 229.31    80.98  91.26    86.57  96.84    80.30  90.57
2020-10-13    80.64  90.90    80.61  90.88   218.12 228.39    80.07  90.33    85.65  95.92    79.38  89.65
2020-10-14    79.72  89.98    79.69  89.95   217.21 227.47    79.15  89.41    84.73  94.99    78.47  88.73
2020-10-15    78.80  89.06    78.78  89.03   216.29 226.54    78.23  88.49    83.82  94.07    77.55  87.81
2020-10-16    77.89  88.14    77.86  88.11   215.38 225.62    77.32  87.57    82.90  93.15    76.64  86.89
2020-10-17    76.98  87.22    76.95  87.19   214.46 224.70    76.41  86.65    81.99  92.23    75.72  85.97
2020-10-18    76.06  86.30    76.04  86.27   213.55 223.78    75.49  85.73    81.08  91.31    74.81  85.05
2020-10-19    75.15  85.38    75.12  85.35   212.64 222.87    74.58  84.81    80.16  90.39    73.90  84.13
2020-10-20    74.23  84.46    74.21  84.43   211.72 221.95    73.66  83.89    79.25  89.47    72.98  83.21
2020-10-21    73.32  83.54    73.29  83.51   210.81 221.03    72.75  82.97    78.34  88.56    72.07  82.29
2020-10-22    72.41  82.62    72.38  82.60   209.89 220.11    71.84  82.05    77.42  87.64    71.16  81.37
2020-10-23    71.49  81.71    71.47  81.68   208.98 219.19    70.92  81.14    76.51  86.72    70.24  80.46
2020-10-24    70.58  80.79    70.55  80.76   208.07 218.28    70.01  80.22    75.59  85.80    69.33  79.54
2020-10-25    69.66  79.87    69.64  79.85   207.15 217.36    69.09  79.30    74.68  84.89    68.41  78.62
2020-10-26    68.75  78.96    68.72  78.93   206.24 216.44    68.18  78.39    73.77  83.97    67.50  77.70
2020-10-27    67.84  78.04    67.81  78.01   205.32 215.53    67.27  77.47    72.85  83.05    66.58  76.79
2020-10-28    66.92  77.12    66.89  77.09   204.41 214.61    66.35  76.55    71.93  82.14    65.67  75.87
2020-10-29    66.00  76.20    65.98  76.18   203.49 213.69    65.43  75.63    71.02  81.22    64.75  74.95
2020-10-30    65.09  75.29    65.06  75.26   202.57 212.77    64.52  74.72    70.10  80.30    63.84  74.04
2020-10-31    64.17  74.37    64.14  74.34   201.66 211.86    63.60  73.80    69.18  79.38    62.92  73.12
2020-11-01    63.25  73.45    63.22  73.42   200.74 210.94    62.68  72.88    68.26  78.47    62.00  72.20
2020-11-02    62.33  72.53    62.30  72.50   199.82 210.02    61.76  71.96    67.35  77.55    61.08  71.28
2020-11-03    61.41  71.61    61.38  71.59   198.90 209.10    60.84  71.04    66.42  76.63    60.16  70.36
2020-11-04    60.49  70.69    60.46  70.66   197.97 208.18    59.92  70.12    65.50  75.71    59.24  69.44
2020-11-05    59.56  69.77    59.54  69.74   197.05 207.26    58.99  69.20    64.58  74.79    58.31  68.52
2020-11-06    58.64  68.85    58.61  68.82   196.13 206.34    58.07  68.28    63.66  73.86    57.39  67.60
2020-11-07    57.84  67.80    57.82  67.77   195.33 205.28    57.27  67.23    62.86  72.81    56.59  66.54
2020-11-08    57.15  66.64    57.13  66.61   194.64 204.12    56.58  66.07    62.17  71.65    55.90  65.39
2020-11-09    56.46  65.48    56.43  65.45   193.95 202.96    55.89  64.91    61.47  70.49    55.21  64.23
2020-11-10    55.76  64.32    55.74  64.29   193.25 201.80    55.19  63.75    60.78  69.33    54.51  63.06
2020-11-11    55.06  63.15    55.04  63.13   192.55 200.64    54.49  62.58    60.08  68.17    53.81  61.90
2020-11-12    54.36  61.99    54.34  61.96   191.85 199.48    53.79  61.42    59.38  67.01    53.11  60.74
2020-11-13    53.66  60.83    53.64  60.80   191.15 198.32    53.09  60.26    58.68  65.84    52.41  59.58

2021-04-15   257.35 264.54   257.32 264.52    34.84  42.03   256.78 263.97   262.36 269.56   256.10 263.29
2021-04-16   256.22 263.87   256.19 263.84    33.71  41.35   255.65 263.30   261.24 268.88   254.97 262.62
2021-04-17   255.09 263.19   255.07 263.17    32.58  40.68   254.52 262.62   260.11 268.21   253.84 261.94
2021-04-18   253.97 262.52   253.94 262.49    31.45  40.01   253.40 261.95   258.98 267.53   252.71 261.27
2021-04-19   252.84 261.85   252.81 261.82    30.33  39.34   252.27 261.28   257.85 266.86   251.59 260.60
2021-04-20   251.71 261.18   251.69 261.15    29.20  38.67   251.14 260.61   256.73 266.19   250.46 259.93
2021-04-21   250.59 260.51   250.56 260.48    28.07  38.00   250.02 259.94   255.60 265.53   249.34 259.26
2021-04-22   249.55 259.76   249.52 259.73    27.04  37.24   248.98 259.19   254.56 264.77   248.30 258.51
2021-04-23   248.65 258.86   248.63 258.83    26.14  36.35   248.08 258.29   253.67 263.88   247.40 257.61
2021-04-24   247.76 257.97   247.73 257.94    25.25  35.45   247.19 257.40   252.78 262.98   246.51 256.71
2021-04-25   246.87 257.07   246.84 257.04    24.36  34.56   246.30 256.50   251.88 262.09   245.62 255.82
2021-04-26   245.98 256.18   245.95 256.15    23.46  33.66   245.41 255.61   250.99 261.19   244.73 254.93
2021-04-27   245.08 255.28   245.06 255.26    22.57  32.77   244.51 254.71   250.10 260.30   243.83 254.03
2021-04-28   244.19 254.39   244.17 254.37    21.68  31.88   243.62 253.82   249.21 259.41   242.94 253.14
2021-04-29   243.30 253.50   243.27 253.47    20.79  30.99   242.73 252.93   248.32 258.52   242.05 252.25
2021-04-30   242.41 252.61   242.38 252.58    19.90  30.10   241.84 252.04   247.42 257.63   241.16 251.36
2021-05-01   241.52 251.72   241.49 251.69    19.01  29.21   240.95 251.15   246.53 256.73   240.27 250.47
2021-05-02   240.63 250.83   240.60 250.80    18.11  28.32   240.06 250.26   245.64 255.84   239.38 249.58
2021-05-03   239.73 249.94   239.71 249.91    17.22  27.43   239.16 249.37   244.75 254.95   238.48 248.69
2021-05-04   238.84 249.05   238.82 249.02    16.33  26.54   238.27 248.48   243.86 254.06   237.59 247.80
2021-05-05   237.95 248.16   237.92 248.13    15.44  25.65   237.38 247.59   242.97 253.17   236.70 246.91
2021-05-06   237.06 247.27   237.03 247.24    14.54  24.76   236.49 246.70   242.07 252.28   235.81 246.02
2021-05-07   236.16 246.38   236.14 246.35    13.65  23.87   235.59 245.81   241.18 251.39   234.91 245.13
2021-05-08   235.27 245.49   235.24 245.46    12.76  22.98   234.70 244.92   240.29 250.50   234.02 244.24
2021-05-09   234.38 244.60   234.35 244.57    11.86  22.09   233.81 244.03   239.39 249.61   233.12 243.35
2021-05-10   233.48 243.71   233.45 243.68    10.97  21.20   232.91 243.14   238.50 248.72   232.23 242.46
2021-05-11   232.58 242.82   232.56 242.79    10.07  20.30   232.01 242.25   237.60 247.83   231.33 241.57
2021-05-12   231.69 241.92   231.66 241.90     9.17  19.41   231.12 241.35   236.70 246.94   230.44 240.67
2021-05-13   230.79 241.03   230.76 241.01     8.28  18.52   230.22 240.46   235.80 246.05   229.54 239.78
2021-05-14   229.89 240.14   229.86 240.11     7.38  17.63   229.32 239.57   234.90 245.15   228.64 238.89
2021-05-15   228.99 239.25   228.96 239.22     6.48  16.73   228.42 238.68   234.00 244.26   227.74 237.99
2021-05-16   228.09 238.35   228.06 238.32     5.57  15.84   227.52 237.78   233.10 243.37   226.84 237.10
2021-05-17   227.18 237.46   227.16 237.43     4.67  14.94   226.61 236.89   232.20 242.47   225.93 236.20
2021-05-18   226.28 236.56   226.25 236.53     3.77  14.05   225.71 235.99   231.30 241.57   225.03 235.31
2021-05-19   225.37 235.66   225.35 235.63     2.86  13.15   224.80 235.09   230.39 240.68   224.12 234.41
2021-05-20   224.47 234.76   224.44 234.74     1.95  12.25   223.90 234.19   229.48 239.78   223.22 233.51
2021-05-21   223.56 233.86   223.53 233.84     1.05  11.35   222.99 233.29   228.57 238.88   222.31 232.61
2021-05-22   222.65 232.96   222.62 232.93     0.14  10.45   222.08 232.39   227.66 237.98   221.40 231.71
2021-05-23   221.74 232.06   221.71 232.03   359.22   9.55   221.17 231.49   226.75 237.07   220.49 230.81
2021-05-24   220.82 231.15   220.80 231.13   358.31   8.64   220.25 230.58   225.84 236.17   219.57 229.90
2021-05-25   219.91 230.25   219.88 230.22   357.39   7.74   219.34 229.68   224.92 235.26   218.66 229.00
2021-05-26   218.99 229.34   218.96 229.31   356.48   6.83   218.42 228.77   224.00 234.36   217.74 228.09
2021-05-27   218.07 228.43   218.04 228.41   355.56   5.92   217.50 227.86   223.08 233.45   216.82 227.18
2021-05-28   217.15 227.52   217.12 227.49   354.64   5.01   216.58 226.95   222.16 232.54   215.90 226.27
2021-05-29   216.22 226.61   216.20 226.58   353.71   4.10   215.65 226.04   221.24 231.62   214.97 225.36
2021-05-30   215.30 225.69   215.27 225.67   352.79   3.18   214.73 225.12   220.31 230.71   214.05 224.44
2021-05-31   214.37 224.78   214.34 224.75   351.86   2.27   213.80 224.21   219.39 229.79   213.12 223.53
2021-06-01   213.44 223.86   213.41 223.83   350.93   1.35   212.87 223.29   218.46 228.88   212.19 222.61
2021-06-02   212.51 222.94   212.48 222.91   350.00   0.43   211.94 222.37   217.52 227.95   211.26 221.69
2021-06-03   211.57 222.02   211.55 221.99   349.06 359.50   211.00 221.45   216.59 227.03   210.32 220.77
2021-06-04   210.64 221.09   210.61 221.07   348.12 358.58   210.07 220.52   215.65 226.11   209.39 219.84
2021-06-05   209.70 220.17   209.67 220.14   347.18 357.65   209.13 219.60   214.71 225.18   208.45 218.92
2021-06-06   208.75 219.24   208.73 219.21   346.24 356.72   208.18 218.67   213.77 224.25   207.50 217.99
2021-06-07   207.81 218.31   207.78 218.28   345.30 355.79   207.24 217.74   212.83 223.32   206.56 217.06
2021-06-08   206.86 217.37   206.84 217.35   344.35 354.86   206.29 216.80   211.88 222.39   205.61 216.12
2021-06-09   205.91 216.44   205.89 216.41   343.40 353.92   205.34 215.87   210.93 221.45   204.66 215.19
2021-06-10   204.96 215.50   204.94 215.47   342.45 352.99   204.39 214.93   209.98 220.51   203.71 214.25
2021-06-11   204.01 214.56   203.98 214.53   341.49 352.04   203.44 213.99   209.02 219.57   202.76 213.31
2021-06-12   203.05 213.61   203.02 213.59   340.54 351.10   202.48 213.04   208.07 218.63   201.80 212.36
2021-06-13   202.09 212.67   202.06 212.64   339.58 350.15   201.52 212.10   207.11 217.68   200.84 211.42
2021-06-14   201.13 211.72   201.10 211.69   338.62 349.21   200.56 211.15   206.14 216.73   199.88 210.47
2021-06-15   200.16 210.77   200.14 210.74   337.65 348.25   199.59 210.20   205.18 215.78   198.91 209.52
2021-06-16   199.19 209.81   199.17 209.79   336.68 347.30   198.62 209.24   204.21 214.83   197.94 208.56
2021-06-17   198.22 208.86   198.20 208.83   335.71 346.34   197.65 208.29   203.24 213.87   196.97 207.61
2021-06-18   197.25 207.90   197.22 207.87   334.74 345.39   196.68 207.33   202.27 212.91   196.00 206.65
2021-06-19   196.27 206.94   196.25 206.91   333.76 344.42   195.70 206.37   201.29 211.95   195.02 205.69
2021-06-20   195.30 205.97   195.27 205.94   332.78 343.46   194.73 205.40   200.31 210.99   194.04 204.72
2021-06-21   194.31 205.00   194.29 204.98   331.80 342.49   193.74 204.43   199.33 210.02   193.06 203.75
2021-06-22   193.33 204.03   193.30 204.01   330.82 341.52   192.76 203.46   198.35 209.05   192.08 202.78
2021-06-23   192.34 203.06   192.32 203.03   329.83 340.55   191.77 202.49   197.36 208.08   191.09 201.81
2021-06-24   191.35 202.09   191.33 202.06   328.84 339.57   190.78 201.52   196.37 207.10   190.10 200.83
2021-06-25   190.36 201.11   190.34 201.08   327.85 338.59   189.79 200.54   195.38 206.12   189.11 199.86
2021-06-26   189.37 200.13   189.34 200.10   326.85 337.61   188.80 199.56   194.38 205.14   188.12 198.88
2021-06-27   188.37 199.14   188.34 199.12   325.86 336.63   187.80 198.57   193.39 204.16   187.12 197.89
2021-06-28   187.37 198.16   187.34 198.13   324.86 335.64   186.80 197.59   192.39 203.17   186.12 196.90
2021-06-29   186.37 197.17   186.34 197.14   323.86 334.65   185.80 196.60   191.38 202.18   185.12 195.92
2021-06-30   185.36 196.17   185.34 196.15   322.85 333.66   184.79 195.60   190.38 201.19   184.11 194.92
2021-07-01   184.36 195.18   184.33 195.15   321.84 332.67   183.79 194.61   189.37 200.20   183.11 193.93
2021-07-02   183.35 194.18   183.32 194.16   320.83 331.67   182.78 193.61   188.36 199.20   182.10 192.93
2021-07-03   182.34 193.18   182.31 193.16   319.82 330.67   181.77 192.61   187.35 198.20   181.08 191.93
2021-07-04   181.32 192.18   181.30 192.16   318.81 329.67   180.75 191.61   186.34 197.20   180.07 190.93
2021-07-05   180.31 191.18   180.28 191.15   317.79 328.66   179.74 190.61   185.32 196.19   179.05 189.93
2021-07-06   179.29 190.17   179.26 190.14   316.77 327.66   178.72 189.60   184.30 195.19   178.04 188.92
2021-07-07   178.27 189.16   178.24 189.13   315.75 326.65   177.70 188.59   183.28 194.18   177.02 187.91
2021-07-08   177.24 188.15   177.22 188.12   314.73 325.64   176.67 187.58   182.26 193.16   175.99 186.90
2021-07-09   176.22 187.14   176.19 187.11   313.71 324.62   175.65 186.57   181.24 192.15   174.97 185.88
2021-07-10   175.19 186.12   175.17 186.09   312.68 323.61   174.62 185.55   180.21 191.13   173.94 184.87
2021-07-11   174.17 185.10   174.14 185.07   311.65 322.59   173.60 184.53   179.18 190.12   172.92 183.85
2021-07-12   173.14 184.08   173.11 184.05   310.62 321.57   172.57 183.51   178.15 189.10   171.89 182.83
2021-07-13   172.11 183.06   172.08 183.03   309.59 320.55   171.54 182.49   177.12 188.07   170.86 181.81
2021-07-14   171.07 182.03   171.05 182.01   308.56 319.52   170.50 181.46   176.09 187.05   169.82 180.78
2021-07-15   170.04 181.01   170.01 180.98   307.53 318.50   169.47 180.44   175.05 186.02   168.79 179.76
2021-07-16   169.00 179.98   168.98 179.95   306.49 317.47   168.43 179.41   174.02 185.00   167.75 178.73
2021-07-17   167.97 178.95   167.94 178.93   305.46 316.44   167.40 178.38   172.98 183.97   166.72 177.70
2021-07-18   166.93 177.92   166.90 177.89   304.42 315.41   166.36 177.35   171.95 182.94   165.68 176.67
2021-07-19   165.89 176.89   165.87 176.86   303.38 314.38   165.32 176.32   170.91 181.90   164.64 175.64
2021-07-20   164.85 175.86   164.83 175.83   302.34 313.34   164.28 175.29   169.87 180.87   163.60 174.60
2021-07-21   163.81 174.82   163.79 174.79   301.30 312.31   163.24 174.25   168.83 179.84   162.56 173.57
2021-07-22   162.77 173.78   162.75 173.76   300.26 311.27   162.20 173.21   167.79 178.80   161.52 172.53
2021-07-23   161.73 172.75   161.70 172.72   299.22 310.23   161.16 172.18   166.75 177.76   160.48 171.50
2021-07-24   160.69 171.71   160.66 171.68   298.18 309.20   160.12 171.14   165.70 176.72   159.44 170.46
2021-07-25   159.65 170.67   159.62 170.64   297.14 308.16   159.08 170.10   164.66 175.69   158.40 169.42
2021-07-26   158.61 169.63   158.58 169.60   296.09 307.12   158.04 169.06   163.62 174.65   157.35 168.38
2021-07-27   157.56 168.59   157.54 168.56   295.05 306.08   156.99 168.02   162.58 173.60   156.31 167.34
2021-07-28   156.52 167.55   156.49 167.52   294.01 305.04   155.95 166.98   161.54 172.56   155.27 166.30
2021-07-29   155.48 166.51   155.45 166.48   292.97 303.99   154.91 165.94   160.49 171.52   154.23 165.26
2021-07-30   154.44 165.47   154.41 165.44   291.92 302.95   153.87 164.90   159.45 170.48   153.18 164.21
2021-07-31   153.39 164.42   153.37 164.40   290.88 301.91   152.82 163.85   158.41 169.44   152.14 163.17
2021-08-01   152.35 163.38   152.33 163.35   289.84 300.87   151.78 162.81   157.37 168.40   151.10 162.13
2021-08-02   151.31 162.34   151.28 162.31   288.80 299.83   150.74 161.77   156.33 167.35   150.06 161.09
2021-08-03   150.27 161.30   150.24 161.27   287.76 298.78   149.70 160.73   155.29 166.31   149.02 160.05
2021-08-04   149.23 160.25   149.20 160.23   286.72 297.74   148.66 159.68   154.25 165.27   147.98 159.00
2021-08-05   148.19 159.21   148.16 159.19   285.68 296.70   147.62 158.64   153.21 164.23   146.94 157.96
2021-08-06   147.15 158.17   147.13 158.14   284.64 295.66   146.58 157.60   152.17 163.19   145.90 156.92
2021-08-07   146.11 157.13   146.09 157.10   283.60 294.62   145.54 156.56   151.13 162.14   144.86 155.88
2021-08-08   145.08 156.09   145.05 156.06   282.57 293.58   144.51 155.52   150.09 161.10   143.83 154.84
2021-08-09   144.04 155.05   144.02 155.02   281.53 292.54   143.47 154.48   149.06 160.06   142.79 153.80
2021-08-10   143.01 154.01   142.98 153.98   280.50 291.50   142.44 153.44   148.02 159.02   141.76 152.76
2021-08-11   141.98 152.97   141.95 152.94   279.46 290.46   141.41 152.40   146.99 157.99   140.73 151.72
2021-08-12   140.94 151.93   140.92 151.91   278.43 289.42   140.37 151.36   145.96 156.95   139.69 150.68
2021-08-13   139.91 150.90   139.89 150.87   277.40 288.38   139.34 150.33   144.93 155.91   138.66 149.64
2021-08-14   138.89 149.86   138.86 149.83   276.37 287.35   138.32 149.29   143.90 154.87   137.64 148.61
2021-08-15   137.86 148.83   137.83 148.80   275.35 286.31   137.29 148.26   142.87 153.84   136.61 147.57
2021-08-16   136.83 147.79   136.81 147.77   274.32 285.28   136.26 147.22   141.85 152.81   135.58 146.54
2021-08-17   135.81 146.76   135.78 146.73   273.30 284.25   135.24 146.19   140.83 151.77   134.56 145.51
2021-08-18   134.79 145.73   134.76 145.70   272.28 283.22   134.22 145.16   139.80 150.74   133.54 144.48
2021-08-19   133.77 144.70   133.74 144.67   271.26 282.19   133.20 144.13   138.78 149.71   132.52 143.45
2021-08-20   132.75 143.67   132.72 143.65   270.24 281.16   132.18 143.10   137.77 148.69   131.50 142.42
2021-08-21   131.73 142.65   131.71 142.62   269.22 280.13   131.16 142.08   136.75 147.66   130.48 141.39
2021-08-22   130.72 141.62   130.69 141.59   268.21 279.11   130.15 141.05   135.74 146.64   129.47 140.37
2021-08-23   129.71 140.60   129.68 140.57   267.20 278.09   129.14 140.03   134.72 145.61   128.46 139.35
2021-08-24   128.70 139.58   128.67 139.55   266.19 277.06   128.13 139.01   133.71 144.59   127.45 138.33
2021-08-25   127.69 138.56   127.66 138.53   265.18 276.05   127.12 137.99   132.71 143.57   126.44 137.31
2021-08-26   126.68 137.54   126.66 137.51   264.17 275.03   126.11 136.97   131.70 142.56   125.43 136.29
2021-08-27   125.68 136.53   125.65 136.50   263.17 274.01   125.11 135.96   130.70 141.54   124.43 135.27
2021-08-28   124.68 135.51   124.65 135.49   262.17 273.00   124.11 134.94   129.69 140.53   123.43 134.26
2021-08-29   123.68 134.50   123.65 134.47   261.17 271.99   123.11 133.93   128.70 139.52   122.43 133.25
2021-08-30   122.68 133.49   122.66 133.46   260.17 270.98   122.11 132.92   127.70 138.51   121.43 132.24
2021-08-31   121.69 132.48   121.66 132.46   259.18 269.97   121.12 131.91   126.70 137.50   120.44 131.23
2021-09-01   120.70 131.48   120.67 131.45   258.18 268.97   120.13 130.91   125.71 136.49   119.45 130.23
2021-09-02   119.71 130.48   119.68 130.45   257.19 267.96   119.14 129.91   124.72 135.49   118.46 129.23
2021-09-03   118.72 129.48   118.69 129.45   256.21 266.96   118.15 128.91   123.74 134.49   117.47 128.22
2021-09-04   117.74 128.48   117.71 128.45   255.22 265.96   117.17 127.91   122.75 133.49   116.48 127.23
2021-09-05   116.75 127.48   116.73 127.45   254.24 264.97   116.18 126.91   121.77 132.50   115.50 126.23
2021-09-06   115.77 126.49   115.75 126.46   253.26 263.97   115.20 125.92   120.79 131.50   114.52 125.24
2021-09-07   114.79 125.49   114.77 125.47   252.28 262.98   114.22 124.92   119.81 130.51   113.54 124.24
2021-09-08   113.82 124.50   113.79 124.48   251.31 261.99   113.25 123.93   118.83 129.52   112.57 123.25
2021-09-09   112.85 123.52   112.82 123.49   250.33 261.01   112.28 122.95   117.86 128.53   111.59 122.27
2021-09-10   111.87 122.53   111.85 122.51   249.36 260.02   111.30 121.96   116.89 127.55   110.62 121.28
2021-09-11   110.91 121.55   110.88 121.52   248.39 259.04   110.34 120.98   115.92 126.57   109.65 120.30
2021-09-12   109.94 120.57   109.91 120.54   247.43 258.06   109.37 120.00   114.95 125.59   108.69 119.32
2021-09-13   108.98 119.59   108.95 119.57   246.46 257.08   108.41 119.02   113.99 124.61   107.72 118.34
2021-09-14   108.01 118.62   107.99 118.59   245.50 256.10   107.44 118.05   113.03 123.63   106.76 117.37
2021-09-15   107.05 117.64   107.03 117.62   244.54 255.13   106.48 117.07   112.07 122.66   105.80 116.39
2021-09-16   106.10 116.67   106.07 116.64   243.58 254.16   105.53 116.10   111.11 121.69   104.85 115.42
2021-09-17   105.14 115.70   105.12 115.68   242.63 253.19   104.57 115.13   110.16 120.72   103.89 114.45
2021-09-18   104.19 114.74   104.16 114.71   241.68 252.22   103.62 114.17   109.20 119.75   102.94 113.48
2021-09-19   103.24 113.77   103.21 113.74   240.73 251.26   102.67 113.20   108.25 118.79   101.99 112.52
2021-09-20   102.29 112.81   102.26 112.78   239.78 250.30   101.72 112.24   107.30 117.82   101.04 111.56
2021-09-21   101.34 111.85   101.32 111.82   238.83 249.34   100.77 111.28   106.36 116.86   100.09 110.60
2021-09-22   100.40 110.89   100.37 110.86   237.88 248.38    99.83 110.32   105.41 115.91    99.15 109.64
2021-09-23    99.45 109.93    99.43 109.91   236.94 247.42    98.88 109.36   104.47 114.95    98.20 108.68
2021-09-24    98.51 108.98    98.49 108.95   236.00 246.47    97.94 108.41   103.53 114.00    97.26 107.73
2021-09-25    97.57 108.03    97.55 108.00   235.06 245.52    97.00 107.46   102.59 113.04    96.32 106.78
2021-09-26    96.64 107.08    96.61 107.05   234.12 244.57    96.07 106.51   101.65 112.09    95.39 105.83
2021-09-27    95.70 106.13    95.67 106.10   233.19 243.62    95.13 105.56   100.72 111.15    94.45 104.88
2021-09-28    94.77 105.18    94.74 105.16   232.25 242.67    94.20 104.61    99.78 110.20    93.52 103.93
2021-09-29    93.83 104.24    93.81 104.21   231.32 241.73    93.26 103.67    98.85 109.26    92.58 102.99
2021-09-30    92.90 103.30    92.88 103.27   230.39 240.79    92.33 102.73    97.92 108.31    91.65 102.05
2021-10-01    91.97 102.36    91.95 102.33   229.46 239.84    91.40 101.79    96.99 107.37    90.72 101.11
2021-10-02    91.05 101.42    91.02 101.39   228.53 238.91    90.48 100.85    96.06 106.43    89.80 100.17
2021-10-03    90.12 100.48    90.09 100.45   227.61 237.97    89.55  99.91    95.14 105.50    88.87  99.23
2021-10-04    89.20  99.54    89.17  99.52   226.68 237.03    88.63  98.97    94.21 104.56    87.94  98.29
2021-10-05    88.27  98.61    88.24  98.58   225.76 236.10    87.70  98.04    93.29 103.63    87.02  97.36
2021-10-06    87.35  97.68    87.32  97.65   224.84 235.17    86.78  97.11    92.36 102.69    86.10  96.43
2021-10-07    86.43  96.75    86.40  96.72   223.91 234.23    85.86  96.18    91.44 101.76    85.18  95.50
2021-10-08    85.51  95.82    85.48  95.79   222.99 233.30    84.94  95.25    90.52 100.83    84.26  94.57
2021-10-09    84.59  94.89    84.56  94.86   222.07 232.38    84.02  94.32    89.60  99.90    83.34  93.64
2021-10-10    83.67  93.96    83.64  93.93   221.15 231.45    83.10  93.39    88.68  98.98    82.42  92.71
2021-10-11    82.75  93.03    82.72  93.01   220.24 230.52    82.18  92.46    87.76  98.05    81.50  91.78
2021-10-12    81.83  92.11    81.81  92.08   219.32 229.60    81.26  91.54    86.85  97.12    80.58  90.86
2021-10-13    80.92  91.18    80.89  91.16   218.40 228.67    80.35  90.61    85.93  96.20    79.66  89.93
2021-10-14    80.00  90.26    79.97  90.23   217.49 227.75    79.43  89.69    85.01  95.28    78.75  89.01
2021-10-15    79.08  89.34    79.06  89.31   216.57 226.83    78.51  88.77    84.10  94.35    77.83  88.09
2021-10-16    78.17  88.42    78.14  88.39   215.66 225.90    77.60  87.85    83.18  93.43    76.92  87.17
2021-10-17    77.25  87.50    77.23  87.47   214.74 224.98    76.68  86.93    82.27  92.51    76.00  86.25
2021-10-18    76.34  86.58    76.31  86.55   213.83 224.06    75.77  86.01    81.35  91.59    75.09  85.33
2021-10-19    75.43  85.66    75.40  85.63   212.91 223.14    74.86  85.09    80.44  90.67    74.17  84.41
2021-10-20    74.51  84.74    74.48  84.71   212.00 222.22    73.94  84.17    79.53  89.75    73.26  83.49
2021-10-21    73.60  83.82    73.57  83.79   211.08 221.31    73.03  83.25    78.61  88.83    72.35  82.57
2021-10-22    72.68  82.90    72.66  82.87   210.17 220.39    72.11  82.33    77.70  87.92    71.43  81.65
2021-10-23    71.77  81.98    71.74  81.96   209.26 219.47    71.20  81.41    76.78  87.00    70.52  80.73
2021-10-24    70.85  81.06    70.83  81.04   208.34 218.55    70.28  80.49    75.87  86.08    69.60  79.81
2021-10-25    69.94  80.15    69.91  80.12   207.43 217.63    69.37  79.58    74.95  85.16    68.69  78.90
2021-10-26    69.02  79.23    69.00  79.20   206.51 216.72    68.45  78.66    74.04  84.24    67.77  77.98
2021-10-27    68.11  78.31    68.08  78.28   205.59 215.80    67.54  77.74    73.12  83.33    66.86  77.06
2021-10-28    67.19  77.39    67.16  77.37   204.68 214.88    66.62  76.82    72.21  82.41    65.94  76.14
2021-10-29    66.27  76.47    66.25  76.45   203.76 213.96    65.70  75.90    71.29  81.49    65.02  75.22
2021-10-30    65.36  75.56    65.33  75.53   202.84 213.04    64.79  74.99    70.37  80.57    64.10  74.30
2021-10-31    64.44  74.64    64.41  74.61   201.92 212.12    63.87  74.07    69.45  79.65    63.19  73.39
2021-11-01    63.52  73.72    63.49  73.69   201.00 211.20    62.95  73.15    68.53  78.73    62.27  72.47
2021-11-02    62.60  72.80    62.57  72.77   200.08 210.28    62.03  72.23    67.61  77.81    61.35  71.55
2021-11-03    61.68  71.88    61.65  71.85   199.16 209.36    61.11  71.31    66.69  76.89    60.42  70.63
2021-11-04    60.75  70.96    60.73  70.93   198.24 208.44    60.18  70.39    65.77  75.97    59.50  69.70
2021-11-05    59.83  70.03    59.80  70.01   197.32 207.52    59.26  69.46    64.84  75.05    58.58  68.78
2021-11-06    58.90  69.11    58.88  69.08   196.39 206.60    58.33  68.54    63.92  74.13    57.65  67.86
2021-11-07    58.03  68.13    58.01  68.10   195.52 205.62    57.46  67.56    63.05  73.14    56.78  66.88
2021-11-08    57.34  66.97    57.31  66.94   194.83 204.46    56.77  66.40    62.36  71.98    56.09  65.72
2021-11-09    56.65  65.81    56.62  65.78   194.13 203.30    56.08  65.24    61.66  70.82    55.40  64.56
2021-11-10    55.95  64.65    55.92  64.62   193.44 202.13    55.38  64.08    60.96  69.66    54.70  63.40
2021-11-11    55.25  63.48    55.22  63.46   192.74 200.97    54.68  62.91    60.27  68.50    54.00  62.23
2021-11-12    54.55  62.32    54.52  62.29   192.04 199.81    53.98  61.75    59.57  67.33    53.30  61.07
2021-11-13    53.85  61.15    53.82  61.13   191.33 198.64    53.28  60.58    58.86  66.17    52.60  59.90
2021-11-14    53.14  59.99    53.12  59.96   190.63 197.48    52.57  59.42    58.16  65.00    51.89  58.74

2022-04-15   257.69 264.75   257.67 264.72    35.18  42.24   257.12 264.18   262.71 269.76   256.44 263.50
2022-04-16   256.56 264.07   256.54 264.05    34.05  41.56   255.99 263.50   261.58 269.09   255.31 262.82
2022-04-17   255.43 263.40   255.41 263.37    32.92  40.88   254.86 262.83   260.45 268.41   254.18 262.15
2022-04-18   254.31 262.72   254.28 262.70    31.79  40.21   253.74 262.15   259.32 267.74   253.06 261.47
2022-04-19   253.18 262.05   253.15 262.02    30.67  39.54   252.61 261.48   258.19 267.07   251.93 260.80
2022-04-20   252.05 261.38   252.02 261.35    29.54  38.87   251.48 260.81   257.07 266.40   250.80 260.13
2022-04-21   250.92 260.71   250.90 260.69    28.41  38.20   250.35 260.14   255.94 265.73   249.67 259.46
2022-04-22   249.82 260.03   249.79 260.00    27.30  37.51   249.25 259.46   254.83 265.04   248.57 258.78
2022-04-23   248.92 259.13   248.90 259.10    26.41  36.62   248.35 258.56   253.94 264.14   247.67 257.88
2022-04-24   248.03 258.23   248.00 258.21    25.52  35.72   247.46 257.66   253.04 263.25   246.78 256.98
2022-04-25   247.13 257.34   247.11 257.31    24.62  34.82   246.56 256.77   252.15 262.35   245.88 256.09
2022-04-26   246.24 256.44   246.21 256.42    23.73  33.93   245.67 255.87   251.26 261.46   244.99 255.19
2022-04-27   245.35 255.55   245.32 255.52    22.84  33.04   244.78 254.98   250.36 260.56   244.10 254.30
2022-04-28   244.46 254.66   244.43 254.63    21.94  32.14   243.89 254.09   249.47 259.67   243.20 253.41
2022-04-29   243.56 253.76   243.54 253.74    21.05  31.25   242.99 253.19   248.58 258.78   242.31 252.51
2022-04-30   242.67 252.87   242.64 252.84    20.16  30.36   242.10 252.30   247.69 257.89   241.42 251.62
2022-05-01   241.78 251.98   241.75 251.95    19.27  29.47   241.21 251.41   246.79 256.99   240.53 250.73
2022-05-02   240.89 251.09   240.86 251.06    18.37  28.58   240.32 250.52   245.90 256.10   239.64 249.84
2022-05-03   239.99 250.20   239.97 250.17    17.48  27.68   239.42 249.63   245.01 255.21   238.74 248.95
2022-05-04   239.10 249.31   239.07 249.28    16.59  26.79   238.53 248.74   244.12 254.32   237.85 248.06
2022-05-05   238.21 248.42   238.18 248.39    15.69  25.90   237.64 247.85   243.22 253.43   236.96 247.16
2022-05-06   237.31 247.52   237.29 247.50    14.80  25.01   236.74 246.95   242.33 252.54   236.06 246.27
2022-05-07   236.42 246.63   236.39 246.61    13.91  24.12   235.85 246.06   241.43 251.65   235.17 245.38
2022-05-08   235.52 245.74   235.50 245.72    13.01  23.23   234.95 245.17   240.54 250.76   234.27 244.49
2022-05-09   234.63 244.85   234.60 244.82    12.12  22.34   234.06 244.28   239.64 249.87   233.38 243.60
2022-05-10   233.73 243.96   233.70 243.93    11.22  21.45   233.16 243.39   238.75 248.97   232.48 242.71
2022-05-11   232.83 243.07   232.81 243.04    10.32  20.55   232.26 242.50   237.85 248.08   231.58 241.81
2022-05-12   231.94 242.17   231.91 242.15     9.42  19.66   231.37 241.60   236.95 247.19   230.69 240.92
2022-05-13   231.04 241.28   231.01 241.25     8.52  18.77   230.47 240.71   236.05 246.29   229.79 240.03
2022-05-14   230.14 240.39   230.11 240.36     7.62  17.87   229.57 239.82   235.15 245.40   228.89 239.13
2022-05-15   229.23 239.49   229.21 239.46     6.72  16.98   228.66 238.92   234.25 244.51   227.98 238.24
2022-05-16   228.33 238.59   228.31 238.57     5.82  16.08   227.76 238.02   233.35 243.61   227.08 237.34
2022-05-17   227.43 237.70   227.40 237.67     4.92  15.18   226.86 237.13   232.44 242.71   226.18 236.45
2022-05-18   226.52 236.80   226.50 236.77     4.01  14.29   225.95 236.23   231.54 241.82   225.27 235.55
2022-05-19   225.62 235.90   225.59 235.87     3.10  13.39   225.05 235.33   230.63 240.92   224.37 234.65
2022-05-20   224.71 235.00   224.68 234.97     2.20  12.49   224.14 234.43   229.72 240.02   223.46 233.75
2022-05-21   223.80 234.10   223.77 234.07     1.29  11.59   223.23 233.53   228.81 239.11   222.55 232.85
2022-05-22   222.89 233.20   222.86 233.17     0.37  10.68   222.32 232.63   227.90 238.21   221.64 231.95
2022-05-23   221.97 232.29   221.95 232.27   359.46   9.78   221.40 231.72   226.99 237.31   220.72 231.04
2022-05-24   221.06 231.39   221.03 231.36   358.55   8.88   220.49 230.82   226.07 236.40   219.81 230.14
2022-05-25   220.14 230.48   220.11 230.45   357.63   7.97   219.57 229.91   225.16 235.50   218.89 229.23
2022-05-26   219.22 229.57   219.20 229.55   356.71   7.06   218.65 229.00   224.24 234.59   217.97 228.32
2022-05-27   218.30 228.66   218.28 228.64   355.79   6.15   217.73 228.09   223.32 233.68   217.05 227.41
2022-05-28   217.38 227.75   217.35 227.72   354.87   5.24   216.81 227.18   222.39 232.77   216.13 226.50
2022-05-29   216.45 226.84   216.43 226.81   353.94   4.32   215.88 226.27   221.47 231.85   215.20 225.59
2022-05-30   215.53 225.92   215.50 225.89   353.01   3.41   214.96 225.35   220.54 230.94   214.28 224.67
2022-05-31   214.60 225.00   214.57 224.98   352.09   2.49   214.03 224.43   219.61 230.02   213.35 223.75
2022-06-01   213.67 224.08   213.64 224.06   351.15   1.57   213.10 223.51   218.68 229.10   212.42 222.83
2022-06-02   212.73 223.16   212.71 223.14   350.22   0.65   212.16 222.59   217.75 228.18   211.48 221.91
2022-06-03   211.80 222.24   211.77 222.21   349.29 359.73   211.23 221.67   216.81 227.25   210.55 220.99
2022-06-04   210.86 221.31   210.83 221.29   348.35 358.80   210.29 220.74   215.87 226.33   209.61 220.06
2022-06-05   209.92 220.39   209.89 220.36   347.41 357.87   209.35 219.82   214.93 225.40   208.67 219.14
2022-06-06   208.98 219.46   208.95 219.43   346.46 356.94   208.41 218.89   213.99 224.47   207.72 218.20
2022-06-07   208.03 218.52   208.00 218.50   345.52 356.01   207.46 217.95   213.05 223.54   206.78 217.27
2022-06-08   207.08 217.59   207.06 217.56   344.57 355.08   206.51 217.02   212.10 222.60   205.83 216.34
2022-06-09   206.13 216.65   206.10 216.62   343.62 354.14   205.56 216.08   211.15 221.67   204.88 215.40
2022-06-10   205.18 215.71   205.15 215.69   342.67 353.20   204.61 215.14   210.19 220.73   203.93 214.46
2022-06-11   204.22 214.77   204.20 214.74   341.71 352.26   203.65 214.20   209.24 219.78   202.97 213.52
2022-06-12   203.26 213.82   203.24 213.80   340.75 351.31   202.69 213.25   208.28 218.84   202.01 212.57
2022-06-13   202.30 212.88   202.28 212.85   339.79 350.37   201.73 212.31   207.32 217.89   201.05 211.63
2022-06-14   201.34 211.93   201.31 211.90   338.83 349.42   200.77 211.36   206.35 216.94   200.09 210.68
2022-06-15   200.37 210.98   200.35 210.95   337.86 348.46   199.80 210.41   205.39 215.99   199.12 209.72
2022-06-16   199.40 210.02   199.38 209.99   336.89 347.51   198.83 209.45   204.42 215.04   198.15 208.77
2022-06-17   198.43 209.06   198.41 209.04   335.92 346.55   197.86 208.49   203.45 214.08   197.18 207.81
2022-06-18   197.46 208.10   197.43 208.08   334.95 345.59   196.89 207.53   202.47 213.12   196.21 206.85
2022-06-19   196.48 207.14   196.45 207.11   333.97 344.63   195.91 206.57   201.50 212.16   195.23 205.89
2022-06-20   195.50 206.17   195.47 206.15   332.99 343.66   194.93 205.60   200.52 211.19   194.25 204.92
2022-06-21   194.52 205.21   194.49 205.18   332.01 342.69   193.95 204.64   199.53 210.22   193.27 203.96
2022-06-22   193.53 204.24   193.51 204.21   331.02 341.72   192.96 203.67   198.55 209.25   192.28 202.98
2022-06-23   192.55 203.26   192.52 203.23   330.03 340.75   191.98 202.69   197.56 208.28   191.30 202.01
2022-06-24   191.56 202.29   191.53 202.26   329.04 339.77   190.99 201.72   196.57 207.30   190.30 201.03
2022-06-25   190.56 201.31   190.54 201.28   328.05 338.79   189.99 200.74   195.58 206.32   189.31 200.06
2022-06-26   189.57 200.32   189.54 200.30   327.06 337.81   189.00 199.75   194.58 205.34   188.32 199.07
2022-06-27   188.57 199.34   188.54 199.31   326.06 336.83   188.00 198.77   193.59 204.36   187.32 198.09
2022-06-28   187.57 198.35   187.54 198.33   325.06 335.84   187.00 197.78   192.58 203.37   186.32 197.10
2022-06-29   186.57 197.36   186.54 197.34   324.05 334.85   186.00 196.79   191.58 202.38   185.32 196.11
2022-06-30   185.56 196.37   185.54 196.34   323.05 333.86   184.99 195.80   190.58 201.39   184.31 195.12
2022-07-01   184.55 195.38   184.53 195.35   322.04 332.86   183.98 194.81   189.57 200.39   183.30 194.13
2022-07-02   183.54 194.38   183.52 194.35   321.03 331.87   182.97 193.81   188.56 199.39   182.29 193.13
2022-07-03   182.53 193.38   182.51 193.35   320.02 330.87   181.96 192.81   187.55 198.39   181.28 192.13
2022-07-04   181.52 192.38   181.49 192.35   319.01 329.86   180.95 191.81   186.53 197.39   180.27 191.13
2022-07-05   180.50 191.37   180.48 191.35   317.99 328.86   179.93 190.80   185.52 196.39   179.25 190.12
2022-07-06   179.48 190.37   179.46 190.34   316.97 327.85   178.91 189.80   184.50 195.38   178.23 189.11
2022-07-07   178.46 189.36   178.44 189.33   315.95 326.84   177.89 188.79   183.48 194.37   177.21 188.11
2022-07-08   177.44 188.34   177.41 188.32   314.93 325.83   176.87 187.77   182.46 193.36   176.19 187.09
2022-07-09   176.42 187.33   176.39 187.30   313.90 324.82   175.85 186.76   181.43 192.35   175.17 186.08
2022-07-10   175.39 186.32   175.37 186.29   312.88 323.80   174.82 185.75   180.41 191.33   174.14 185.06
2022-07-11   174.36 185.30   174.34 185.27   311.85 322.78   173.79 184.73   179.38 190.31   173.11 184.05
2022-07-12   173.34 184.28   173.31 184.25   310.82 321.77   172.77 183.71   178.35 189.29   172.08 183.03
2022-07-13   172.31 183.26   172.28 183.23   309.79 320.74   171.74 182.69   177.32 188.27   171.05 182.01
2022-07-14   171.27 182.23   171.25 182.21   308.76 319.72   170.70 181.66   176.29 187.25   170.02 180.98
2022-07-15   170.24 181.21   170.21 181.18   307.73 318.70   169.67 180.64   175.26 186.22   168.99 179.96
2022-07-16   169.21 180.18   169.18 180.15   306.69 317.67   168.64 179.61   174.22 185.20   167.96 178.93
2022-07-17   168.17 179.15   168.14 179.13   305.66 316.64   167.60 178.58   173.19 184.17   166.92 177.90
2022-07-18   167.13 178.12   167.11 178.10   304.62 315.61   166.56 177.55   172.15 183.14   165.88 176.87
2022-07-19   166.10 177.09   166.07 177.07   303.58 314.58   165.53 176.52   171.11 182.11   164.85 175.84
2022-07-20   165.06 176.06   165.03 176.03   302.55 313.55   164.49 175.49   170.07 181.07   163.81 174.81
2022-07-21   164.02 175.03   163.99 175.00   301.51 312.51   163.45 174.46   169.04 180.04   162.77 173.78
2022-07-22   162.98 173.99   162.95 173.96   300.47 311.48   162.41 173.42   168.00 179.01   161.73 172.74
2022-07-23   161.94 172.96   161.91 172.93   299.43 310.44   161.37 172.39   166.96 177.97   160.69 171.70
2022-07-24   160.90 171.92   160.87 171.89   298.39 309.41   160.33 171.35   165.92 176.93   159.65 170.67
2022-07-25   159.86 170.88   159.83 170.85   297.35 308.37   159.29 170.31   164.88 175.90   158.61 169.63
2022-07-26   158.82 169.84   158.79 169.82   296.31 307.33   158.25 169.27   163.83 174.86   157.57 168.59
2022-07-27   157.78 168.80   157.75 168.78   295.27 306.29   157.21 168.23   162.79 173.82   156.53 167.55
2022-07-28   156.74 167.77   156.71 167.74   294.23 305.25   156.17 167.20   161.75 172.78   155.49 166.51
2022-07-29   155.70 166.73   155.67 166.70   293.18 304.21   155.13 166.16   160.71 171.74   154.45 165.47
2022-07-30   154.66 165.69   154.63 165.66   292.14 303.17   154.09 165.12   159.67 170.70   153.41 164.43
2022-07-31   153.62 164.64   153.59 164.62   291.10 302.13   153.05 164.07   158.63 169.66   152.37 163.39
2022-08-01   152.58 163.60   152.55 163.58   290.06 301.09   152.01 163.03   157.59 168.62   151.33 162.35
2022-08-02   151.54 162.56   151.51 162.54   289.02 300.05   150.97 161.99   156.55 167.58   150.29 161.31
2022-08-03   150.50 161.52   150.47 161.50   287.99 299.01   149.93 160.95   155.51 166.54   149.25 160.27
2022-08-04   149.46 160.48   149.43 160.46   286.95 297.97   148.89 159.91   154.48 165.50   148.21 159.23
2022-08-05   148.42 159.44   148.40 159.42   285.91 296.93   147.85 158.87   153.44 164.46   147.17 158.19
2022-08-06   147.39 158.40   147.36 158.38   284.87 295.89   146.82 157.83   152.40 163.42   146.13 157.15
2022-08-07   146.35 157.36   146.32 157.34   283.84 294.85   145.78 156.79   151.37 162.38   145.10 156.11
2022-08-08   145.32 156.32   145.29 156.30   282.80 293.81   144.75 155.75   150.33 161.34   144.06 155.07
2022-08-09   144.28 155.29   144.26 155.26   281.77 292.77   143.71 154.72   149.30 160.30   143.03 154.04
2022-08-10   143.25 154.25   143.22 154.22   280.74 291.74   142.68 153.68   148.26 159.26   142.00 153.00
2022-08-11   142.22 153.21   142.19 153.19   279.71 290.70   141.65 152.64   147.23 158.23   140.97 151.96
2022-08-12   141.19 152.18   141.16 152.15   278.68 289.66   140.62 151.61   146.20 157.19   139.94 150.93
2022-08-13   140.16 151.14   140.13 151.11   277.65 288.63   139.59 150.57   145.18 156.16   138.91 149.89
2022-08-14   139.13 150.11   139.11 150.08   276.62 287.59   138.56 149.54   144.15 155.12   137.88 148.86
2022-08-15   138.11 149.07   138.08 149.05   275.60 286.56   137.54 148.50   143.12 154.09   136.86 147.82
2022-08-16   137.08 148.04   137.06 148.02   274.57 285.53   136.51 147.47   142.10 153.06   135.83 146.79
2022-08-17   136.06 147.01   136.04 146.99   273.55 284.50   135.49 146.44   141.08 152.03   134.81 145.76
2022-08-18   135.04 145.98   135.02 145.96   272.53 283.47   134.47 145.41   140.06 151.00   133.79 144.73
2022-08-19   134.02 144.96   134.00 144.93   271.51 282.44   133.45 144.39   139.04 149.97   132.77 143.71
2022-08-20   133.01 143.93   132.98 143.90   270.49 281.42   132.44 143.36   138.02 148.95   131.76 142.68
2022-08-21   131.99 142.91   131.97 142.88   269.48 280.39   131.42 142.34   137.01 147.92   130.74 141.65
2022-08-22   130.98 141.88   130.95 141.86   268.47 279.37   130.41 141.31   136.00 146.90   129.73 140.63
2022-08-23   129.97 140.86   129.94 140.83   267.46 278.35   129.40 140.29   134.98 145.88   128.72 139.61
2022-08-24   128.96 139.84   128.93 139.82   266.45 277.33   128.39 139.27   133.98 144.86   127.71 138.59
2022-08-25   127.95 138.82   127.93 138.80   265.44 276.31   127.38 138.25   132.97 143.84   126.70 137.57
2022-08-26   126.95 137.81   126.92 137.78   264.44 275.30   126.38 137.24   131.97 142.82   125.70 136.56
2022-08-27   125.95 136.79   125.92 136.77   263.44 274.28   125.38 136.22   130.96 141.81   124.70 135.54
2022-08-28   124.95 135.78   124.92 135.76   262.44 273.27   124.38 135.21   129.96 140.80   123.70 134.53
2022-08-29   123.95 134.77   123.92 134.75   261.44 272.26   123.38 134.20   128.97 139.79   122.70 133.52
2022-08-30   122.95 133.76   122.93 133.74   260.44 271.25   122.38 133.19   127.97 138.78   121.70 132.51
2022-08-31   121.96 132.76   121.93 132.73   259.45 270.25   121.39 132.19   126.98 137.77   120.71 131.51
2022-09-01   120.97 131.75   120.94 131.73   258.46 269.24   120.40 131.18   125.99 136.77   119.72 130.50
2022-09-02   119.98 130.75   119.96 130.73   257.47 268.24   119.41 130.18   125.00 135.77   118.73 129.50
2022-09-03   119.00 129.75   118.97 129.73   256.48 267.24   118.43 129.18   124.01 134.77   117.74 128.50
2022-09-04   118.01 128.76   117.98 128.73   255.50 266.24   117.44 128.19   123.03 133.77   116.76 127.50
2022-09-05   117.03 127.76   117.00 127.73   254.52 265.25   116.46 127.19   122.04 132.78   115.78 126.51
2022-09-06   116.05 126.77   116.02 126.74   253.54 264.25   115.48 126.20   121.07 131.78   114.80 125.52
2022-09-07   115.07 125.78   115.05 125.75   252.56 263.26   114.50 125.21   120.09 130.79   113.82 124.53
2022-09-08   114.10 124.79   114.07 124.76   251.59 262.27   113.53 124.22   119.11 129.80   112.85 123.54
2022-09-09   113.13 123.80   113.10 123.77   250.61 261.29   112.56 123.23   118.14 128.82   111.87 122.55
2022-09-10   112.16 122.82   112.13 122.79   249.64 260.30   111.59 122.25   117.17 127.83   110.90 121.57
2022-09-11   111.19 121.84   111.16 121.81   248.67 259.32   110.62 121.27   116.20 126.85   109.94 120.58
2022-09-12   110.22 120.86   110.20 120.83   247.71 258.34   109.65 120.29   115.24 125.87   108.97 119.60
2022-09-13   109.26 119.88   109.23 119.85   246.75 257.37   108.69 119.31   114.27 124.89   108.01 118.63
2022-09-14   108.30 118.90   108.27 118.88   245.78 256.39   107.73 118.33   113.31 123.92   107.05 117.65
2022-09-15   107.34 117.93   107.31 117.90   244.83 255.42   106.77 117.36   112.35 122.95   106.09 116.68
2022-09-16   106.38 116.96   106.35 116.93   243.87 254.45   105.81 116.39   111.40 121.97   105.13 115.71
2022-09-17   105.43 115.99   105.40 115.96   242.91 253.48   104.86 115.42   110.44 121.01   104.18 114.74
2022-09-18   104.47 115.02   104.45 115.00   241.96 252.51   103.90 114.45   109.49 120.04   103.22 113.77
2022-09-19   103.52 114.06   103.50 114.03   241.01 251.55   102.95 113.49   108.54 119.08   102.27 112.81
2022-09-20   102.57 113.10   102.55 113.07   240.06 250.59   102.00 112.53   107.59 118.11   101.32 111.85
2022-09-21   101.63 112.14   101.60 112.11   239.12 249.63   101.06 111.57   106.64 117.15   100.38 110.89
2022-09-22   100.68 111.18   100.66 111.15   238.17 248.67   100.11 110.61   105.70 116.20    99.43 109.93
2022-09-23    99.74 110.22    99.71 110.20   237.23 247.71    99.17 109.65   104.76 115.24    98.49 108.97
2022-09-24    98.80 109.27    98.77 109.24   236.29 246.76    98.23 108.70   103.81 114.29    97.55 108.02
2022-09-25    97.86 108.32    97.83 108.29   235.35 245.81    97.29 107.75   102.88 113.33    96.61 107.07
2022-09-26    96.92 107.37    96.90 107.34   234.41 244.86    96.35 106.80   101.94 112.38    95.67 106.12
2022-09-27    95.99 106.42    95.96 106.39   233.47 243.91    95.42 105.85   101.00 111.44    94.74 105.17
2022-09-28    95.05 105.47    95.03 105.45   232.54 242.96    94.48 104.90   100.07 110.49    93.80 104.22
2022-09-29    94.12 104.53    94.09 104.50   231.61 242.02    93.55 103.96    99.14 109.54    92.87 103.28
2022-09-30    93.19 103.59    93.16 103.56   230.68 241.07    92.62 103.02    98.21 108.60    91.94 102.34
2022-10-01    92.26 102.65    92.23 102.62   229.75 240.13    91.69 102.08    97.28 107.66    91.01 101.40
2022-10-02    91.33 101.71    91.31 101.68   228.82 239.19    90.76 101.14    96.35 106.72    90.08 100.46
2022-10-03    90.41 100.77    90.38 100.74   227.89 238.26    89.84 100.20    95.42 105.78    89.15  99.52
2022-10-04    89.48  99.83    89.45  99.81   226.97 237.32    88.91  99.26    94.49 104.85    88.23  98.58
2022-10-05    88.56  98.90    88.53  98.87   226.04 236.39    87.99  98.33    93.57 103.91    87.30  97.65
2022-10-06    87.63  97.96    87.61  97.94   225.12 235.45    87.06  97.39    92.65 102.98    86.38  96.71
2022-10-07    86.71  97.03    86.68  97.01   224.20 234.52    86.14  96.46    91.73 102.05    85.46  95.78
2022-10-08    85.79  96.10    85.76  96.08   223.28 233.59    85.22  95.53    90.80 101.12    84.54  94.85
2022-10-09    84.87  95.17    84.84  95.15   222.36 232.66    84.30  94.60    89.88 100.19    83.62  93.92
2022-10-10    83.95  94.24    83.92  94.22   221.44 231.73    83.38  93.67    88.96  99.26    82.70  92.99
2022-10-11    83.03  93.32    83.00  93.29   220.52 230.81    82.46  92.75    88.05  98.33    81.78  92.07
2022-10-12    82.11  92.39    82.09  92.37   219.60 229.88    81.54  91.82    87.13  97.41    80.86  91.14
2022-10-13    81.20  91.47    81.17  91.44   218.68 228.95    80.63  90.90    86.21  96.48    79.94  90.22
2022-10-14    80.28  90.54    80.25  90.52   217.77 228.03    79.71  89.97    85.29  95.56    79.03  89.29
2022-10-15    79.36  89.62    79.34  89.59   216.85 227.11    78.79  89.05    84.38  94.63    78.11  88.37
2022-10-16    78.45  88.70    78.42  88.67   215.93 226.18    77.88  88.13    83.46  93.71    77.20  87.45
2022-10-17    77.53  87.77    77.50  87.75   215.02 225.26    76.96  87.20    82.55  92.79    76.28  86.52
2022-10-18    76.62  86.85    76.59  86.83   214.10 224.34    76.05  86.28    81.63  91.87    75.36  85.60
2022-10-19    75.70  85.93    75.67  85.91   213.19 223.42    75.13  85.36    80.72  90.95    74.45  84.68
2022-10-20    74.79  85.01    74.76  84.99   212.27 222.50    74.22  84.44    79.80  90.03    73.53  83.76
2022-10-21    73.87  84.09    73.84  84.07   211.36 221.58    73.30  83.52    78.89  89.11    72.62  82.84
2022-10-22    72.95  83.17    72.93  83.15   210.44 220.66    72.38  82.60    77.97  88.19    71.70  81.92
2022-10-23    72.04  82.25    72.01  82.23   209.53 219.74    71.47  81.68    77.05  87.27    70.79  81.00
2022-10-24    71.12  81.34    71.10  81.31   208.61 218.82    70.55  80.77    76.14  86.35    69.87  80.08
2022-10-25    70.21  80.42    70.18  80.39   207.70 217.90    69.64  79.85    75.22  85.43    68.96  79.17
2022-10-26    69.29  79.50    69.26  79.47   206.78 216.99    68.72  78.93    74.31  84.51    68.04  78.25
2022-10-27    68.37  78.58    68.35  78.55   205.86 216.07    67.80  78.01    73.39  83.59    67.12  77.33
2022-10-28    67.46  77.66    67.43  77.63   204.94 215.15    66.89  77.09    72.47  82.67    66.21  76.41
2022-10-29    66.54  76.74    66.51  76.71   204.03 214.23    65.97  76.17    71.55  81.76    65.29  75.49
2022-10-30    65.62  75.82    65.59  75.79   203.11 213.31    65.05  75.25    70.64  80.84    64.37  74.57
2022-10-31    64.70  74.90    64.67  74.87   202.19 212.39    64.13  74.33    69.72  79.92    63.45  73.65
2022-11-01    63.78  73.98    63.75  73.95   201.27 211.47    63.21  73.41    68.79  78.99    62.53  72.73
2022-11-02    62.86  73.06    62.83  73.03   200.35 210.55    62.29  72.49    67.87  78.07    61.61  71.81
2022-11-03    61.94  72.14    61.91  72.11   199.42 209.62    61.37  71.57    66.95  77.15    60.68  70.89
2022-11-04    61.01  71.21    60.98  71.19   198.50 208.70    60.44  70.64    66.03  76.23    59.76  69.96
2022-11-05    60.09  70.29    60.06  70.26   197.57 207.78    59.52  69.72    65.10  75.31    58.84  69.04
2022-11-06    59.16  69.37    59.13  69.34   196.65 206.85    58.59  68.80    64.18  74.38    57.91  68.12
2022-11-07    58.23  68.44    58.21  68.42   195.72 205.93    57.66  67.87    63.25  73.46    56.98  67.19
2022-11-08    57.52  67.30    57.50  67.27   195.01 204.78    56.95  66.73    62.54  72.31    56.27  66.04
2022-11-09    56.83  66.13    56.80  66.11   194.31 203.62    56.26  65.56    61.84  71.15    55.58  64.88
2022-11-10    56.13  64.97    56.10  64.94   193.62 202.46    55.56  64.40    61.14  69.98    54.88  63.72
2022-11-11    55.43  63.81    55.40  63.78   192.92 201.29    54.86  63.24    60.45  68.82    54.18  62.55
2022-11-12    54.73  62.64    54.70  62.61   192.22 200.13    54.16  62.07    59.74  67.66    53.48  61.39
2022-11-13    54.02  61.47    54.00  61.45   191.51 198.96    53.45  60.90    59.04  66.49    52.77  60.22
2022-11-14    53.32  60.31    53.29  60.28   190.81 197.79    52.75  59.74    58.33  65.32    52.07  59.06

2023-04-15   258.04 264.96   258.01 264.93    35.53  42.45   257.47 264.39   263.06 269.97   256.79 263.71
2023-04-16   256.91 264.28   256.88 264.26    34.40  41.77   256.34 263.71   261.93 269.30   255.66 263.03
2023-04-17   255.78 263.61   255.75 263.58    33.27  41.09   255.21 263.04   260.79 268.62   254.53 262.35
2023-04-18   254.65 262.93   254.62 262.91    32.14  40.42   254.08 262.36   259.66 267.95   253.40 261.68
2023-04-19   253.52 262.26   253.49 262.23    31.01  39.75   252.95 261.69   258.54 267.27   252.27 261.01
2023-04-20   252.39 261.59   252.36 261.56    29.88  39.08   251.82 261.02   257.41 266.60   251.14 260.34
2023-04-21   251.26 260.92   251.24 260.89    28.75  38.41   250.69 260.35   256.28 265.93   250.01 259.67
2023-04-22   250.13 260.25   250.11 260.23    27.62  37.74   249.56 259.68   255.15 265.27   248.88 259.00
2023-04-23   249.19 259.40   249.17 259.37    26.68  36.89   248.62 258.83   254.21 264.42   247.94 258.15
2023-04-24   248.30 258.50   248.27 258.48    25.79  35.99   247.73 257.93   253.31 263.52   247.05 257.25
2023-04-25   247.40 257.61   247.38 257.58    24.89  35.09   246.83 257.04   252.42 262.62   246.15 256.36
2023-04-26   246.51 256.71   246.48 256.68    24.00  34.20   245.94 256.14   251.52 261.73   245.26 255.46
2023-04-27   245.61 255.82   245.59 255.79    23.10  33.30   245.04 255.25   250.63 260.83   244.36 254.56
2023-04-28   244.72 254.92   244.69 254.89    22.21  32.41   244.15 254.35   249.74 259.94   243.47 253.67
2023-04-29   243.83 254.03   243.80 254.00    21.32  31.52   243.26 253.46   248.84 259.04   242.58 252.78
2023-04-30   242.93 253.13   242.91 253.11    20.42  30.62   242.36 252.56   247.95 258.15   241.68 251.88
2023-05-01   242.04 252.24   242.01 252.22    19.53  29.73   241.47 251.67   247.06 257.26   240.79 250.99
2023-05-02   241.15 251.35   241.12 251.32    18.63  28.84   240.58 250.78   246.16 256.36   239.90 250.10
2023-05-03   240.25 250.46   240.23 250.43    17.74  27.94   239.68 249.89   245.27 255.47   239.00 249.21
2023-05-04   239.36 249.56   239.33 249.54    16.85  27.05   238.79 248.99   244.37 254.58   238.11 248.31
2023-05-05   238.46 248.67   238.44 248.65    15.95  26.16   237.89 248.10   243.48 253.69   237.21 247.42
2023-05-06   237.57 247.78   237.54 247.75    15.06  25.27   237.00 247.21   242.58 252.80   236.32 246.53
2023-05-07   236.67 246.89   236.65 246.86    14.16  24.38   236.10 246.32   241.69 251.90   235.42 245.64
2023-05-08   235.78 246.00   235.75 245.97    13.27  23.48   235.21 245.43   240.79 251.01   234.53 244.74
2023-05-09   234.88 245.10   234.85 245.08    12.37  22.59   234.31 244.53   239.90 250.12   233.63 243.85
2023-05-10   233.98 244.21   233.96 244.18    11.47  21.70   233.41 243.64   239.00 249.22   232.73 242.96
2023-05-11   233.08 243.32   233.06 243.29    10.57  20.80   232.51 242.75   238.10 248.33   231.83 242.06
2023-05-12   232.19 242.42   232.16 242.39     9.67  19.91   231.62 241.85   237.20 247.44   230.93 241.17
2023-05-13   231.28 241.53   231.26 241.50     8.77  19.01   230.71 240.96   236.30 246.54   230.03 240.28
2023-05-14   230.38 240.63   230.36 240.60     7.87  18.12   229.81 240.06   235.40 245.65   229.13 239.38
2023-05-15   229.48 239.73   229.45 239.71     6.97  17.22   228.91 239.16   234.50 244.75   228.23 238.48
2023-05-16   228.58 238.84   228.55 238.81     6.06  16.32   228.01 238.27   233.59 243.85   227.33 237.59
2023-05-17   227.67 237.94   227.65 237.91     5.16  15.43   227.10 237.37   232.69 242.95   226.42 236.69
2023-05-18   226.77 237.04   226.74 237.01     4.25  14.53   226.20 236.47   231.78 242.06   225.51 235.79
2023-05-19   225.86 236.14   225.83 236.11     3.34  13.63   225.29 235.57   230.87 241.16   224.61 234.89
2023-05-20   224.95 235.24   224.92 235.21     2.44  12.73   224.38 234.67   229.96 240.25   223.70 233.99
2023-05-21   224.04 234.34   224.01 234.31     1.52  11.82   223.47 233.77   229.05 239.35   222.79 233.09
2023-05-22   223.12 233.43   223.10 233.41     0.61  10.92   222.55 232.86   228.14 238.45   221.87 232.18
2023-05-23   222.21 232.53   222.18 232.50   359.70  10.01   221.64 231.96   227.22 237.54   220.96 231.28
2023-05-24   221.29 231.62   221.27 231.59   358.78   9.11   220.72 231.05   226.31 236.64   220.04 230.37
2023-05-25   220.37 230.71   220.35 230.69   357.86   8.20   219.80 230.14   225.39 235.73   219.12 229.46
2023-05-26   219.45 229.80   219.43 229.78   356.94   7.29   218.88 229.23   224.47 234.82   218.20 228.55
2023-05-27   218.53 228.89   218.51 228.86   356.02   6.38   217.96 228.32   223.55 233.91   217.28 227.64
2023-05-28   217.61 227.98   217.58 227.95   355.10   5.47   217.04 227.41   222.62 232.99   216.36 226.73
2023-05-29   216.68 227.06   216.66 227.04   354.17   4.55   216.11 226.49   221.70 232.08   215.43 225.81
2023-05-30   215.75 226.15   215.73 226.12   353.24   3.63   215.18 225.58   220.77 231.16   214.50 224.90
2023-05-31   214.82 225.23   214.80 225.20   352.31   2.72   214.25 224.66   219.84 230.24   213.57 223.98
2023-06-01   213.89 224.31   213.87 224.28   351.38   1.79   213.32 223.74   218.91 229.32   212.64 223.06
2023-06-02   212.96 223.38   212.93 223.36   350.44   0.87   212.39 222.81   217.97 228.40   211.71 222.13
2023-06-03   212.02 222.46   211.99 222.43   349.51 359.95   211.45 221.89   217.04 227.47   210.77 221.21
2023-06-04   211.08 221.53   211.05 221.51   348.57 359.02   210.51 220.96   216.10 226.55   209.83 220.28
2023-06-05   210.14 220.60   210.11 220.58   347.63 358.09   209.57 220.03   215.15 225.62   208.89 219.35
2023-06-06   209.19 219.67   209.17 219.65   346.68 357.16   208.62 219.10   214.21 224.69   207.94 218.42
2023-06-07   208.25 218.74   208.22 218.71   345.73 356.23   207.68 218.17   213.26 223.75   207.00 217.49
2023-06-08   207.30 217.80   207.27 217.78   344.79 355.29   206.73 217.23   212.31 222.82   206.05 216.55
2023-06-09   206.35 216.86   206.32 216.84   343.83 354.35   205.78 216.29   211.36 221.88   205.10 215.61
2023-06-10   205.39 215.92   205.37 215.90   342.88 353.41   204.82 215.35   210.41 220.94   204.14 214.67
2023-06-11   204.43 214.98   204.41 214.95   341.92 352.47   203.86 214.41   209.45 220.00   203.18 213.73
2023-06-12   203.48 214.03   203.45 214.01   340.96 351.52   202.91 213.46   208.49 219.05   202.22 212.78
2023-06-13   202.51 213.09   202.49 213.06   340.00 350.57   201.94 212.52   207.53 218.10   201.26 211.84
2023-06-14   201.55 212.14   201.52 212.11   339.04 349.62   200.98 211.57   206.56 217.15   200.30 210.88
2023-06-15   200.58 211.18   200.55 211.16   338.07 348.67   200.01 210.61   205.60 216.20   199.33 209.93
2023-06-16   199.61 210.23   199.58 210.20   337.10 347.71   199.04 209.66   204.63 215.24   198.36 208.98
2023-06-17   198.64 209.27   198.61 209.24   336.13 346.76   198.07 208.70   203.65 214.28   197.39 208.02
2023-06-18   197.66 208.31   197.64 208.28   335.15 345.79   197.09 207.74   202.68 213.32   196.41 207.06
2023-06-19   196.69 207.34   196.66 207.32   334.17 344.83   196.12 206.77   201.70 212.36   195.43 206.09
2023-06-20   195.70 206.38   195.68 206.35   333.19 343.86   195.13 205.81   200.72 211.39   194.45 205.13
2023-06-21   194.72 205.41   194.70 205.38   332.21 342.89   194.15 204.84   199.74 210.42   193.47 204.16
2023-06-22   193.74 204.44   193.71 204.41   331.22 341.92   193.17 203.87   198.75 209.45   192.49 203.18
2023-06-23   192.75 203.46   192.72 203.43   330.24 340.95   192.18 202.89   197.76 208.48   191.50 202.21
2023-06-24   191.76 202.48   191.73 202.46   329.24 339.97   191.19 201.91   196.77 207.50   190.51 201.23
2023-06-25   190.76 201.50   190.74 201.48   328.25 338.99   190.19 200.93   195.78 206.52   189.51 200.25
2023-06-26   189.77 200.52   189.74 200.50   327.26 338.01   189.20 199.95   194.78 205.54   188.52 199.27
2023-06-27   188.77 199.54   188.74 199.51   326.26 337.03   188.20 198.97   193.79 204.55   187.52 198.29
2023-06-28   187.77 198.55   187.74 198.52   325.26 336.04   187.20 197.98   192.78 203.57   186.52 197.30
2023-06-29   186.77 197.56   186.74 197.53   324.25 335.05   186.20 196.99   191.78 202.58   185.52 196.31
2023-06-30   185.76 196.57   185.73 196.54   323.25 334.06   185.19 196.00   190.78 201.58   184.51 195.32
2023-07-01   184.75 195.57   184.73 195.55   322.24 333.06   184.18 195.00   189.77 200.59   183.50 194.32
2023-07-02   183.74 194.58   183.72 194.55   321.23 332.06   183.17 194.01   188.76 199.59   182.49 193.33
2023-07-03   182.73 193.58   182.71 193.55   320.22 331.06   182.16 193.01   187.75 198.59   181.48 192.33
2023-07-04   181.72 192.57   181.69 192.55   319.21 330.06   181.15 192.00   186.73 197.59   180.47 191.32
2023-07-05   180.70 191.57   180.68 191.54   318.19 329.06   180.13 191.00   185.72 196.59   179.45 190.32
2023-07-06   179.68 190.56   179.66 190.54   317.17 328.05   179.11 189.99   184.70 195.58   178.43 189.31
2023-07-07   178.67 189.56   178.64 189.53   316.15 327.04   178.10 188.99   183.68 194.57   177.41 188.30
2023-07-08   177.64 188.54   177.62 188.52   315.13 326.03   177.07 187.97   182.66 193.56   176.39 187.29
2023-07-09   176.62 187.53   176.59 187.51   314.11 325.02   176.05 186.96   181.64 192.55   175.37 186.28
2023-07-10   175.60 186.52   175.57 186.49   313.08 324.00   175.03 185.95   180.61 191.53   174.34 185.27
2023-07-11   174.57 185.50   174.54 185.47   312.06 322.99   174.00 184.93   179.58 190.52   173.32 184.25
2023-07-12   173.54 184.48   173.52 184.46   311.03 321.97   172.97 183.91   178.56 189.50   172.29 183.23
2023-07-13   172.51 183.46   172.49 183.43   310.00 320.95   171.94 182.89   177.53 188.48   171.26 182.21
2023-07-14   171.48 182.44   171.46 182.41   308.97 319.93   170.91 181.87   176.50 187.45   170.23 181.19
2023-07-15   170.45 181.42   170.42 181.39   307.94 318.90   169.88 180.85   175.47 186.43   169.20 180.16
2023-07-16   169.42 180.39   169.39 180.36   306.90 317.88   168.85 179.82   174.43 185.41   168.17 179.14
2023-07-17   168.38 179.36   168.36 179.34   305.87 316.85   167.81 178.79   173.40 184.38   167.13 178.11
2023-07-18   167.35 178.34   167.32 178.31   304.84 315.82   166.78 177.77   172.36 183.35   166.10 177.08
2023-07-19   166.31 177.31   166.29 177.28   303.80 314.79   165.74 176.74   171.33 182.32   165.06 176.05
2023-07-20   165.28 176.27   165.25 176.25   302.76 313.76   164.71 175.70   170.29 181.29   164.03 175.02
2023-07-21   164.24 175.24   164.21 175.22   301.73 312.73   163.67 174.67   169.25 180.26   162.99 173.99
2023-07-22   163.20 174.21   163.18 174.18   300.69 311.70   162.63 173.64   168.22 179.23   161.95 172.96
2023-07-23   162.16 173.18   162.14 173.15   299.65 310.66   161.59 172.61   167.18 178.19   160.91 171.93
2023-07-24   161.13 172.14   161.10 172.12   298.61 309.63   160.56 171.57   166.14 177.16   159.87 170.89
2023-07-25   160.09 171.11   160.06 171.08   297.57 308.59   159.52 170.54   165.10 176.12   158.84 169.86
2023-07-26   159.05 170.07   159.02 170.04   296.54 307.56   158.48 169.50   164.06 175.08   157.80 168.82
2023-07-27   158.01 169.03   157.98 169.01   295.50 306.52   157.44 168.46   163.02 174.05   156.76 167.78
2023-07-28   156.97 168.00   156.94 167.97   294.46 305.48   156.40 167.43   161.99 173.01   155.72 166.74
2023-07-29   155.93 166.96   155.90 166.93   293.42 304.45   155.36 166.39   160.95 171.97   154.68 165.71
2023-07-30   154.89 165.92   154.87 165.89   292.38 303.41   154.32 165.35   159.91 170.93   153.64 164.67
2023-07-31   153.85 164.88   153.83 164.85   291.34 302.37   153.28 164.31   158.87 169.90   152.60 163.63
2023-08-01   152.82 163.84   152.79 163.82   290.30 301.33   152.25 163.27   157.83 168.86   151.57 162.59
2023-08-02   151.78 162.80   151.75 162.78   289.27 300.29   151.21 162.23   156.79 167.82   150.53 161.55
2023-08-03   150.74 161.77   150.72 161.74   288.23 299.25   150.17 161.20   155.76 166.78   149.49 160.51
2023-08-04   149.71 160.73   149.68 160.70   287.19 298.21   149.14 160.16   154.72 165.74   148.45 159.48
2023-08-05   148.67 159.69   148.64 159.66   286.16 297.18   148.10 159.12   153.68 164.70   147.42 158.44
2023-08-06   147.64 158.65   147.61 158.63   285.12 296.14   147.07 158.08   152.65 163.67   146.38 157.40
2023-08-07   146.60 157.61   146.57 157.59   284.09 295.10   146.03 157.04   151.62 162.63   145.35 156.36
2023-08-08   145.57 156.58   145.54 156.55   283.06 294.06   145.00 156.01   150.58 161.59   144.32 155.33
2023-08-09   144.54 155.54   144.51 155.51   282.02 293.03   143.97 154.97   149.55 160.56   143.29 154.29
2023-08-10   143.51 154.51   143.48 154.48   280.99 291.99   142.94 153.94   148.52 159.52   142.26 153.25
2023-08-11   142.48 153.47   142.45 153.44   279.96 290.96   141.91 152.90   147.49 158.49   141.23 152.22
2023-08-12   141.45 152.44   141.42 152.41   278.94 289.92   140.88 151.87   146.46 157.45   140.20 151.19
2023-08-13   140.42 151.40   140.40 151.38   277.91 288.89   139.85 150.83   145.44 156.42   139.17 150.15
2023-08-14   139.40 150.37   139.37 150.35   276.88 287.86   138.83 149.80   144.41 155.39   138.15 149.12
2023-08-15   138.37 149.34   138.35 149.31   275.86 286.83   137.80 148.77   143.39 154.36   137.12 148.09
2023-08-16   137.35 148.31   137.33 148.28   274.84 285.80   136.78 147.74   142.37 153.33   136.10 147.06
2023-08-17   136.33 147.28   136.31 147.26   273.82 284.77   135.76 146.71   141.35 152.30   135.08 146.03
2023-08-18   135.31 146.26   135.29 146.23   272.80 283.74   134.74 145.69   140.33 151.27   134.06 145.00
2023-08-19   134.30 145.23   134.27 145.20   271.78 282.72   133.73 144.66   139.31 150.24   133.05 143.98
2023-08-20   133.28 144.20   133.25 144.18   270.77 281.69   132.71 143.63   138.30 149.22   132.03 142.95
2023-08-21   132.27 143.18   132.24 143.16   269.76 280.67   131.70 142.61   137.28 148.20   131.02 141.93
2023-08-22   131.26 142.16   131.23 142.13   268.74 279.65   130.69 141.59   136.27 147.18   130.01 140.91
2023-08-23   130.25 141.14   130.22 141.11   267.73 278.63   129.68 140.57   135.26 146.16   129.00 139.89
2023-08-24   129.24 140.12   129.21 140.10   266.73 277.61   128.67 139.55   134.26 145.14   127.99 138.87
2023-08-25   128.24 139.11   128.21 139.08   265.72 276.59   127.67 138.54   133.25 144.12   126.98 137.86
2023-08-26   127.23 138.09   127.21 138.07   264.72 275.58   126.66 137.52   132.25 143.11   125.98 136.84
2023-08-27   126.23 137.08   126.20 137.05   263.72 274.57   125.66 136.51   131.25 142.09   124.98 135.83
2023-08-28   125.23 136.07   125.21 136.04   262.72 273.56   124.66 135.50   130.25 141.08   123.98 134.82
2023-08-29   124.24 135.06   124.21 135.03   261.72 272.55   123.67 134.49   129.25 140.08   122.98 133.81
2023-08-30   123.24 134.05   123.21 134.03   260.73 271.54   122.67 133.48   128.26 139.07   121.99 132.80
2023-08-31   122.25 133.05   122.22 133.02   259.74 270.54   121.68 132.48   127.26 138.06   121.00 131.80
2023-09-01   121.26 132.05   121.23 132.02   258.75 269.53   120.69 131.48   126.27 137.06   120.01 130.79
2023-09-02   120.27 131.04   120.24 131.02   257.76 268.53   119.70 130.47   125.29 136.06   119.02 129.79
2023-09-03   119.29 130.05   119.26 130.02   256.77 267.53   118.72 129.48   124.30 135.06   118.03 128.79
2023-09-04   118.30 129.05   118.28 129.02   255.79 266.54   117.73 128.48   123.32 134.06   117.05 127.80
2023-09-05   117.32 128.05   117.29 128.03   254.81 265.54   116.75 127.48   122.34 133.07   116.07 126.80
2023-09-06   116.34 127.06   116.32 127.04   253.83 264.55   115.77 126.49   121.36 132.08   115.09 125.81
2023-09-07   115.37 126.07   115.34 126.05   252.85 263.56   114.80 125.50   120.38 131.09   114.12 124.82
2023-09-08   114.39 125.08   114.37 125.06   251.88 262.57   113.82 124.51   119.41 130.10   113.14 123.83
2023-09-09   113.42 124.10   113.39 124.07   250.91 261.59   112.85 123.53   118.44 129.11   112.17 122.85
2023-09-10   112.45 123.11   112.42 123.09   249.94 260.60   111.88 122.54   117.47 128.13   111.20 121.86
2023-09-11   111.48 122.13   111.46 122.11   248.97 259.62   110.91 121.56   116.50 127.15   110.23 120.88
2023-09-12   110.52 121.15   110.49 121.13   248.00 258.64   109.95 120.58   115.53 126.17   109.27 119.90
2023-09-13   109.55 120.18   109.53 120.15   247.04 257.66   108.98 119.61   114.57 125.19   108.30 118.93
2023-09-14   108.59 119.20   108.57 119.18   246.08 256.69   108.02 118.63   113.61 124.22   107.34 117.95
2023-09-15   107.63 118.23   107.61 118.20   245.12 255.72   107.06 117.66   112.65 123.24   106.38 116.98
2023-09-16   106.68 117.26   106.65 117.23   244.16 254.75   106.11 116.69   111.69 122.27   105.43 116.01
2023-09-17   105.72 116.29   105.70 116.26   243.21 253.78   105.15 115.72   110.74 121.31   104.47 115.04
2023-09-18   104.77 115.32   104.74 115.30   242.26 252.81   104.20 114.75   109.79 120.34   103.52 114.07
2023-09-19   103.82 114.36   103.79 114.33   241.31 251.85   103.25 113.79   108.83 119.38   102.57 113.11
2023-09-20   102.87 113.40   102.84 113.37   240.36 250.89   102.30 112.83   107.89 118.41   101.62 112.15
2023-09-21   101.92 112.44   101.90 112.41   239.41 249.93   101.35 111.87   106.94 117.45   100.67 111.19
2023-09-22   100.98 111.48   100.95 111.45   238.47 248.97   100.41 110.91   105.99 116.49    99.73 110.23
2023-09-23   100.04 110.52   100.01 110.50   237.52 248.01    99.47 109.95   105.05 115.54    98.79 109.27
2023-09-24    99.10 109.57    99.07 109.54   236.58 247.06    98.53 109.00   104.11 114.58    97.84 108.32
2023-09-25    98.16 108.62    98.13 108.59   235.64 246.10    97.59 108.05   103.17 113.63    96.91 107.37
2023-09-26    97.22 107.67    97.19 107.64   234.71 245.15    96.65 107.10   102.23 112.68    95.97 106.42
2023-09-27    96.28 106.72    96.26 106.69   233.77 244.21    95.71 106.15   101.30 111.73    95.03 105.47
2023-09-28    95.35 105.77    95.32 105.75   232.83 243.26    94.78 105.20   100.36 110.79    94.10 104.52
2023-09-29    94.41 104.83    94.39 104.80   231.90 242.31    93.84 104.26    99.43 109.84    93.16 103.58
2023-09-30    93.48 103.88    93.46 103.86   230.97 241.37    92.91 103.31    98.50 108.90    92.23 102.63
2023-10-01    92.55 102.94    92.53 102.92   230.04 240.43    91.98 102.37    97.57 107.96    91.30 101.69
2023-10-02    91.62 102.00    91.60 101.98   229.11 239.49    91.05 101.43    96.64 107.02    90.37 100.75
2023-10-03    90.70 101.06    90.67 101.04   228.18 238.55    90.13 100.49    95.71 106.08    89.45  99.81
2023-10-04    89.77 100.13    89.74 100.10   227.26 237.61    89.20  99.56    94.79 105.14    88.52  98.88
2023-10-05    88.85  99.19    88.82  99.16   226.33 236.68    88.28  98.62    93.86 104.21    87.59  97.94
2023-10-06    87.92  98.26    87.89  98.23   225.41 235.74    87.35  97.69    92.94 103.27    86.67  97.01
2023-10-07    87.00  97.32    86.97  97.30   224.49 234.81    86.43  96.75    92.01 102.34    85.75  96.07
2023-10-08    86.08  96.39    86.05  96.37   223.56 233.88    85.51  95.82    91.09 101.41    84.83  95.14
2023-10-09    85.16  95.46    85.13  95.44   222.64 232.95    84.59  94.89    90.17 100.48    83.90  94.21
2023-10-10    84.23  94.53    84.21  94.51   221.72 232.02    83.66  93.96    89.25  99.55    82.98  93.28
2023-10-11    83.32  93.60    83.29  93.58   220.80 231.09    82.75  93.03    88.33  98.62    82.06  92.35
2023-10-12    82.40  92.68    82.37  92.65   219.88 230.17    81.83  92.11    87.41  97.69    81.15  91.43
2023-10-13    81.48  91.75    81.45  91.72   218.97 229.24    80.91  91.18    86.49  96.77    80.23  90.50
2023-10-14    80.56  90.83    80.53  90.80   218.05 228.31    79.99  90.26    85.58  95.84    79.31  89.58
2023-10-15    79.64  89.90    79.62  89.88   217.13 227.39    79.07  89.33    84.66  94.92    78.39  88.65
2023-10-16    78.73  88.98    78.70  88.95   216.21 226.47    78.16  88.41    83.74  93.99    77.47  87.73
2023-10-17    77.81  88.05    77.78  88.03   215.30 225.54    77.24  87.48    82.82  93.07    76.56  86.80
2023-10-18    76.89  87.13    76.87  87.11   214.38 224.62    76.32  86.56    81.91  92.15    75.64  85.88
2023-10-19    75.98  86.21    75.95  86.18   213.46 223.70    75.41  85.64    80.99  91.23    74.73  84.96
2023-10-20    75.06  85.29    75.03  85.26   212.55 222.78    74.49  84.72    80.07  90.30    73.81  84.04
2023-10-21    74.14  84.37    74.12  84.34   211.63 221.86    73.57  83.80    79.16  89.38    72.89  83.12
2023-10-22    73.23  83.45    73.20  83.42   210.71 220.93    72.66  82.88    78.24  88.46    71.98  82.20
2023-10-23    72.31  82.53    72.28  82.50   209.80 220.01    71.74  81.96    77.33  87.54    71.06  81.28
2023-10-24    71.39  81.61    71.37  81.58   208.88 219.09    70.82  81.04    76.41  86.62    70.14  80.36
2023-10-25    70.48  80.69    70.45  80.66   207.96 218.17    69.91  80.12    75.49  85.70    69.22  79.43
2023-10-26    69.56  79.77    69.53  79.74   207.05 217.25    68.99  79.20    74.57  84.78    68.31  78.51
2023-10-27    68.64  78.84    68.61  78.82   206.13 216.33    68.07  78.27    73.66  83.86    67.39  77.59
2023-10-28    67.72  77.92    67.69  77.90   205.21 215.41    67.15  77.35    72.74  82.94    66.47  76.67
2023-10-29    66.80  77.00    66.77  76.98   204.29 214.49    66.23  76.43    71.82  82.02    65.55  75.75
2023-10-30    65.88  76.08    65.85  76.06   203.37 213.57    65.31  75.51    70.90  81.10    64.63  74.83
2023-10-31    64.96  75.16    64.93  75.13   202.45 212.65    64.39  74.59    69.98  80.18    63.71  73.91
2023-11-01    64.04  74.24    64.01  74.21   201.53 211.73    63.47  73.67    69.05  79.25    62.79  72.99
2023-11-02    63.12  73.32    63.09  73.29   200.60 210.80    62.55  72.75    68.13  78.33    61.86  72.06
2023-11-03    62.19  72.39    62.16  72.37   199.68 209.88    61.62  71.82    67.21  77.41    60.94  71.14
2023-11-04    61.27  71.47    61.24  71.44   198.75 208.96    60.70  70.90    66.28  76.48    60.01  70.22
2023-11-05    60.34  70.54    60.31  70.52   197.83 208.03    59.77  69.97    65.35  75.56    59.09  69.29
2023-11-06    59.41  69.62    59.38  69.59   196.90 207.10    58.84  69.05    64.43  74.63    58.16  68.37
2023-11-07    58.48  68.69    58.46  68.66   195.97 206.18    57.91  68.12    63.50  73.71    57.23  67.44
2023-11-08    57.70  67.62    57.67  67.59   195.19 205.10    57.13  67.05    62.71  72.63    56.45  66.37
2023-11-09    57.00  66.45    56.98  66.43   194.49 203.94    56.43  65.88    62.02  71.47    55.75  65.20
2023-11-10    56.30  65.29    56.28  65.26   193.79 202.77    55.73  64.72    61.32  70.30    55.05  64.04
2023-11-11    55.60  64.12    55.58  64.09   193.09 201.61    55.03  63.55    60.62  69.14    54.35  62.87
2023-11-12    54.90  62.95    54.87  62.93   192.39 200.44    54.33  62.38    59.91  67.97    53.65  61.70
2023-11-13    54.19  61.79    54.17  61.76   191.68 199.27    53.62  61.22    59.21  66.80    52.94  60.53
2023-11-14    53.49  60.62    53.46  60.59   190.97 198.10    52.92  60.05    58.50  65.63    52.24  59.37
