
       Target
                ecliptic
RA      Dec     latitude
295.555  49.017  68.120

Checked interval [2020-01-01, 2023-12-31]
|           Window [days]                 |    Normal V3 PA [deg]    |
   Start           End         Duration         Start         End         RA            Dec     
 2020-04-25      2020-11-25       214.00     255.23041      49.44853     295.55499      49.01730 
 2021-04-26      2021-11-26       214.00     254.60115      48.73899     295.55499      49.01730 
 2022-04-26      2022-11-26       214.00     254.86813      48.96698     295.55499      49.01730 
 2023-04-26      2023-11-26       214.00     255.13755      49.18490     295.55499      49.01730 


                V3PA          NIRCam           NIRSpec         NIRISS           MIRI          FGS
   Date      min    max      min    max       min    max     min    max      min    max      min    max

2020-04-26   251.67 258.61   251.64 258.58    29.16  36.10   251.10 258.04   256.69 263.63   250.42 257.36
2020-04-27   250.55 257.93   250.52 257.90    28.04  35.42   249.98 257.36   255.56 262.95   249.30 256.68
2020-04-28   249.43 257.25   249.40 257.23    26.92  34.74   248.86 256.68   254.44 262.27   248.18 256.00
2020-04-29   248.31 256.58   248.28 256.55    25.80  34.06   247.74 256.01   253.32 261.59   247.06 255.32
2020-04-30   247.19 255.90   247.16 255.87    24.68  33.39   246.62 255.33   252.20 260.92   245.94 254.65
2020-05-01   246.07 255.23   246.04 255.20    23.56  32.72   245.50 254.66   251.08 260.24   244.82 253.98
2020-05-02   244.95 254.56   244.92 254.53    22.44  32.04   244.38 253.99   249.97 259.57   243.70 253.31
2020-05-03   243.83 253.89   243.81 253.86    21.32  31.38   243.26 253.32   248.85 258.90   242.58 252.64
2020-05-04   242.86 253.07   242.84 253.04    20.35  30.56   242.29 252.50   247.88 258.09   241.61 251.82
2020-05-05   241.97 252.18   241.95 252.15    19.46  29.66   241.40 251.61   246.99 257.19   240.72 250.93
2020-05-06   241.08 251.28   241.05 251.26    18.57  28.77   240.51 250.71   246.10 256.30   239.83 250.03
2020-05-07   240.19 250.39   240.16 250.37    17.68  27.88   239.62 249.82   245.21 255.41   238.94 249.14
2020-05-08   239.30 249.50   239.27 249.47    16.79  26.99   238.73 248.93   244.32 254.52   238.05 248.25
2020-05-09   238.41 248.61   238.38 248.58    15.90  26.10   237.84 248.04   243.43 253.63   237.16 247.36
2020-05-10   237.52 247.72   237.49 247.69    15.01  25.21   236.95 247.15   242.54 252.74   236.27 246.47
2020-05-11   236.63 246.83   236.60 246.80    14.12  24.32   236.06 246.26   241.65 251.85   235.38 245.58
2020-05-12   235.74 245.94   235.71 245.91    13.23  23.43   235.17 245.37   240.76 250.96   234.49 244.69
2020-05-13   234.85 245.05   234.82 245.03    12.34  22.54   234.28 244.48   239.87 250.07   233.60 243.80
2020-05-14   233.96 244.16   233.93 244.14    11.45  21.65   233.39 243.59   238.98 249.18   232.71 242.91
2020-05-15   233.07 243.27   233.04 243.25    10.56  20.76   232.50 242.70   238.08 248.29   231.82 242.02
2020-05-16   232.18 242.39   232.15 242.36     9.67  19.87   231.61 241.82   237.19 247.40   230.93 241.13
2020-05-17   231.29 241.50   231.26 241.47     8.77  18.98   230.72 240.93   236.30 246.51   230.04 240.25
2020-05-18   230.40 240.61   230.37 240.58     7.88  18.09   229.83 240.04   235.41 245.62   229.14 239.36
2020-05-19   229.50 239.72   229.48 239.69     6.99  17.21   228.93 239.15   234.52 244.73   228.25 238.47
2020-05-20   228.61 238.83   228.58 238.80     6.10  16.32   228.04 238.26   233.62 243.84   227.36 237.58
2020-05-21   227.72 237.94   227.69 237.91     5.20  15.43   227.15 237.37   232.73 242.95   226.47 236.69
2020-05-22   226.82 237.05   226.79 237.02     4.31  14.54   226.25 236.48   231.84 242.06   225.57 235.80
2020-05-23   225.93 236.16   225.90 236.13     3.41  13.65   225.36 235.59   230.94 241.17   224.67 234.91
2020-05-24   225.03 235.27   225.00 235.24     2.52  12.75   224.46 234.70   230.04 240.28   223.78 234.02
2020-05-25   224.13 234.37   224.10 234.35     1.62  11.86   223.56 233.80   229.15 239.39   222.88 233.12
2020-05-26   223.23 233.48   223.21 233.45     0.72  10.97   222.66 232.91   228.25 238.50   221.98 232.23
2020-05-27   222.33 232.59   222.31 232.56   359.82  10.07   221.76 232.02   227.35 237.60   221.08 231.34
2020-05-28   221.43 231.69   221.40 231.67   358.92   9.18   220.86 231.12   226.45 236.71   220.18 230.44
2020-05-29   220.53 230.80   220.50 230.77   358.02   8.28   219.96 230.23   225.54 235.81   219.28 229.55
2020-05-30   219.62 229.90   219.60 229.87   357.11   7.39   219.05 229.33   224.64 234.92   218.37 228.65
2020-05-31   218.72 229.00   218.69 228.98   356.21   6.49   218.15 228.43   223.73 234.02   217.47 227.75
2020-06-01   217.81 228.10   217.78 228.08   355.30   5.59   217.24 227.53   222.83 233.12   216.56 226.85
2020-06-02   216.90 227.20   216.88 227.18   354.39   4.69   216.33 226.63   221.92 232.22   215.65 225.95
2020-06-03   215.99 226.30   215.96 226.27   353.48   3.79   215.42 225.73   221.01 231.32   214.74 225.05
2020-06-04   215.08 225.40   215.05 225.37   352.57   2.88   214.51 224.83   220.09 230.41   213.83 224.15
2020-06-05   214.16 224.49   214.14 224.47   351.65   1.98   213.59 223.92   219.18 229.51   212.91 223.24
2020-06-06   213.25 223.59   213.22 223.56   350.74   1.07   212.68 223.02   218.26 228.60   212.00 222.34
2020-06-07   212.33 222.68   212.30 222.65   349.82   0.17   211.76 222.11   217.35 227.69   211.08 221.43
2020-06-08   211.41 221.77   211.38 221.74   348.90 359.26   210.84 221.20   216.43 226.78   210.16 220.52
2020-06-09   210.49 220.86   210.46 220.83   347.98 358.34   209.92 220.29   215.50 225.87   209.24 219.61
2020-06-10   209.56 219.94   209.54 219.92   347.05 357.43   208.99 219.37   214.58 224.96   208.31 218.69
2020-06-11   208.64 219.03   208.61 219.00   346.13 356.52   208.07 218.46   213.65 224.04   207.39 217.78
2020-06-12   207.71 218.11   207.68 218.08   345.20 355.60   207.14 217.54   212.73 223.13   206.46 216.86
2020-06-13   206.78 217.19   206.75 217.17   344.27 354.68   206.21 216.62   211.79 222.21   205.53 215.94
2020-06-14   205.85 216.27   205.82 216.24   343.33 353.76   205.28 215.70   210.86 221.29   204.60 215.02
2020-06-15   204.91 215.35   204.88 215.32   342.40 352.84   204.34 214.78   209.93 220.36   203.66 214.10
2020-06-16   203.97 214.42   203.95 214.40   341.46 351.91   203.40 213.85   208.99 219.44   202.72 213.17
2020-06-17   203.03 213.49   203.01 213.47   340.52 350.98   202.46 212.92   208.05 218.51   201.78 212.24
2020-06-18   202.09 212.56   202.06 212.54   339.58 350.05   201.52 211.99   207.11 217.58   200.84 211.31
2020-06-19   201.15 211.63   201.12 211.61   338.63 349.12   200.58 211.06   206.16 216.65   199.89 210.38
2020-06-20   200.20 210.70   200.17 210.67   337.69 348.18   199.63 210.13   205.21 215.71   198.95 209.45
2020-06-21   199.25 209.76   199.22 209.73   336.74 347.25   198.68 209.19   204.26 214.78   198.00 208.51
2020-06-22   198.30 208.82   198.27 208.79   335.78 346.31   197.73 208.25   203.31 213.84   197.04 207.57
2020-06-23   197.34 207.88   197.31 207.85   334.83 345.37   196.77 207.31   202.36 212.89   196.09 206.63
2020-06-24   196.38 206.93   196.36 206.91   333.87 344.42   195.81 206.36   201.40 211.95   195.13 205.68
2020-06-25   195.42 205.99   195.39 205.96   332.91 343.47   194.85 205.42   200.44 211.00   194.17 204.74
2020-06-26   194.46 205.04   194.43 205.01   331.95 342.52   193.89 204.47   199.47 210.05   193.21 203.79
2020-06-27   193.49 204.08   193.47 204.06   330.98 341.57   192.92 203.51   198.51 209.10   192.24 202.83
2020-06-28   192.52 203.13   192.50 203.10   330.01 340.62   191.95 202.56   197.54 208.14   191.27 201.88
2020-06-29   191.55 202.17   191.53 202.14   329.04 339.66   190.98 201.60   196.57 207.19   190.30 200.92
2020-06-30   190.58 201.21   190.55 201.18   328.07 338.70   190.01 200.64   195.59 206.23   189.33 199.96
2020-07-01   189.60 200.25   189.58 200.22   327.09 337.74   189.03 199.68   194.62 205.26   188.35 199.00
2020-07-02   188.62 199.28   188.60 199.26   326.11 336.77   188.05 198.71   193.64 204.30   187.37 198.03
2020-07-03   187.64 198.31   187.61 198.29   325.13 335.80   187.07 197.74   192.66 203.33   186.39 197.06
2020-07-04   186.66 197.34   186.63 197.32   324.14 334.83   186.09 196.77   191.67 202.36   185.41 196.09
2020-07-05   185.67 196.37   185.64 196.34   323.16 333.86   185.10 195.80   190.68 201.38   184.42 195.12
2020-07-06   184.68 195.39   184.65 195.37   322.17 332.88   184.11 194.82   189.69 200.41   183.43 194.14
2020-07-07   183.69 194.41   183.66 194.39   321.17 331.90   183.12 193.84   188.70 199.43   182.44 193.16
2020-07-08   182.69 193.43   182.67 193.40   320.18 330.92   182.12 192.86   187.71 198.45   181.44 192.18
2020-07-09   181.70 192.45   181.67 192.42   319.18 329.93   181.13 191.88   186.71 197.46   180.44 191.20
2020-07-10   180.70 191.46   180.67 191.43   318.18 328.95   180.13 190.89   185.71 196.47   179.44 190.21
2020-07-11   179.69 190.47   179.67 190.44   317.18 327.96   179.12 189.90   184.71 195.49   178.44 189.22
2020-07-12   178.69 189.48   178.66 189.45   316.18 326.97   178.12 188.91   183.70 194.49   177.44 188.23
2020-07-13   177.68 188.48   177.66 188.46   315.17 325.97   177.11 187.91   182.70 193.50   176.43 187.23
2020-07-14   176.67 187.49   176.65 187.46   314.16 324.97   176.10 186.92   181.69 192.50   175.42 186.23
2020-07-15   175.66 186.49   175.63 186.46   313.15 323.97   175.09 185.92   180.68 191.50   174.41 185.24
2020-07-16   174.65 185.48   174.62 185.46   312.13 322.97   174.08 184.91   179.66 190.50   173.40 184.23
2020-07-17   173.63 184.48   173.61 184.45   311.12 321.97   173.06 183.91   178.65 189.49   172.38 183.23
2020-07-18   172.61 183.47   172.59 183.45   310.10 320.96   172.04 182.90   177.63 188.49   171.36 182.22
2020-07-19   171.59 182.46   171.57 182.44   309.08 319.95   171.02 181.89   176.61 187.48   170.34 181.21
2020-07-20   170.57 181.45   170.55 181.43   308.06 318.94   170.00 180.88   175.59 186.47   169.32 180.20
2020-07-21   169.55 180.44   169.52 180.41   307.04 317.93   168.98 179.87   174.56 185.45   168.30 179.19
2020-07-22   168.52 179.42   168.50 179.40   306.01 316.91   167.95 178.85   173.54 184.44   167.27 178.17
2020-07-23   167.50 178.41   167.47 178.38   304.99 315.89   166.93 177.84   172.51 183.42   166.25 177.15
2020-07-24   166.47 177.39   166.44 177.36   303.96 314.87   165.90 176.82   171.48 182.40   165.22 176.13
2020-07-25   165.44 176.36   165.41 176.34   302.93 313.85   164.87 175.79   170.45 181.38   164.19 175.11
2020-07-26   164.41 175.34   164.38 175.31   301.90 312.83   163.84 174.77   169.42 180.36   163.16 174.09
2020-07-27   163.38 174.32   163.35 174.29   300.86 311.80   162.81 173.75   168.39 179.33   162.13 173.07
2020-07-28   162.34 173.29   162.32 173.26   299.83 310.78   161.77 172.72   167.36 178.30   161.09 172.04
2020-07-29   161.31 172.26   161.28 172.23   298.80 309.75   160.74 171.69   166.32 177.28   160.06 171.01
2020-07-30   160.27 171.23   160.25 171.21   297.76 308.72   159.70 170.66   165.29 176.25   159.02 169.98
2020-07-31   159.24 170.20   159.21 170.17   296.72 307.69   158.67 169.63   164.25 175.22   157.98 168.95
2020-08-01   158.20 169.17   158.17 169.14   295.69 306.66   157.63 168.60   163.21 174.18   156.95 167.92
2020-08-02   157.16 168.14   157.13 168.11   294.65 305.62   156.59 167.57   162.17 173.15   155.91 166.88
2020-08-03   156.12 167.10   156.09 167.07   293.61 304.59   155.55 166.53   161.14 172.12   154.87 165.85
2020-08-04   155.08 166.06   155.05 166.04   292.57 303.55   154.51 165.49   160.10 171.08   153.83 164.81
2020-08-05   154.04 165.03   154.01 165.00   291.53 302.52   153.47 164.46   159.06 170.04   152.79 163.78
2020-08-06   153.00 163.99   152.97 163.96   290.49 301.48   152.43 163.42   158.02 169.01   151.75 162.74
2020-08-07   151.96 162.95   151.93 162.93   289.45 300.44   151.39 162.38   156.98 167.97   150.71 161.70
2020-08-08   150.92 161.91   150.89 161.89   288.41 299.40   150.35 161.34   155.93 166.93   149.67 160.66
2020-08-09   149.88 160.87   149.85 160.85   287.37 298.36   149.31 160.30   154.89 165.89   148.63 159.62
2020-08-10   148.84 159.83   148.81 159.81   286.33 297.32   148.27 159.26   153.85 164.85   147.59 158.58
2020-08-11   147.80 158.79   147.77 158.77   285.28 296.28   147.23 158.22   152.81 163.81   146.55 157.54
2020-08-12   146.76 157.75   146.73 157.73   284.24 295.24   146.19 157.18   151.77 162.77   145.51 156.50
2020-08-13   145.72 156.71   145.69 156.69   283.20 294.20   145.15 156.14   150.73 161.73   144.47 155.46
2020-08-14   144.68 155.67   144.65 155.64   282.16 293.16   144.11 155.10   149.69 160.69   143.43 154.42
2020-08-15   143.64 154.63   143.61 154.60   281.12 292.12   143.07 154.06   148.65 159.65   142.39 153.38
2020-08-16   142.60 153.59   142.57 153.56   280.09 291.08   142.03 153.02   147.61 158.60   141.35 152.34
2020-08-17   141.56 152.55   141.53 152.52   279.05 290.04   140.99 151.98   146.58 157.56   140.31 151.30
2020-08-18   140.52 151.51   140.50 151.48   278.01 289.00   139.95 150.94   145.54 156.52   139.27 150.26
2020-08-19   139.49 150.47   139.46 150.44   276.97 287.96   138.92 149.90   144.50 155.48   138.24 149.22
2020-08-20   138.45 149.43   138.42 149.40   275.94 286.92   137.88 148.86   143.47 154.44   137.20 148.18
2020-08-21   137.42 148.39   137.39 148.36   274.90 285.88   136.85 147.82   142.43 153.40   136.17 147.14
2020-08-22   136.38 147.35   136.36 147.32   273.87 284.84   135.81 146.78   141.40 152.37   135.13 146.10
2020-08-23   135.35 146.31   135.32 146.29   272.84 283.80   134.78 145.74   140.37 151.33   134.10 145.06
2020-08-24   134.32 145.28   134.29 145.25   271.81 282.76   133.75 144.71   139.33 150.29   133.07 144.02
2020-08-25   133.29 144.24   133.26 144.21   270.78 281.73   132.72 143.67   138.30 149.25   132.04 142.99
2020-08-26   132.26 143.20   132.23 143.18   269.75 280.69   131.69 142.63   137.28 148.22   131.01 141.95
2020-08-27   131.23 142.17   131.21 142.14   268.72 279.66   130.66 141.60   136.25 147.18   129.98 140.92
2020-08-28   130.21 141.14   130.18 141.11   267.70 278.62   129.64 140.57   135.22 146.15   128.96 139.89
2020-08-29   129.18 140.10   129.16 140.08   266.67 277.59   128.61 139.53   134.20 145.12   127.93 138.85
2020-08-30   128.16 139.07   128.14 139.05   265.65 276.56   127.59 138.50   133.18 144.09   126.91 137.82
2020-08-31   127.14 138.04   127.12 138.02   264.63 275.53   126.57 137.47   132.16 143.06   125.89 136.79
2020-09-01   126.12 137.02   126.10 136.99   263.61 274.50   125.55 136.45   131.14 142.03   124.87 135.76
2020-09-02   125.11 135.99   125.08 135.96   262.59 273.48   124.54 135.42   130.12 141.00   123.86 134.74
2020-09-03   124.09 134.96   124.06 134.94   261.58 272.45   123.52 134.39   129.11 139.98   122.84 133.71
2020-09-04   123.08 133.94   123.05 133.91   260.56 271.43   122.51 133.37   128.09 138.96   121.83 132.69
2020-09-05   122.07 132.92   122.04 132.89   259.55 270.41   121.50 132.35   127.08 137.93   120.82 131.67
2020-09-06   121.06 131.90   121.03 131.87   258.54 269.38   120.49 131.33   126.07 136.91   119.81 130.65
2020-09-07   120.05 130.88   120.02 130.85   257.54 268.37   119.48 130.31   125.06 135.89   118.80 129.63
2020-09-08   119.04 129.86   119.02 129.84   256.53 267.35   118.47 129.29   124.06 134.88   117.79 128.61
2020-09-09   118.04 128.85   118.01 128.82   255.53 266.33   117.47 128.28   123.06 133.86   116.79 127.60
2020-09-10   117.04 127.83   117.01 127.81   254.53 265.32   116.47 127.26   122.05 132.85   115.79 126.58
2020-09-11   116.04 126.82   116.01 126.80   253.53 264.31   115.47 126.25   121.06 131.84   114.79 125.57
2020-09-12   115.04 125.81   115.02 125.79   252.53 263.30   114.47 125.24   120.06 130.83   113.79 124.56
2020-09-13   114.05 124.81   114.02 124.78   251.54 262.29   113.48 124.24   119.06 129.82   112.80 123.56
2020-09-14   113.06 123.80   113.03 123.77   250.54 261.29   112.49 123.23   118.07 128.82   111.80 122.55
2020-09-15   112.07 122.80   112.04 122.77   249.55 260.28   111.50 122.23   117.08 127.81   110.81 121.55
2020-09-16   111.08 121.80   111.05 121.77   248.56 259.28   110.51 121.23   116.09 126.81   109.83 120.55
2020-09-17   110.09 120.80   110.06 120.77   247.58 258.28   109.52 120.23   115.11 125.81   108.84 119.55
2020-09-18   109.11 119.80   109.08 119.77   246.59 257.29   108.54 119.23   114.12 124.81   107.86 118.55
2020-09-19   108.13 118.80   108.10 118.78   245.61 256.29   107.56 118.23   113.14 123.82   106.87 117.55
2020-09-20   107.15 117.81   107.12 117.79   244.63 255.30   106.58 117.24   112.16 122.83   105.89 116.56
2020-09-21   106.17 116.82   106.14 116.79   243.66 254.31   105.60 116.25   111.18 121.84   104.92 115.57
2020-09-22   105.19 115.83   105.17 115.81   242.68 253.32   104.62 115.26   110.21 120.85   103.94 114.58
2020-09-23   104.22 114.85   104.19 114.82   241.71 252.33   103.65 114.28   109.24 119.86   102.97 113.60
2020-09-24   103.25 113.86   103.22 113.84   240.74 251.35   102.68 113.29   108.26 118.88   102.00 112.61
2020-09-25   102.28 112.88   102.25 112.85   239.77 250.37   101.71 112.31   107.30 117.89   101.03 111.63
2020-09-26   101.31 111.90   101.29 111.87   238.80 249.39   100.74 111.33   106.33 116.91   100.06 110.65
2020-09-27   100.35 110.92   100.32 110.89   237.84 248.41    99.78 110.35   105.36 115.94    99.10 109.67
2020-09-28    99.39 109.95    99.36 109.92   236.87 247.43    98.82 109.38   104.40 114.96    98.14 108.69
2020-09-29    98.43 108.97    98.40 108.95   235.91 246.46    97.86 108.40   103.44 113.99    97.18 107.72
2020-09-30    97.47 108.00    97.44 107.97   234.96 245.49    96.90 107.43   102.48 113.02    96.22 106.75
2020-10-01    96.51 107.03    96.49 107.00   234.00 244.52    95.94 106.46   101.53 112.05    95.26 105.78
2020-10-02    95.56 106.06    95.53 106.04   233.04 243.55    94.99 105.49   100.57 111.08    94.31 104.81
2020-10-03    94.60 105.10    94.58 105.07   232.09 242.58    94.03 104.53    99.62 110.11    93.35 103.85
2020-10-04    93.65 104.13    93.63 104.11   231.14 241.62    93.08 103.56    98.67 109.15    92.40 102.88
2020-10-05    92.70 103.17    92.68 103.15   230.19 240.66    92.13 102.60    97.72 108.19    91.45 101.92
2020-10-06    91.76 102.21    91.73 102.19   229.24 239.70    91.19 101.64    96.77 107.23    90.51 100.96
2020-10-07    90.81 101.25    90.78 101.23   228.30 238.74    90.24 100.68    95.83 106.27    89.56 100.00
2020-10-08    89.87 100.30    89.84 100.27   227.35 237.79    89.30  99.73    94.88 105.31    88.62  99.05
2020-10-09    88.92  99.34    88.90  99.32   226.41 236.83    88.35  98.77    93.94 104.36    87.67  98.09
2020-10-10    87.98  98.39    87.96  98.36   225.47 235.88    87.41  97.82    93.00 103.41    86.73  97.14
2020-10-11    87.04  97.44    87.02  97.41   224.53 234.93    86.47  96.87    92.06 102.46    85.79  96.19
2020-10-12    86.11  96.49    86.08  96.46   223.59 233.98    85.54  95.92    91.12 101.51    84.86  95.24
2020-10-13    85.17  95.54    85.14  95.52   222.66 233.03    84.60  94.97    90.19 100.56    83.92  94.29
2020-10-14    84.23  94.60    84.21  94.57   221.72 232.08    83.66  94.03    89.25  99.61    82.98  93.35
2020-10-15    83.30  93.65    83.27  93.63   220.79 231.14    82.73  93.08    88.32  98.67    82.05  92.40
2020-10-16    82.37  92.71    82.34  92.68   219.86 230.20    81.80  92.14    87.38  97.72    81.12  91.46
2020-10-17    81.44  91.77    81.41  91.74   218.92 229.26    80.87  91.20    86.45  96.78    80.19  90.52
2020-10-18    80.51  90.83    80.48  90.80   217.99 228.32    79.94  90.26    85.52  95.84    79.25  89.58
2020-10-19    79.58  89.89    79.55  89.86   217.06 227.38    79.01  89.32    84.59  94.90    78.32  88.64
2020-10-20    78.65  88.95    78.62  88.92   216.13 226.44    78.08  88.38    83.66  93.97    77.40  87.70
2020-10-21    77.72  88.01    77.69  87.99   215.21 225.50    77.15  87.44    82.73  93.03    76.47  86.76
2020-10-22    76.79  87.08    76.76  87.05   214.28 224.57    76.22  86.51    81.81  92.09    75.54  85.83
2020-10-23    75.86  86.14    75.84  86.12   213.35 223.63    75.29  85.57    80.88  91.16    74.61  84.89
2020-10-24    74.94  85.21    74.91  85.18   212.43 222.70    74.37  84.64    79.95  90.23    73.69  83.96
2020-10-25    74.01  84.28    73.99  84.25   211.50 221.77    73.44  83.71    79.03  89.29    72.76  83.03
2020-10-26    73.09  83.35    73.06  83.32   210.58 220.83    72.52  82.78    78.10  88.36    71.84  82.10
2020-10-27    72.16  82.42    72.14  82.39   209.65 219.90    71.59  81.85    77.18  87.43    70.91  81.16
2020-10-28    71.24  81.49    71.21  81.46   208.73 218.97    70.67  80.92    76.26  86.50    69.99  80.23
2020-10-29    70.32  80.56    70.29  80.53   207.80 218.04    69.75  79.99    75.33  85.57    69.07  79.30
2020-10-30    69.39  79.63    69.37  79.60   206.88 217.11    68.82  79.06    74.41  84.64    68.14  78.38
2020-10-31    68.47  78.70    68.44  78.67   205.96 216.19    67.90  78.13    73.48  83.71    67.22  77.45
2020-11-01    67.55  77.77    67.52  77.74   205.03 215.26    66.98  77.20    72.56  82.78    66.29  76.52
2020-11-02    66.62  76.84    66.60  76.82   204.11 214.33    66.05  76.27    71.64  81.86    65.37  75.59
2020-11-03    65.70  75.91    65.67  75.89   203.19 213.40    65.13  75.34    70.71  80.93    64.45  74.66
2020-11-04    64.77  74.99    64.75  74.96   202.26 212.47    64.20  74.42    69.79  80.00    63.52  73.74
2020-11-05    63.85  74.06    63.82  74.03   201.34 211.55    63.28  73.49    68.87  79.07    62.60  72.81
2020-11-06    62.93  73.13    62.90  73.11   200.41 210.62    62.36  72.56    67.94  78.15    61.67  71.88
2020-11-07    62.00  72.20    61.97  72.18   199.49 209.69    61.43  71.63    67.02  77.22    60.75  70.95
2020-11-08    61.07  71.28    61.05  71.25   198.56 208.76    60.50  70.71    66.09  76.29    59.82  70.03
2020-11-09    60.15  70.35    60.12  70.32   197.64 207.84    59.58  69.78    65.16  75.36    58.90  69.10
2020-11-10    59.22  69.42    59.19  69.40   196.71 206.91    58.65  68.85    64.24  74.44    57.97  68.17
2020-11-11    58.29  68.49    58.27  68.47   195.78 205.98    57.72  67.92    63.31  73.51    57.04  67.24
2020-11-12    57.36  67.57    57.34  67.54   194.85 205.05    56.79  67.00    62.38  72.58    56.11  66.31
2020-11-13    56.44  66.64    56.41  66.61   193.92 204.12    55.87  66.07    61.45  71.65    55.18  65.39
2020-11-14    55.50  65.71    55.48  65.68   192.99 203.19    54.93  65.14    60.52  70.72    54.25  64.46
2020-11-15    54.57  64.78    54.55  64.75   192.06 202.26    54.00  64.21    59.59  69.79    53.32  63.52
2020-11-16    53.64  63.84    53.61  63.82   191.13 201.33    53.07  63.27    58.66  68.86    52.39  62.59
2020-11-17    52.71  62.91    52.68  62.89   190.19 200.40    52.14  62.34    57.72  67.93    51.46  61.66
2020-11-18    51.77  61.98    51.74  61.95   189.26 199.47    51.20  61.41    56.79  67.00    50.52  60.73
2020-11-19    50.98  60.90    50.95  60.88   188.47 198.39    50.41  60.33    55.99  65.92    49.73  59.65
2020-11-20    50.27  59.74    50.25  59.71   187.76 197.22    49.70  59.17    55.29  64.75    49.02  58.48
2020-11-21    49.56  58.57    49.54  58.54   187.05 196.05    48.99  58.00    54.58  63.58    48.31  57.32
2020-11-22    48.86  57.40    48.83  57.37   186.34 194.89    48.29  56.83    53.87  62.41    47.60  56.15
2020-11-23    48.14  56.23    48.12  56.20   185.63 193.71    47.57  55.66    53.16  61.24    46.89  54.98
2020-11-24    47.43  55.06    47.40  55.03   184.92 192.54    46.86  54.49    52.45  60.07    46.18  53.81
2020-11-25    46.71  53.88    46.69  53.86   184.20 191.37    46.14  53.31    51.73  58.90    45.46  52.63

2021-04-27   250.89 258.14   250.86 258.11    28.37  35.62   250.32 257.57   255.90 263.15   249.63 256.89
2021-04-28   249.76 257.46   249.74 257.43    27.25  34.95   249.19 256.89   254.78 262.47   248.51 256.21
2021-04-29   248.64 256.78   248.62 256.75    26.13  34.27   248.07 256.21   253.66 261.80   247.39 255.53
2021-04-30   247.52 256.11   247.49 256.08    25.01  33.59   246.95 255.54   252.54 261.12   246.27 254.86
2021-05-01   246.40 255.43   246.37 255.41    23.89  32.92   245.83 254.86   251.42 260.45   245.15 254.18
2021-05-02   245.28 254.76   245.25 254.73    22.77  32.25   244.71 254.19   250.30 259.78   244.03 253.51
2021-05-03   244.16 254.09   244.13 254.06    21.65  31.58   243.59 253.52   249.18 259.11   242.91 252.84
2021-05-04   243.13 253.34   243.10 253.31    20.62  30.82   242.56 252.77   248.14 258.35   241.88 252.09
2021-05-05   242.24 252.44   242.21 252.42    19.72  29.93   241.67 251.87   247.25 257.46   240.98 251.19
2021-05-06   241.34 251.55   241.32 251.52    18.83  29.04   240.77 250.98   246.36 256.56   240.09 250.30
2021-05-07   240.45 250.65   240.43 250.63    17.94  28.14   239.88 250.08   245.47 255.67   239.20 249.40
2021-05-08   239.56 249.76   239.53 249.74    17.05  27.25   238.99 249.19   244.58 254.78   238.31 248.51
2021-05-09   238.67 248.87   238.64 248.84    16.16  26.36   238.10 248.30   243.69 253.89   237.42 247.62
2021-05-10   237.78 247.98   237.75 247.95    15.27  25.47   237.21 247.41   242.79 252.99   236.53 246.73
2021-05-11   236.89 247.09   236.86 247.06    14.38  24.58   236.32 246.52   241.90 252.10   235.64 245.84
2021-05-12   236.00 246.20   235.97 246.17    13.49  23.69   235.43 245.63   241.01 251.21   234.75 244.95
2021-05-13   235.11 245.31   235.08 245.28    12.59  22.80   234.54 244.74   240.12 250.32   233.86 244.06
2021-05-14   234.22 244.42   234.19 244.39    11.70  21.91   233.65 243.85   239.23 249.43   232.96 243.17
2021-05-15   233.32 243.53   233.30 243.50    10.81  21.02   232.75 242.96   238.34 248.54   232.07 242.28
2021-05-16   232.43 242.64   232.41 242.61     9.92  20.13   231.86 242.07   237.45 247.65   231.18 241.39
2021-05-17   231.54 241.75   231.51 241.72     9.03  19.24   230.97 241.18   236.55 246.76   230.29 240.50
2021-05-18   230.65 240.86   230.62 240.83     8.13  18.35   230.08 240.29   235.66 245.87   229.40 239.61
2021-05-19   229.75 239.97   229.73 239.94     7.24  17.46   229.18 239.40   234.77 244.98   228.50 238.72
2021-05-20   228.86 239.08   228.83 239.05     6.35  16.56   228.29 238.51   233.87 244.09   227.61 237.83
2021-05-21   227.96 238.19   227.94 238.16     5.45  15.67   227.39 237.62   232.98 243.20   226.71 236.94
2021-05-22   227.07 237.29   227.04 237.27     4.56  14.78   226.50 236.72   232.08 242.31   225.82 236.04
2021-05-23   226.17 236.40   226.15 236.38     3.66  13.89   225.60 235.83   231.19 241.42   224.92 235.15
2021-05-24   225.27 235.51   225.25 235.48     2.76  13.00   224.70 234.94   230.29 240.53   224.02 234.26
2021-05-25   224.38 234.62   224.35 234.59     1.86  12.10   223.81 234.05   229.39 239.63   223.12 233.37
2021-05-26   223.48 233.72   223.45 233.70     0.96  11.21   222.91 233.15   228.49 238.74   222.22 232.47
2021-05-27   222.57 232.83   222.55 232.80     0.06  10.32   222.00 232.26   227.59 237.84   221.32 231.58
2021-05-28   221.67 231.93   221.65 231.91   359.16   9.42   221.10 231.36   226.69 236.95   220.42 230.68
2021-05-29   220.77 231.04   220.74 231.01   358.26   8.52   220.20 230.47   225.78 236.05   219.52 229.78
2021-05-30   219.86 230.14   219.84 230.11   357.35   7.62   219.29 229.57   224.88 235.15   218.61 228.89
2021-05-31   218.96 229.24   218.93 229.21   356.44   6.73   218.39 228.67   223.97 234.25   217.70 227.99
2021-06-01   218.05 228.34   218.02 228.31   355.53   5.83   217.48 227.77   223.06 233.35   216.80 227.09
2021-06-02   217.14 227.44   217.11 227.41   354.62   4.92   216.57 226.87   222.15 232.45   215.89 226.19
2021-06-03   216.23 226.53   216.20 226.51   353.71   4.02   215.66 225.96   221.24 231.55   214.98 225.28
2021-06-04   215.31 225.63   215.29 225.60   352.80   3.12   214.74 225.06   220.33 230.64   214.06 224.38
2021-06-05   214.40 224.72   214.37 224.70   351.88   2.21   213.83 224.15   219.41 229.74   213.15 223.47
2021-06-06   213.48 223.82   213.45 223.79   350.97   1.30   212.91 223.25   218.50 228.83   212.23 222.57
2021-06-07   212.56 222.91   212.53 222.88   350.05   0.39   211.99 222.34   217.58 227.92   211.31 221.66
2021-06-08   211.64 222.00   211.61 221.97   349.13 359.48   211.07 221.43   216.66 227.01   210.39 220.75
2021-06-09   210.72 221.08   210.69 221.06   348.20 358.57   210.15 220.51   215.73 226.10   209.47 219.83
2021-06-10   209.79 220.17   209.77 220.14   347.28 357.66   209.22 219.60   214.81 225.18   208.54 218.92
2021-06-11   208.86 219.25   208.84 219.23   346.35 356.74   208.29 218.68   213.88 224.27   207.61 218.00
2021-06-12   207.94 218.33   207.91 218.31   345.42 355.82   207.37 217.76   212.95 223.35   206.68 217.08
2021-06-13   207.00 217.41   206.98 217.39   344.49 354.90   206.43 216.84   212.02 222.43   205.75 216.16
2021-06-14   206.07 216.49   206.04 216.47   343.56 353.98   205.50 215.92   211.08 221.51   204.82 215.24
2021-06-15   205.13 215.57   205.11 215.54   342.62 353.06   204.56 215.00   210.15 220.58   203.88 214.32
2021-06-16   204.19 214.64   204.17 214.61   341.68 352.13   203.62 214.07   209.21 219.66   202.94 213.39
2021-06-17   203.25 213.71   203.23 213.69   340.74 351.20   202.68 213.14   208.27 218.73   202.00 212.46
2021-06-18   202.31 212.78   202.28 212.75   339.80 350.27   201.74 212.21   207.33 217.80   201.06 211.53
2021-06-19   201.36 211.85   201.34 211.82   338.85 349.34   200.79 211.28   206.38 216.86   200.11 210.60
2021-06-20   200.42 210.91   200.39 210.89   337.90 348.40   199.85 210.34   205.43 215.93   199.16 209.66
2021-06-21   199.46 209.97   199.44 209.95   336.95 347.46   198.89 209.40   204.48 214.99   198.21 208.72
2021-06-22   198.51 209.03   198.48 209.01   336.00 346.52   197.94 208.46   203.53 214.05   197.26 207.78
2021-06-23   197.55 208.09   197.53 208.06   335.04 345.58   196.98 207.52   202.57 213.11   196.30 206.84
2021-06-24   196.60 207.14   196.57 207.12   334.08 344.63   196.03 206.57   201.61 212.16   195.34 205.89
2021-06-25   195.63 206.20   195.61 206.17   333.12 343.68   195.06 205.63   200.65 211.21   194.38 204.95
2021-06-26   194.67 205.25   194.64 205.22   332.16 342.73   194.10 204.68   199.69 210.26   193.42 204.00
2021-06-27   193.70 204.29   193.68 204.27   331.19 341.78   193.13 203.72   198.72 209.31   192.45 203.04
2021-06-28   192.73 203.34   192.71 203.31   330.22 340.82   192.16 202.77   197.75 208.35   191.48 202.09
2021-06-29   191.76 202.38   191.74 202.35   329.25 339.87   191.19 201.81   196.78 207.39   190.51 201.13
2021-06-30   190.79 201.42   190.76 201.39   328.28 338.91   190.22 200.85   195.80 206.43   189.54 200.17
2021-07-01   189.81 200.45   189.78 200.43   327.30 337.94   189.24 199.88   194.83 205.47   188.56 199.20
2021-07-02   188.83 199.49   188.80 199.46   326.32 336.98   188.26 198.92   193.85 204.50   187.58 198.24
2021-07-03   187.85 198.52   187.82 198.49   325.34 336.01   187.28 197.95   192.86 203.53   186.60 197.27
2021-07-04   186.86 197.55   186.84 197.52   324.35 335.03   186.29 196.98   191.88 202.56   185.61 196.30
2021-07-05   185.88 196.57   185.85 196.55   323.36 334.06   185.31 196.00   190.89 201.59   184.63 195.32
2021-07-06   184.89 195.60   184.86 195.57   322.37 333.08   184.32 195.03   189.90 200.61   183.64 194.35
2021-07-07   183.89 194.62   183.87 194.59   321.38 332.10   183.32 194.05   188.91 199.63   182.64 193.37
2021-07-08   182.90 193.64   182.87 193.61   320.39 331.12   182.33 193.07   187.91 198.65   181.65 192.38
2021-07-09   181.90 192.65   181.87 192.62   319.39 330.14   181.33 192.08   186.92 197.67   180.65 191.40
2021-07-10   180.90 191.66   180.87 191.64   318.39 329.15   180.33 191.09   185.92 196.68   179.65 190.41
2021-07-11   179.90 190.67   179.87 190.65   317.39 328.16   179.33 190.10   184.91 195.69   178.65 189.42
2021-07-12   178.89 189.68   178.87 189.66   316.38 327.17   178.32 189.11   183.91 194.70   177.64 188.43
2021-07-13   177.89 188.69   177.86 188.66   315.38 326.17   177.32 188.12   182.90 193.70   176.64 187.44
2021-07-14   176.88 187.69   176.85 187.66   314.37 325.18   176.31 187.12   181.89 192.71   175.63 186.44
2021-07-15   175.87 186.69   175.84 186.66   313.36 324.18   175.30 186.12   180.88 191.71   174.62 185.44
2021-07-16   174.85 185.69   174.83 185.66   312.34 323.18   174.28 185.12   179.87 190.70   173.60 184.44
2021-07-17   173.84 184.68   173.81 184.66   311.33 322.17   173.27 184.11   178.85 189.70   172.59 183.43
2021-07-18   172.82 183.68   172.80 183.65   310.31 321.17   172.25 183.11   177.84 188.69   171.57 182.43
2021-07-19   171.80 182.67   171.78 182.64   309.29 320.16   171.23 182.10   176.82 187.69   170.55 181.42
2021-07-20   170.78 181.66   170.76 181.63   308.27 319.15   170.21 181.09   175.80 186.67   169.53 180.41
2021-07-21   169.76 180.65   169.73 180.62   307.25 318.13   169.19 180.08   174.78 185.66   168.51 179.40
2021-07-22   168.74 179.63   168.71 179.61   306.22 317.12   168.17 179.06   173.75 184.65   167.49 178.38
2021-07-23   167.71 178.62   167.68 178.59   305.20 316.10   167.14 178.05   172.73 183.63   166.46 177.37
2021-07-24   166.68 177.60   166.66 177.57   304.17 315.08   166.11 177.03   171.70 182.61   165.43 176.35
2021-07-25   165.66 176.58   165.63 176.55   303.14 314.06   165.09 176.01   170.67 181.59   164.40 175.33
2021-07-26   164.63 175.56   164.60 175.53   302.11 313.04   164.06 174.99   169.64 180.57   163.37 174.30
2021-07-27   163.59 174.53   163.57 174.51   301.08 312.02   163.02 173.96   168.61 179.55   162.34 173.28
2021-07-28   162.56 173.51   162.54 173.48   300.05 310.99   161.99 172.94   167.58 178.52   161.31 172.26
2021-07-29   161.53 172.48   161.50 172.45   299.02 309.97   160.96 171.91   166.54 177.50   160.28 171.23
2021-07-30   160.49 171.45   160.47 171.43   297.98 308.94   159.92 170.88   165.51 176.47   159.24 170.20
2021-07-31   159.46 170.42   159.43 170.40   296.95 307.91   158.89 169.85   164.47 175.44   158.21 169.17
2021-08-01   158.42 169.39   158.40 169.37   295.91 306.88   157.85 168.82   163.44 174.41   157.17 168.14
2021-08-02   157.39 168.36   157.36 168.33   294.87 305.85   156.82 167.79   162.40 173.38   156.14 167.11
2021-08-03   156.35 167.33   156.32 167.30   293.84 304.81   155.78 166.76   161.36 172.34   155.10 166.08
2021-08-04   155.31 166.29   155.28 166.27   292.80 303.78   154.74 165.72   160.33 171.31   154.06 165.04
2021-08-05   154.27 165.26   154.25 165.23   291.76 302.75   153.70 164.69   159.29 170.27   153.02 164.01
2021-08-06   153.23 164.22   153.21 164.20   290.72 301.71   152.66 163.65   158.25 169.24   151.98 162.97
2021-08-07   152.20 163.19   152.17 163.16   289.68 300.67   151.63 162.62   157.21 168.20   150.94 161.94
2021-08-08   151.16 162.15   151.13 162.12   288.64 299.64   150.59 161.58   156.17 167.16   149.91 160.90
2021-08-09   150.12 161.11   150.09 161.08   287.60 298.60   149.55 160.54   155.13 166.13   148.87 159.86
2021-08-10   149.08 160.07   149.05 160.05   286.57 297.56   148.51 159.50   154.09 165.09   147.83 158.82
2021-08-11   148.04 159.03   148.01 159.01   285.53 296.52   147.47 158.46   153.05 164.05   146.79 157.78
2021-08-12   147.00 158.00   146.97 157.97   284.49 295.48   146.43 157.43   152.02 163.01   145.75 156.75
2021-08-13   145.96 156.96   145.94 156.93   283.45 294.44   145.39 156.39   150.98 161.97   144.71 155.71
2021-08-14   144.92 155.92   144.90 155.89   282.41 293.41   144.35 155.35   149.94 160.93   143.67 154.67
2021-08-15   143.89 154.88   143.86 154.85   281.37 292.37   143.32 154.31   148.90 159.89   142.64 153.63
2021-08-16   142.85 153.84   142.82 153.81   280.34 291.33   142.28 153.27   147.86 158.85   141.60 152.59
2021-08-17   141.81 152.80   141.79 152.77   279.30 290.29   141.24 152.23   146.83 157.82   140.56 151.55
2021-08-18   140.78 151.76   140.75 151.74   278.26 289.25   140.21 151.19   145.79 156.78   139.53 150.51
2021-08-19   139.74 150.72   139.72 150.70   277.23 288.21   139.17 150.15   144.76 155.74   138.49 149.47
2021-08-20   138.71 149.69   138.68 149.66   276.20 287.17   138.14 149.12   143.72 154.70   137.46 148.43
2021-08-21   137.68 148.65   137.65 148.62   275.16 286.14   137.11 148.08   142.69 153.66   136.42 147.40
2021-08-22   136.64 147.61   136.62 147.58   274.13 285.10   136.07 147.04   141.66 152.63   135.39 146.36
2021-08-23   135.61 146.57   135.59 146.55   273.10 284.06   135.04 146.00   140.63 151.59   134.36 145.32
2021-08-24   134.58 145.54   134.56 145.51   272.07 283.03   134.01 144.97   139.60 150.55   133.33 144.29
2021-08-25   133.55 144.50   133.53 144.48   271.04 281.99   132.98 143.93   138.57 149.52   132.30 143.25
2021-08-26   132.53 143.47   132.50 143.44   270.02 280.96   131.96 142.90   137.54 148.49   131.28 142.22
2021-08-27   131.50 142.44   131.48 142.41   268.99 279.93   130.93 141.87   136.52 147.45   130.25 141.19
2021-08-28   130.48 141.41   130.45 141.38   267.97 278.89   129.91 140.84   135.49 146.42   129.23 140.16
2021-08-29   129.46 140.38   129.43 140.35   266.94 277.86   128.89 139.81   134.47 145.39   128.20 139.12
2021-08-30   128.43 139.35   128.41 139.32   265.92 276.83   127.86 138.78   133.45 144.36   127.18 138.10
2021-08-31   127.42 138.32   127.39 138.29   264.90 275.81   126.85 137.75   132.43 143.33   126.16 137.07
2021-09-01   126.40 137.29   126.37 137.26   263.89 274.78   125.83 136.72   131.41 142.31   125.15 136.04
2021-09-02   125.38 136.27   125.36 136.24   262.87 273.75   124.81 135.70   130.40 141.28   124.13 135.02
2021-09-03   124.37 135.24   124.34 135.22   261.86 272.73   123.80 134.67   129.38 140.26   123.12 133.99
2021-09-04   123.36 134.22   123.33 134.19   260.84 271.71   122.79 133.65   128.37 139.23   122.10 132.97
2021-09-05   122.35 133.20   122.32 133.17   259.83 270.69   121.78 132.63   127.36 138.21   121.09 131.95
2021-09-06   121.34 132.18   121.31 132.15   258.82 269.67   120.77 131.61   126.35 137.20   120.09 130.93
2021-09-07   120.33 131.16   120.30 131.14   257.82 268.65   119.76 130.59   125.35 136.18   119.08 129.91
2021-09-08   119.33 130.15   119.30 130.12   256.81 267.63   118.76 129.58   124.34 135.16   118.08 128.90
2021-09-09   118.32 129.13   118.30 129.11   255.81 266.62   117.75 128.56   123.34 134.15   117.07 127.88
2021-09-10   117.32 128.12   117.30 128.09   254.81 265.61   116.75 127.55   122.34 133.14   116.07 126.87
2021-09-11   116.33 127.11   116.30 127.08   253.81 264.60   115.76 126.54   121.34 132.13   115.07 125.86
2021-09-12   115.33 126.10   115.30 126.08   252.82 263.59   114.76 125.53   120.34 131.12   114.08 124.85
2021-09-13   114.33 125.10   114.31 125.07   251.82 262.58   113.76 124.53   119.35 130.11   113.08 123.84
2021-09-14   113.34 124.09   113.32 124.06   250.83 261.58   112.77 123.52   118.36 129.11   112.09 122.84
2021-09-15   112.35 123.09   112.33 123.06   249.84 260.58   111.78 122.52   117.37 128.10   111.10 121.84
2021-09-16   111.37 122.09   111.34 122.06   248.85 259.57   110.80 121.52   116.38 127.10   110.11 120.84
2021-09-17   110.38 121.09   110.35 121.06   247.87 258.58   109.81 120.52   115.40 126.10   109.13 119.84
2021-09-18   109.40 120.09   109.37 120.07   246.88 257.58   108.83 119.52   114.41 125.11   108.15 118.84
2021-09-19   108.42 119.10   108.39 119.07   245.90 256.59   107.85 118.53   113.43 124.11   107.16 117.85
2021-09-20   107.44 118.11   107.41 118.08   244.92 255.59   106.87 117.54   112.45 123.12   106.19 116.85
2021-09-21   106.46 117.11   106.43 117.09   243.95 254.60   105.89 116.54   111.47 122.13   105.21 115.86
2021-09-22   105.48 116.13   105.46 116.10   242.97 253.61   104.91 115.56   110.50 121.14   104.23 114.88
2021-09-23   104.51 115.14   104.49 115.11   242.00 252.63   103.94 114.57   109.53 120.16   103.26 113.89
2021-09-24   103.54 114.16   103.51 114.13   241.03 251.64   102.97 113.59   108.56 119.17   102.29 112.91
2021-09-25   102.57 113.17   102.55 113.15   240.06 250.66   102.00 112.60   107.59 118.19   101.32 111.92
2021-09-26   101.61 112.19   101.58 112.17   239.09 249.68   101.04 111.62   106.62 117.21   100.36 110.94
2021-09-27   100.64 111.22   100.61 111.19   238.13 248.70   100.07 110.65   105.66 116.23    99.39 109.97
2021-09-28    99.68 110.24    99.65 110.21   237.17 247.73    99.11 109.67   104.69 115.26    98.43 108.99
2021-09-29    98.72 109.27    98.69 109.24   236.21 246.75    98.15 108.70   103.73 114.28    97.47 108.02
2021-09-30    97.76 108.30    97.73 108.27   235.25 245.78    97.19 107.73   102.78 113.31    96.51 107.04
2021-10-01    96.80 107.33    96.78 107.30   234.29 244.81    96.23 106.76   101.82 112.34    95.55 106.07
2021-10-02    95.85 106.36    95.82 106.33   233.34 243.84    95.28 105.79   100.86 111.37    94.60 105.11
2021-10-03    94.90 105.39    94.87 105.37   232.38 242.88    94.33 104.82    99.91 110.41    93.64 104.14
2021-10-04    93.94 104.43    93.92 104.40   231.43 241.92    93.37 103.86    98.96 109.44    92.69 103.18
2021-10-05    92.99 103.47    92.97 103.44   230.48 240.95    92.42 102.90    98.01 108.48    91.74 102.21
2021-10-06    92.05 102.51    92.02 102.48   229.53 239.99    91.48 101.94    97.06 107.52    90.80 101.25
2021-10-07    91.10 101.55    91.07 101.52   228.59 239.03    90.53 100.98    96.12 106.56    89.85 100.30
2021-10-08    90.16 100.59    90.13 100.56   227.64 238.08    89.59 100.02    95.17 105.61    88.91  99.34
2021-10-09    89.21  99.64    89.19  99.61   226.70 237.12    88.64  99.07    94.23 104.65    87.96  98.38
2021-10-10    88.27  98.68    88.25  98.66   225.76 236.17    87.70  98.11    93.29 103.70    87.02  97.43
2021-10-11    87.33  97.73    87.31  97.70   224.82 235.22    86.76  97.16    92.35 102.75    86.08  96.48
2021-10-12    86.39  96.78    86.37  96.75   223.88 234.27    85.82  96.21    91.41 101.80    85.14  95.53
2021-10-13    85.46  95.83    85.43  95.81   222.94 233.32    84.89  95.26    90.47 100.85    84.21  94.58
2021-10-14    84.52  94.89    84.49  94.86   222.01 232.37    83.95  94.32    89.54  99.90    83.27  93.64
2021-10-15    83.59  93.94    83.56  93.91   221.07 231.43    83.02  93.37    88.60  98.96    82.33  92.69
2021-10-16    82.65  93.00    82.63  92.97   220.14 230.48    82.08  92.43    87.67  98.01    81.40  91.75
2021-10-17    81.72  92.05    81.69  92.03   219.21 229.54    81.15  91.48    86.73  97.07    80.47  90.80
2021-10-18    80.79  91.11    80.76  91.09   218.28 228.60    80.22  90.54    85.80  96.13    79.54  89.86
2021-10-19    79.86  90.17    79.83  90.15   217.34 227.66    79.29  89.60    84.87  95.19    78.61  88.92
2021-10-20    78.93  89.23    78.90  89.21   216.42 226.72    78.36  88.66    83.94  94.25    77.68  87.98
2021-10-21    78.00  88.30    77.97  88.27   215.49 225.78    77.43  87.73    83.01  93.31    76.75  87.05
2021-10-22    77.07  87.36    77.04  87.33   214.56 224.85    76.50  86.79    82.09  92.38    75.82  86.11
2021-10-23    76.14  86.42    76.12  86.40   213.63 223.91    75.57  85.85    81.16  91.44    74.89  85.17
2021-10-24    75.22  85.49    75.19  85.46   212.70 222.98    74.65  84.92    80.23  90.51    73.97  84.24
2021-10-25    74.29  84.56    74.26  84.53   211.78 222.04    73.72  83.99    79.31  89.57    73.04  83.31
2021-10-26    73.36  83.62    73.34  83.60   210.85 221.11    72.79  83.05    78.38  88.64    72.11  82.37
2021-10-27    72.44  82.69    72.41  82.67   209.93 220.18    71.87  82.12    77.45  87.71    71.19  81.44
2021-10-28    71.51  81.76    71.49  81.73   209.00 219.25    70.94  81.19    76.53  86.78    70.26  80.51
2021-10-29    70.59  80.83    70.56  80.80   208.08 218.32    70.02  80.26    75.60  85.84    69.34  79.58
2021-10-30    69.66  79.90    69.64  79.87   207.15 217.39    69.09  79.33    74.68  84.91    68.41  78.65
2021-10-31    68.74  78.97    68.71  78.94   206.23 216.46    68.17  78.40    73.75  83.98    67.49  77.72
2021-11-01    67.81  78.04    67.79  78.01   205.30 215.53    67.24  77.47    72.83  83.05    66.56  76.79
2021-11-02    66.89  77.11    66.86  77.08   204.38 214.60    66.32  76.54    71.90  82.13    65.64  75.86
2021-11-03    65.96  76.18    65.94  76.16   203.45 213.67    65.39  75.61    70.98  81.20    64.71  74.93
2021-11-04    65.04  75.25    65.01  75.23   202.53 212.74    64.47  74.68    70.05  80.27    63.79  74.00
2021-11-05    64.11  74.32    64.09  74.30   201.60 211.81    63.54  73.75    69.13  79.34    62.86  73.07
2021-11-06    63.19  73.40    63.16  73.37   200.68 210.88    62.62  72.83    68.20  78.41    61.94  72.15
2021-11-07    62.26  72.47    62.24  72.44   199.75 209.95    61.69  71.90    67.28  77.48    61.01  71.22
2021-11-08    61.34  71.54    61.31  71.51   198.82 209.03    60.77  70.97    66.35  76.55    60.08  70.29
2021-11-09    60.41  70.61    60.38  70.58   197.90 208.10    59.84  70.04    65.42  75.62    59.16  69.36
2021-11-10    59.48  69.68    59.45  69.65   196.97 207.17    58.91  69.11    64.49  74.70    58.23  68.43
2021-11-11    58.55  68.75    58.52  68.72   196.04 206.24    57.98  68.18    63.57  73.77    57.30  67.50
2021-11-12    57.62  67.82    57.59  67.79   195.11 205.31    57.05  67.25    62.64  72.84    56.37  66.57
2021-11-13    56.69  66.89    56.66  66.86   194.18 204.38    56.12  66.32    61.71  71.91    55.44  65.64
2021-11-14    55.76  65.96    55.73  65.93   193.25 203.45    55.19  65.39    60.77  70.97    54.51  64.71
2021-11-15    54.83  65.03    54.80  65.00   192.31 202.52    54.26  64.46    59.84  70.04    53.57  63.78
2021-11-16    53.89  64.10    53.87  64.07   191.38 201.58    53.32  63.53    58.91  69.11    52.64  62.84
2021-11-17    52.96  63.16    52.93  63.14   190.44 200.65    52.39  62.59    57.97  68.18    51.71  61.91
2021-11-18    52.02  62.23    51.99  62.20   189.51 199.72    51.45  61.66    57.04  67.24    50.77  60.98
2021-11-19    51.15  61.22    51.13  61.19   188.64 198.71    50.58  60.65    56.17  66.24    49.90  59.97
2021-11-20    50.45  60.05    50.42  60.03   187.93 197.54    49.88  59.48    55.46  65.07    49.20  58.80
2021-11-21    49.74  58.88    49.71  58.86   187.23 196.37    49.17  58.31    54.75  63.90    48.49  57.63
2021-11-22    49.03  57.71    49.00  57.69   186.52 195.20    48.46  57.14    54.04  62.73    47.78  56.46
2021-11-23    48.32  56.54    48.29  56.51   185.80 194.03    47.75  55.97    53.33  61.56    47.07  55.29
2021-11-24    47.60  55.37    47.58  55.34   185.09 192.85    47.03  54.80    52.62  60.38    46.35  54.12
2021-11-25    46.89  54.19    46.86  54.17   184.37 191.68    46.32  53.62    51.90  59.21    45.63  52.94
2021-11-26    46.17  53.02    46.14  52.99   183.65 190.51    45.60  52.45    51.18  58.03    44.92  51.77

2022-04-27   251.21 258.34   251.19 258.32    28.70  35.83   250.64 257.77   256.23 263.36   249.96 257.09
2022-04-28   250.09 257.66   250.06 257.64    27.58  35.15   249.52 257.09   255.11 262.68   248.84 256.41
2022-04-29   248.97 256.98   248.94 256.96    26.46  34.47   248.40 256.41   253.98 262.00   247.72 255.73
2022-04-30   247.85 256.31   247.82 256.28    25.33  33.80   247.28 255.74   252.86 261.32   246.59 255.06
2022-05-01   246.72 255.63   246.70 255.61    24.21  33.12   246.15 255.06   251.74 260.65   245.47 254.38
2022-05-02   245.60 254.96   245.57 254.94    23.09  32.45   245.03 254.39   250.62 259.98   244.35 253.71
2022-05-03   244.48 254.29   244.45 254.26    21.97  31.78   243.91 253.72   249.50 259.31   243.23 253.04
2022-05-04   243.39 253.59   243.36 253.57    20.87  31.08   242.82 253.02   248.40 258.61   242.13 252.34
2022-05-05   242.49 252.70   242.47 252.67    19.98  30.19   241.92 252.13   247.51 257.71   241.24 251.45
2022-05-06   241.60 251.80   241.57 251.78    19.09  29.29   241.03 251.23   246.61 256.82   240.35 250.55
2022-05-07   240.71 250.91   240.68 250.88    18.19  28.40   240.14 250.34   245.72 255.92   239.46 249.66
2022-05-08   239.81 250.02   239.79 249.99    17.30  27.50   239.24 249.45   244.83 255.03   238.56 248.76
2022-05-09   238.92 249.12   238.90 249.10    16.41  26.61   238.35 248.55   243.94 254.14   237.67 247.87
2022-05-10   238.03 248.23   238.00 248.20    15.52  25.72   237.46 247.66   243.04 253.24   236.78 246.98
2022-05-11   237.14 247.34   237.11 247.31    14.62  24.82   236.57 246.77   242.15 252.35   235.89 246.09
2022-05-12   236.25 246.45   236.22 246.42    13.73  23.93   235.68 245.88   241.26 251.46   234.99 245.19
2022-05-13   235.35 245.55   235.33 245.53    12.84  23.04   234.78 244.98   240.37 250.57   234.10 244.30
2022-05-14   234.46 244.66   234.43 244.64    11.95  22.15   233.89 244.09   239.48 249.68   233.21 243.41
2022-05-15   233.57 243.77   233.54 243.74    11.06  21.26   233.00 243.20   238.58 248.79   232.32 242.52
2022-05-16   232.67 242.88   232.65 242.85    10.16  20.37   232.10 242.31   237.69 247.90   231.42 241.63
2022-05-17   231.78 241.99   231.75 241.96     9.27  19.48   231.21 241.42   236.80 247.00   230.53 240.74
2022-05-18   230.89 241.10   230.86 241.07     8.37  18.58   230.32 240.53   235.90 246.11   229.64 239.85
2022-05-19   229.99 240.21   229.97 240.18     7.48  17.69   229.42 239.64   235.01 245.22   228.74 238.95
2022-05-20   229.10 239.31   229.07 239.29     6.58  16.80   228.53 238.74   234.11 244.33   227.85 238.06
2022-05-21   228.20 238.42   228.17 238.39     5.69  15.91   227.63 237.85   233.22 243.44   226.95 237.17
2022-05-22   227.30 237.53   227.28 237.50     4.79  15.02   226.73 236.96   232.32 242.54   226.05 236.28
2022-05-23   226.41 236.64   226.38 236.61     3.89  14.12   225.84 236.07   231.42 241.65   225.15 235.38
2022-05-24   225.51 235.74   225.48 235.71     2.99  13.23   224.94 235.17   230.52 240.76   224.26 234.49
2022-05-25   224.61 234.85   224.58 234.82     2.09  12.33   224.04 234.28   229.62 239.86   223.36 233.60
2022-05-26   223.70 233.95   223.68 233.92     1.19  11.44   223.13 233.38   228.72 238.97   222.45 232.70
2022-05-27   222.80 233.06   222.78 233.03     0.29  10.54   222.23 232.49   227.82 238.07   221.55 231.80
2022-05-28   221.90 232.16   221.87 232.13   359.39   9.65   221.33 231.59   226.91 237.17   220.65 230.91
2022-05-29   220.99 231.26   220.97 231.23   358.48   8.75   220.42 230.69   226.01 236.28   219.74 230.01
2022-05-30   220.09 230.36   220.06 230.33   357.57   7.85   219.52 229.79   225.10 235.38   218.84 229.11
2022-05-31   219.18 229.46   219.15 229.43   356.67   6.95   218.61 228.89   224.19 234.48   217.93 228.21
2022-06-01   218.27 228.56   218.24 228.53   355.76   6.05   217.70 227.99   223.28 233.57   217.02 227.31
2022-06-02   217.36 227.66   217.33 227.63   354.85   5.14   216.79 227.09   222.37 232.67   216.11 226.41
2022-06-03   216.45 226.75   216.42 226.73   353.93   4.24   215.88 226.18   221.46 231.77   215.19 225.50
2022-06-04   215.53 225.85   215.50 225.82   353.02   3.33   214.96 225.28   220.55 230.86   214.28 224.60
2022-06-05   214.61 224.94   214.59 224.91   352.10   2.43   214.04 224.37   219.63 229.95   213.36 223.69
2022-06-06   213.70 224.03   213.67 224.00   351.18   1.52   213.13 223.46   218.71 229.05   212.45 222.78
2022-06-07   212.78 223.12   212.75 223.09   350.26   0.61   212.21 222.55   217.79 228.13   211.53 221.87
2022-06-08   211.85 222.21   211.83 222.18   349.34 359.70   211.28 221.64   216.87 227.22   210.60 220.96
2022-06-09   210.93 221.29   210.90 221.27   348.42 358.78   210.36 220.72   215.94 226.31   209.68 220.04
2022-06-10   210.00 220.38   209.98 220.35   347.49 357.87   209.43 219.81   215.02 225.39   208.75 219.13
2022-06-11   209.07 219.46   209.05 219.43   346.56 356.95   208.50 218.89   214.09 224.48   207.82 218.21
2022-06-12   208.14 218.54   208.12 218.51   345.63 356.03   207.57 217.97   213.16 223.56   206.89 217.29
2022-06-13   207.21 217.62   207.18 217.59   344.70 355.11   206.64 217.05   212.23 222.64   205.96 216.37
2022-06-14   206.28 216.70   206.25 216.67   343.76 354.18   205.71 216.13   211.29 221.71   205.03 215.45
2022-06-15   205.34 215.77   205.31 215.74   342.83 353.26   204.77 215.20   210.35 220.79   204.09 214.52
2022-06-16   204.40 214.84   204.37 214.82   341.89 352.33   203.83 214.27   209.41 219.86   203.15 213.59
2022-06-17   203.46 213.91   203.43 213.89   340.94 351.40   202.89 213.34   208.47 218.93   202.21 212.66
2022-06-18   202.51 212.98   202.49 212.95   340.00 350.47   201.94 212.41   207.53 218.00   201.26 211.73
2022-06-19   201.56 212.05   201.54 212.02   339.05 349.53   200.99 211.48   206.58 217.06   200.31 210.80
2022-06-20   200.62 211.11   200.59 211.08   338.10 348.60   200.05 210.54   205.63 216.13   199.36 209.86
2022-06-21   199.66 210.17   199.64 210.14   337.15 347.66   199.09 209.60   204.68 215.19   198.41 208.92
2022-06-22   198.71 209.23   198.68 209.20   336.20 346.72   198.14 208.66   203.72 214.24   197.46 207.98
2022-06-23   197.75 208.29   197.73 208.26   335.24 345.77   197.18 207.72   202.77 213.30   196.50 207.03
2022-06-24   196.79 207.34   196.77 207.31   334.28 344.83   196.22 206.77   201.81 212.35   195.54 206.09
2022-06-25   195.83 206.39   195.80 206.36   333.32 343.88   195.26 205.82   200.85 211.41   194.58 205.14
2022-06-26   194.87 205.44   194.84 205.41   332.35 342.93   194.30 204.87   199.88 210.45   193.61 204.19
2022-06-27   193.90 204.49   193.87 204.46   331.39 341.97   193.33 203.92   198.91 209.50   192.65 203.23
2022-06-28   192.93 203.53   192.90 203.50   330.42 341.02   192.36 202.96   197.94 208.54   191.68 202.28
2022-06-29   191.96 202.57   191.93 202.54   329.44 340.06   191.39 202.00   196.97 207.59   190.70 201.32
2022-06-30   190.98 201.61   190.95 201.58   328.47 339.10   190.41 201.04   196.00 206.62   189.73 200.36
2022-07-01   190.00 200.64   189.98 200.62   327.49 338.13   189.43 200.07   195.02 205.66   188.75 199.39
2022-07-02   189.02 199.68   189.00 199.65   326.51 337.17   188.45 199.11   194.04 204.69   187.77 198.43
2022-07-03   188.04 198.71   188.01 198.68   325.53 336.20   187.47 198.14   193.06 203.72   186.79 197.46
2022-07-04   187.06 197.74   187.03 197.71   324.54 335.22   186.49 197.17   192.07 202.75   185.80 196.49
2022-07-05   186.07 196.76   186.04 196.74   323.55 334.25   185.50 196.19   191.08 201.78   184.82 195.51
2022-07-06   185.08 195.79   185.05 195.76   322.56 333.27   184.51 195.22   190.09 200.80   183.83 194.54
2022-07-07   184.09 194.81   184.06 194.78   321.57 332.29   183.52 194.24   189.10 199.82   182.83 193.56
2022-07-08   183.09 193.82   183.06 193.80   320.58 331.31   182.52 193.25   188.11 198.84   181.84 192.57
2022-07-09   182.09 192.84   182.07 192.81   319.58 330.33   181.52 192.27   187.11 197.86   180.84 191.59
2022-07-10   181.09 191.85   181.07 191.83   318.58 329.34   180.52 191.28   186.11 196.87   179.84 190.60
2022-07-11   180.09 190.86   180.07 190.84   317.58 328.35   179.52 190.29   185.11 195.88   178.84 189.61
2022-07-12   179.09 189.87   179.06 189.85   316.58 327.36   178.52 189.30   184.10 194.89   177.84 188.62
2022-07-13   178.08 188.88   178.06 188.85   315.57 326.37   177.51 188.31   183.10 193.89   176.83 187.63
2022-07-14   177.07 187.88   177.05 187.86   314.56 325.37   176.50 187.31   182.09 192.90   175.82 186.63
2022-07-15   176.06 186.88   176.04 186.86   313.55 324.37   175.49 186.31   181.08 191.90   174.81 185.63
2022-07-16   175.05 185.88   175.03 185.86   312.54 323.37   174.48 185.31   180.07 190.90   173.80 184.63
2022-07-17   174.04 184.88   174.01 184.85   311.53 322.37   173.47 184.31   179.05 189.90   172.79 183.63
2022-07-18   173.02 183.88   173.00 183.85   310.51 321.36   172.45 183.31   178.04 188.89   171.77 182.62
2022-07-19   172.00 182.87   171.98 182.84   309.49 320.36   171.43 182.30   177.02 187.88   170.75 181.62
2022-07-20   170.98 181.86   170.96 181.83   308.47 319.35   170.41 181.29   176.00 186.87   169.73 180.61
2022-07-21   169.96 180.85   169.94 180.82   307.45 318.34   169.39 180.28   174.98 185.86   168.71 179.60
2022-07-22   168.94 179.83   168.91 179.81   306.43 317.32   168.37 179.26   173.96 184.85   167.69 178.58
2022-07-23   167.92 178.82   167.89 178.79   305.40 316.31   167.35 178.25   172.93 183.83   166.67 177.57
2022-07-24   166.89 177.80   166.86 177.78   304.38 315.29   166.32 177.23   171.91 182.82   165.64 176.55
2022-07-25   165.86 176.78   165.84 176.76   303.35 314.27   165.29 176.21   170.88 181.80   164.61 175.53
2022-07-26   164.84 175.76   164.81 175.74   302.32 313.25   164.27 175.19   169.85 180.78   163.59 174.51
2022-07-27   163.81 174.74   163.78 174.72   301.29 312.23   163.24 174.17   168.82 179.76   162.56 173.49
2022-07-28   162.78 173.72   162.75 173.69   300.26 311.21   162.21 173.15   167.79 178.73   161.53 172.47
2022-07-29   161.74 172.69   161.72 172.67   299.23 310.18   161.17 172.12   166.76 177.71   160.49 171.44
2022-07-30   160.71 171.67   160.69 171.64   298.20 309.16   160.14 171.10   165.73 176.68   159.46 170.42
2022-07-31   159.68 170.64   159.65 170.61   297.17 308.13   159.11 170.07   164.69 175.66   158.43 169.39
2022-08-01   158.64 169.61   158.62 169.59   296.13 307.10   158.07 169.04   163.66 174.63   157.39 168.36
2022-08-02   157.61 168.58   157.58 168.56   295.10 306.07   157.04 168.01   162.63 173.60   156.36 167.33
2022-08-03   156.57 167.55   156.55 167.52   294.06 305.04   156.00 166.98   161.59 172.57   155.32 166.30
2022-08-04   155.54 166.52   155.51 166.49   293.03 304.01   154.97 165.95   160.55 171.53   154.29 165.27
2022-08-05   154.50 165.49   154.48 165.46   291.99 302.97   153.93 164.92   159.52 170.50   153.25 164.24
2022-08-06   153.47 164.45   153.44 164.43   290.95 301.94   152.90 163.88   158.48 169.47   152.22 163.20
2022-08-07   152.43 163.42   152.40 163.39   289.92 300.91   151.86 162.85   157.44 168.43   151.18 162.17
2022-08-08   151.39 162.38   151.37 162.36   288.88 299.87   150.82 161.81   156.41 167.40   150.14 161.13
2022-08-09   150.36 161.35   150.33 161.32   287.84 298.84   149.79 160.78   155.37 166.36   149.10 160.10
2022-08-10   149.32 160.31   149.29 160.29   286.81 297.80   148.75 159.74   154.33 165.33   148.07 159.06
2022-08-11   148.28 159.28   148.25 159.25   285.77 296.76   147.71 158.71   153.30 164.29   147.03 158.02
2022-08-12   147.24 158.24   147.22 158.21   284.73 295.73   146.67 157.67   152.26 163.25   145.99 156.99
2022-08-13   146.21 157.20   146.18 157.18   283.70 294.69   145.64 156.63   151.22 162.22   144.96 155.95
2022-08-14   145.17 156.16   145.15 156.14   282.66 293.65   144.60 155.59   150.19 161.18   143.92 154.91
2022-08-15   144.14 155.13   144.11 155.10   281.62 292.61   143.57 154.56   149.15 160.14   142.89 153.88
2022-08-16   143.10 154.09   143.07 154.06   280.59 291.58   142.53 153.52   148.12 159.11   141.85 152.84
2022-08-17   142.07 153.05   142.04 153.03   279.55 290.54   141.50 152.48   147.08 158.07   140.82 151.80
2022-08-18   141.03 152.02   141.01 151.99   278.52 289.50   140.46 151.45   146.05 157.03   139.78 150.77
2022-08-19   140.00 150.98   139.97 150.95   277.49 288.47   139.43 150.41   145.02 156.00   138.75 149.73
2022-08-20   138.97 149.94   138.94 149.92   276.46 287.43   138.40 149.37   143.98 154.96   137.72 148.69
2022-08-21   137.94 148.91   137.91 148.88   275.42 286.40   137.37 148.34   142.95 153.92   136.69 147.66
2022-08-22   136.91 147.87   136.88 147.85   274.39 285.36   136.34 147.30   141.92 152.89   135.66 146.62
2022-08-23   135.88 146.84   135.85 146.81   273.37 284.33   135.31 146.27   140.89 151.85   134.63 145.59
2022-08-24   134.85 145.81   134.82 145.78   272.34 283.29   134.28 145.24   139.86 150.82   133.60 144.55
2022-08-25   133.82 144.77   133.80 144.75   271.31 282.26   133.25 144.20   138.84 149.79   132.57 143.52
2022-08-26   132.80 143.74   132.77 143.71   270.29 281.23   132.23 143.17   137.81 148.76   131.55 142.49
2022-08-27   131.77 142.71   131.75 142.68   269.26 280.20   131.20 142.14   136.79 147.73   130.52 141.46
2022-08-28   130.75 141.68   130.72 141.65   268.24 279.17   130.18 141.11   135.77 146.69   129.50 140.43
2022-08-29   129.73 140.65   129.70 140.62   267.22 278.14   129.16 140.08   134.75 145.67   128.48 139.40
2022-08-30   128.71 139.62   128.68 139.60   266.20 277.11   128.14 139.05   133.73 144.64   127.46 138.37
2022-08-31   127.69 138.60   127.67 138.57   265.18 276.08   127.12 138.03   132.71 143.61   126.44 137.35
2022-09-01   126.68 137.57   126.65 137.54   264.16 275.06   126.11 137.00   131.69 142.59   125.43 136.32
2022-09-02   125.66 136.55   125.64 136.52   263.15 274.03   125.09 135.98   130.68 141.56   124.41 135.30
2022-09-03   124.65 135.52   124.62 135.50   262.14 273.01   124.08 134.95   129.66 140.54   123.40 134.27
2022-09-04   123.64 134.50   123.61 134.48   261.13 271.99   123.07 133.93   128.65 139.52   122.39 133.25
2022-09-05   122.63 133.48   122.60 133.46   260.12 270.97   122.06 132.91   127.64 138.50   121.38 132.23
2022-09-06   121.62 132.47   121.60 132.44   259.11 269.95   121.05 131.90   126.64 137.48   120.37 131.22
2022-09-07   120.62 131.45   120.59 131.42   258.10 268.94   120.05 130.88   125.63 136.47   119.37 130.20
2022-09-08   119.61 130.44   119.59 130.41   257.10 267.92   119.04 129.87   124.63 135.45   118.36 129.18
2022-09-09   118.61 129.42   118.58 129.40   256.10 266.91   118.04 128.85   123.63 134.44   117.36 128.17
2022-09-10   117.61 128.41   117.59 128.38   255.10 265.90   117.04 127.84   122.63 133.43   116.36 127.16
2022-09-11   116.61 127.40   116.59 127.38   254.10 264.89   116.04 126.83   121.63 132.42   115.36 126.15
2022-09-12   115.62 126.39   115.59 126.37   253.11 263.88   115.05 125.82   120.63 131.41   114.37 125.14
2022-09-13   114.63 125.39   114.60 125.36   252.11 262.88   114.06 124.82   119.64 130.40   113.37 124.14
2022-09-14   113.63 124.38   113.61 124.36   251.12 261.87   113.06 123.81   118.65 129.40   112.38 123.13
2022-09-15   112.65 123.38   112.62 123.36   250.13 260.87   112.08 122.81   117.66 128.40   111.39 122.13
2022-09-16   111.66 122.38   111.63 122.36   249.15 259.87   111.09 121.81   116.67 127.40   110.41 121.13
2022-09-17   110.67 121.38   110.65 121.36   248.16 258.87   110.10 120.81   115.69 126.40   109.42 120.13
2022-09-18   109.69 120.39   109.66 120.36   247.18 257.88   109.12 119.82   114.71 125.40   108.44 119.14
2022-09-19   108.71 119.39   108.68 119.37   246.20 256.88   108.14 118.82   113.72 124.41   107.46 118.14
2022-09-20   107.73 118.40   107.70 118.38   245.22 255.89   107.16 117.83   112.75 123.42   106.48 117.15
2022-09-21   106.75 117.41   106.73 117.39   244.24 254.90   106.18 116.84   111.77 122.43   105.50 116.16
2022-09-22   105.78 116.42   105.75 116.40   243.27 253.91   105.21 115.85   110.79 121.44   104.53 115.17
2022-09-23   104.81 115.44   104.78 115.41   242.29 252.93   104.24 114.87   109.82 120.45   103.56 114.19
2022-09-24   103.84 114.45   103.81 114.43   241.32 251.94   103.27 113.88   108.85 119.47   102.58 113.20
2022-09-25   102.87 113.47   102.84 113.45   240.35 250.96   102.30 112.90   107.88 118.49   101.62 112.22
2022-09-26   101.90 112.49   101.87 112.47   239.39 249.98   101.33 111.92   106.92 117.51   100.65 111.24
2022-09-27   100.94 111.51   100.91 111.49   238.42 249.00   100.37 110.94   105.95 116.53    99.69 110.26
2022-09-28    99.97 110.54    99.95 110.51   237.46 248.03    99.40 109.97   104.99 115.55    98.72 109.29
2022-09-29    99.01 109.56    98.99 109.54   236.50 247.05    98.44 108.99   104.03 114.58    97.76 108.31
2022-09-30    98.05 108.59    98.03 108.57   235.54 246.08    97.48 108.02   103.07 113.61    96.80 107.34
2022-10-01    97.10 107.62    97.07 107.60   234.58 245.11    96.53 107.05   102.11 112.64    95.85 106.37
2022-10-02    96.14 106.65    96.12 106.63   233.63 244.14    95.57 106.08   101.16 111.67    94.89 105.40
2022-10-03    95.19 105.69    95.16 105.66   232.68 243.18    94.62 105.12   100.20 110.70    93.94 104.44
2022-10-04    94.24 104.72    94.21 104.70   231.72 242.21    93.67 104.15    99.25 109.74    92.99 103.47
2022-10-05    93.29 103.76    93.26 103.73   230.77 241.25    92.72 103.19    98.30 108.78    92.04 102.51
2022-10-06    92.34 102.80    92.31 102.77   229.83 240.29    91.77 102.23    97.35 107.82    91.09 101.55
2022-10-07    91.39 101.84    91.37 101.81   228.88 239.33    90.82 101.27    96.41 106.86    90.14 100.59
2022-10-08    90.45 100.88    90.42 100.86   227.93 238.37    89.88 100.31    95.46 105.90    89.20  99.63
2022-10-09    89.50  99.93    89.48  99.90   226.99 237.42    88.93  99.36    94.52 104.94    88.25  98.68
2022-10-10    88.56  98.97    88.53  98.95   226.05 236.46    87.99  98.40    93.58 103.99    87.31  97.72
2022-10-11    87.62  98.02    87.59  98.00   225.11 235.51    87.05  97.45    92.64 103.04    86.37  96.77
2022-10-12    86.68  97.07    86.65  97.04   224.17 234.56    86.11  96.50    91.70 102.09    85.43  95.82
2022-10-13    85.74  96.12    85.72  96.10   223.23 233.61    85.17  95.55    90.76 101.14    84.49  94.87
2022-10-14    84.81  95.17    84.78  95.15   222.29 232.66    84.24  94.60    89.82 100.19    83.55  93.92
2022-10-15    83.87  94.23    83.84  94.20   221.36 231.72    83.30  93.66    88.89  99.24    82.62  92.98
2022-10-16    82.94  93.28    82.91  93.26   220.42 230.77    82.37  92.71    87.95  98.30    81.68  92.03
2022-10-17    82.00  92.34    81.98  92.31   219.49 229.83    81.43  91.77    87.02  97.35    80.75  91.09
2022-10-18    81.07  91.40    81.04  91.37   218.56 228.88    80.50  90.83    86.08  96.41    79.82  90.15
2022-10-19    80.14  90.46    80.11  90.43   217.62 227.94    79.57  89.89    85.15  95.47    78.89  89.21
2022-10-20    79.21  89.52    79.18  89.49   216.69 227.00    78.64  88.95    84.22  94.53    77.96  88.27
2022-10-21    78.28  88.58    78.25  88.55   215.76 226.06    77.71  88.01    83.29  93.59    77.03  87.33
2022-10-22    77.35  87.64    77.32  87.61   214.83 225.13    76.78  87.07    82.36  92.65    76.10  86.39
2022-10-23    76.42  86.70    76.39  86.68   213.91 224.19    75.85  86.13    81.43  91.72    75.17  85.45
2022-10-24    75.49  85.77    75.46  85.74   212.98 223.25    74.92  85.20    80.51  90.78    74.24  84.52
2022-10-25    74.56  84.83    74.54  84.81   212.05 222.32    73.99  84.26    79.58  89.85    73.31  83.58
2022-10-26    73.64  83.90    73.61  83.87   211.12 221.38    73.07  83.33    78.65  88.91    72.39  82.65
2022-10-27    72.71  82.96    72.68  82.94   210.20 220.45    72.14  82.39    77.72  87.98    71.46  81.71
2022-10-28    71.78  82.03    71.76  82.00   209.27 219.52    71.21  81.46    76.80  87.05    70.53  80.78
2022-10-29    70.86  81.10    70.83  81.07   208.34 218.59    70.29  80.53    75.87  86.11    69.61  79.85
2022-10-30    69.93  80.17    69.90  80.14   207.42 217.65    69.36  79.60    74.95  85.18    68.68  78.92
2022-10-31    69.00  79.24    68.98  79.21   206.49 216.72    68.43  78.67    74.02  84.25    67.75  77.99
2022-11-01    68.08  78.30    68.05  78.28   205.57 215.79    67.51  77.73    73.09  83.32    66.83  77.05
2022-11-02    67.15  77.37    67.13  77.35   204.64 214.86    66.58  76.80    72.17  82.39    65.90  76.12
2022-11-03    66.23  76.44    66.20  76.42   203.71 213.93    65.66  75.87    71.24  81.46    64.98  75.19
2022-11-04    65.30  75.51    65.27  75.49   202.79 213.00    64.73  74.94    70.31  80.53    64.05  74.26
2022-11-05    64.37  74.58    64.35  74.56   201.86 212.07    63.80  74.01    69.39  79.60    63.12  73.33
2022-11-06    63.45  73.65    63.42  73.63   200.93 211.14    62.88  73.08    68.46  78.67    62.19  72.40
2022-11-07    62.52  72.72    62.49  72.70   200.00 210.21    61.95  72.15    67.53  77.74    61.27  71.47
2022-11-08    61.59  71.79    61.56  71.77   199.08 209.28    61.02  71.22    66.60  76.81    60.34  70.54
2022-11-09    60.66  70.86    60.63  70.84   198.15 208.35    60.09  70.29    65.68  75.88    59.41  69.61
2022-11-10    59.73  69.93    59.70  69.91   197.22 207.42    59.16  69.36    64.75  74.95    58.48  68.68
2022-11-11    58.80  69.00    58.77  68.97   196.29 206.49    58.23  68.43    63.82  74.02    57.55  67.75
2022-11-12    57.87  68.07    57.84  68.04   195.36 205.56    57.30  67.50    62.88  73.08    56.62  66.82
2022-11-13    56.94  67.14    56.91  67.11   194.42 204.62    56.37  66.57    61.95  72.15    55.69  65.89
2022-11-14    56.00  66.20    55.98  66.18   193.49 203.69    55.43  65.63    61.02  71.22    54.75  64.95
2022-11-15    55.07  65.27    55.04  65.25   192.56 202.76    54.50  64.70    60.09  70.29    53.82  64.02
2022-11-16    54.13  64.34    54.11  64.31   191.62 201.83    53.56  63.77    59.15  69.35    52.88  63.09
2022-11-17    53.20  63.40    53.17  63.38   190.69 200.89    52.63  62.83    58.21  68.42    51.95  62.15
2022-11-18    52.26  62.47    52.23  62.44   189.75 199.95    51.69  61.90    57.28  67.48    51.01  61.22
2022-11-19    51.32  61.53    51.30  61.50   188.81 199.02    50.75  60.96    56.34  66.55    50.07  60.28
2022-11-20    50.61  60.36    50.59  60.33   188.10 197.85    50.04  59.79    55.63  65.37    49.36  59.11
2022-11-21    49.91  59.19    49.88  59.16   187.39 196.68    49.34  58.62    54.92  64.20    48.65  57.94
2022-11-22    49.19  58.02    49.17  57.99   186.68 195.50    48.62  57.45    54.21  63.03    47.94  56.76
2022-11-23    48.48  56.84    48.45  56.82   185.97 194.33    47.91  56.27    53.50  61.86    47.23  55.59
2022-11-24    47.77  55.67    47.74  55.64   185.25 193.15    47.20  55.10    52.78  60.68    46.51  54.42
2022-11-25    47.05  54.49    47.02  54.47   184.54 191.98    46.48  53.92    52.06  59.51    45.80  53.24
2022-11-26    46.33  53.32    46.30  53.29   183.82 190.80    45.76  52.75    51.34  58.33    45.08  52.06

2023-04-27   251.54 258.55   251.52 258.52    29.03  36.04   250.97 257.98   256.56 263.57   250.29 257.30
2023-04-28   250.42 257.87   250.39 257.84    27.91  35.36   249.85 257.30   255.43 262.89   249.17 256.62
2023-04-29   249.29 257.19   249.27 257.17    26.78  34.68   248.72 256.62   254.31 262.21   248.04 255.94
2023-04-30   248.17 256.52   248.14 256.49    25.66  34.00   247.60 255.95   253.18 261.53   246.92 255.26
2023-05-01   247.05 255.84   247.02 255.81    24.53  33.33   246.48 255.27   252.06 260.86   245.79 254.59
2023-05-02   245.92 255.17   245.90 255.14    23.41  32.65   245.35 254.60   250.94 260.18   244.67 253.92
2023-05-03   244.80 254.49   244.77 254.47    22.29  31.98   244.23 253.92   249.81 259.51   243.55 253.24
2023-05-04   243.68 253.82   243.65 253.80    21.16  31.31   243.11 253.25   248.69 258.84   242.42 252.57
2023-05-05   242.75 252.96   242.72 252.93    20.24  30.44   242.18 252.39   247.76 257.97   241.50 251.71
2023-05-06   241.86 252.06   241.83 252.03    19.34  29.55   241.29 251.49   246.87 257.08   240.60 250.81
2023-05-07   240.96 251.16   240.93 251.14    18.45  28.65   240.39 250.59   245.98 256.18   239.71 249.91
2023-05-08   240.07 250.27   240.04 250.24    17.55  27.76   239.50 249.70   245.08 255.28   238.82 249.02
2023-05-09   239.17 249.37   239.15 249.35    16.66  26.86   238.60 248.80   244.19 254.39   237.92 248.12
2023-05-10   238.28 248.48   238.25 248.45    15.77  25.97   237.71 247.91   243.30 253.50   237.03 247.23
2023-05-11   237.39 247.59   237.36 247.56    14.87  25.07   236.82 247.02   242.40 252.60   236.14 246.34
2023-05-12   236.49 246.69   236.47 246.67    13.98  24.18   235.92 246.12   241.51 251.71   235.24 245.44
2023-05-13   235.60 245.80   235.57 245.77    13.09  23.29   235.03 245.23   240.61 250.82   234.35 244.55
2023-05-14   234.71 244.91   234.68 244.88    12.19  22.39   234.14 244.34   239.72 249.92   233.45 243.66
2023-05-15   233.81 244.01   233.78 243.99    11.30  21.50   233.24 243.44   238.83 249.03   232.56 242.76
2023-05-16   232.92 243.12   232.89 243.10    10.40  20.61   232.35 242.55   237.93 248.14   231.67 241.87
2023-05-17   232.02 242.23   232.00 242.20     9.51  19.72   231.45 241.66   237.04 247.24   230.77 240.98
2023-05-18   231.13 241.34   231.10 241.31     8.61  18.82   230.56 240.77   236.14 246.35   229.88 240.09
2023-05-19   230.23 240.44   230.20 240.42     7.72  17.93   229.66 239.87   235.25 245.46   228.98 239.19
2023-05-20   229.33 239.55   229.31 239.52     6.82  17.04   228.76 238.98   234.35 244.56   228.08 238.30
2023-05-21   228.44 238.66   228.41 238.63     5.92  16.14   227.87 238.09   233.45 243.67   227.18 237.41
2023-05-22   227.54 237.76   227.51 237.74     5.02  15.25   226.97 237.19   232.55 242.78   226.29 236.51
2023-05-23   226.64 236.87   226.61 236.84     4.12  14.35   226.07 236.30   231.65 241.88   225.39 235.62
2023-05-24   225.74 235.97   225.71 235.94     3.22  13.46   225.17 235.40   230.75 240.99   224.49 234.72
2023-05-25   224.84 235.08   224.81 235.05     2.32  12.56   224.27 234.51   229.85 240.09   223.58 233.82
2023-05-26   223.93 234.18   223.91 234.15     1.42  11.67   223.36 233.61   228.95 239.19   222.68 232.93
2023-05-27   223.03 233.28   223.00 233.25     0.52  10.77   222.46 232.71   228.04 238.30   221.78 232.03
2023-05-28   222.12 232.38   222.10 232.36   359.61   9.87   221.55 231.81   227.14 237.40   220.87 231.13
2023-05-29   221.22 231.48   221.19 231.46   358.71   8.97   220.65 230.91   226.23 236.50   219.97 230.23
2023-05-30   220.31 230.58   220.28 230.56   357.80   8.07   219.74 230.01   225.32 235.60   219.06 229.33
2023-05-31   219.40 229.68   219.37 229.65   356.89   7.17   218.83 229.11   224.42 234.70   218.15 228.43
2023-06-01   218.49 228.78   218.46 228.75   355.98   6.26   217.92 228.21   223.50 233.79   217.24 227.53
2023-06-02   217.58 227.87   217.55 227.85   355.06   5.36   217.01 227.30   222.59 232.89   216.33 226.62
2023-06-03   216.66 226.97   216.64 226.94   354.15   4.45   216.09 226.40   221.68 231.98   215.41 225.72
2023-06-04   215.75 226.06   215.72 226.03   353.23   3.55   215.18 225.49   220.76 231.08   214.50 224.81
2023-06-05   214.83 225.15   214.80 225.13   352.32   2.64   214.26 224.58   219.84 230.17   213.58 223.90
2023-06-06   213.91 224.24   213.88 224.22   351.40   1.73   213.34 223.67   218.92 229.26   212.66 222.99
2023-06-07   212.99 223.33   212.96 223.30   350.48   0.82   212.42 222.76   218.00 228.35   211.74 222.08
2023-06-08   212.06 222.42   212.04 222.39   349.55 359.90   211.49 221.85   217.08 227.43   210.81 221.17
2023-06-09   211.14 221.50   211.11 221.48   348.63 358.99   210.57 220.93   216.15 226.52   209.89 220.25
2023-06-10   210.21 220.59   210.19 220.56   347.70 358.07   209.64 220.02   215.23 225.60   208.96 219.33
2023-06-11   209.28 219.67   209.26 219.64   346.77 357.15   208.71 219.10   214.30 224.68   208.03 218.42
2023-06-12   208.35 218.75   208.32 218.72   345.84 356.23   207.78 218.18   213.37 223.76   207.10 217.50
2023-06-13   207.42 217.82   207.39 217.80   344.90 355.31   206.85 217.25   212.43 222.84   206.17 216.57
2023-06-14   206.48 216.90   206.45 216.87   343.97 354.39   205.91 216.33   211.50 221.91   205.23 215.65
2023-06-15   205.54 215.97   205.52 215.95   343.03 353.46   204.97 215.40   210.56 220.99   204.29 214.72
2023-06-16   204.60 215.04   204.57 215.02   342.09 352.53   204.03 214.47   209.62 220.06   203.35 213.79
2023-06-17   203.66 214.11   203.63 214.09   341.14 351.60   203.09 213.54   208.67 219.13   202.41 212.86
2023-06-18   202.71 213.18   202.69 213.15   340.20 350.67   202.14 212.61   207.73 218.19   201.46 211.93
2023-06-19   201.76 212.24   201.74 212.22   339.25 349.73   201.19 211.67   206.78 217.26   200.51 210.99
2023-06-20   200.81 211.31   200.79 211.28   338.30 348.79   200.24 210.74   205.83 216.32   199.56 210.06
2023-06-21   199.86 210.37   199.83 210.34   337.35 347.85   199.29 209.80   204.88 215.38   198.61 209.12
2023-06-22   198.91 209.42   198.88 209.40   336.39 346.91   198.34 208.85   203.92 214.44   197.65 208.17
2023-06-23   197.95 208.48   197.92 208.45   335.44 345.97   197.38 207.91   202.96 213.50   196.70 207.23
2023-06-24   196.99 207.53   196.96 207.51   334.48 345.02   196.42 206.96   202.00 212.55   195.74 206.28
2023-06-25   196.03 206.58   196.00 206.56   333.51 344.07   195.46 206.01   201.04 211.60   194.77 205.33
2023-06-26   195.06 205.63   195.03 205.61   332.55 343.12   194.49 205.06   200.08 210.65   193.81 204.38
2023-06-27   194.09 204.68   194.07 204.65   331.58 342.17   193.52 204.11   199.11 209.69   192.84 203.43
2023-06-28   193.12 203.72   193.10 203.69   330.61 341.21   192.55 203.15   198.14 208.74   191.87 202.47
2023-06-29   192.15 202.76   192.12 202.74   329.64 340.25   191.58 202.19   197.16 207.78   190.90 201.51
2023-06-30   191.17 201.80   191.15 201.77   328.66 339.29   190.60 201.23   196.19 206.82   189.92 200.55
2023-07-01   190.20 200.84   190.17 200.81   327.68 338.32   189.63 200.27   195.21 205.85   188.95 199.59
2023-07-02   189.22 199.87   189.19 199.84   326.70 337.36   188.65 199.30   194.23 204.88   187.97 198.62
2023-07-03   188.23 198.90   188.21 198.87   325.72 336.39   187.66 198.33   193.25 203.92   186.98 197.65
2023-07-04   187.25 197.93   187.22 197.90   324.74 335.42   186.68 197.36   192.27 202.94   186.00 196.68
2023-07-05   186.26 196.96   186.24 196.93   323.75 334.44   185.69 196.39   191.28 201.97   185.01 195.70
2023-07-06   185.27 195.98   185.25 195.95   322.76 333.47   184.70 195.41   190.29 200.99   184.02 194.73
2023-07-07   184.28 195.00   184.25 194.97   321.77 332.49   183.71 194.43   189.30 200.02   183.03 193.75
2023-07-08   183.29 194.02   183.26 193.99   320.77 331.51   182.72 193.45   188.30 199.03   182.04 192.77
2023-07-09   182.29 193.04   182.26 193.01   319.78 330.52   181.72 192.47   187.31 198.05   181.04 191.78
2023-07-10   181.29 192.05   181.27 192.02   318.78 329.54   180.72 191.48   186.31 197.07   180.04 190.80
2023-07-11   180.29 191.06   180.27 191.04   317.78 328.55   179.72 190.49   185.31 196.08   179.04 189.81
2023-07-12   179.29 190.07   179.26 190.04   316.78 327.56   178.72 189.50   184.30 195.09   178.04 188.82
2023-07-13   178.28 189.08   178.26 189.05   315.77 326.57   177.71 188.51   183.30 194.09   177.03 187.83
2023-07-14   177.28 188.08   177.25 188.06   314.76 325.57   176.71 187.51   182.29 193.10   176.03 186.83
2023-07-15   176.27 187.09   176.24 187.06   313.76 324.57   175.70 186.52   181.28 192.10   175.02 185.84
2023-07-16   175.26 186.09   175.23 186.06   312.75 323.57   174.69 185.52   180.27 191.10   174.01 184.84
2023-07-17   174.25 185.09   174.22 185.06   311.73 322.57   173.68 184.52   179.26 190.10   172.99 183.83
2023-07-18   173.23 184.08   173.20 184.06   310.72 321.57   172.66 183.51   178.25 189.10   171.98 182.83
2023-07-19   172.22 183.08   172.19 183.05   309.70 320.56   171.65 182.51   177.23 188.09   170.96 181.83
2023-07-20   171.20 182.07   171.17 182.04   308.68 319.56   170.63 181.50   176.21 187.08   169.95 180.82
2023-07-21   170.18 181.06   170.15 181.03   307.67 318.55   169.61 180.49   175.19 186.07   168.93 179.81
2023-07-22   169.16 180.05   169.13 180.02   306.64 317.54   168.59 179.48   174.17 185.06   167.91 178.80
2023-07-23   168.14 179.03   168.11 179.01   305.62 316.52   167.57 178.46   173.15 184.05   166.88 177.78
2023-07-24   167.11 178.02   167.08 177.99   304.60 315.51   166.54 177.45   172.13 183.04   165.86 176.77
2023-07-25   166.09 177.00   166.06 176.98   303.57 314.49   165.52 176.43   171.10 182.02   164.84 175.75
2023-07-26   165.06 175.99   165.03 175.96   302.55 313.47   164.49 175.42   170.08 181.00   163.81 174.73
2023-07-27   164.03 174.97   164.01 174.94   301.52 312.45   163.46 174.40   169.05 179.98   162.78 173.71
2023-07-28   163.00 173.94   162.98 173.92   300.49 311.43   162.43 173.37   168.02 178.96   161.75 172.69
2023-07-29   161.98 172.92   161.95 172.90   299.46 310.41   161.41 172.35   166.99 177.94   160.72 171.67
2023-07-30   160.94 171.90   160.92 171.87   298.43 309.39   160.37 171.33   165.96 176.91   159.69 170.65
2023-07-31   159.91 170.87   159.89 170.85   297.40 308.36   159.34 170.30   164.93 175.89   158.66 169.62
2023-08-01   158.88 169.85   158.86 169.82   296.37 307.33   158.31 169.28   163.90 174.86   157.63 168.60
2023-08-02   157.85 168.82   157.82 168.79   295.34 306.31   157.28 168.25   162.86 173.83   156.60 167.57
2023-08-03   156.82 167.79   156.79 167.76   294.30 305.28   156.25 167.22   161.83 172.81   155.57 166.54
2023-08-04   155.78 166.76   155.76 166.73   293.27 304.25   155.21 166.19   160.80 171.78   154.53 165.51
2023-08-05   154.75 165.73   154.72 165.70   292.24 303.22   154.18 165.16   159.76 170.74   153.50 164.48
2023-08-06   153.71 164.70   153.69 164.67   291.20 302.19   153.14 164.13   158.73 169.71   152.46 163.45
2023-08-07   152.68 163.67   152.65 163.64   290.17 301.15   152.11 163.10   157.69 168.68   151.43 162.42
2023-08-08   151.64 162.63   151.62 162.61   289.13 300.12   151.07 162.06   156.66 167.65   150.39 161.38
2023-08-09   150.61 161.60   150.58 161.57   288.10 299.09   150.04 161.03   155.62 166.62   149.36 160.35
2023-08-10   149.57 160.57   149.55 160.54   287.06 298.05   149.00 160.00   154.59 165.58   148.32 159.32
2023-08-11   148.54 159.53   148.51 159.51   286.03 297.02   147.97 158.96   153.55 164.55   147.29 158.28
2023-08-12   147.51 158.50   147.48 158.47   284.99 295.99   146.94 157.93   152.52 163.51   146.25 157.25
2023-08-13   146.47 157.46   146.44 157.44   283.96 294.95   145.90 156.89   151.49 162.48   145.22 156.21
2023-08-14   145.44 156.43   145.41 156.40   282.92 293.92   144.87 155.86   150.45 161.44   144.19 155.18
2023-08-15   144.40 155.39   144.38 155.37   281.89 292.88   143.83 154.82   149.42 160.41   143.15 154.14
2023-08-16   143.37 154.36   143.34 154.33   280.86 291.85   142.80 153.79   148.39 159.37   142.12 153.11
2023-08-17   142.34 153.32   142.31 153.30   279.82 290.81   141.77 152.75   147.35 158.34   141.09 152.07
2023-08-18   141.31 152.29   141.28 152.26   278.79 289.78   140.74 151.72   146.32 157.30   140.05 151.04
2023-08-19   140.27 151.25   140.25 151.23   277.76 288.74   139.70 150.68   145.29 156.27   139.02 150.00
2023-08-20   139.24 150.22   139.22 150.19   276.73 287.71   138.67 149.65   144.26 155.24   137.99 148.97
2023-08-21   138.21 149.19   138.19 149.16   275.70 286.67   137.64 148.62   143.23 154.20   136.96 147.94
2023-08-22   137.19 148.15   137.16 148.13   274.67 285.64   136.62 147.58   142.20 153.17   135.94 146.90
2023-08-23   136.16 147.12   136.13 147.09   273.65 284.61   135.59 146.55   141.17 152.14   134.91 145.87
2023-08-24   135.13 146.09   135.11 146.06   272.62 283.58   134.56 145.52   140.15 151.10   133.88 144.84
2023-08-25   134.11 145.06   134.08 145.03   271.60 282.55   133.54 144.49   139.12 150.07   132.86 143.81
2023-08-26   133.08 144.03   133.06 144.00   270.57 281.51   132.51 143.46   138.10 149.04   131.83 142.78
2023-08-27   132.06 143.00   132.03 142.97   269.55 280.49   131.49 142.43   137.08 148.01   130.81 141.75
2023-08-28   131.04 141.97   131.01 141.94   268.53 279.46   130.47 141.40   136.06 146.98   129.79 140.72
2023-08-29   130.02 140.94   129.99 140.92   267.51 278.43   129.45 140.37   135.04 145.96   128.77 139.69
2023-08-30   129.00 139.92   128.98 139.89   266.49 277.40   128.43 139.35   134.02 144.93   127.75 138.67
2023-08-31   127.99 138.89   127.96 138.86   265.47 276.38   127.42 138.32   133.00 143.91   126.74 137.64
2023-09-01   126.97 137.87   126.94 137.84   264.46 275.35   126.40 137.30   131.99 142.88   125.72 136.62
2023-09-02   125.96 136.84   125.93 136.82   263.44 274.33   125.39 136.27   130.97 141.86   124.71 135.59
2023-09-03   124.95 135.82   124.92 135.80   262.43 273.31   124.38 135.25   129.96 140.84   123.69 134.57
2023-09-04   123.94 134.80   123.91 134.78   261.42 272.29   123.37 134.23   128.95 139.82   122.68 133.55
2023-09-05   122.93 133.78   122.90 133.76   260.41 271.27   122.36 133.21   127.94 138.80   121.68 132.53
2023-09-06   121.92 132.77   121.89 132.74   259.41 270.26   121.35 132.20   126.94 137.78   120.67 131.52
2023-09-07   120.92 131.75   120.89 131.73   258.40 269.24   120.35 131.18   125.93 136.77   119.67 130.50
2023-09-08   119.91 130.74   119.89 130.71   257.40 268.23   119.34 130.17   124.93 135.75   118.66 129.49
2023-09-09   118.91 129.73   118.89 129.70   256.40 267.21   118.34 129.16   123.93 134.74   117.66 128.48
2023-09-10   117.91 128.72   117.89 128.69   255.40 266.20   117.34 128.15   122.93 133.73   116.66 127.47
2023-09-11   116.92 127.71   116.89 127.68   254.40 265.19   116.35 127.14   121.93 132.72   115.67 126.46
2023-09-12   115.92 126.70   115.90 126.67   253.41 264.19   115.35 126.13   120.94 131.72   114.67 125.45
2023-09-13   114.93 125.70   114.90 125.67   252.42 263.18   114.36 125.13   119.94 130.71   113.68 124.44
2023-09-14   113.94 124.69   113.91 124.67   251.43 262.18   113.37 124.12   118.95 129.71   112.69 123.44
2023-09-15   112.95 123.69   112.92 123.66   250.44 261.18   112.38 123.12   117.96 128.71   111.70 122.44
2023-09-16   111.96 122.69   111.94 122.66   249.45 260.18   111.39 122.12   116.98 127.71   110.71 121.44
2023-09-17   110.98 121.69   110.95 121.67   248.47 259.18   110.41 121.12   115.99 126.71   109.73 120.44
2023-09-18   109.99 120.70   109.97 120.67   247.48 258.18   109.42 120.13   115.01 125.71   108.74 119.45
2023-09-19   109.01 119.70   108.99 119.68   246.50 257.19   108.44 119.13   114.03 124.72   107.76 118.45
2023-09-20   108.04 118.71   108.01 118.68   245.52 256.20   107.47 118.14   113.05 123.73   106.78 117.46
2023-09-21   107.06 117.72   107.03 117.69   244.55 255.21   106.49 117.15   112.07 122.74   105.81 116.47
2023-09-22   106.08 116.73   106.06 116.71   243.57 254.22   105.51 116.16   111.10 121.75   104.83 115.48
2023-09-23   105.11 115.75   105.08 115.72   242.60 253.23   104.54 115.18   110.13 120.76   103.86 114.50
2023-09-24   104.14 114.76   104.11 114.74   241.63 252.25   103.57 114.19   109.16 119.78   102.89 113.51
2023-09-25   103.17 113.78   103.14 113.75   240.66 251.27   102.60 113.21   108.19 118.80   101.92 112.53
2023-09-26   102.20 112.80   102.18 112.77   239.69 250.29   101.63 112.23   107.22 117.82   100.95 111.55
2023-09-27   101.24 111.82   101.21 111.80   238.73 249.31   100.67 111.25   106.25 116.84    99.99 110.57
2023-09-28   100.28 110.85   100.25 110.82   237.76 248.33    99.71 110.28   105.29 115.86    99.03 109.59
2023-09-29    99.31 109.87    99.29 109.84   236.80 247.36    98.74 109.30   104.33 114.89    98.06 108.62
2023-09-30    98.36 108.90    98.33 108.87   235.84 246.39    97.79 108.33   103.37 113.91    97.10 107.65
2023-10-01    97.40 107.93    97.37 107.90   234.89 245.41    96.83 107.36   102.41 112.94    96.15 106.68
2023-10-02    96.44 106.96    96.42 106.93   233.93 244.45    95.87 106.39   101.46 111.97    95.19 105.71
2023-10-03    95.49 105.99    95.46 105.96   232.97 243.48    94.92 105.42   100.50 111.01    94.24 104.74
2023-10-04    94.54 105.03    94.51 105.00   232.02 242.51    93.97 104.46    99.55 110.04    93.28 103.77
2023-10-05    93.58 104.06    93.56 104.04   231.07 241.55    93.01 103.49    98.60 109.08    92.33 102.81
2023-10-06    92.64 103.10    92.61 103.07   230.12 240.59    92.07 102.53    97.65 108.12    91.38 101.85
2023-10-07    91.69 102.14    91.66 102.11   229.17 239.63    91.12 101.57    96.70 107.16    90.44 100.89
2023-10-08    90.74 101.18    90.71 101.16   228.23 238.67    90.17 100.61    95.76 106.20    89.49  99.93
2023-10-09    89.80 100.23    89.77 100.20   227.28 237.71    89.23  99.66    94.81 105.24    88.55  98.97
2023-10-10    88.85  99.27    88.83  99.24   226.34 236.76    88.28  98.70    93.87 104.29    87.60  98.02
2023-10-11    87.91  98.32    87.88  98.29   225.40 235.80    87.34  97.75    92.93 103.33    86.66  97.07
2023-10-12    86.97  97.36    86.94  97.34   224.46 234.85    86.40  96.79    91.99 102.38    85.72  96.11
2023-10-13    86.03  96.41    86.00  96.39   223.52 233.90    85.46  95.84    91.05 101.43    84.78  95.16
2023-10-14    85.09  95.47    85.07  95.44   222.58 232.95    84.52  94.90    90.11 100.48    83.84  94.21
2023-10-15    84.16  94.52    84.13  94.49   221.64 232.00    83.59  93.95    89.17  99.53    82.91  93.27
2023-10-16    83.22  93.57    83.19  93.54   220.71 231.06    82.65  93.00    88.24  98.59    81.97  92.32
2023-10-17    82.29  92.63    82.26  92.60   219.77 230.11    81.72  92.06    87.30  97.64    81.03  91.38
2023-10-18    81.35  91.68    81.32  91.66   218.84 229.17    80.78  91.11    86.37  96.70    80.10  90.43
2023-10-19    80.42  90.74    80.39  90.71   217.91 228.23    79.85  90.17    85.43  95.75    79.17  89.49
2023-10-20    79.49  89.80    79.46  89.77   216.97 227.29    78.92  89.23    84.50  94.81    78.24  88.55
2023-10-21    78.55  88.86    78.53  88.83   216.04 226.35    77.98  88.29    83.57  93.87    77.30  87.61
2023-10-22    77.62  87.92    77.60  87.89   215.11 225.41    77.05  87.35    82.64  92.93    76.37  86.67
2023-10-23    76.69  86.98    76.67  86.95   214.18 224.47    76.12  86.41    81.71  92.00    75.44  85.73
2023-10-24    75.76  86.04    75.74  86.02   213.25 223.53    75.19  85.47    80.78  91.06    74.51  84.79
2023-10-25    74.83  85.11    74.81  85.08   212.32 222.59    74.26  84.54    79.85  90.12    73.58  83.85
2023-10-26    73.91  84.17    73.88  84.14   211.39 221.66    73.34  83.60    78.92  89.18    72.66  82.92
2023-10-27    72.98  83.23    72.95  83.21   210.46 220.72    72.41  82.66    77.99  88.25    71.73  81.98
2023-10-28    72.05  82.30    72.02  82.27   209.54 219.79    71.48  81.73    77.06  87.32    70.80  81.05
2023-10-29    71.12  81.37    71.10  81.34   208.61 218.85    70.55  80.80    76.14  86.38    69.87  80.12
2023-10-30    70.19  80.43    70.17  80.41   207.68 217.92    69.62  79.86    75.21  85.45    68.94  79.18
2023-10-31    69.27  79.50    69.24  79.47   206.75 216.99    68.70  78.93    74.28  84.51    68.02  78.25
2023-11-01    68.34  78.57    68.31  78.54   205.83 216.05    67.77  78.00    73.35  83.58    67.09  77.32
2023-11-02    67.41  77.63    67.38  77.61   204.90 215.12    66.84  77.06    72.43  82.65    66.16  76.38
2023-11-03    66.48  76.70    66.46  76.68   203.97 214.19    65.91  76.13    71.50  81.72    65.23  75.45
2023-11-04    65.55  75.77    65.53  75.74   203.04 213.26    64.98  75.20    70.57  80.79    64.30  74.52
2023-11-05    64.63  74.84    64.60  74.81   202.11 212.33    64.06  74.27    69.64  79.85    63.38  73.59
2023-11-06    63.70  73.91    63.67  73.88   201.18 211.39    63.13  73.34    68.71  78.92    62.45  72.66
2023-11-07    62.77  72.97    62.74  72.95   200.26 210.46    62.20  72.40    67.78  77.99    61.52  71.72
2023-11-08    61.84  72.04    61.81  72.02   199.33 209.53    61.27  71.47    66.85  77.06    60.59  70.79
2023-11-09    60.91  71.11    60.88  71.08   198.39 208.60    60.34  70.54    65.92  76.13    59.66  69.86
2023-11-10    59.98  70.18    59.95  70.15   197.46 207.66    59.41  69.61    64.99  75.19    58.73  68.93
2023-11-11    59.04  69.24    59.02  69.22   196.53 206.73    58.47  68.67    64.06  74.26    57.79  67.99
2023-11-12    58.11  68.31    58.08  68.28   195.60 205.80    57.54  67.74    63.13  73.33    56.86  67.06
2023-11-13    57.18  67.38    57.15  67.35   194.66 204.86    56.61  66.81    62.19  72.39    55.93  66.13
2023-11-14    56.24  66.44    56.22  66.42   193.73 203.93    55.67  65.87    61.26  71.46    54.99  65.19
2023-11-15    55.31  65.51    55.28  65.48   192.79 203.00    54.74  64.94    60.32  70.52    54.06  64.26
2023-11-16    54.37  64.57    54.34  64.55   191.86 202.06    53.80  64.00    59.39  69.59    53.12  63.32
2023-11-17    53.43  63.64    53.41  63.61   190.92 201.12    52.86  63.07    58.45  68.65    52.18  62.39
2023-11-18    52.49  62.70    52.47  62.67   189.98 200.19    51.92  62.13    57.51  67.71    51.24  61.45
2023-11-19    51.55  61.76    51.53  61.73   189.04 199.25    50.98  61.19    56.57  66.78    50.30  60.51
2023-11-20    50.77  60.66    50.75  60.63   188.26 198.14    50.20  60.09    55.79  65.67    49.52  59.41
2023-11-21    50.06  59.48    50.04  59.46   187.55 196.97    49.49  58.91    55.08  64.50    48.81  58.23
2023-11-22    49.35  58.31    49.32  58.28   186.84 195.80    48.78  57.74    54.37  63.32    48.10  57.06
2023-11-23    48.64  57.13    48.61  57.11   186.12 194.62    48.07  56.56    53.65  62.15    47.39  55.88
2023-11-24    47.92  55.96    47.89  55.93   185.41 193.44    47.35  55.39    52.94  60.97    46.67  54.71
2023-11-25    47.20  54.78    47.18  54.75   184.69 192.27    46.63  54.21    52.22  59.79    45.95  53.53
2023-11-26    46.48  53.60    46.45  53.57   183.97 191.09    45.91  53.03    51.50  58.62    45.23  52.35
