
       Target
                ecliptic
RA      Dec     latitude
293.171  45.066  65.201

Checked interval [2020-01-01, 2023-12-31]
|           Window [days]                 |    Normal V3 PA [deg]    |
   Start           End         Duration         Start         End         RA            Dec     
 2020-04-19      2020-11-16       211.00     258.53966      56.31473     293.17132      45.06559 
 2021-04-19      2021-11-16       211.00     258.80839      56.56033     293.17132      45.06559 
 2022-04-19      2022-11-16       211.00     259.07522      56.79767     293.17132      45.06559 
 2023-04-20      2023-11-17       211.00     258.45994      56.10189     293.17132      45.06559 


                V3PA          NIRCam           NIRSpec         NIRISS           MIRI          FGS
   Date      min    max      min    max       min    max     min    max      min    max      min    max

2020-04-20   254.84 262.06   254.81 262.04    32.33  39.55   254.27 261.49   259.85 267.08   253.59 260.81
2020-04-21   253.70 261.43   253.68 261.41    31.19  38.92   253.13 260.86   258.72 266.45   252.45 260.18
2020-04-22   252.57 260.80   252.55 260.77    30.06  38.29   252.00 260.23   257.59 265.82   251.32 259.55
2020-04-23   251.44 260.17   251.41 260.15    28.93  37.66   250.87 259.60   256.46 265.19   250.19 258.92
2020-04-24   250.31 259.55   250.28 259.52    27.80  37.03   249.74 258.98   255.32 264.56   249.06 258.29
2020-04-25   249.18 258.92   249.15 258.89    26.67  36.41   248.61 258.35   254.19 263.94   247.93 257.67
2020-04-26   248.07 258.28   248.04 258.25    25.56  35.76   247.50 257.71   253.08 263.29   246.82 257.03
2020-04-27   247.19 257.40   247.17 257.37    24.68  34.89   246.62 256.83   252.21 262.42   245.94 256.15
2020-04-28   246.32 256.52   246.29 256.50    23.81  34.01   245.75 255.95   251.33 261.54   245.07 255.27
2020-04-29   245.45 255.65   245.42 255.62    22.93  33.14   244.88 255.08   250.46 260.66   244.20 254.40
2020-04-30   244.57 254.77   244.55 254.75    22.06  32.26   244.00 254.20   249.59 259.79   243.32 253.52
2020-05-01   243.70 253.90   243.67 253.87    21.19  31.39   243.13 253.33   248.72 258.92   242.45 252.65
2020-05-02   242.83 253.03   242.80 253.00    20.31  30.51   242.26 252.46   247.84 258.04   241.58 251.78
2020-05-03   241.95 252.15   241.93 252.13    19.44  29.64   241.38 251.58   246.97 257.17   240.70 250.90
2020-05-04   241.08 251.28   241.06 251.26    18.57  28.77   240.51 250.71   246.10 256.30   239.83 250.03
2020-05-05   240.21 250.41   240.18 250.39    17.70  27.90   239.64 249.84   245.22 255.43   238.96 249.16
2020-05-06   239.34 249.54   239.31 249.51    16.82  27.03   238.77 248.97   244.35 254.56   238.09 248.29
2020-05-07   238.46 248.67   238.44 248.64    15.95  26.16   237.89 248.10   243.48 253.68   237.21 247.42
2020-05-08   237.59 247.80   237.56 247.77    15.08  25.29   237.02 247.23   242.60 252.81   236.34 246.55
2020-05-09   236.71 246.93   236.69 246.90    14.20  24.41   236.14 246.36   241.73 251.94   235.46 245.68
2020-05-10   235.84 246.06   235.81 246.03    13.33  23.54   235.27 245.49   240.86 251.07   234.59 244.81
2020-05-11   234.96 245.18   234.94 245.16    12.45  22.67   234.39 244.61   239.98 250.20   233.71 243.93
2020-05-12   234.09 244.31   234.06 244.29    11.58  21.80   233.52 243.74   239.10 249.33   232.84 243.06
2020-05-13   233.21 243.44   233.18 243.41    10.70  20.93   232.64 242.87   238.23 248.46   231.96 242.19
2020-05-14   232.33 242.57   232.31 242.54     9.82  20.06   231.76 242.00   237.35 247.58   231.08 241.32
2020-05-15   231.45 241.70   231.43 241.67     8.94  19.18   230.88 241.13   236.47 246.71   230.20 240.44
2020-05-16   230.57 240.82   230.55 240.79     8.06  18.31   230.00 240.25   235.59 245.84   229.32 239.57
2020-05-17   229.69 239.95   229.66 239.92     7.18  17.43   229.12 239.38   234.71 244.96   228.44 238.70
2020-05-18   228.81 239.07   228.78 239.04     6.29  16.56   228.24 238.50   233.82 244.09   227.56 237.82
2020-05-19   227.92 238.19   227.90 238.17     5.41  15.68   227.35 237.62   232.94 243.21   226.67 236.94
2020-05-20   227.04 237.32   227.01 237.29     4.52  14.80   226.47 236.75   232.05 242.33   225.79 236.07
2020-05-21   226.15 236.44   226.12 236.41     3.64  13.93   225.58 235.87   231.16 241.45   224.90 235.19
2020-05-22   225.26 235.56   225.23 235.53     2.75  13.05   224.69 234.99   230.27 240.57   224.01 234.31
2020-05-23   224.37 234.68   224.34 234.65     1.85  12.16   223.80 234.11   229.38 239.69   223.12 233.43
2020-05-24   223.47 233.79   223.45 233.77     0.96  11.28   222.90 233.22   228.49 238.81   222.22 232.54
2020-05-25   222.58 232.91   222.55 232.88     0.07  10.40   222.01 232.34   227.59 237.92   221.33 231.66
2020-05-26   221.68 232.02   221.66 232.00   359.17   9.51   221.11 231.45   226.70 237.04   220.43 230.77
2020-05-27   220.78 231.14   220.76 231.11   358.27   8.62   220.21 230.57   225.80 236.15   219.53 229.88
2020-05-28   219.88 230.25   219.85 230.22   357.37   7.73   219.31 229.68   224.90 235.26   218.63 228.99
2020-05-29   218.98 229.35   218.95 229.33   356.46   6.84   218.41 228.78   223.99 234.37   217.73 228.10
2020-05-30   218.07 228.46   218.04 228.43   355.56   5.95   217.50 227.89   223.09 233.48   216.82 227.21
2020-05-31   217.16 227.56   217.14 227.54   354.65   5.05   216.59 226.99   222.18 232.58   215.91 226.31
2020-06-01   216.25 226.67   216.22 226.64   353.74   4.15   215.68 226.10   221.27 231.68   215.00 225.42
2020-06-02   215.34 225.77   215.31 225.74   352.82   3.25   214.77 225.20   220.35 230.78   214.09 224.52
2020-06-03   214.42 224.87   214.39 224.84   351.91   2.35   213.85 224.30   219.44 229.88   213.17 223.61
2020-06-04   213.50 223.96   213.47 223.93   350.99   1.45   212.93 223.39   218.52 228.98   212.25 222.71
2020-06-05   212.58 223.05   212.55 223.03   350.07   0.54   212.01 222.48   217.59 228.07   211.33 221.80
2020-06-06   211.66 222.14   211.63 222.12   349.14 359.63   211.09 221.57   216.67 227.16   210.40 220.89
2020-06-07   210.73 221.23   210.70 221.21   348.21 358.72   210.16 220.66   215.74 226.25   209.48 219.98
2020-06-08   209.80 220.32   209.77 220.29   347.28 357.80   209.23 219.75   214.81 225.33   208.55 219.07
2020-06-09   208.86 219.40   208.84 219.37   346.35 356.89   208.29 218.83   213.88 224.41   207.61 218.15
2020-06-10   207.93 218.48   207.90 218.45   345.41 355.97   207.36 217.91   212.94 223.49   206.68 217.23
2020-06-11   206.99 217.56   206.96 217.53   344.48 355.04   206.42 216.99   212.00 222.57   205.74 216.31
2020-06-12   206.05 216.63   206.02 216.60   343.53 354.12   205.48 216.06   211.06 221.65   204.79 215.38
2020-06-13   205.10 215.70   205.07 215.67   342.59 353.19   204.53 215.13   210.11 220.72   203.85 214.45
2020-06-14   204.15 214.77   204.12 214.74   341.64 352.26   203.58 214.20   209.17 219.78   202.90 213.52
2020-06-15   203.20 213.83   203.17 213.81   340.69 351.32   202.63 213.26   208.21 218.85   201.95 212.58
2020-06-16   202.24 212.90   202.22 212.87   339.73 350.38   201.67 212.33   207.26 217.91   200.99 211.65
2020-06-17   201.28 211.95   201.26 211.93   338.77 349.44   200.71 211.38   206.30 216.97   200.03 210.70
2020-06-18   200.32 211.01   200.30 210.98   337.81 348.50   199.75 210.44   205.34 216.03   199.07 209.76
2020-06-19   199.36 210.06   199.33 210.04   336.84 347.55   198.79 209.49   204.37 215.08   198.11 208.81
2020-06-20   198.39 209.11   198.36 209.08   335.88 346.60   197.82 208.54   203.40 214.13   197.14 207.86
2020-06-21   197.42 208.16   197.39 208.13   334.90 345.64   196.85 207.59   202.43 213.17   196.16 206.91
2020-06-22   196.44 207.20   196.41 207.17   333.93 344.69   195.87 206.63   201.46 212.21   195.19 205.95
2020-06-23   195.46 206.24   195.43 206.21   332.95 343.73   194.89 205.67   200.48 211.25   194.21 204.99
2020-06-24   194.48 205.27   194.45 205.25   331.97 342.76   193.91 204.70   199.49 210.29   193.23 204.02
2020-06-25   193.49 204.31   193.47 204.28   330.98 341.79   192.92 203.74   198.51 209.32   192.24 203.05
2020-06-26   192.50 203.33   192.48 203.31   329.99 340.82   191.93 202.76   197.52 208.35   191.25 202.08
2020-06-27   191.51 202.36   191.49 202.33   329.00 339.85   190.94 201.79   196.53 207.37   190.26 201.11
2020-06-28   190.52 201.38   190.49 201.35   328.00 338.87   189.95 200.81   195.53 206.40   189.27 200.13
2020-06-29   189.52 200.40   189.49 200.37   327.00 337.89   188.95 199.83   194.53 205.41   188.27 199.15
2020-06-30   188.51 199.41   188.49 199.39   326.00 336.90   187.94 198.84   193.53 204.43   187.26 198.16
2020-07-01   187.51 198.43   187.48 198.40   325.00 335.91   186.94 197.86   192.52 203.44   186.26 197.17
2020-07-02   186.50 197.43   186.47 197.41   323.99 334.92   185.93 196.86   191.52 202.45   185.25 196.18
2020-07-03   185.49 196.44   185.46 196.41   322.98 333.93   184.92 195.87   190.50 201.45   184.24 195.19
2020-07-04   184.47 195.44   184.45 195.41   321.96 332.93   183.90 194.87   189.49 200.46   183.22 194.19
2020-07-05   183.46 194.44   183.43 194.41   320.94 331.93   182.89 193.87   188.47 199.45   182.20 193.19
2020-07-06   182.43 193.43   182.41 193.41   319.92 330.92   181.86 192.86   187.45 198.45   181.18 192.18
2020-07-07   181.41 192.42   181.38 192.40   318.90 329.91   180.84 191.85   186.43 197.44   180.16 191.17
2020-07-08   180.38 191.41   180.36 191.39   317.87 328.90   179.81 190.84   185.40 196.43   179.13 190.16
2020-07-09   179.35 190.40   179.33 190.37   316.84 327.88   178.78 189.83   184.37 195.41   178.10 189.15
2020-07-10   178.32 189.38   178.30 189.35   315.81 326.87   177.75 188.81   183.34 194.39   177.07 188.13
2020-07-11   177.29 188.36   177.26 188.33   314.77 325.85   176.72 187.79   182.30 193.37   176.04 187.11
2020-07-12   176.25 187.33   176.22 187.31   313.74 324.82   175.68 186.76   181.26 192.35   175.00 186.08
2020-07-13   175.21 186.31   175.18 186.28   312.70 323.80   174.64 185.74   180.22 191.32   173.96 185.06
2020-07-14   174.17 185.28   174.14 185.25   311.65 322.77   173.60 184.71   179.18 190.29   172.92 184.03
2020-07-15   173.12 184.25   173.10 184.22   310.61 321.73   172.55 183.68   178.14 189.26   171.87 183.00
2020-07-16   172.08 183.21   172.05 183.18   309.56 320.70   171.51 182.64   177.09 188.23   170.82 181.96
2020-07-17   171.03 182.17   171.00 182.15   308.51 319.66   170.46 181.60   176.04 187.19   169.78 180.92
2020-07-18   169.98 181.13   169.95 181.11   307.46 318.62   169.41 180.56   174.99 186.15   168.72 179.88
2020-07-19   168.92 180.09   168.90 180.06   306.41 317.58   168.35 179.52   173.94 185.11   167.67 178.84
2020-07-20   167.87 179.05   167.84 179.02   305.36 316.53   167.30 178.48   172.88 184.06   166.62 177.80
2020-07-21   166.81 178.00   166.79 177.97   304.30 315.49   166.24 177.43   171.83 183.01   165.56 176.75
2020-07-22   165.76 176.95   165.73 176.92   303.24 314.44   165.19 176.38   170.77 181.97   164.51 175.70
2020-07-23   164.70 175.90   164.67 175.87   302.18 313.39   164.13 175.33   169.71 180.92   163.45 174.65
2020-07-24   163.64 174.85   163.61 174.82   301.13 312.34   163.07 174.28   168.65 179.86   162.39 173.60
2020-07-25   162.58 173.79   162.55 173.77   300.06 311.28   162.01 173.22   167.59 178.81   161.33 172.54
2020-07-26   161.52 172.74   161.49 172.71   299.00 310.23   160.95 172.17   166.53 177.75   160.26 171.49
2020-07-27   160.45 171.68   160.43 171.65   297.94 309.17   159.88 171.11   165.47 176.70   159.20 170.43
2020-07-28   159.39 170.62   159.36 170.60   296.88 308.11   158.82 170.05   164.41 175.64   158.14 169.37
2020-07-29   158.33 169.56   158.30 169.54   295.81 307.05   157.76 168.99   163.34 174.58   157.08 168.31
2020-07-30   157.26 168.50   157.24 168.48   294.75 305.99   156.69 167.93   162.28 173.52   156.01 167.25
2020-07-31   156.20 167.44   156.17 167.41   293.69 304.93   155.63 166.87   161.21 172.46   154.95 166.19
2020-08-01   155.13 166.38   155.11 166.35   292.62 303.87   154.56 165.81   160.15 171.39   153.88 165.13
2020-08-02   154.07 165.31   154.04 165.29   291.56 302.80   153.50 164.74   159.09 170.33   152.82 164.06
2020-08-03   153.01 164.25   152.98 164.22   290.49 301.74   152.44 163.68   158.02 169.27   151.76 163.00
2020-08-04   151.94 163.19   151.92 163.16   289.43 300.67   151.37 162.62   156.96 168.20   150.69 161.94
2020-08-05   150.88 162.12   150.85 162.10   288.37 299.61   150.31 161.55   155.89 167.14   149.63 160.87
2020-08-06   149.82 161.06   149.79 161.03   287.30 298.55   149.25 160.49   154.83 166.07   148.57 159.81
2020-08-07   148.76 159.99   148.73 159.97   286.24 297.48   148.19 159.42   153.77 165.01   147.50 158.74
2020-08-08   147.69 158.93   147.67 158.90   285.18 296.42   147.12 158.36   152.71 163.95   146.44 157.68
2020-08-09   146.63 157.87   146.61 157.84   284.12 295.35   146.06 157.30   151.65 162.88   145.38 156.62
2020-08-10   145.57 156.80   145.55 156.78   283.06 294.29   145.00 156.23   150.59 161.82   144.32 155.55
2020-08-11   144.52 155.74   144.49 155.71   282.00 293.23   143.95 155.17   149.53 160.76   143.27 154.49
2020-08-12   143.46 154.68   143.43 154.65   280.95 292.17   142.89 154.11   148.48 159.69   142.21 153.43
2020-08-13   142.40 153.62   142.38 153.59   279.89 291.10   141.83 153.05   147.42 158.63   141.15 152.37
2020-08-14   141.35 152.56   141.32 152.53   278.84 290.04   140.78 151.99   146.37 157.57   140.10 151.31
2020-08-15   140.30 151.50   140.27 151.47   277.79 288.98   139.73 150.93   145.31 156.51   139.05 150.25
2020-08-16   139.25 150.44   139.22 150.41   276.74 287.93   138.68 149.87   144.26 155.45   138.00 149.19
2020-08-17   138.20 149.38   138.17 149.35   275.69 286.87   137.63 148.81   143.22 154.40   136.95 148.13
2020-08-18   137.15 148.32   137.13 148.30   274.64 285.81   136.58 147.75   142.17 153.34   135.90 147.07
2020-08-19   136.11 147.27   136.08 147.24   273.60 284.76   135.54 146.70   141.12 152.29   134.86 146.02
2020-08-20   135.07 146.22   135.04 146.19   272.55 283.71   134.50 145.65   140.08 151.23   133.82 144.97
2020-08-21   134.03 145.17   134.00 145.14   271.51 282.65   133.46 144.60   139.04 150.18   132.78 143.92
2020-08-22   132.99 144.12   132.96 144.09   270.48 281.60   132.42 143.55   138.00 149.13   131.74 142.87
2020-08-23   131.95 143.07   131.93 143.04   269.44 280.56   131.38 142.50   136.97 148.09   130.70 141.82
2020-08-24   130.92 142.02   130.89 142.00   268.41 279.51   130.35 141.45   135.94 147.04   129.67 140.77
2020-08-25   129.89 140.98   129.86 140.95   267.38 278.47   129.32 140.41   134.91 146.00   128.64 139.73
2020-08-26   128.86 139.94   128.84 139.91   266.35 277.43   128.29 139.37   133.88 144.95   127.61 138.69
2020-08-27   127.84 138.90   127.81 138.87   265.32 276.39   127.27 138.33   132.85 143.92   126.59 137.65
2020-08-28   126.81 137.86   126.79 137.84   264.30 275.35   126.24 137.29   131.83 142.88   125.56 136.61
2020-08-29   125.80 136.83   125.77 136.80   263.28 274.32   125.23 136.26   130.81 141.84   124.54 135.58
2020-08-30   124.78 135.80   124.75 135.77   262.27 273.28   124.21 135.23   129.79 140.81   123.53 134.55
2020-08-31   123.76 134.77   123.74 134.74   261.25 272.25   123.19 134.20   128.78 139.78   122.51 133.52
2020-09-01   122.75 133.74   122.73 133.71   260.24 271.23   122.18 133.17   127.77 138.76   121.50 132.49
2020-09-02   121.74 132.72   121.72 132.69   259.23 270.20   121.17 132.15   126.76 137.73   120.49 131.47
2020-09-03   120.74 131.69   120.71 131.67   258.23 269.18   120.17 131.12   125.75 136.71   119.49 130.44
2020-09-04   119.74 130.68   119.71 130.65   257.22 268.16   119.17 130.11   124.75 135.69   118.49 129.42
2020-09-05   118.74 129.66   118.71 129.63   256.22 267.15   118.17 129.09   123.75 134.67   117.49 128.41
2020-09-06   117.74 128.65   117.71 128.62   255.23 266.13   117.17 128.08   122.76 133.66   116.49 127.40
2020-09-07   116.75 127.64   116.72 127.61   254.23 265.12   116.18 127.07   121.76 132.65   115.50 126.38
2020-09-08   115.76 126.63   115.73 126.60   253.24 264.11   115.19 126.06   120.77 131.64   114.51 125.38
2020-09-09   114.77 125.62   114.74 125.60   252.26 263.11   114.20 125.05   119.78 130.64   113.52 124.37
2020-09-10   113.78 124.62   113.76 124.59   251.27 262.11   113.21 124.05   118.80 129.64   112.53 123.37
2020-09-11   112.80 123.62   112.78 123.60   250.29 261.11   112.23 123.05   117.82 128.64   111.55 122.37
2020-09-12   111.82 122.63   111.80 122.60   249.31 260.11   111.25 122.06   116.84 127.64   110.57 121.37
2020-09-13   110.85 121.63   110.82 121.61   248.34 259.12   110.28 121.06   115.86 126.65   109.60 120.38
2020-09-14   109.88 120.64   109.85 120.62   247.36 258.13   109.31 120.07   114.89 125.66   108.63 119.39
2020-09-15   108.91 119.66   108.88 119.63   246.39 257.14   108.34 119.09   113.92 124.67   107.66 118.40
2020-09-16   107.94 118.67   107.91 118.64   245.43 256.16   107.37 118.10   112.96 123.69   106.69 117.42
2020-09-17   106.98 117.69   106.95 117.66   244.46 255.18   106.41 117.12   111.99 122.70   105.73 116.44
2020-09-18   106.02 116.71   105.99 116.68   243.50 254.20   105.45 116.14   111.03 121.73   104.76 115.46
2020-09-19   105.06 115.74   105.03 115.71   242.55 253.22   104.49 115.17   110.07 120.75   103.81 114.48
2020-09-20   104.10 114.76   104.08 114.74   241.59 252.25   103.53 114.19   109.12 119.78   102.85 113.51
2020-09-21   103.15 113.79   103.12 113.77   240.64 251.28   102.58 113.22   108.17 118.81   101.90 112.54
2020-09-22   102.20 112.83   102.17 112.80   239.69 250.31   101.63 112.26   107.22 117.84   100.95 111.58
2020-09-23   101.25 111.86   101.23 111.84   238.74 249.35   100.68 111.29   106.27 116.88   100.00 110.61
2020-09-24   100.31 110.90   100.28 110.87   237.80 248.39    99.74 110.33   105.32 115.92    99.06 109.65
2020-09-25    99.37 109.94    99.34 109.92   236.86 247.43    98.80 109.37   104.38 114.96    98.12 108.69
2020-09-26    98.43 108.99    98.40 108.96   235.92 246.47    97.86 108.42   103.44 114.00    97.18 107.74
2020-09-27    97.49 108.03    97.47 108.01   234.98 245.52    96.92 107.46   102.51 113.05    96.24 106.78
2020-09-28    96.56 107.08    96.53 107.06   234.04 244.57    95.99 106.51   101.57 112.10    95.31 105.83
2020-09-29    95.63 106.14    95.60 106.11   233.11 243.62    95.06 105.57   100.64 111.15    94.37 104.88
2020-09-30    94.70 105.19    94.67 105.16   232.18 242.68    94.13 104.62    99.71 110.21    93.45 103.94
2020-10-01    93.77 104.25    93.74 104.22   231.26 241.73    93.20 103.68    98.78 109.26    92.52 103.00
2020-10-02    92.84 103.31    92.82 103.28   230.33 240.79    92.27 102.74    97.86 108.32    91.59 102.06
2020-10-03    91.92 102.37    91.89 102.34   229.41 239.86    91.35 101.80    96.93 107.38    90.67 101.12
2020-10-04    91.00 101.43    90.97 101.41   228.49 238.92    90.43 100.86    96.01 106.45    89.75 100.18
2020-10-05    90.08 100.50    90.05 100.47   227.57 237.99    89.51  99.93    95.09 105.52    88.83  99.25
2020-10-06    89.16  99.57    89.14  99.54   226.65 237.06    88.59  99.00    94.18 104.58    87.91  98.32
2020-10-07    88.25  98.64    88.22  98.61   225.73 236.13    87.68  98.07    93.26 103.65    87.00  97.39
2020-10-08    87.33  97.71    87.31  97.69   224.82 235.20    86.76  97.14    92.35 102.73    86.08  96.46
2020-10-09    86.42  96.79    86.39  96.76   223.91 234.27    85.85  96.22    91.43 101.80    85.17  95.54
2020-10-10    85.51  95.86    85.48  95.84   223.00 233.35    84.94  95.29    90.52 100.88    84.26  94.61
2020-10-11    84.60  94.94    84.57  94.92   222.09 232.43    84.03  94.37    89.61  99.96    83.35  93.69
2020-10-12    83.69  94.02    83.66  94.00   221.18 231.51    83.12  93.45    88.71  99.04    82.44  92.77
2020-10-13    82.78  93.11    82.76  93.08   220.27 230.59    82.21  92.54    87.80  98.12    81.53  91.85
2020-10-14    81.88  92.19    81.85  92.16   219.37 229.68    81.31  91.62    86.89  97.20    80.63  90.94
2020-10-15    80.97  91.27    80.95  91.25   218.46 228.76    80.40  90.70    85.99  96.29    79.72  90.02
2020-10-16    80.07  90.36    80.04  90.33   217.56 227.85    79.50  89.79    85.08  95.38    78.82  89.11
2020-10-17    79.17  89.45    79.14  89.42   216.65 226.94    78.60  88.88    84.18  94.46    77.92  88.20
2020-10-18    78.26  88.54    78.24  88.51   215.75 226.03    77.69  87.97    83.28  93.55    77.01  87.29
2020-10-19    77.36  87.63    77.34  87.60   214.85 225.12    76.79  87.06    82.38  92.64    76.11  86.38
2020-10-20    76.46  86.72    76.44  86.69   213.95 224.21    75.89  86.15    81.48  91.74    75.21  85.47
2020-10-21    75.56  85.81    75.54  85.79   213.05 223.30    74.99  85.24    80.58  90.83    74.31  84.56
2020-10-22    74.66  84.91    74.64  84.88   212.15 222.39    74.09  84.34    79.68  89.92    73.41  83.66
2020-10-23    73.76  84.00    73.74  83.97   211.25 221.49    73.19  83.43    78.78  89.02    72.51  82.75
2020-10-24    72.86  83.10    72.84  83.07   210.35 220.58    72.29  82.53    77.88  88.11    71.61  81.84
2020-10-25    71.97  82.19    71.94  82.16   209.45 219.68    71.40  81.62    76.98  87.21    70.71  80.94
2020-10-26    71.07  81.29    71.04  81.26   208.55 218.77    70.50  80.72    76.08  86.30    69.82  80.04
2020-10-27    70.17  80.38    70.14  80.36   207.66 217.87    69.60  79.81    75.18  85.40    68.92  79.13
2020-10-28    69.27  79.48    69.24  79.45   206.76 216.97    68.70  78.91    74.28  84.50    68.02  78.23
2020-10-29    68.37  78.58    68.34  78.55   205.86 216.07    67.80  78.01    73.38  83.59    67.12  77.33
2020-10-30    67.47  77.68    67.44  77.65   204.96 215.16    66.90  77.11    72.48  82.69    66.22  76.42
2020-10-31    66.57  76.77    66.54  76.75   204.06 214.26    66.00  76.20    71.58  81.79    65.32  75.52
2020-11-01    65.67  75.87    65.64  75.84   203.16 213.36    65.10  75.30    70.68  80.89    64.42  74.62
2020-11-02    64.77  74.97    64.74  74.94   202.25 212.46    64.20  74.40    69.78  79.98    63.52  73.72
2020-11-03    63.86  74.06    63.84  74.04   201.35 211.55    63.29  73.49    68.88  79.08    62.61  72.81
2020-11-04    62.96  73.16    62.94  73.14   200.45 210.65    62.39  72.59    67.98  78.18    61.71  71.91
2020-11-05    62.06  72.26    62.03  72.23   199.54 209.75    61.49  71.69    67.07  77.27    60.81  71.01
2020-11-06    61.15  71.35    61.13  71.33   198.64 208.84    60.58  70.78    66.17  76.37    59.90  70.10
2020-11-07    60.25  70.45    60.22  70.42   197.73 207.94    59.68  69.88    65.26  75.46    59.00  69.20
2020-11-08    59.34  69.54    59.31  69.52   196.83 207.03    58.77  68.97    64.35  74.56    58.09  68.29
2020-11-09    58.43  68.64    58.40  68.61   195.92 206.12    57.86  68.07    63.45  73.65    57.18  67.39
2020-11-10    57.59  67.66    57.57  67.63   195.08 205.14    57.02  67.09    62.61  72.67    56.34  66.41
2020-11-11    56.94  66.49    56.92  66.46   194.43 203.97    56.37  65.92    61.96  71.50    55.69  65.24
2020-11-12    56.29  65.32    56.26  65.29   193.78 202.80    55.72  64.75    61.31  70.33    55.04  64.07
2020-11-13    55.64  64.14    55.61  64.12   193.12 201.63    55.07  63.57    60.65  69.16    54.39  62.89
2020-11-14    54.98  62.97    54.95  62.95   192.47 200.46    54.41  62.40    60.00  67.99    53.73  61.72
2020-11-15    54.32  61.80    54.30  61.77   191.81 199.29    53.75  61.23    59.34  66.81    53.07  60.55
2020-11-16    53.66  60.62    53.63  60.60   191.15 198.11    53.09  60.05    58.68  65.64    52.41  59.37

2021-04-20   255.18 262.26   255.16 262.23    32.67  39.74   254.61 261.69   260.20 267.27   253.93 261.01
2021-04-21   254.05 261.62   254.02 261.60    31.54  39.11   253.48 261.05   259.06 266.64   252.80 260.37
2021-04-22   252.92 260.99   252.89 260.97    30.40  38.48   252.35 260.42   257.93 266.01   251.67 259.74
2021-04-23   251.78 260.36   251.76 260.34    29.27  37.85   251.21 259.79   256.80 265.38   250.53 259.11
2021-04-24   250.65 259.74   250.62 259.71    28.14  37.22   250.08 259.17   255.67 264.75   249.40 258.49
2021-04-25   249.52 259.11   249.49 259.08    27.01  36.60   248.95 258.54   254.53 264.13   248.27 257.86
2021-04-26   248.39 258.49   248.36 258.46    25.88  35.97   247.82 257.92   253.40 263.50   247.14 257.24
2021-04-27   247.46 257.66   247.43 257.64    24.94  35.15   246.89 257.09   252.47 262.68   246.21 256.41
2021-04-28   246.58 256.79   246.56 256.76    24.07  34.28   246.01 256.22   251.60 261.80   245.33 255.54
2021-04-29   245.71 255.91   245.68 255.89    23.20  33.40   245.14 255.34   250.72 260.93   244.46 254.66
2021-04-30   244.83 255.04   244.81 255.01    22.32  32.52   244.26 254.47   249.85 260.05   243.58 253.79
2021-05-01   243.96 254.16   243.93 254.14    21.45  31.65   243.39 253.59   248.98 259.18   242.71 252.91
2021-05-02   243.09 253.29   243.06 253.26    20.58  30.78   242.52 252.72   248.10 258.30   241.84 252.04
2021-05-03   242.21 252.42   242.19 252.39    19.70  29.90   241.64 251.85   247.23 257.43   240.96 251.16
2021-05-04   241.34 251.54   241.32 251.52    18.83  29.03   240.77 250.97   246.36 256.56   240.09 250.29
2021-05-05   240.47 250.67   240.44 250.64    17.96  28.16   239.90 250.10   245.48 255.69   239.22 249.42
2021-05-06   239.59 249.80   239.57 249.77    17.08  27.29   239.02 249.23   244.61 254.81   238.34 248.55
2021-05-07   238.72 248.93   238.69 248.90    16.21  26.41   238.15 248.36   243.74 253.94   237.47 247.68
2021-05-08   237.85 248.05   237.82 248.03    15.33  25.54   237.28 247.48   242.86 253.07   236.60 246.80
2021-05-09   236.97 247.18   236.94 247.16    14.46  24.67   236.40 246.61   241.99 252.20   235.72 245.93
2021-05-10   236.10 246.31   236.07 246.28    13.58  23.80   235.53 245.74   241.11 251.33   234.84 245.06
2021-05-11   235.22 245.44   235.19 245.41    12.71  22.93   234.65 244.87   240.23 250.45   233.97 244.19
2021-05-12   234.34 244.57   234.32 244.54    11.83  22.05   233.77 244.00   239.36 249.58   233.09 243.31
2021-05-13   233.46 243.69   233.44 243.67    10.95  21.18   232.89 243.12   238.48 248.71   232.21 242.44
2021-05-14   232.58 242.82   232.56 242.79    10.07  20.31   232.01 242.25   237.60 247.83   231.33 241.57
2021-05-15   231.70 241.95   231.68 241.92     9.19  19.43   231.13 241.38   236.72 246.96   230.45 240.69
2021-05-16   230.82 241.07   230.80 241.04     8.31  18.56   230.25 240.50   235.84 246.09   229.57 239.82
2021-05-17   229.94 240.20   229.91 240.17     7.43  17.68   229.37 239.63   234.96 245.21   228.69 238.94
2021-05-18   229.06 239.32   229.03 239.29     6.54  16.81   228.49 238.75   234.07 244.33   227.81 238.07
2021-05-19   228.17 238.44   228.14 238.41     5.66  15.93   227.60 237.87   233.19 243.46   226.92 237.19
2021-05-20   227.28 237.56   227.26 237.54     4.77  15.05   226.71 236.99   232.30 242.58   226.03 236.31
2021-05-21   226.40 236.68   226.37 236.66     3.88  14.17   225.83 236.11   231.41 241.70   225.14 235.43
2021-05-22   225.51 235.80   225.48 235.78     2.99  13.29   224.94 235.23   230.52 240.82   224.25 234.55
2021-05-23   224.61 234.92   224.59 234.89     2.10  12.41   224.04 234.35   229.63 239.93   223.36 233.67
2021-05-24   223.72 234.04   223.69 234.01     1.21  11.52   223.15 233.47   228.73 239.05   222.47 232.79
2021-05-25   222.82 233.15   222.80 233.12     0.31  10.64   222.25 232.58   227.84 238.17   221.57 231.90
2021-05-26   221.92 232.26   221.90 232.24   359.41   9.75   221.35 231.69   226.94 237.28   220.67 231.01
2021-05-27   221.02 231.37   221.00 231.35   358.51   8.86   220.45 230.80   226.04 236.39   219.77 230.12
2021-05-28   220.12 230.48   220.10 230.46   357.61   7.97   219.55 229.91   225.14 235.50   218.87 229.23
2021-05-29   219.22 229.59   219.19 229.57   356.70   7.08   218.65 229.02   224.23 234.61   217.97 228.34
2021-05-30   218.31 228.70   218.28 228.67   355.80   6.19   217.74 228.13   223.33 233.71   217.06 227.45
2021-05-31   217.40 227.80   217.37 227.77   354.89   5.29   216.83 227.23   222.42 232.82   216.15 226.55
2021-06-01   216.49 226.90   216.46 226.88   353.98   4.39   215.92 226.33   221.50 231.92   215.24 225.65
2021-06-02   215.57 226.00   215.55 225.98   353.06   3.49   215.00 225.43   220.59 231.02   214.32 224.75
2021-06-03   214.66 225.10   214.63 225.07   352.14   2.59   214.09 224.53   219.67 230.11   213.41 223.85
2021-06-04   213.74 224.19   213.71 224.17   351.22   1.68   213.17 223.62   218.75 229.21   212.49 222.94
2021-06-05   212.81 223.29   212.79 223.26   350.30   0.77   212.24 222.72   217.83 228.30   211.56 222.03
2021-06-06   211.89 222.38   211.86 222.35   349.38 359.86   211.32 221.81   216.90 227.39   210.64 221.12
2021-06-07   210.96 221.46   210.93 221.44   348.45 358.95   210.39 220.89   215.98 226.48   209.71 220.21
2021-06-08   210.03 220.55   210.00 220.52   347.52 358.03   209.46 219.98   215.04 225.56   208.78 219.30
2021-06-09   209.10 219.63   209.07 219.60   346.58 357.12   208.53 219.06   214.11 224.64   207.84 218.38
2021-06-10   208.16 218.71   208.13 218.68   345.65 356.19   207.59 218.14   213.17 223.72   206.91 217.46
2021-06-11   207.22 217.78   207.19 217.76   344.70 355.27   206.65 217.21   212.23 222.80   205.97 216.53
2021-06-12   206.27 216.86   206.25 216.83   343.76 354.34   205.70 216.29   211.29 221.87   205.02 215.61
2021-06-13   205.33 215.93   205.30 215.90   342.81 353.41   204.76 215.36   210.34 220.94   204.08 214.68
2021-06-14   204.38 214.99   204.35 214.97   341.86 352.48   203.81 214.42   209.39 220.01   203.13 213.74
2021-06-15   203.42 214.06   203.40 214.03   340.91 351.55   202.85 213.49   208.44 219.07   202.17 212.81
2021-06-16   202.47 213.12   202.44 213.09   339.96 350.61   201.90 212.55   207.48 218.13   201.22 211.87
2021-06-17   201.51 212.18   201.48 212.15   339.00 349.66   200.94 211.61   206.52 217.19   200.26 210.93
2021-06-18   200.55 211.23   200.52 211.20   338.03 348.72   199.98 210.66   205.56 216.25   199.29 209.98
2021-06-19   199.58 210.28   199.55 210.26   337.07 347.77   199.01 209.71   204.59 215.30   198.33 209.03
2021-06-20   198.61 209.33   198.58 209.30   336.10 346.82   198.04 208.76   203.62 214.35   197.36 208.08
2021-06-21   197.64 208.38   197.61 208.35   335.12 345.86   197.07 207.81   202.65 213.39   196.39 207.12
2021-06-22   196.66 207.42   196.63 207.39   334.15 344.90   196.09 206.85   201.68 212.43   195.41 206.17
2021-06-23   195.68 206.45   195.65 206.43   333.17 343.94   195.11 205.88   200.70 211.47   194.43 205.20
2021-06-24   194.70 205.49   194.67 205.46   332.19 342.98   194.13 204.92   199.71 210.50   193.45 204.24
2021-06-25   193.71 204.52   193.68 204.49   331.20 342.01   193.14 203.95   198.73 209.54   192.46 203.27
2021-06-26   192.72 203.55   192.70 203.52   330.21 341.04   192.15 202.98   197.74 208.56   191.47 202.30
2021-06-27   191.73 202.57   191.70 202.55   329.22 340.06   191.16 202.00   196.74 207.59   190.48 201.32
2021-06-28   190.73 201.59   190.71 201.57   328.22 339.08   190.16 201.02   195.75 206.61   189.48 200.34
2021-06-29   189.73 200.61   189.71 200.59   327.22 338.10   189.16 200.04   194.75 205.63   188.48 199.36
2021-06-30   188.73 199.63   188.70 199.60   326.22 337.11   188.16 199.06   193.75 204.64   187.48 198.38
2021-07-01   187.72 198.64   187.70 198.61   325.21 336.12   187.15 198.07   192.74 203.65   186.47 197.39
2021-07-02   186.71 197.65   186.69 197.62   324.20 335.13   186.14 197.08   191.73 202.66   185.46 196.39
2021-07-03   185.70 196.65   185.68 196.62   323.19 334.14   185.13 196.08   190.72 201.66   184.45 195.40
2021-07-04   184.69 195.65   184.66 195.62   322.17 333.14   184.12 195.08   189.70 200.67   183.44 194.40
2021-07-05   183.67 194.65   183.64 194.62   321.16 332.14   183.10 194.08   188.68 199.66   182.42 193.40
2021-07-06   182.65 193.64   182.62 193.62   320.13 331.13   182.08 193.07   187.66 198.66   181.40 192.39
2021-07-07   181.62 192.63   181.60 192.61   319.11 330.12   181.05 192.06   186.64 197.65   180.37 191.38
2021-07-08   180.60 191.62   180.57 191.60   318.08 329.11   180.03 191.05   185.61 196.64   179.35 190.37
2021-07-09   179.57 190.61   179.54 190.58   317.05 328.09   179.00 190.04   184.58 195.62   178.32 189.36
2021-07-10   178.53 189.59   178.51 189.56   316.02 327.08   177.96 189.02   183.55 194.60   177.28 188.34
2021-07-11   177.50 188.57   177.47 188.54   314.99 326.06   176.93 188.00   182.51 193.58   176.25 187.32
2021-07-12   176.46 187.54   176.43 187.52   313.95 325.03   175.89 186.97   181.48 192.56   175.21 186.29
2021-07-13   175.42 186.52   175.40 186.49   312.91 324.01   174.85 185.95   180.44 191.53   174.17 185.27
2021-07-14   174.38 185.49   174.35 185.46   311.87 322.98   173.81 184.92   179.39 190.50   173.13 184.24
2021-07-15   173.34 184.46   173.31 184.43   310.82 321.94   172.77 183.89   178.35 189.47   172.08 183.21
2021-07-16   172.29 183.42   172.26 183.40   309.78 320.91   171.72 182.85   177.30 188.44   171.04 182.17
2021-07-17   171.24 182.39   171.21 182.36   308.73 319.87   170.67 181.82   176.26 187.40   169.99 181.13
2021-07-18   170.19 181.35   170.16 181.32   307.68 318.83   169.62 180.78   175.21 186.36   168.94 180.10
2021-07-19   169.14 180.30   169.11 180.28   306.63 317.79   168.57 179.73   174.15 185.32   167.89 179.05
2021-07-20   168.09 179.26   168.06 179.23   305.57 316.75   167.52 178.69   173.10 184.28   166.83 178.01
2021-07-21   167.03 178.22   167.00 178.19   304.52 315.70   166.46 177.65   172.05 183.23   165.78 176.96
2021-07-22   165.97 177.17   165.95 177.14   303.46 314.65   165.40 176.60   170.99 182.18   164.72 175.92
2021-07-23   164.92 176.12   164.89 176.09   302.40 313.61   164.35 175.55   169.93 181.13   163.67 174.87
2021-07-24   163.86 175.07   163.83 175.04   301.35 312.55   163.29 174.50   168.87 180.08   162.61 173.82
2021-07-25   162.80 174.01   162.77 173.99   300.29 311.50   162.23 173.44   167.81 179.03   161.55 172.76
2021-07-26   161.74 172.96   161.71 172.93   299.23 310.45   161.17 172.39   166.75 177.97   160.49 171.71
2021-07-27   160.68 171.90   160.65 171.88   298.17 309.39   160.11 171.33   165.69 176.92   159.43 170.65
2021-07-28   159.62 170.85   159.59 170.82   297.10 308.33   159.05 170.28   164.63 175.86   158.37 169.60
2021-07-29   158.55 169.79   158.53 169.76   296.04 307.28   157.98 169.22   163.57 174.80   157.30 168.54
2021-07-30   157.49 168.73   157.46 168.70   294.98 306.22   156.92 168.16   162.51 173.74   156.24 167.48
2021-07-31   156.43 167.67   156.40 167.64   293.92 305.16   155.86 167.10   161.44 172.68   155.18 166.42
2021-08-01   155.37 166.61   155.34 166.58   292.85 304.10   154.80 166.04   160.38 171.62   154.12 165.36
2021-08-02   154.30 165.55   154.28 165.52   291.79 303.03   153.73 164.98   159.32 170.56   153.05 164.30
2021-08-03   153.24 164.48   153.21 164.46   290.73 301.97   152.67 163.91   158.26 169.50   151.99 163.23
2021-08-04   152.18 163.42   152.15 163.40   289.67 300.91   151.61 162.85   157.19 168.44   150.93 162.17
2021-08-05   151.12 162.36   151.09 162.33   288.60 299.85   150.55 161.79   156.13 167.38   149.87 161.11
2021-08-06   150.06 161.30   150.03 161.27   287.54 298.78   149.49 160.73   155.07 166.31   148.81 160.05
2021-08-07   149.00 160.23   148.97 160.21   286.48 297.72   148.43 159.66   154.01 165.25   147.75 158.98
2021-08-08   147.94 159.17   147.91 159.15   285.42 296.66   147.37 158.60   152.95 164.19   146.69 157.92
2021-08-09   146.88 158.11   146.85 158.08   284.37 295.60   146.31 157.54   151.89 163.13   145.63 156.86
2021-08-10   145.82 157.05   145.79 157.02   283.31 294.54   145.25 156.48   150.84 162.06   144.57 155.80
2021-08-11   144.76 155.99   144.74 155.96   282.25 293.47   144.19 155.42   149.78 161.00   143.51 154.74
2021-08-12   143.71 154.93   143.68 154.90   281.20 292.41   143.14 154.36   148.72 159.94   142.46 153.68
2021-08-13   142.66 153.87   142.63 153.84   280.14 291.35   142.09 153.30   147.67 158.88   141.40 152.62
2021-08-14   141.60 152.81   141.58 152.78   279.09 290.30   141.03 152.24   146.62 157.82   140.35 151.56
2021-08-15   140.55 151.75   140.53 151.72   278.04 289.24   139.98 151.18   145.57 156.77   139.30 150.50
2021-08-16   139.50 150.69   139.48 150.67   276.99 288.18   138.93 150.12   144.52 155.71   138.25 149.44
2021-08-17   138.46 149.64   138.43 149.61   275.94 287.13   137.89 149.07   143.47 154.65   137.21 148.39
2021-08-18   137.41 148.58   137.39 148.56   274.90 286.07   136.84 148.01   142.43 153.60   136.16 147.33
2021-08-19   136.37 147.53   136.34 147.50   273.86 285.02   135.80 146.96   141.38 152.55   135.12 146.28
2021-08-20   135.33 146.48   135.30 146.45   272.82 283.97   134.76 145.91   140.34 151.49   134.08 145.23
2021-08-21   134.29 145.43   134.26 145.40   271.78 282.92   133.72 144.86   139.30 150.44   133.04 144.18
2021-08-22   133.25 144.38   133.23 144.36   270.74 281.87   132.68 143.81   138.27 149.40   132.00 143.13
2021-08-23   132.22 143.34   132.19 143.31   269.71 280.82   131.65 142.77   137.23 148.35   130.97 142.08
2021-08-24   131.19 142.29   131.16 142.27   268.67 279.78   130.62 141.72   136.20 147.31   129.94 141.04
2021-08-25   130.16 141.25   130.13 141.22   267.65 278.74   129.59 140.68   135.17 146.26   128.91 140.00
2021-08-26   129.13 140.21   129.10 140.18   266.62 277.70   128.56 139.64   134.15 145.22   127.88 138.96
2021-08-27   128.11 139.17   128.08 139.15   265.59 276.66   127.54 138.60   133.12 144.19   126.86 137.92
2021-08-28   127.09 138.14   127.06 138.11   264.57 275.62   126.52 137.57   132.10 143.15   125.83 136.89
2021-08-29   126.07 137.10   126.04 137.08   263.55 274.59   125.50 136.53   131.08 142.12   124.82 135.85
2021-08-30   125.05 136.07   125.02 136.05   262.54 273.56   124.48 135.50   130.07 141.09   123.80 134.82
2021-08-31   124.04 135.04   124.01 135.02   261.52 272.53   123.47 134.47   129.05 140.06   122.79 133.79
2021-09-01   123.03 134.02   123.00 133.99   260.51 271.51   122.46 133.45   128.04 139.03   121.78 132.77
2021-09-02   122.02 132.99   121.99 132.97   259.51 270.48   121.45 132.42   127.03 138.01   120.77 131.74
2021-09-03   121.01 131.97   120.99 131.95   258.50 269.46   120.44 131.40   126.03 136.99   119.76 130.72
2021-09-04   120.01 130.96   119.99 130.93   257.50 268.44   119.44 130.39   125.03 135.97   118.76 129.70
2021-09-05   119.01 129.94   118.99 129.91   256.50 267.43   118.44 129.37   124.03 134.96   117.76 128.69
2021-09-06   118.02 128.93   117.99 128.90   255.51 266.42   117.45 128.36   123.03 133.94   116.77 127.68
2021-09-07   117.03 127.92   117.00 127.89   254.51 265.41   116.46 127.35   122.04 132.93   115.77 126.67
2021-09-08   116.04 126.91   116.01 126.88   253.52 264.40   115.47 126.34   121.05 131.93   114.79 125.66
2021-09-09   115.05 125.91   115.02 125.88   252.54 263.39   114.48 125.34   120.06 130.92   113.80 124.66
2021-09-10   114.07 124.91   114.04 124.88   251.55 262.39   113.50 124.34   119.08 129.92   112.81 123.65
2021-09-11   113.08 123.91   113.06 123.88   250.57 261.39   112.51 123.34   118.10 128.92   111.83 122.66
2021-09-12   112.11 122.91   112.08 122.89   249.59 260.40   111.54 122.34   117.12 127.93   110.86 121.66
2021-09-13   111.13 121.92   111.10 121.89   248.62 259.41   110.56 121.35   116.15 126.93   109.88 120.67
2021-09-14   110.16 120.93   110.13 120.90   247.65 258.42   109.59 120.36   115.17 125.94   108.91 119.68
2021-09-15   109.19 119.94   109.16 119.92   246.68 257.43   108.62 119.37   114.21 124.96   107.94 118.69
2021-09-16   108.22 118.96   108.20 118.93   245.71 256.45   107.65 118.39   113.24 123.97   106.97 117.71
2021-09-17   107.26 117.98   107.23 117.95   244.75 255.46   106.69 117.41   112.28 122.99   106.01 116.73
2021-09-18   106.30 117.00   106.27 116.97   243.79 254.49   105.73 116.43   111.32 122.01   105.05 115.75
2021-09-19   105.34 116.02   105.32 116.00   242.83 253.51   104.77 115.45   110.36 121.04   104.09 114.77
2021-09-20   104.39 115.05   104.36 115.03   241.87 252.54   103.82 114.48   109.40 120.07   103.14 113.80
2021-09-21   103.44 114.08   103.41 114.06   240.92 251.57   102.87 113.51   108.45 119.10   102.18 112.83
2021-09-22   102.49 113.12   102.46 113.09   239.97 250.60   101.92 112.55   107.50 118.13   101.23 111.86
2021-09-23   101.54 112.15   101.51 112.12   239.03 249.64   100.97 111.58   106.55 117.17   100.29 110.90
2021-09-24   100.59 111.19   100.57 111.16   238.08 248.68   100.02 110.62   105.61 116.21    99.34 109.94
2021-09-25    99.65 110.23    99.63 110.21   237.14 247.72    99.08 109.66   104.67 115.25    98.40 108.98
2021-09-26    98.71 109.28    98.69 109.25   236.20 246.76    98.14 108.71   103.73 114.29    97.46 108.02
2021-09-27    97.78 108.32    97.75 108.30   235.26 245.81    97.21 107.75   102.79 113.34    96.53 107.07
2021-09-28    96.84 107.37    96.82 107.35   234.33 244.86    96.27 106.80   101.86 112.39    95.59 106.12
2021-09-29    95.91 106.42    95.88 106.40   233.40 243.91    95.34 105.85   100.92 111.44    94.66 105.17
2021-09-30    94.98 105.48    94.95 105.45   232.47 242.97    94.41 104.91    99.99 110.49    93.73 104.23
2021-10-01    94.05 104.54    94.03 104.51   231.54 242.02    93.48 103.97    99.07 109.55    92.80 103.28
2021-10-02    93.13 103.59    93.10 103.57   230.61 241.08    92.56 103.02    98.14 108.61    91.88 102.34
2021-10-03    92.20 102.66    92.18 102.63   229.69 240.14    91.63 102.09    97.22 107.67    90.95 101.41
2021-10-04    91.28 101.72    91.25 101.69   228.77 239.21    90.71 101.15    96.30 106.74    90.03 100.47
2021-10-05    90.36 100.79    90.33 100.76   227.85 238.27    89.79 100.22    95.38 105.80    89.11  99.54
2021-10-06    89.44  99.85    89.42  99.83   226.93 237.34    88.87  99.28    94.46 104.87    88.19  98.60
2021-10-07    88.53  98.92    88.50  98.90   226.01 236.41    87.96  98.35    93.54 103.94    87.28  97.67
2021-10-08    87.61  98.00    87.59  97.97   225.10 235.48    87.04  97.43    92.63 103.01    86.36  96.75
2021-10-09    86.70  97.07    86.67  97.04   224.19 234.56    86.13  96.50    91.71 102.09    85.45  95.82
2021-10-10    85.79  96.15    85.76  96.12   223.28 233.63    85.22  95.58    90.80 101.16    84.54  94.90
2021-10-11    84.88  95.23    84.85  95.20   222.37 232.71    84.31  94.66    89.89 100.24    83.63  93.97
2021-10-12    83.97  94.30    83.94  94.28   221.46 231.79    83.40  93.73    88.98  99.32    82.72  93.05
2021-10-13    83.06  93.39    83.04  93.36   220.55 230.87    82.49  92.82    88.08  98.40    81.81  92.14
2021-10-14    82.16  92.47    82.13  92.44   219.64 229.96    81.59  91.90    87.17  97.48    80.90  91.22
2021-10-15    81.25  91.55    81.22  91.53   218.74 229.04    80.68  90.98    86.26  96.57    80.00  90.30
2021-10-16    80.35  90.64    80.32  90.61   217.83 228.13    79.78  90.07    85.36  95.65    79.09  89.39
2021-10-17    79.44  89.73    79.42  89.70   216.93 227.21    78.87  89.16    84.46  94.74    78.19  88.48
2021-10-18    78.54  88.81    78.51  88.79   216.03 226.30    77.97  88.24    83.55  93.83    77.29  87.56
2021-10-19    77.64  87.90    77.61  87.88   215.12 225.39    77.07  87.33    82.65  92.92    76.39  86.65
2021-10-20    76.74  86.99    76.71  86.97   214.22 224.48    76.17  86.42    81.75  92.01    75.48  85.74
2021-10-21    75.83  86.09    75.81  86.06   213.32 223.57    75.26  85.52    80.85  91.10    74.58  84.84
2021-10-22    74.93  85.18    74.91  85.15   212.42 222.67    74.36  84.61    79.95  90.19    73.68  83.93
2021-10-23    74.03  84.27    74.01  84.25   211.52 221.76    73.46  83.70    79.05  89.29    72.78  83.02
2021-10-24    73.13  83.37    73.11  83.34   210.62 220.85    72.56  82.80    78.15  88.38    71.88  82.12
2021-10-25    72.23  82.46    72.21  82.43   209.72 219.95    71.66  81.89    77.25  87.48    70.98  81.21
2021-10-26    71.33  81.56    71.31  81.53   208.82 219.04    70.76  80.99    76.35  86.57    70.08  80.31
2021-10-27    70.43  80.65    70.41  80.63   207.92 218.14    69.86  80.08    75.45  85.67    69.18  79.40
2021-10-28    69.53  79.75    69.51  79.72   207.02 217.23    68.96  79.18    74.55  84.76    68.28  78.50
2021-10-29    68.63  78.84    68.61  78.82   206.12 216.33    68.06  78.27    73.65  83.86    67.38  77.59
2021-10-30    67.73  77.94    67.71  77.91   205.22 215.43    67.16  77.37    72.75  82.96    66.48  76.69
2021-10-31    66.83  77.04    66.81  77.01   204.32 214.52    66.26  76.47    71.85  82.05    65.58  75.79
2021-11-01    65.93  76.13    65.90  76.11   203.42 213.62    65.36  75.56    70.95  81.15    64.68  74.88
2021-11-02    65.03  75.23    65.00  75.20   202.52 212.72    64.46  74.66    70.04  80.24    63.78  73.98
2021-11-03    64.12  74.32    64.10  74.30   201.61 211.81    63.55  73.75    69.14  79.34    62.87  73.07
2021-11-04    63.22  73.42    63.19  73.39   200.71 210.91    62.65  72.85    68.24  78.44    61.97  72.17
2021-11-05    62.32  72.52    62.29  72.49   199.80 210.00    61.75  71.95    67.33  77.53    61.06  71.27
2021-11-06    61.41  71.61    61.38  71.58   198.90 209.10    60.84  71.04    66.42  76.63    60.16  70.36
2021-11-07    60.50  70.70    60.48  70.68   197.99 208.19    59.93  70.13    65.52  75.72    59.25  69.45
2021-11-08    59.59  69.80    59.57  69.77   197.08 207.29    59.02  69.23    64.61  74.81    58.34  68.55
2021-11-09    58.68  68.89    58.66  68.86   196.17 206.38    58.11  68.32    63.70  73.91    57.43  67.64
2021-11-10    57.77  67.98    57.75  67.96   195.26 205.47    57.20  67.41    62.79  73.00    56.52  66.73
2021-11-11    57.12  66.82    57.09  66.79   194.60 204.30    56.55  66.25    62.13  71.83    55.86  65.57
2021-11-12    56.46  65.65    56.44  65.62   193.95 203.13    55.89  65.08    61.48  70.66    55.21  64.39
2021-11-13    55.81  64.47    55.78  64.45   193.29 201.96    55.24  63.90    60.82  69.49    54.56  63.22
2021-11-14    55.15  63.30    55.12  63.27   192.64 200.79    54.58  62.73    60.17  68.31    53.90  62.05
2021-11-15    54.49  62.12    54.46  62.10   191.98 199.61    53.92  61.55    59.51  67.14    53.24  60.87
2021-11-16    53.83  60.95    53.80  60.92   191.32 198.44    53.26  60.38    58.84  65.96    52.58  59.70

2022-04-20   255.53 262.45   255.50 262.42    33.01  39.94   254.96 261.88   260.54 267.46   254.27 261.20
2022-04-21   254.39 261.81   254.36 261.79    31.88  39.30   253.82 261.24   259.40 266.83   253.14 260.56
2022-04-22   253.25 261.18   253.23 261.16    30.74  38.67   252.68 260.61   258.27 266.20   252.00 259.93
2022-04-23   252.12 260.55   252.09 260.53    29.61  38.04   251.55 259.98   257.14 265.57   250.87 259.30
2022-04-24   250.99 259.93   250.96 259.90    28.47  37.41   250.42 259.36   256.00 264.94   249.74 258.68
2022-04-25   249.85 259.30   249.83 259.27    27.34  36.79   249.28 258.73   254.87 264.32   248.60 258.05
2022-04-26   248.72 258.68   248.70 258.65    26.21  36.16   248.15 258.11   253.74 263.69   247.47 257.42
2022-04-27   247.72 257.92   247.69 257.90    25.20  35.41   247.15 257.35   252.73 262.94   246.47 256.67
2022-04-28   246.84 257.05   246.81 257.02    24.33  34.53   246.27 256.48   251.86 262.06   245.59 255.80
2022-04-29   245.97 256.17   245.94 256.14    23.45  33.66   245.40 255.60   250.98 261.18   244.72 254.92
2022-04-30   245.09 255.29   245.07 255.27    22.58  32.78   244.52 254.72   250.11 260.31   243.84 254.04
2022-05-01   244.22 254.42   244.19 254.39    21.70  31.91   243.65 253.85   249.23 259.43   242.97 253.17
2022-05-02   243.34 253.54   243.32 253.52    20.83  31.03   242.77 252.97   248.36 258.56   242.09 252.29
2022-05-03   242.47 252.67   242.44 252.64    19.96  30.16   241.90 252.10   247.48 257.68   241.22 251.42
2022-05-04   241.59 251.79   241.57 251.77    19.08  29.28   241.02 251.22   246.61 256.81   240.34 250.54
2022-05-05   240.72 250.92   240.69 250.89    18.21  28.41   240.15 250.35   245.74 255.94   239.47 249.67
2022-05-06   239.85 250.05   239.82 250.02    17.33  27.54   239.28 249.48   244.86 255.06   238.59 248.80
2022-05-07   238.97 249.18   238.94 249.15    16.46  26.66   238.40 248.61   243.99 254.19   237.72 247.92
2022-05-08   238.09 248.30   238.07 248.28    15.58  25.79   237.52 247.73   243.11 253.32   236.84 247.05
2022-05-09   237.22 247.43   237.19 247.40    14.71  24.92   236.65 246.86   242.23 252.44   235.97 246.18
2022-05-10   236.34 246.56   236.32 246.53    13.83  24.04   235.77 245.99   241.36 251.57   235.09 245.31
2022-05-11   235.46 245.68   235.44 245.66    12.95  23.17   234.89 245.11   240.48 250.70   234.21 244.43
2022-05-12   234.59 244.81   234.56 244.78    12.07  22.30   234.02 244.24   239.60 249.82   233.34 243.56
2022-05-13   233.71 243.94   233.68 243.91    11.19  21.42   233.14 243.37   238.72 248.95   232.46 242.68
2022-05-14   232.83 243.06   232.80 243.03    10.31  20.55   232.26 242.49   237.84 248.08   231.58 241.81
2022-05-15   231.95 242.19   231.92 242.16     9.43  19.67   231.38 241.62   236.96 247.20   230.70 240.93
2022-05-16   231.06 241.31   231.04 241.28     8.55  18.80   230.49 240.74   236.08 246.32   229.81 240.06
2022-05-17   230.18 240.43   230.15 240.41     7.67  17.92   229.61 239.86   235.20 245.45   228.93 239.18
2022-05-18   229.30 239.56   229.27 239.53     6.78  17.04   228.73 238.99   234.31 244.57   228.04 238.30
2022-05-19   228.41 238.68   228.38 238.65     5.90  16.16   227.84 238.11   233.42 243.69   227.16 237.43
2022-05-20   227.52 237.80   227.49 237.77     5.01  15.28   226.95 237.23   232.54 242.81   226.27 236.55
2022-05-21   226.63 236.92   226.60 236.89     4.12  14.40   226.06 236.35   231.65 241.93   225.38 235.67
2022-05-22   225.74 236.03   225.71 236.01     3.23  13.52   225.17 235.46   230.75 241.05   224.49 234.78
2022-05-23   224.85 235.15   224.82 235.12     2.33  12.64   224.28 234.58   229.86 240.17   223.60 233.90
2022-05-24   223.95 234.27   223.92 234.24     1.44  11.75   223.38 233.70   228.97 239.28   222.70 233.01
2022-05-25   223.05 233.38   223.03 233.35     0.54  10.87   222.48 232.81   228.07 238.39   221.80 232.13
2022-05-26   222.15 232.49   222.13 232.46   359.64   9.98   221.58 231.92   227.17 237.51   220.90 231.24
2022-05-27   221.25 231.60   221.23 231.57   358.74   9.09   220.68 231.03   226.27 236.62   220.00 230.35
2022-05-28   220.35 230.71   220.32 230.68   357.84   8.20   219.78 230.14   225.37 235.72   219.10 229.46
2022-05-29   219.44 229.82   219.42 229.79   356.93   7.30   218.87 229.25   224.46 234.83   218.19 228.57
2022-05-30   218.54 228.92   218.51 228.89   356.02   6.41   217.97 228.35   223.55 233.94   217.29 227.67
2022-05-31   217.63 228.02   217.60 228.00   355.11   5.51   217.06 227.45   222.64 233.04   216.37 226.77
2022-06-01   216.71 227.12   216.69 227.10   354.20   4.61   216.14 226.55   221.73 232.14   215.46 225.87
2022-06-02   215.80 226.22   215.77 226.20   353.28   3.71   215.23 225.65   220.81 231.24   214.55 224.97
2022-06-03   214.88 225.32   214.85 225.29   352.37   2.81   214.31 224.75   219.89 230.33   213.63 224.07
2022-06-04   213.96 224.41   213.93 224.38   351.44   1.90   213.39 223.84   218.97 229.43   212.71 223.16
2022-06-05   213.03 223.50   213.01 223.48   350.52   0.99   212.46 222.93   218.05 228.52   211.78 222.25
2022-06-06   212.11 222.59   212.08 222.56   349.59   0.08   211.54 222.02   217.12 227.61   210.86 221.34
2022-06-07   211.18 221.68   211.15 221.65   348.67 359.16   210.61 221.11   216.19 226.69   209.93 220.43
2022-06-08   210.25 220.76   210.22 220.73   347.73 358.25   209.68 220.19   215.26 225.78   208.99 219.51
2022-06-09   209.31 219.84   209.28 219.81   346.80 357.33   208.74 219.27   214.33 224.86   208.06 218.59
2022-06-10   208.37 218.92   208.35 218.89   345.86 356.41   207.80 218.35   213.39 223.93   207.12 217.67
2022-06-11   207.43 217.99   207.40 217.97   344.92 355.48   206.86 217.42   212.45 223.01   206.18 216.74
2022-06-12   206.49 217.07   206.46 217.04   343.97 354.55   205.92 216.50   211.50 222.08   205.24 215.81
2022-06-13   205.54 216.13   205.51 216.11   343.03 353.62   204.97 215.56   210.55 221.15   204.29 214.88
2022-06-14   204.59 215.20   204.56 215.17   342.07 352.69   204.02 214.63   209.60 220.22   203.34 213.95
2022-06-15   203.63 214.26   203.61 214.24   341.12 351.75   203.06 213.69   208.65 219.28   202.38 213.01
2022-06-16   202.68 213.32   202.65 213.30   340.16 350.81   202.11 212.75   207.69 218.34   201.43 212.07
2022-06-17   201.72 212.38   201.69 212.35   339.20 349.87   201.15 211.81   206.73 217.40   200.46 211.13
2022-06-18   200.75 211.43   200.73 211.41   338.24 348.92   200.18 210.86   205.77 216.45   199.50 210.18
2022-06-19   199.78 210.48   199.76 210.46   337.27 347.97   199.21 209.91   204.80 215.50   198.53 209.23
2022-06-20   198.81 209.53   198.79 209.51   336.30 347.02   198.24 208.96   203.83 214.55   197.56 208.28
2022-06-21   197.84 208.58   197.81 208.55   335.33 346.06   197.27 208.01   202.86 213.59   196.59 207.33
2022-06-22   196.86 207.62   196.84 207.59   334.35 345.10   196.29 207.05   201.88 212.63   195.61 206.37
2022-06-23   195.88 206.65   195.86 206.63   333.37 344.14   195.31 206.08   200.90 211.67   194.63 205.40
2022-06-24   194.90 205.69   194.87 205.66   332.39 343.18   194.33 205.12   199.91 210.70   193.65 204.44
2022-06-25   193.91 204.72   193.89 204.69   331.40 342.21   193.34 204.15   198.93 209.73   192.66 203.47
2022-06-26   192.92 203.75   192.90 203.72   330.41 341.23   192.35 203.18   197.94 208.76   191.67 202.50
2022-06-27   191.93 202.77   191.90 202.74   329.42 340.26   191.36 202.20   196.94 207.79   190.68 201.52
2022-06-28   190.93 201.79   190.90 201.76   328.42 339.28   190.36 201.22   195.95 206.81   189.68 200.54
2022-06-29   189.93 200.81   189.90 200.78   327.42 338.30   189.36 200.24   194.95 205.82   188.68 199.56
2022-06-30   188.93 199.82   188.90 199.80   326.42 337.31   188.36 199.25   193.94 204.84   187.68 198.57
2022-07-01   187.92 198.83   187.90 198.81   325.41 336.32   187.35 198.26   192.94 203.85   186.67 197.58
2022-07-02   186.91 197.84   186.89 197.81   324.40 335.33   186.34 197.27   191.93 202.86   185.66 196.59
2022-07-03   185.90 196.84   185.87 196.82   323.39 334.33   185.33 196.27   190.91 201.86   184.65 195.59
2022-07-04   184.88 195.85   184.86 195.82   322.37 333.33   184.31 195.28   189.90 200.86   183.63 194.59
2022-07-05   183.87 194.84   183.84 194.82   321.35 332.33   183.30 194.27   188.88 199.86   182.62 193.59
2022-07-06   182.84 193.84   182.82 193.81   320.33 331.33   182.27 193.27   187.86 198.85   181.59 192.59
2022-07-07   181.82 192.83   181.79 192.80   319.31 330.32   181.25 192.26   186.84 197.84   180.57 191.58
2022-07-08   180.79 191.82   180.77 191.79   318.28 329.31   180.22 191.25   185.81 196.83   179.54 190.57
2022-07-09   179.76 190.80   179.74 190.78   317.25 328.29   179.19 190.23   184.78 195.82   178.51 189.55
2022-07-10   178.73 189.79   178.71 189.76   316.22 327.27   178.16 189.22   183.75 194.80   177.48 188.53
2022-07-11   177.70 188.77   177.67 188.74   315.19 326.25   177.13 188.20   182.71 193.78   176.45 187.51
2022-07-12   176.66 187.74   176.63 187.72   314.15 325.23   176.09 187.17   181.68 192.76   175.41 186.49
2022-07-13   175.62 186.72   175.60 186.69   313.11 324.20   175.05 186.15   180.64 191.73   174.37 185.47
2022-07-14   174.58 185.69   174.55 185.66   312.07 323.18   174.01 185.12   179.60 190.70   173.33 184.44
2022-07-15   173.54 184.66   173.51 184.63   311.03 322.14   172.97 184.09   178.55 189.67   172.29 183.41
2022-07-16   172.49 183.62   172.47 183.60   309.98 321.11   171.92 183.05   177.51 188.64   171.24 182.37
2022-07-17   171.45 182.59   171.42 182.56   308.93 320.08   170.88 182.02   176.46 187.60   170.19 181.34
2022-07-18   170.40 181.55   170.37 181.52   307.88 319.04   169.83 180.98   175.41 186.57   169.15 180.30
2022-07-19   169.35 180.51   169.32 180.48   306.83 318.00   168.78 179.94   174.36 185.52   168.10 179.26
2022-07-20   168.29 179.47   168.27 179.44   305.78 316.95   167.72 178.90   173.31 184.48   167.04 178.22
2022-07-21   167.24 178.42   167.21 178.40   304.73 315.91   166.67 177.85   172.26 183.44   165.99 177.17
2022-07-22   166.19 177.38   166.16 177.35   303.67 314.86   165.62 176.81   171.20 182.39   164.94 176.13
2022-07-23   165.13 176.33   165.10 176.30   302.62 313.82   164.56 175.76   170.15 181.34   163.88 175.08
2022-07-24   164.07 175.28   164.05 175.25   301.56 312.77   163.50 174.71   169.09 180.29   162.82 174.03
2022-07-25   163.02 174.23   162.99 174.20   300.50 311.71   162.45 173.66   168.03 179.24   161.76 172.98
2022-07-26   161.96 173.17   161.93 173.15   299.44 310.66   161.39 172.60   166.97 178.19   160.71 171.92
2022-07-27   160.90 172.12   160.87 172.09   298.38 309.61   160.33 171.55   165.91 177.14   159.65 170.87
2022-07-28   159.84 171.07   159.81 171.04   297.32 308.55   159.27 170.50   164.85 176.08   158.59 169.81
2022-07-29   158.78 170.01   158.75 169.98   296.26 307.50   158.21 169.44   163.79 175.02   157.53 168.76
2022-07-30   157.72 168.95   157.69 168.93   295.20 306.44   157.15 168.38   162.73 173.97   156.47 167.70
2022-07-31   156.66 167.89   156.63 167.87   294.14 305.38   156.09 167.32   161.67 172.91   155.40 166.64
2022-08-01   155.59 166.84   155.57 166.81   293.08 304.32   155.02 166.27   160.61 171.85   154.34 165.58
2022-08-02   154.53 165.78   154.51 165.75   292.02 303.26   153.96 165.21   159.55 170.79   153.28 164.52
2022-08-03   153.47 164.72   153.45 164.69   290.96 302.20   152.90 164.15   158.49 169.73   152.22 163.47
2022-08-04   152.41 163.66   152.39 163.63   289.90 301.14   151.84 163.09   157.43 168.67   151.16 162.40
2022-08-05   151.35 162.60   151.33 162.57   288.84 300.08   150.78 162.03   156.37 167.61   150.10 161.34
2022-08-06   150.29 161.53   150.27 161.51   287.78 299.02   149.72 160.96   155.31 166.55   149.04 160.28
2022-08-07   149.24 160.47   149.21 160.45   286.72 297.96   148.67 159.90   154.25 165.49   147.99 159.22
2022-08-08   148.18 159.41   148.15 159.39   285.67 296.90   147.61 158.84   153.19 164.43   146.93 158.16
2022-08-09   147.12 158.35   147.09 158.33   284.61 295.84   146.55 157.78   152.14 163.37   145.87 157.10
2022-08-10   146.07 157.29   146.04 157.27   283.55 294.78   145.50 156.72   151.08 162.31   144.82 156.04
2022-08-11   145.01 156.23   144.98 156.21   282.50 293.72   144.44 155.66   150.03 161.25   143.76 154.98
2022-08-12   143.96 155.18   143.93 155.15   281.45 292.66   143.39 154.61   148.97 160.19   142.71 153.92
2022-08-13   142.91 154.12   142.88 154.09   280.39 291.61   142.34 153.55   147.92 159.13   141.66 152.87
2022-08-14   141.86 153.06   141.83 153.03   279.34 290.55   141.29 152.49   146.87 158.08   140.61 151.81
2022-08-15   140.81 152.00   140.78 151.98   278.29 289.49   140.24 151.43   145.82 157.02   139.56 150.75
2022-08-16   139.76 150.95   139.73 150.92   277.25 288.44   139.19 150.38   144.78 155.97   138.51 149.70
2022-08-17   138.71 149.90   138.69 149.87   276.20 287.38   138.14 149.33   143.73 154.91   137.46 148.65
2022-08-18   137.67 148.84   137.65 148.82   275.16 286.33   137.10 148.27   142.69 153.86   136.42 147.59
2022-08-19   136.63 147.79   136.60 147.77   274.12 285.28   136.06 147.22   141.65 152.81   135.38 146.54
2022-08-20   135.59 146.74   135.56 146.72   273.08 284.23   135.02 146.17   140.61 151.76   134.34 145.49
2022-08-21   134.55 145.70   134.53 145.67   272.04 283.18   133.98 145.13   139.57 150.71   133.30 144.44
2022-08-22   133.52 144.65   133.49 144.62   271.01 282.14   132.95 144.08   138.53 149.66   132.27 143.40
2022-08-23   132.49 143.60   132.46 143.58   269.97 281.09   131.92 143.03   137.50 148.62   131.24 142.35
2022-08-24   131.46 142.56   131.43 142.54   268.94 280.05   130.89 141.99   136.47 147.58   130.20 141.31
2022-08-25   130.43 141.52   130.40 141.49   267.92 279.01   129.86 140.95   135.44 146.54   129.18 140.27
2022-08-26   129.40 140.48   129.38 140.46   266.89 277.97   128.83 139.91   134.42 145.50   128.15 139.23
2022-08-27   128.38 139.45   128.35 139.42   265.87 276.93   127.81 138.88   133.39 144.46   127.13 138.20
2022-08-28   127.36 138.41   127.33 138.39   264.85 275.90   126.79 137.84   132.37 143.43   126.11 137.16
2022-08-29   126.34 137.38   126.32 137.35   263.83 274.87   125.77 136.81   131.36 142.40   125.09 136.13
2022-08-30   125.33 136.35   125.30 136.32   262.81 273.84   124.76 135.78   130.34 141.37   124.08 135.10
2022-08-31   124.31 135.32   124.29 135.30   261.80 272.81   123.74 134.75   129.33 140.34   123.06 134.07
2022-09-01   123.31 134.30   123.28 134.27   260.79 271.79   122.74 133.73   128.32 139.31   122.05 133.05
2022-09-02   122.30 133.28   122.27 133.25   259.79 270.76   121.73 132.71   127.31 138.29   121.05 132.03
2022-09-03   121.30 132.26   121.27 132.23   258.78 269.74   120.73 131.69   126.31 137.27   120.04 131.01
2022-09-04   120.29 131.24   120.27 131.21   257.78 268.73   119.72 130.67   125.31 136.26   119.04 129.99
2022-09-05   119.30 130.23   119.27 130.20   256.78 267.71   118.73 129.66   124.31 135.24   118.05 128.97
2022-09-06   118.30 129.21   118.27 129.19   255.79 266.70   117.73 128.64   123.32 134.23   117.05 127.96
2022-09-07   117.31 128.20   117.28 128.18   254.80 265.69   116.74 127.63   122.32 133.22   116.06 126.95
2022-09-08   116.32 127.20   116.29 127.17   253.81 264.69   115.75 126.63   121.34 132.21   115.07 125.95
2022-09-09   115.33 126.20   115.31 126.17   252.82 263.68   114.76 125.63   120.35 131.21   114.08 124.94
2022-09-10   114.35 125.19   114.32 125.17   251.84 262.68   113.78 124.62   119.37 130.21   113.10 123.94
2022-09-11   113.37 124.20   113.34 124.17   250.86 261.68   112.80 123.63   118.39 129.21   112.12 122.95
2022-09-12   112.39 123.20   112.37 123.18   249.88 260.69   111.82 122.63   117.41 128.22   111.14 121.95
2022-09-13   111.42 122.21   111.39 122.18   248.91 259.70   110.85 121.64   116.43 127.22   110.17 120.96
2022-09-14   110.45 121.22   110.42 121.19   247.93 258.71   109.88 120.65   115.46 126.24   109.20 119.97
2022-09-15   109.48 120.23   109.45 120.21   246.96 257.72   108.91 119.66   114.49 125.25   108.23 118.98
2022-09-16   108.51 119.25   108.48 119.22   246.00 256.74   107.94 118.68   113.53 124.27   107.26 118.00
2022-09-17   107.55 118.27   107.52 118.24   245.04 255.76   106.98 117.70   112.56 123.28   106.30 117.02
2022-09-18   106.59 117.29   106.56 117.26   244.08 254.78   106.02 116.72   111.60 122.31   105.34 116.04
2022-09-19   105.63 116.32   105.60 116.29   243.12 253.80   105.06 115.75   110.65 121.33   104.38 115.07
2022-09-20   104.68 115.34   104.65 115.32   242.16 252.83   104.11 114.77   109.69 120.36   103.42 114.09
2022-09-21   103.72 114.37   103.70 114.35   241.21 251.86   103.15 113.80   108.74 119.39   102.47 113.12
2022-09-22   102.77 113.41   102.75 113.38   240.26 250.90   102.20 112.84   107.79 118.42   101.52 112.16
2022-09-23   101.83 112.44   101.80 112.42   239.31 249.93   101.26 111.87   106.84 117.46   100.58 111.19
2022-09-24   100.88 111.48   100.86 111.46   238.37 248.97   100.31 110.91   105.90 116.50    99.63 110.23
2022-09-25    99.94 110.52    99.91 110.50   237.43 248.01    99.37 109.95   104.96 115.54    98.69 109.27
2022-09-26    99.00 109.57    98.97 109.54   236.49 247.05    98.43 109.00   104.02 114.58    97.75 108.32
2022-09-27    98.06 108.61    98.04 108.59   235.55 246.10    97.49 108.04   103.08 113.63    96.81 107.36
2022-09-28    97.13 107.66    97.10 107.64   234.62 245.15    96.56 107.09   102.14 112.68    95.88 106.41
2022-09-29    96.20 106.71    96.17 106.69   233.68 244.20    95.63 106.14   101.21 111.73    94.95 105.46
2022-09-30    95.27 105.77    95.24 105.74   232.75 243.26    94.70 105.20   100.28 110.78    94.01 104.52
2022-10-01    94.34 104.82    94.31 104.80   231.82 242.31    93.77 104.25    99.35 109.84    93.09 103.57
2022-10-02    93.41 103.88    93.38 103.86   230.90 241.37    92.84 103.31    98.43 108.90    92.16 102.63
2022-10-03    92.49 102.94    92.46 102.92   229.97 240.43    91.92 102.37    97.50 107.96    91.24 101.69
2022-10-04    91.56 102.01    91.54 101.98   229.05 239.50    90.99 101.44    96.58 107.02    90.31 100.76
2022-10-05    90.64 101.07    90.62 101.05   228.13 238.56    90.07 100.50    95.66 106.09    89.39  99.82
2022-10-06    89.73 100.14    89.70 100.11   227.21 237.63    89.16  99.57    94.74 105.16    88.48  98.89
2022-10-07    88.81  99.21    88.78  99.18   226.30 236.70    88.24  98.64    93.82 104.23    87.56  97.96
2022-10-08    87.89  98.28    87.87  98.26   225.38 235.77    87.32  97.71    92.91 103.30    86.64  97.03
2022-10-09    86.98  97.36    86.95  97.33   224.47 234.84    86.41  96.79    92.00 102.37    85.73  96.10
2022-10-10    86.07  96.43    86.04  96.40   223.56 233.92    85.50  95.86    91.08 101.45    84.82  95.18
2022-10-11    85.16  95.51    85.13  95.48   222.64 232.99    84.59  94.94    90.17 100.52    83.91  94.26
2022-10-12    84.25  94.59    84.22  94.56   221.73 232.07    83.68  94.02    89.26  99.60    83.00  93.34
2022-10-13    83.34  93.67    83.31  93.64   220.83 231.15    82.77  93.10    88.35  98.68    82.09  92.42
2022-10-14    82.43  92.75    82.40  92.72   219.92 230.24    81.86  92.18    87.45  97.76    81.18  91.50
2022-10-15    81.53  91.83    81.50  91.81   219.01 229.32    80.96  91.26    86.54  96.85    80.27  90.58
2022-10-16    80.62  90.92    80.59  90.89   218.11 228.40    80.05  90.35    85.63  95.93    79.37  89.67
2022-10-17    79.72  90.00    79.69  89.98   217.20 227.49    79.15  89.43    84.73  95.02    78.46  88.75
2022-10-18    78.81  89.09    78.79  89.06   216.30 226.58    78.24  88.52    83.83  94.10    77.56  87.84
2022-10-19    77.91  88.18    77.88  88.15   215.40 225.67    77.34  87.61    82.92  93.19    76.66  86.93
2022-10-20    77.01  87.27    76.98  87.24   214.49 224.75    76.44  86.70    82.02  92.28    75.76  86.02
2022-10-21    76.10  86.36    76.08  86.33   213.59 223.85    75.53  85.79    81.12  91.37    74.85  85.11
2022-10-22    75.20  85.45    75.18  85.42   212.69 222.94    74.63  84.88    80.22  90.46    73.95  84.20
2022-10-23    74.30  84.54    74.27  84.51   211.79 222.03    73.73  83.97    79.32  89.56    73.05  83.29
2022-10-24    73.40  83.63    73.37  83.61   210.89 221.12    72.83  83.06    78.42  88.65    72.15  82.38
2022-10-25    72.50  82.73    72.47  82.70   209.99 220.21    71.93  82.16    77.51  87.74    71.25  81.48
2022-10-26    71.60  81.82    71.57  81.79   209.09 219.31    71.03  81.25    76.61  86.84    70.35  80.57
2022-10-27    70.70  80.92    70.67  80.89   208.18 218.40    70.13  80.35    75.71  85.93    69.45  79.66
2022-10-28    69.80  80.01    69.77  79.98   207.28 217.50    69.23  79.44    74.81  85.03    68.55  78.76
2022-10-29    68.89  79.11    68.87  79.08   206.38 216.59    68.32  78.54    73.91  84.12    67.64  77.85
2022-10-30    67.99  78.20    67.97  78.17   205.48 215.69    67.42  77.63    73.01  83.22    66.74  76.95
2022-10-31    67.09  77.30    67.06  77.27   204.58 214.78    66.52  76.73    72.11  82.31    65.84  76.04
2022-11-01    66.19  76.39    66.16  76.36   203.67 213.88    65.62  75.82    71.20  81.41    64.94  75.14
2022-11-02    65.28  75.49    65.26  75.46   202.77 212.97    64.71  74.92    70.30  80.50    64.03  74.23
2022-11-03    64.38  74.58    64.35  74.55   201.87 212.07    63.81  74.01    69.39  79.59    63.13  73.33
2022-11-04    63.47  73.67    63.45  73.65   200.96 211.16    62.90  73.10    68.49  78.69    62.22  72.42
2022-11-05    62.57  72.77    62.54  72.74   200.06 210.26    62.00  72.20    67.58  77.78    61.32  71.52
2022-11-06    61.66  71.86    61.63  71.83   199.15 209.35    61.09  71.29    66.68  76.88    60.41  70.61
2022-11-07    60.75  70.95    60.73  70.93   198.24 208.44    60.18  70.38    65.77  75.97    59.50  69.70
2022-11-08    59.84  70.05    59.82  70.02   197.33 207.53    59.27  69.48    64.86  75.06    58.59  68.80
2022-11-09    58.93  69.14    58.91  69.11   196.42 206.62    58.36  68.57    63.95  74.15    57.68  67.89
2022-11-10    58.02  68.23    57.99  68.20   195.51 205.72    57.45  67.66    63.03  73.24    56.77  66.98
2022-11-11    57.28  67.14    57.25  67.11   194.77 204.63    56.71  66.57    62.30  72.16    56.03  65.89
2022-11-12    56.63  65.97    56.60  65.94   194.11 203.46    56.06  65.40    61.64  70.98    55.38  64.72
2022-11-13    55.97  64.79    55.94  64.77   193.46 202.28    55.40  64.22    60.99  69.81    54.72  63.54
2022-11-14    55.31  63.62    55.29  63.59   192.80 201.11    54.74  63.05    60.33  68.63    54.06  62.37
2022-11-15    54.65  62.44    54.63  62.42   192.14 199.93    54.08  61.87    59.67  67.46    53.40  61.19
2022-11-16    53.99  61.26    53.96  61.24   191.48 198.75    53.42  60.69    59.01  66.28    52.74  60.01

2023-04-21   254.73 262.01   254.71 261.98    32.22  39.50   254.16 261.44   259.75 267.03   253.48 260.76
2023-04-22   253.60 261.38   253.57 261.35    31.08  38.87   253.03 260.81   258.61 266.39   252.34 260.13
2023-04-23   252.46 260.75   252.43 260.72    29.95  38.24   251.89 260.18   257.47 265.76   251.21 259.50
2023-04-24   251.32 260.12   251.30 260.09    28.81  37.61   250.75 259.55   256.34 265.14   250.07 258.87
2023-04-25   250.19 259.49   250.16 259.47    27.68  36.98   249.62 258.92   255.21 264.51   248.94 258.24
2023-04-26   249.06 258.87   249.03 258.84    26.54  36.36   248.49 258.30   254.07 263.88   247.80 257.62
2023-04-27   247.98 258.19   247.95 258.16    25.47  35.68   247.41 257.62   252.99 263.20   246.73 256.94
2023-04-28   247.10 257.31   247.08 257.28    24.59  34.80   246.53 256.74   252.12 262.32   245.85 256.06
2023-04-29   246.23 256.43   246.20 256.40    23.71  33.92   245.66 255.86   251.24 261.45   244.98 255.18
2023-04-30   245.35 255.55   245.32 255.53    22.84  33.04   244.78 254.98   250.37 260.57   244.10 254.30
2023-05-01   244.47 254.68   244.45 254.65    21.96  32.16   243.90 254.11   249.49 259.69   243.22 253.42
2023-05-02   243.60 253.80   243.57 253.77    21.09  31.29   243.03 253.23   248.61 258.81   242.35 252.55
2023-05-03   242.72 252.92   242.70 252.90    20.21  30.41   242.15 252.35   247.74 257.94   241.47 251.67
2023-05-04   241.85 252.05   241.82 252.02    19.34  29.54   241.28 251.48   246.86 257.06   240.60 250.80
2023-05-05   240.97 251.17   240.95 251.15    18.46  28.66   240.40 250.60   245.99 256.19   239.72 249.92
2023-05-06   240.10 250.30   240.07 250.27    17.58  27.79   239.53 249.73   245.11 255.31   238.85 249.05
2023-05-07   239.22 249.43   239.19 249.40    16.71  26.91   238.65 248.86   244.24 254.44   237.97 248.17
2023-05-08   238.34 248.55   238.32 248.52    15.83  26.04   237.77 247.98   243.36 253.57   237.09 247.30
2023-05-09   237.47 247.68   237.44 247.65    14.95  25.16   236.90 247.11   242.48 252.69   236.22 246.43
2023-05-10   236.59 246.80   236.56 246.78    14.08  24.29   236.02 246.23   241.60 251.82   235.34 245.55
2023-05-11   235.71 245.93   235.68 245.90    13.20  23.42   235.14 245.36   240.73 250.94   234.46 244.68
2023-05-12   234.83 245.05   234.80 245.03    12.32  22.54   234.26 244.48   239.85 250.07   233.58 243.80
2023-05-13   233.95 244.18   233.92 244.15    11.44  21.66   233.38 243.61   238.97 249.19   232.70 242.93
2023-05-14   233.07 243.30   233.04 243.28    10.56  20.79   232.50 242.73   238.09 248.32   231.82 242.05
2023-05-15   232.19 242.43   232.16 242.40     9.67  19.91   231.62 241.86   237.20 247.44   230.94 241.17
2023-05-16   231.30 241.55   231.28 241.52     8.79  19.04   230.73 240.98   236.32 246.56   230.05 240.30
2023-05-17   230.42 240.67   230.39 240.64     7.91  18.16   229.85 240.10   235.43 245.69   229.17 239.42
2023-05-18   229.53 239.79   229.51 239.76     7.02  17.28   228.96 239.22   234.55 244.81   228.28 238.54
2023-05-19   228.65 238.91   228.62 238.88     6.13  16.40   228.08 238.34   233.66 243.93   227.39 237.66
2023-05-20   227.76 238.03   227.73 238.00     5.24  15.52   227.19 237.46   232.77 243.05   226.51 236.78
2023-05-21   226.86 237.15   226.84 237.12     4.35  14.64   226.29 236.58   231.88 242.16   225.61 235.90
2023-05-22   225.97 236.27   225.95 236.24     3.46  13.75   225.40 235.70   230.99 241.28   224.72 235.01
2023-05-23   225.08 235.38   225.05 235.35     2.57  12.87   224.51 234.81   230.09 240.40   223.83 234.13
2023-05-24   224.18 234.49   224.16 234.47     1.67  11.98   223.61 233.92   229.20 239.51   222.93 233.24
2023-05-25   223.28 233.61   223.26 233.58     0.77  11.09   222.71 233.04   228.30 238.62   222.03 232.36
2023-05-26   222.38 232.72   222.36 232.69   359.87  10.20   221.81 232.15   227.40 237.73   221.13 231.47
2023-05-27   221.48 231.83   221.45 231.80   358.97   9.31   220.91 231.26   226.50 236.84   220.23 230.58
2023-05-28   220.58 230.93   220.55 230.91   358.06   8.42   220.01 230.36   225.59 235.95   219.33 229.68
2023-05-29   219.67 230.04   219.64 230.01   357.16   7.53   219.10 229.47   224.68 235.05   218.42 228.79
2023-05-30   218.76 229.14   218.73 229.12   356.25   6.63   218.19 228.57   223.77 234.16   217.51 227.89
2023-05-31   217.85 228.24   217.82 228.22   355.34   5.73   217.28 227.67   222.86 233.26   216.60 226.99
2023-06-01   216.93 227.34   216.91 227.32   354.42   4.83   216.36 226.77   221.95 232.36   215.68 226.09
2023-06-02   216.02 226.44   215.99 226.41   353.50   3.93   215.45 225.87   221.03 231.45   214.77 225.19
2023-06-03   215.10 225.53   215.07 225.51   352.58   3.02   214.53 224.96   220.11 230.55   213.85 224.28
2023-06-04   214.18 224.63   214.15 224.60   351.66   2.11   213.61 224.06   219.19 229.64   212.92 223.38
2023-06-05   213.25 223.72   213.22 223.69   350.74   1.20   212.68 223.15   218.27 228.73   212.00 222.47
2023-06-06   212.32 222.80   212.30 222.78   349.81   0.29   211.75 222.23   217.34 227.82   211.07 221.55
2023-06-07   211.39 221.89   211.37 221.86   348.88 359.38   210.82 221.32   216.41 226.90   210.14 220.64
2023-06-08   210.46 220.97   210.43 220.94   347.95 358.46   209.89 220.40   215.47 225.99   209.21 219.72
2023-06-09   209.52 220.05   209.50 220.02   347.01 357.54   208.95 219.48   214.54 225.07   208.27 218.80
2023-06-10   208.58 219.13   208.56 219.10   346.07 356.61   208.01 218.56   213.60 224.14   207.33 217.88
2023-06-11   207.64 218.20   207.61 218.17   345.13 355.69   207.07 217.63   212.66 223.22   206.39 216.95
2023-06-12   206.70 217.27   206.67 217.25   344.18 354.76   206.13 216.70   211.71 222.29   205.44 216.02
2023-06-13   205.75 216.34   205.72 216.31   343.23 353.83   205.18 215.77   210.76 221.36   204.50 215.09
2023-06-14   204.80 215.41   204.77 215.38   342.28 352.89   204.23 214.84   209.81 220.42   203.54 214.15
2023-06-15   203.84 214.47   203.81 214.44   341.33 351.96   203.27 213.90   208.86 219.48   202.59 213.22
2023-06-16   202.88 213.53   202.86 213.50   340.37 351.01   202.31 212.96   207.90 218.54   201.63 212.28
2023-06-17   201.92 212.58   201.89 212.56   339.41 350.07   201.35 212.01   206.94 217.60   200.67 211.33
2023-06-18   200.96 211.64   200.93 211.61   338.44 349.12   200.39 211.07   205.97 216.65   199.71 210.39
2023-06-19   199.99 210.69   199.96 210.66   337.48 348.17   199.42 210.12   205.00 215.70   198.74 209.43
2023-06-20   199.02 209.73   198.99 209.71   336.50 347.22   198.45 209.16   204.03 214.75   197.77 208.48
2023-06-21   198.04 208.78   198.02 208.75   335.53 346.26   197.47 208.21   203.06 213.79   196.79 207.52
2023-06-22   197.06 207.82   197.04 207.79   334.55 345.30   196.49 207.25   202.08 212.83   195.81 206.56
2023-06-23   196.08 206.85   196.06 206.83   333.57 344.34   195.51 206.28   201.10 211.87   194.83 205.60
2023-06-24   195.10 205.89   195.07 205.86   332.59 343.37   194.53 205.32   200.11 210.90   193.85 204.64
2023-06-25   194.11 204.92   194.09 204.89   331.60 342.40   193.54 204.35   199.13 209.93   192.86 203.67
2023-06-26   193.12 203.94   193.10 203.92   330.61 341.43   192.55 203.37   198.14 208.96   191.87 202.69
2023-06-27   192.13 202.97   192.10 202.94   329.62 340.45   191.56 202.40   197.14 207.98   190.88 201.72
2023-06-28   191.13 201.99   191.10 201.96   328.62 339.47   190.56 201.42   196.15 207.00   189.88 200.74
2023-06-29   190.13 201.00   190.10 200.98   327.62 338.49   189.56 200.43   195.15 206.02   188.88 199.75
2023-06-30   189.13 200.02   189.10 199.99   326.61 337.51   188.56 199.45   194.14 205.03   187.88 198.77
2023-07-01   188.12 199.03   188.09 199.00   325.61 336.52   187.55 198.46   193.14 204.04   186.87 197.78
2023-07-02   187.11 198.04   187.09 198.01   324.60 335.52   186.54 197.47   192.13 203.05   185.86 196.79
2023-07-03   186.10 197.04   186.07 197.02   323.59 334.53   185.53 196.47   191.12 202.06   184.85 195.79
2023-07-04   185.08 196.04   185.06 196.02   322.57 333.53   184.51 195.47   190.10 201.06   183.83 194.79
2023-07-05   184.07 195.04   184.04 195.01   321.55 332.53   183.50 194.47   189.08 200.06   182.82 193.79
2023-07-06   183.05 194.04   183.02 194.01   320.53 331.52   182.48 193.47   188.06 199.05   181.80 192.79
2023-07-07   182.02 193.03   182.00 193.00   319.51 330.52   181.45 192.46   187.04 198.04   180.77 191.78
2023-07-08   181.00 192.02   180.97 191.99   318.48 329.51   180.43 191.45   186.01 197.03   179.75 190.77
2023-07-09   179.97 191.00   179.94 190.98   317.46 328.49   179.40 190.43   184.98 196.02   178.72 189.75
2023-07-10   178.94 189.99   178.91 189.96   316.43 327.48   178.37 189.42   183.95 195.00   177.69 188.74
2023-07-11   177.90 188.97   177.88 188.94   315.39 326.46   177.33 188.40   182.92 193.98   176.65 187.72
2023-07-12   176.87 187.95   176.84 187.92   314.36 325.43   176.30 187.38   181.88 192.96   175.62 186.70
2023-07-13   175.83 186.92   175.80 186.90   313.32 324.41   175.26 186.35   180.85 191.94   174.58 185.67
2023-07-14   174.79 185.90   174.77 185.87   312.28 323.38   174.22 185.33   179.81 190.91   173.54 184.64
2023-07-15   173.75 184.87   173.72 184.84   311.24 322.35   173.18 184.30   178.76 189.88   172.50 183.62
2023-07-16   172.71 183.83   172.68 183.81   310.19 321.32   172.14 183.26   177.72 188.85   171.46 182.58
2023-07-17   171.66 182.80   171.63 182.77   309.15 320.29   171.09 182.23   176.68 187.81   170.41 181.55
2023-07-18   170.61 181.76   170.59 181.74   308.10 319.25   170.04 181.19   175.63 186.78   169.36 180.51
2023-07-19   169.56 180.72   169.54 180.70   307.05 318.21   168.99 180.15   174.58 185.74   168.31 179.47
2023-07-20   168.51 179.68   168.49 179.66   306.00 317.17   167.94 179.11   173.53 184.70   167.26 178.43
2023-07-21   167.46 178.64   167.44 178.62   304.95 316.13   166.89 178.07   172.48 183.66   166.21 177.39
2023-07-22   166.41 177.60   166.38 177.57   303.90 315.08   165.84 177.03   171.42 182.61   165.16 176.35
2023-07-23   165.36 176.55   165.33 176.52   302.84 314.04   164.79 175.98   170.37 181.57   164.10 175.30
2023-07-24   164.30 175.50   164.27 175.48   301.79 312.99   163.73 174.93   169.32 180.52   163.05 174.25
2023-07-25   163.24 174.45   163.22 174.43   300.73 311.94   162.67 173.88   168.26 179.47   161.99 173.20
2023-07-26   162.19 173.40   162.16 173.38   299.68 310.89   161.62 172.83   167.20 178.42   160.94 172.15
2023-07-27   161.13 172.35   161.10 172.33   298.62 309.84   160.56 171.78   166.15 177.37   159.88 171.10
2023-07-28   160.07 171.30   160.05 171.27   297.56 308.79   159.50 170.73   165.09 176.31   158.82 170.05
2023-07-29   159.01 170.24   158.99 170.22   296.50 307.73   158.44 169.67   164.03 175.26   157.76 168.99
2023-07-30   157.96 169.19   157.93 169.16   295.44 306.68   157.39 168.62   162.97 174.21   156.71 167.94
2023-07-31   156.90 168.13   156.87 168.11   294.38 305.62   156.33 167.56   161.91 173.15   155.65 166.88
2023-08-01   155.84 167.08   155.81 167.05   293.33 304.56   155.27 166.51   160.85 172.09   154.59 165.83
2023-08-02   154.78 166.02   154.75 165.99   292.27 303.51   154.21 165.45   159.80 171.04   153.53 164.77
2023-08-03   153.72 164.96   153.70 164.94   291.21 302.45   153.15 164.39   158.74 169.98   152.47 163.71
2023-08-04   152.66 163.90   152.64 163.88   290.15 301.39   152.09 163.33   157.68 168.92   151.41 162.65
2023-08-05   151.61 162.85   151.58 162.82   289.09 300.33   151.04 162.28   156.62 167.86   150.36 161.60
2023-08-06   150.55 161.79   150.52 161.76   288.04 299.28   149.98 161.22   155.56 166.80   149.30 160.54
2023-08-07   149.49 160.73   149.47 160.70   286.98 298.22   148.92 160.16   154.51 165.74   148.24 159.48
2023-08-08   148.44 159.67   148.41 159.64   285.92 297.16   147.87 159.10   153.45 164.69   147.19 158.42
2023-08-09   147.38 158.61   147.36 158.59   284.87 296.10   146.81 158.04   152.40 163.63   146.13 157.36
2023-08-10   146.33 157.56   146.30 157.53   283.82 295.04   145.76 156.99   151.34 162.57   145.08 156.30
2023-08-11   145.28 156.50   145.25 156.47   282.76 293.99   144.71 155.93   150.29 161.51   144.02 155.25
2023-08-12   144.22 155.44   144.20 155.42   281.71 292.93   143.65 154.87   149.24 160.46   142.97 154.19
2023-08-13   143.17 154.39   143.15 154.36   280.66 291.87   142.60 153.82   148.19 159.40   141.92 153.13
2023-08-14   142.13 153.33   142.10 153.30   279.61 290.82   141.56 152.76   147.14 158.35   140.87 152.08
2023-08-15   141.08 152.28   141.05 152.25   278.57 289.76   140.51 151.71   146.09 157.29   139.83 151.03
2023-08-16   140.03 151.22   140.01 151.20   277.52 288.71   139.46 150.65   145.05 156.24   138.78 149.97
2023-08-17   138.99 150.17   138.96 150.15   276.48 287.66   138.42 149.60   144.00 155.19   137.74 148.92
2023-08-18   137.95 149.12   137.92 149.09   275.44 286.61   137.38 148.55   142.96 154.14   136.70 147.87
2023-08-19   136.91 148.07   136.88 148.05   274.40 285.56   136.34 147.50   141.92 153.09   135.66 146.82
2023-08-20   135.87 147.02   135.84 147.00   273.36 284.51   135.30 146.45   140.89 152.04   134.62 145.77
2023-08-21   134.83 145.98   134.81 145.95   272.32 283.46   134.26 145.41   139.85 150.99   133.58 144.73
2023-08-22   133.80 144.93   133.77 144.91   271.29 282.42   133.23 144.36   138.82 149.95   132.55 143.68
2023-08-23   132.77 143.89   132.74 143.86   270.26 281.38   132.20 143.32   137.79 148.91   131.52 142.64
2023-08-24   131.74 142.85   131.71 142.82   269.23 280.34   131.17 142.28   136.76 147.86   130.49 141.60
2023-08-25   130.71 141.81   130.69 141.78   268.20 279.30   130.14 141.24   135.73 146.82   129.46 140.56
2023-08-26   129.69 140.77   129.66 140.75   267.18 278.26   129.12 140.20   134.71 145.79   128.44 139.52
2023-08-27   128.67 139.74   128.64 139.71   266.16 277.22   128.10 139.17   133.68 144.75   127.42 138.49
2023-08-28   127.65 138.70   127.62 138.68   265.14 276.19   127.08 138.13   132.66 143.72   126.40 137.45
2023-08-29   126.63 137.67   126.61 137.65   264.12 275.16   126.06 137.10   131.65 142.69   125.38 136.42
2023-08-30   125.62 136.65   125.59 136.62   263.11 274.13   125.05 136.08   130.63 141.66   124.37 135.39
2023-08-31   124.61 135.62   124.58 135.59   262.09 273.11   124.04 135.05   129.62 140.63   123.36 134.37
2023-09-01   123.60 134.60   123.57 134.57   261.09 272.08   123.03 134.03   128.61 139.61   122.35 133.34
2023-09-02   122.59 133.57   122.57 133.55   260.08 271.06   122.02 133.00   127.61 138.59   121.34 132.32
2023-09-03   121.59 132.56   121.56 132.53   259.08 270.04   121.02 131.99   126.61 137.57   120.34 131.30
2023-09-04   120.59 131.54   120.56 131.51   258.08 269.03   120.02 130.97   125.61 136.55   119.34 130.29
2023-09-05   119.59 130.53   119.57 130.50   257.08 268.01   119.02 129.96   124.61 135.54   118.34 129.27
2023-09-06   118.60 129.51   118.57 129.49   256.09 267.00   118.03 128.94   123.61 134.53   117.35 128.26
2023-09-07   117.61 128.51   117.58 128.48   255.09 265.99   117.04 127.94   122.62 133.52   116.36 127.26
2023-09-08   116.62 127.50   116.59 127.47   254.11 264.99   116.05 126.93   121.63 132.52   115.37 126.25
2023-09-09   115.63 126.50   115.61 126.47   253.12 263.98   115.06 125.93   120.65 131.51   114.38 125.25
2023-09-10   114.65 125.50   114.62 125.47   252.14 262.98   114.08 124.93   119.66 130.51   113.40 124.25
2023-09-11   113.67 124.50   113.64 124.47   251.16 261.99   113.10 123.93   118.68 129.52   112.42 123.25
2023-09-12   112.69 123.51   112.67 123.48   250.18 260.99   112.12 122.94   117.71 128.52   111.44 122.25
2023-09-13   111.72 122.51   111.69 122.49   249.20 260.00   111.15 121.94   116.73 127.53   110.47 121.26
2023-09-14   110.75 121.52   110.72 121.50   248.23 259.01   110.18 120.95   115.76 126.54   109.49 120.27
2023-09-15   109.78 120.54   109.75 120.51   247.26 258.03   109.21 119.97   114.79 125.55   108.53 119.29
2023-09-16   108.81 119.55   108.78 119.53   246.30 257.04   108.24 118.98   113.83 124.57   107.56 118.30
2023-09-17   107.85 118.57   107.82 118.55   245.33 256.06   107.28 118.00   112.86 123.59   106.60 117.32
2023-09-18   106.89 117.60   106.86 117.57   244.37 255.08   106.32 117.03   111.90 122.61   105.64 116.34
2023-09-19   105.93 116.62   105.90 116.59   243.42 254.11   105.36 116.05   110.94 121.64   104.68 115.37
2023-09-20   104.97 115.65   104.95 115.62   242.46 253.13   104.40 115.08   109.99 120.66   103.72 114.40
2023-09-21   104.02 114.68   103.99 114.65   241.51 252.16   103.45 114.11   109.04 119.69   102.77 113.43
2023-09-22   103.07 113.71   103.04 113.68   240.56 251.20   102.50 113.14   108.09 118.73   101.82 112.46
2023-09-23   102.12 112.75   102.10 112.72   239.61 250.23   101.55 112.18   107.14 117.76   100.87 111.49
2023-09-24   101.18 111.78   101.15 111.76   238.67 249.27   100.61 111.21   106.19 116.80    99.93 110.53
2023-09-25   100.24 110.82   100.21 110.80   237.72 248.31    99.67 110.25   105.25 115.84    98.99 109.57
2023-09-26    99.30 109.87    99.27 109.84   236.78 247.36    98.73 109.30   104.31 114.88    98.05 108.62
2023-09-27    98.36 108.91    98.33 108.89   235.85 246.40    97.79 108.34   103.37 113.93    97.11 107.66
2023-09-28    97.42 107.96    97.40 107.94   234.91 245.45    96.85 107.39   102.44 112.98    96.17 106.71
2023-09-29    96.49 107.01    96.46 106.99   233.98 244.50    95.92 106.44   101.50 112.03    95.24 105.76
2023-09-30    95.56 106.07    95.53 106.04   233.05 243.55    94.99 105.50   100.57 111.08    94.31 104.82
2023-10-01    94.63 105.12    94.60 105.10   232.12 242.61    94.06 104.55    99.64 110.14    93.38 103.87
2023-10-02    93.70 104.18    93.68 104.15   231.19 241.67    93.13 103.61    98.72 109.19    92.45 102.93
2023-10-03    92.78 103.24    92.75 103.21   230.26 240.73    92.21 102.67    97.79 108.25    91.53 101.99
2023-10-04    91.85 102.30    91.83 102.28   229.34 239.79    91.28 101.73    96.87 107.32    90.60 101.05
2023-10-05    90.93 101.37    90.91 101.34   228.42 238.85    90.36 100.80    95.95 106.38    89.68 100.12
2023-10-06    90.01 100.43    89.99 100.41   227.50 237.92    89.44  99.86    95.03 105.45    88.76  99.18
2023-10-07    89.10  99.50    89.07  99.47   226.58 236.99    88.53  98.93    94.11 104.52    87.84  98.25
2023-10-08    88.18  98.57    88.15  98.54   225.67 236.06    87.61  98.00    93.19 103.59    86.93  97.32
2023-10-09    87.26  97.64    87.24  97.62   224.75 235.13    86.69  97.07    92.28 102.66    86.01  96.39
2023-10-10    86.35  96.72    86.32  96.69   223.84 234.20    85.78  96.15    91.37 101.73    85.10  95.47
2023-10-11    85.44  95.79    85.41  95.77   222.93 233.28    84.87  95.22    90.45 100.81    84.19  94.54
2023-10-12    84.53  94.87    84.50  94.84   222.02 232.36    83.96  94.30    89.54  99.89    83.28  93.62
2023-10-13    83.62  93.95    83.59  93.92   221.11 231.44    83.05  93.38    88.63  98.96    82.37  92.70
2023-10-14    82.71  93.03    82.68  93.00   220.20 230.52    82.14  92.46    87.72  98.05    81.46  91.78
2023-10-15    81.80  92.11    81.78  92.09   219.29 229.60    81.23  91.54    86.82  97.13    80.55  90.86
2023-10-16    80.90  91.20    80.87  91.17   218.38 228.68    80.33  90.63    85.91  96.21    79.64  89.94
2023-10-17    79.99  90.28    79.96  90.25   217.48 227.77    79.42  89.71    85.00  95.30    78.74  89.03
2023-10-18    79.08  89.37    79.06  89.34   216.57 226.85    78.51  88.80    84.10  94.38    77.83  88.11
2023-10-19    78.18  88.45    78.15  88.43   215.67 225.94    77.61  87.88    83.20  93.47    76.93  87.20
2023-10-20    77.28  87.54    77.25  87.51   214.76 225.03    76.71  86.97    82.29  92.56    76.03  86.29
2023-10-21    76.37  86.63    76.35  86.60   213.86 224.12    75.80  86.06    81.39  91.64    75.12  85.38
2023-10-22    75.47  85.72    75.44  85.69   212.96 223.21    74.90  85.15    80.49  90.73    74.22  84.47
2023-10-23    74.57  84.81    74.54  84.78   212.05 222.30    74.00  84.24    79.58  89.82    73.32  83.56
2023-10-24    73.66  83.90    73.64  83.87   211.15 221.39    73.09  83.33    78.68  88.92    72.41  82.65
2023-10-25    72.76  82.99    72.74  82.97   210.25 220.48    72.19  82.42    77.78  88.01    71.51  81.74
2023-10-26    71.86  82.08    71.83  82.06   209.35 219.57    71.29  81.51    76.88  87.10    70.61  80.83
2023-10-27    70.96  81.18    70.93  81.15   208.44 218.66    70.39  80.61    75.97  86.19    69.71  79.93
2023-10-28    70.05  80.27    70.03  80.24   207.54 217.76    69.48  79.70    75.07  85.29    68.80  79.02
2023-10-29    69.15  79.36    69.13  79.34   206.64 216.85    68.58  78.79    74.17  84.38    67.90  78.11
2023-10-30    68.25  78.46    68.22  78.43   205.74 215.94    67.68  77.89    73.26  83.47    67.00  77.21
2023-10-31    67.34  77.55    67.32  77.52   204.83 215.04    66.77  76.98    72.36  82.57    66.09  76.30
2023-11-01    66.44  76.64    66.41  76.62   203.93 214.13    65.87  76.07    71.46  81.66    65.19  75.39
2023-11-02    65.54  75.74    65.51  75.71   203.02 213.22    64.97  75.17    70.55  80.75    64.28  74.49
2023-11-03    64.63  74.83    64.60  74.80   202.12 212.32    64.06  74.26    69.64  79.85    63.38  73.58
2023-11-04    63.72  73.92    63.70  73.90   201.21 211.41    63.15  73.35    68.74  78.94    62.47  72.67
2023-11-05    62.81  73.01    62.79  72.99   200.30 210.50    62.24  72.44    67.83  78.03    61.56  71.76
2023-11-06    61.91  72.11    61.88  72.08   199.39 209.59    61.34  71.54    66.92  77.12    60.66  70.86
2023-11-07    61.00  71.20    60.97  71.17   198.48 208.69    60.43  70.63    66.01  76.21    59.75  69.95
2023-11-08    60.09  70.29    60.06  70.26   197.57 207.78    59.52  69.72    65.10  75.30    58.83  69.04
2023-11-09    59.17  69.38    59.15  69.35   196.66 206.87    58.60  68.81    64.19  74.39    57.92  68.13
2023-11-10    58.26  68.47    58.23  68.44   195.75 205.95    57.69  67.90    63.27  73.48    57.01  67.22
2023-11-11    57.44  67.46    57.41  67.43   194.93 204.94    56.87  66.89    62.46  72.47    56.19  66.21
2023-11-12    56.79  66.28    56.76  66.26   194.27 203.77    56.22  65.71    61.80  71.30    55.53  65.03
2023-11-13    56.13  65.11    56.10  65.08   193.62 202.59    55.56  64.54    61.14  70.12    54.88  63.86
2023-11-14    55.47  63.93    55.44  63.90   192.96 201.42    54.90  63.36    60.48  68.94    54.22  62.68
2023-11-15    54.81  62.75    54.78  62.72   192.30 200.24    54.24  62.18    59.82  67.77    53.56  61.50
2023-11-16    54.14  61.57    54.12  61.54   191.63 199.06    53.57  61.00    59.16  66.59    52.89  60.32
2023-11-17    53.48  60.39    53.45  60.36   190.97 197.88    52.91  59.82    58.49  65.41    52.23  59.14
