
       Target
                ecliptic
RA      Dec     latitude
288.511  51.162  72.026

Checked interval [2020-01-01, 2023-12-31]
|           Window [days]                 |    Normal V3 PA [deg]    |
   Start           End         Duration         Start         End         RA            Dec     
 2020-04-13      2020-11-19       220.00     261.09338      49.36421     288.51067      51.16242 
 2021-04-13      2021-11-19       220.00     261.37658      49.61906     288.51067      51.16242 
 2022-04-13      2022-11-20       221.00     261.65964      48.89598     288.51067      51.16242 
 2023-04-14      2023-11-20       220.00     261.01604      49.13149     288.51067      51.16242 


                V3PA          NIRCam           NIRSpec         NIRISS           MIRI          FGS
   Date      min    max      min    max       min    max     min    max      min    max      min    max

2020-04-14   257.45 264.55   257.42 264.53    34.93  42.04   256.88 263.98   262.46 269.57   256.20 263.30
2020-04-15   256.34 263.81   256.31 263.78    33.82  41.29   255.77 263.24   261.35 268.82   255.09 262.56
2020-04-16   255.23 263.06   255.20 263.03    32.71  40.55   254.66 262.49   260.24 268.08   253.98 261.81
2020-04-17   254.12 262.32   254.09 262.29    31.61  39.80   253.55 261.75   259.13 267.33   252.87 261.07
2020-04-18   253.01 261.57   252.98 261.55    30.50  39.06   252.44 261.00   258.03 266.59   251.76 260.32
2020-04-19   251.90 260.83   251.88 260.81    29.39  38.32   251.33 260.26   256.92 265.85   250.65 259.58
2020-04-20   250.79 260.10   250.77 260.07    28.28  37.58   250.22 259.53   255.81 265.11   249.54 258.85
2020-04-21   249.69 259.36   249.66 259.33    27.18  36.85   249.12 258.79   254.70 264.37   248.44 258.11
2020-04-22   248.58 258.62   248.55 258.60    26.07  36.11   248.01 258.05   253.60 263.64   247.33 257.37
2020-04-23   247.58 257.79   247.55 257.76    25.07  35.27   247.01 257.22   252.59 262.80   246.33 256.54
2020-04-24   246.66 256.87   246.63 256.84    24.15  34.35   246.09 256.30   251.68 261.88   245.41 255.62
2020-04-25   245.74 255.95   245.72 255.92    23.23  33.43   245.17 255.38   250.76 260.96   244.49 254.70
2020-04-26   244.83 255.03   244.80 255.00    22.31  32.52   244.26 254.46   249.84 260.04   243.57 253.78
2020-04-27   243.91 254.11   243.88 254.08    21.40  31.60   243.34 253.54   248.92 259.13   242.66 252.86
2020-04-28   242.99 253.19   242.97 253.17    20.48  30.68   242.42 252.62   248.01 258.21   241.74 251.94
2020-04-29   242.08 252.28   242.05 252.25    19.56  29.77   241.51 251.71   247.09 257.29   240.83 251.03
2020-04-30   241.16 251.36   241.14 251.34    18.65  28.85   240.59 250.79   246.18 256.38   239.91 250.11
2020-05-01   240.25 250.45   240.22 250.42    17.73  27.93   239.68 249.88   245.26 255.46   239.00 249.20
2020-05-02   239.33 249.53   239.31 249.51    16.82  27.02   238.76 248.96   244.35 254.55   238.08 248.28
2020-05-03   238.42 248.62   238.39 248.59    15.90  26.11   237.85 248.05   243.43 253.63   237.17 247.37
2020-05-04   237.50 247.70   237.48 247.68    14.99  25.19   236.93 247.13   242.52 252.72   236.25 246.45
2020-05-05   236.59 246.79   236.56 246.76    14.08  24.28   236.02 246.22   241.60 251.81   235.34 245.54
2020-05-06   235.67 245.88   235.65 245.85    13.16  23.36   235.10 245.31   240.69 250.89   234.42 244.63
2020-05-07   234.76 244.96   234.73 244.94    12.25  22.45   234.19 244.39   239.77 249.98   233.51 243.71
2020-05-08   233.84 244.05   233.82 244.02    11.33  21.54   233.27 243.48   238.86 249.07   232.59 242.80
2020-05-09   232.93 243.14   232.90 243.11    10.42  20.62   232.36 242.57   237.94 248.15   231.68 241.89
2020-05-10   232.01 242.22   231.99 242.20     9.50  19.71   231.44 241.65   237.03 247.24   230.76 240.97
2020-05-11   231.10 241.31   231.07 241.28     8.58  18.80   230.53 240.74   236.11 246.33   229.85 240.06
2020-05-12   230.18 240.40   230.15 240.37     7.67  17.88   229.61 239.83   235.19 245.41   228.93 239.15
2020-05-13   229.26 239.48   229.24 239.46     6.75  16.97   228.69 238.91   234.28 244.50   228.01 238.23
2020-05-14   228.35 238.57   228.32 238.54     5.83  16.06   227.78 238.00   233.36 243.58   227.09 237.32
2020-05-15   227.43 237.66   227.40 237.63     4.91  15.14   226.86 237.09   232.44 242.67   226.18 236.40
2020-05-16   226.51 236.74   226.48 236.71     4.00  14.23   225.94 236.17   231.52 241.76   225.26 235.49
2020-05-17   225.59 235.83   225.56 235.80     3.08  13.31   225.02 235.26   230.60 240.84   224.34 234.57
2020-05-18   224.67 234.91   224.64 234.88     2.16  12.40   224.10 234.34   229.68 239.92   223.42 233.66
2020-05-19   223.75 233.99   223.72 233.97     1.24  11.48   223.18 233.42   228.76 239.01   222.50 232.74
2020-05-20   222.83 233.08   222.80 233.05     0.31  10.56   222.26 232.51   227.84 238.09   221.58 231.83
2020-05-21   221.90 232.16   221.88 232.13   359.39   9.65   221.33 231.59   226.92 237.17   220.65 230.91
2020-05-22   220.98 231.24   220.95 231.21   358.47   8.73   220.41 230.67   226.00 236.26   219.73 229.99
2020-05-23   220.06 230.32   220.03 230.30   357.54   7.81   219.49 229.75   225.07 235.34   218.80 229.07
2020-05-24   219.13 229.40   219.10 229.38   356.62   6.89   218.56 228.83   224.15 234.42   217.88 228.15
2020-05-25   218.20 228.48   218.18 228.45   355.69   5.97   217.63 227.91   223.22 233.50   216.95 227.23
2020-05-26   217.28 227.56   217.25 227.53   354.76   5.05   216.71 226.99   222.29 232.57   216.02 226.31
2020-05-27   216.35 226.64   216.32 226.61   353.83   4.12   215.78 226.07   221.36 231.65   215.10 225.39
2020-05-28   215.42 225.71   215.39 225.69   352.90   3.20   214.85 225.14   220.43 230.73   214.16 224.46
2020-05-29   214.48 224.79   214.46 224.76   351.97   2.28   213.91 224.22   219.50 229.80   213.23 223.54
2020-05-30   213.55 223.86   213.52 223.84   351.04   1.35   212.98 223.29   218.57 228.88   212.30 222.61
2020-05-31   212.62 222.93   212.59 222.91   350.10   0.42   212.05 222.36   217.63 227.95   211.37 221.68
2020-06-01   211.68 222.01   211.65 221.98   349.17 359.49   211.11 221.44   216.70 227.02   210.43 220.76
2020-06-02   210.74 221.08   210.72 221.05   348.23 358.56   210.17 220.51   215.76 226.09   209.49 219.83
2020-06-03   209.80 220.15   209.78 220.12   347.29 357.63   209.23 219.58   214.82 225.16   208.55 218.89
2020-06-04   208.86 219.21   208.84 219.19   346.35 356.70   208.29 218.64   213.88 224.23   207.61 217.96
2020-06-05   207.92 218.28   207.90 218.25   345.41 355.77   207.35 217.71   212.94 223.29   206.67 217.03
2020-06-06   206.98 217.34   206.95 217.32   344.47 354.83   206.41 216.77   211.99 222.36   205.73 216.09
2020-06-07   206.03 216.41   206.01 216.38   343.52 353.89   205.46 215.84   211.05 221.42   204.78 215.16
2020-06-08   205.09 215.47   205.06 215.44   342.57 352.96   204.52 214.90   210.10 220.48   203.84 214.22
2020-06-09   204.14 214.53   204.11 214.50   341.63 352.02   203.57 213.96   209.15 219.54   202.89 213.28
2020-06-10   203.19 213.59   203.16 213.56   340.68 351.07   202.62 213.02   208.20 218.60   201.94 212.34
2020-06-11   202.24 212.64   202.21 212.62   339.73 350.13   201.67 212.07   207.25 217.66   200.99 211.39
2020-06-12   201.28 211.70   201.26 211.67   338.77 349.19   200.71 211.13   206.30 216.71   200.03 210.45
2020-06-13   200.33 210.75   200.30 210.73   337.82 348.24   199.76 210.18   205.34 215.77   199.08 209.50
2020-06-14   199.37 209.81   199.35 209.78   336.86 347.29   198.80 209.24   204.39 214.82   198.12 208.55
2020-06-15   198.41 208.86   198.39 208.83   335.90 346.34   197.84 208.29   203.43 213.87   197.16 207.60
2020-06-16   197.45 207.90   197.43 207.88   334.94 345.39   196.88 207.33   202.47 212.92   196.20 206.65
2020-06-17   196.49 206.95   196.46 206.92   333.98 344.44   195.92 206.38   201.51 211.97   195.24 205.70
2020-06-18   195.53 206.00   195.50 205.97   333.01 343.48   194.96 205.43   200.54 211.01   194.28 204.74
2020-06-19   194.56 205.04   194.54 205.01   332.05 342.53   193.99 204.47   199.58 210.05   193.31 203.79
2020-06-20   193.59 204.08   193.57 204.05   331.08 341.57   193.02 203.51   198.61 209.10   192.34 202.83
2020-06-21   192.62 203.12   192.60 203.09   330.11 340.61   192.05 202.55   197.64 208.14   191.37 201.87
2020-06-22   191.65 202.16   191.63 202.13   329.14 339.64   191.08 201.59   196.67 207.17   190.40 200.91
2020-06-23   190.68 201.19   190.65 201.17   328.17 338.68   190.11 200.62   195.70 206.21   189.43 199.94
2020-06-24   189.71 200.23   189.68 200.20   327.19 337.71   189.14 199.66   194.72 205.24   188.45 198.98
2020-06-25   188.73 199.26   188.70 199.23   326.22 336.75   188.16 198.69   193.74 204.27   187.48 198.01
2020-06-26   187.75 198.29   187.72 198.26   325.24 335.78   187.18 197.72   192.77 203.31   186.50 197.04
2020-06-27   186.77 197.32   186.74 197.29   324.26 334.81   186.20 196.75   191.79 202.33   185.52 196.07
2020-06-28   185.79 196.35   185.76 196.32   323.28 333.83   185.22 195.78   190.80 201.36   184.54 195.09
2020-06-29   184.80 195.37   184.78 195.34   322.29 332.86   184.23 194.80   189.82 200.39   183.55 194.12
2020-06-30   183.82 194.39   183.79 194.37   321.31 331.88   183.25 193.82   188.83 199.41   182.57 193.14
2020-07-01   182.83 193.41   182.81 193.39   320.32 330.90   182.26 192.84   187.85 198.43   181.58 192.16
2020-07-02   181.84 192.43   181.82 192.41   319.33 329.92   181.27 191.86   186.86 197.45   180.59 191.18
2020-07-03   180.85 191.45   180.83 191.42   318.34 328.94   180.28 190.88   185.87 196.47   179.60 190.20
2020-07-04   179.86 190.47   179.83 190.44   317.35 327.95   179.29 189.90   184.88 195.48   178.61 189.22
2020-07-05   178.87 189.48   178.84 189.45   316.36 326.97   178.30 188.91   183.88 194.50   177.62 188.23
2020-07-06   177.87 188.49   177.85 188.47   315.36 325.98   177.30 187.92   182.89 193.51   176.62 187.24
2020-07-07   176.88 187.50   176.85 187.48   314.36 324.99   176.31 186.93   181.89 192.52   175.63 186.25
2020-07-08   175.88 186.51   175.85 186.49   313.37 324.00   175.31 185.94   180.89 191.53   174.63 185.26
2020-07-09   174.88 185.52   174.85 185.49   312.37 323.01   174.31 184.95   179.89 190.54   173.63 184.27
2020-07-10   173.88 184.53   173.85 184.50   311.37 322.01   173.31 183.96   178.89 189.54   172.63 183.28
2020-07-11   172.88 183.53   172.85 183.51   310.36 321.02   172.31 182.96   177.89 188.55   171.63 182.28
2020-07-12   171.87 182.53   171.85 182.51   309.36 320.02   171.30 181.96   176.89 187.55   170.62 181.28
2020-07-13   170.87 181.54   170.84 181.51   308.36 319.02   170.30 180.97   175.88 186.55   169.62 180.29
2020-07-14   169.86 180.54   169.84 180.51   307.35 318.02   169.29 179.97   174.88 185.55   168.61 179.29
2020-07-15   168.86 179.54   168.83 179.51   306.34 317.02   168.29 178.97   173.87 184.55   167.60 178.28
2020-07-16   167.85 178.53   167.82 178.51   305.34 316.02   167.28 177.96   172.86 183.55   166.60 177.28
2020-07-17   166.84 177.53   166.81 177.50   304.33 315.02   166.27 176.96   171.85 182.54   165.59 176.28
2020-07-18   165.83 176.52   165.80 176.50   303.32 314.01   165.26 175.95   170.84 181.54   164.58 175.27
2020-07-19   164.82 175.52   164.79 175.49   302.31 313.01   164.25 174.95   169.83 180.53   163.57 174.27
2020-07-20   163.81 174.51   163.78 174.48   301.30 312.00   163.24 173.94   168.82 179.53   162.56 173.26
2020-07-21   162.80 173.50   162.77 173.48   300.28 310.99   162.23 172.93   167.81 178.52   161.55 172.25
2020-07-22   161.78 172.49   161.76 172.47   299.27 309.98   161.21 171.92   166.80 177.51   160.53 171.24
2020-07-23   160.77 171.48   160.74 171.46   298.26 308.97   160.20 170.91   165.79 176.50   159.52 170.23
2020-07-24   159.76 170.47   159.73 170.45   297.24 307.96   159.19 169.90   164.77 175.49   158.51 169.22
2020-07-25   158.74 169.46   158.72 169.44   296.23 306.95   158.17 168.89   163.76 174.48   157.49 168.21
2020-07-26   157.73 168.45   157.70 168.42   295.22 305.94   157.16 167.88   162.74 173.47   156.48 167.20
2020-07-27   156.71 167.44   156.69 167.41   294.20 304.92   156.14 166.87   161.73 172.45   155.46 166.19
2020-07-28   155.70 166.42   155.67 166.40   293.19 303.91   155.13 165.85   160.71 171.44   154.45 165.17
2020-07-29   154.68 165.41   154.66 165.38   292.17 302.90   154.11 164.84   159.70 170.43   153.43 164.16
2020-07-30   153.67 164.40   153.64 164.37   291.16 301.88   153.10 163.83   158.68 169.41   152.42 163.15
2020-07-31   152.65 163.38   152.63 163.35   290.14 300.87   152.08 162.81   157.67 168.40   151.40 162.13
2020-08-01   151.64 162.37   151.61 162.34   289.13 299.85   151.07 161.80   156.65 167.38   150.39 161.12
2020-08-02   150.62 161.35   150.60 161.33   288.11 298.84   150.05 160.78   155.64 166.37   149.37 160.10
2020-08-03   149.61 160.34   149.58 160.31   287.10 297.82   149.04 159.77   154.62 165.35   148.36 159.09
2020-08-04   148.59 159.32   148.57 159.29   286.08 296.81   148.02 158.75   153.61 164.34   147.34 158.07
2020-08-05   147.58 158.31   147.55 158.28   285.07 295.79   147.01 157.74   152.59 163.32   146.33 157.05
2020-08-06   146.56 157.29   146.54 157.26   284.05 294.78   145.99 156.72   151.58 162.31   145.31 156.04
2020-08-07   145.55 156.28   145.52 156.25   283.04 293.76   144.98 155.71   150.57 161.29   144.30 155.02
2020-08-08   144.54 155.26   144.51 155.23   282.03 292.75   143.97 154.69   149.55 160.28   143.29 154.01
2020-08-09   143.53 154.25   143.50 154.22   281.01 291.73   142.96 153.68   148.54 159.26   142.27 152.99
2020-08-10   142.51 153.23   142.49 153.20   280.00 290.72   141.94 152.66   147.53 158.25   141.26 151.98
2020-08-11   141.50 152.22   141.48 152.19   278.99 289.70   140.93 151.65   146.52 157.23   140.25 150.97
2020-08-12   140.49 151.20   140.46 151.18   277.98 288.69   139.92 150.63   145.51 156.22   139.24 149.95
2020-08-13   139.48 150.19   139.45 150.16   276.97 287.68   138.91 149.62   144.50 155.20   138.23 148.94
2020-08-14   138.47 149.18   138.45 149.15   275.96 286.66   137.90 148.61   143.49 154.19   137.22 147.93
2020-08-15   137.46 148.16   137.44 148.14   274.95 285.65   136.89 147.59   142.48 153.18   136.21 146.91
2020-08-16   136.46 147.15   136.43 147.13   273.94 284.64   135.89 146.58   141.47 152.17   135.21 145.90
2020-08-17   135.45 146.14   135.42 146.11   272.94 283.63   134.88 145.57   140.46 151.16   134.20 144.89
2020-08-18   134.44 145.13   134.42 145.10   271.93 282.62   133.87 144.56   139.46 150.15   133.19 143.88
2020-08-19   133.44 144.12   133.41 144.09   270.93 281.61   132.87 143.55   138.45 149.14   132.19 142.87
2020-08-20   132.44 143.11   132.41 143.09   269.92 280.60   131.87 142.54   137.45 148.13   131.19 141.86
2020-08-21   131.43 142.10   131.41 142.08   268.92 279.59   130.86 141.53   136.45 147.12   130.18 140.85
2020-08-22   130.43 141.10   130.41 141.07   267.92 278.58   129.86 140.53   135.45 146.11   129.18 139.85
2020-08-23   129.43 140.09   129.41 140.06   266.92 277.58   128.86 139.52   134.45 145.11   128.18 138.84
2020-08-24   128.43 139.09   128.41 139.06   265.92 276.57   127.86 138.52   133.45 144.10   127.18 137.83
2020-08-25   127.44 138.08   127.41 138.05   264.92 275.57   126.87 137.51   132.45 143.10   126.19 136.83
2020-08-26   126.44 137.08   126.41 137.05   263.93 274.57   125.87 136.51   131.45 142.09   125.19 135.83
2020-08-27   125.44 136.08   125.42 136.05   262.93 273.56   124.87 135.51   130.46 141.09   124.19 134.82
2020-08-28   124.45 135.07   124.42 135.05   261.94 272.56   123.88 134.50   129.47 140.09   123.20 133.82
2020-08-29   123.46 134.07   123.43 134.05   260.95 271.56   122.89 133.50   128.47 139.09   122.21 132.82
2020-08-30   122.47 133.08   122.44 133.05   259.95 270.56   121.90 132.51   127.48 138.09   121.22 131.83
2020-08-31   121.48 132.08   121.45 132.05   258.96 269.57   120.91 131.51   126.49 137.09   120.23 130.83
2020-09-01   120.49 131.08   120.46 131.06   257.98 268.57   119.92 130.51   125.50 136.10   119.24 129.83
2020-09-02   119.50 130.09   119.48 130.06   256.99 267.58   118.93 129.52   124.52 135.10   118.25 128.84
2020-09-03   118.52 129.09   118.49 129.07   256.00 266.58   117.95 128.52   123.53 134.11   117.27 127.84
2020-09-04   117.53 128.10   117.51 128.08   255.02 265.59   116.96 127.53   122.55 133.12   116.28 126.85
2020-09-05   116.55 127.11   116.52 127.08   254.04 264.60   115.98 126.54   121.57 132.13   115.30 125.86
2020-09-06   115.57 126.12   115.54 126.09   253.06 263.61   115.00 125.55   120.58 131.14   114.32 124.87
2020-09-07   114.59 125.13   114.56 125.11   252.08 262.62   114.02 124.56   119.60 130.15   113.34 123.88
2020-09-08   113.61 124.15   113.58 124.12   251.10 261.63   113.04 123.58   118.63 129.16   112.36 122.90
2020-09-09   112.63 123.16   112.61 123.13   250.12 260.65   112.06 122.59   117.65 128.18   111.38 121.91
2020-09-10   111.66 122.18   111.63 122.15   249.15 259.66   111.09 121.61   116.67 127.19   110.41 120.93
2020-09-11   110.68 121.19   110.66 121.17   248.17 258.68   110.11 120.62   115.70 126.21   109.43 119.94
2020-09-12   109.71 120.21   109.69 120.19   247.20 257.70   109.14 119.64   114.73 125.23   108.46 118.96
2020-09-13   108.74 119.23   108.71 119.21   246.23 256.72   108.17 118.66   113.76 124.25   107.49 117.98
2020-09-14   107.77 118.25   107.74 118.23   245.26 255.74   107.20 117.68   112.79 123.27   106.52 117.00
2020-09-15   106.80 117.28   106.78 117.25   244.29 254.76   106.23 116.71   111.82 122.29   105.55 116.03
2020-09-16   105.84 116.30   105.81 116.27   243.32 253.79   105.27 115.73   110.85 121.32   104.59 115.05
2020-09-17   104.87 115.33   104.84 115.30   242.36 252.81   104.30 114.76   109.89 120.34   103.62 114.07
2020-09-18   103.91 114.35   103.88 114.33   241.39 251.84   103.34 113.78   108.92 119.37   102.66 113.10
2020-09-19   102.94 113.38   102.92 113.35   240.43 250.87   102.37 112.81   107.96 118.40   101.69 112.13
2020-09-20   101.98 112.41   101.96 112.38   239.47 249.90   101.41 111.84   107.00 117.43   100.73 111.16
2020-09-21   101.02 111.44   101.00 111.41   238.51 248.93   100.45 110.87   106.04 116.46    99.77 110.19
2020-09-22   100.06 110.47   100.04 110.45   237.55 247.96    99.49 109.90   105.08 115.49    98.81 109.22
2020-09-23    99.11 109.51    99.08 109.48   236.59 246.99    98.54 108.94   104.12 114.52    97.85 108.26
2020-09-24    98.15 108.54    98.12 108.52   235.64 246.03    97.58 107.97   103.16 113.56    96.90 107.29
2020-09-25    97.19 107.58    97.17 107.55   234.68 245.07    96.62 107.01   102.21 112.59    95.94 106.33
2020-09-26    96.24 106.62    96.21 106.59   233.73 244.10    95.67 106.05   101.25 111.63    94.99 105.37
2020-09-27    95.29 105.65    95.26 105.63   232.77 243.14    94.72 105.08   100.30 110.67    94.04 104.40
2020-09-28    94.33 104.69    94.31 104.67   231.82 242.18    93.76 104.12    99.35 109.71    93.08 103.44
2020-09-29    93.38 103.74    93.36 103.71   230.87 241.22    92.81 103.17    98.40 108.75    92.13 102.48
2020-09-30    92.43 102.78    92.41 102.75   229.92 240.27    91.86 102.21    97.45 107.79    91.18 101.53
2020-10-01    91.48 101.82    91.46 101.79   228.97 239.31    90.91 101.25    96.50 106.84    90.23 100.57
2020-10-02    90.54 100.87    90.51 100.84   228.02 238.35    89.97 100.30    95.55 105.88    89.29  99.61
2020-10-03    89.59  99.91    89.56  99.88   227.08 237.40    89.02  99.34    94.60 104.93    88.34  98.66
2020-10-04    88.64  98.96    88.62  98.93   226.13 236.44    88.07  98.39    93.66 103.97    87.39  97.71
2020-10-05    87.70  98.00    87.67  97.98   225.18 235.49    87.13  97.43    92.71 103.02    86.45  96.75
2020-10-06    86.75  97.05    86.73  97.03   224.24 234.54    86.18  96.48    91.77 102.07    85.50  95.80
2020-10-07    85.81  96.10    85.78  96.08   223.30 233.59    85.24  95.53    90.82 101.12    84.56  94.85
2020-10-08    84.87  95.15    84.84  95.13   222.35 232.64    84.30  94.58    89.88 100.17    83.61  93.90
2020-10-09    83.92  94.20    83.90  94.18   221.41 231.69    83.35  93.63    88.94  99.22    82.67  92.95
2020-10-10    82.98  93.25    82.95  93.23   220.47 230.74    82.41  92.68    88.00  98.27    81.73  92.00
2020-10-11    82.04  92.31    82.01  92.28   219.53 229.79    81.47  91.74    87.05  97.32    80.79  91.06
2020-10-12    81.10  91.36    81.07  91.33   218.58 228.85    80.53  90.79    86.11  96.38    79.85  90.11
2020-10-13    80.16  90.41    80.13  90.39   217.64 227.90    79.59  89.84    85.17  95.43    78.91  89.16
2020-10-14    79.22  89.47    79.19  89.44   216.70 226.96    78.65  88.90    84.23  94.48    77.97  88.22
2020-10-15    78.28  88.52    78.25  88.50   215.76 226.01    77.71  87.95    83.29  93.54    77.03  87.27
2020-10-16    77.34  87.58    77.31  87.55   214.82 225.07    76.77  87.01    82.35  92.59    76.09  86.33
2020-10-17    76.40  86.63    76.37  86.61   213.88 224.12    75.83  86.06    81.41  91.65    75.15  85.38
2020-10-18    75.46  85.69    75.43  85.66   212.94 223.18    74.89  85.12    80.47  90.70    74.21  84.44
2020-10-19    74.52  84.75    74.49  84.72   212.00 222.23    73.95  84.18    79.53  89.76    73.27  83.50
2020-10-20    73.58  83.80    73.55  83.78   211.07 221.29    73.01  83.23    78.59  88.82    72.33  82.55
2020-10-21    72.64  82.86    72.61  82.83   210.13 220.35    72.07  82.29    77.65  87.87    71.39  81.61
2020-10-22    71.70  81.92    71.67  81.89   209.19 219.40    71.13  81.35    76.71  86.93    70.45  80.67
2020-10-23    70.76  80.97    70.73  80.95   208.25 218.46    70.19  80.40    75.77  85.99    69.51  79.72
2020-10-24    69.82  80.03    69.79  80.00   207.31 217.52    69.25  79.46    74.83  85.05    68.57  78.78
2020-10-25    68.88  79.09    68.85  79.06   206.37 216.58    68.31  78.52    73.89  84.10    67.63  77.84
2020-10-26    67.94  78.15    67.91  78.12   205.43 215.63    67.37  77.58    72.95  83.16    66.69  76.89
2020-10-27    67.00  77.20    66.97  77.18   204.48 214.69    66.43  76.63    72.01  82.22    65.75  75.95
2020-10-28    66.06  76.26    66.03  76.23   203.54 213.75    65.49  75.69    71.07  81.27    64.80  75.01
2020-10-29    65.11  75.32    65.09  75.29   202.60 212.80    64.54  74.75    70.13  80.33    63.86  74.07
2020-10-30    64.17  74.37    64.14  74.35   201.66 211.86    63.60  73.80    69.19  79.39    62.92  73.12
2020-10-31    63.23  73.43    63.20  73.40   200.72 210.92    62.66  72.86    68.24  78.44    61.98  72.18
2020-11-01    62.28  72.48    62.26  72.46   199.77 209.97    61.71  71.91    67.30  77.50    61.03  71.23
2020-11-02    61.34  71.54    61.31  71.51   198.83 209.03    60.77  70.97    66.35  76.55    60.09  70.29
2020-11-03    60.39  70.59    60.37  70.57   197.88 208.08    59.82  70.02    65.41  75.61    59.14  69.34
2020-11-04    59.45  69.65    59.42  69.62   196.94 207.14    58.88  69.08    64.46  74.66    58.20  68.40
2020-11-05    58.50  68.70    58.47  68.68   195.99 206.19    57.93  68.13    63.52  73.72    57.25  67.45
2020-11-06    57.55  67.75    57.53  67.73   195.04 205.24    56.98  67.18    62.57  72.77    56.30  66.50
2020-11-07    56.60  66.81    56.58  66.78   194.09 204.29    56.03  66.24    61.62  71.82    55.35  65.56
2020-11-08    55.65  65.86    55.63  65.83   193.14 203.35    55.08  65.29    60.67  70.87    54.40  64.61
2020-11-09    54.70  64.91    54.68  64.88   192.19 202.40    54.13  64.34    59.72  69.92    53.45  63.66
2020-11-10    53.75  63.96    53.72  63.93   191.24 201.45    53.18  63.39    58.76  68.97    52.50  62.71
2020-11-11    52.89  62.91    52.87  62.88   190.38 200.39    52.32  62.34    57.91  67.92    51.64  61.66
2020-11-12    52.13  61.76    52.10  61.74   189.62 199.25    51.56  61.19    57.15  66.78    50.88  60.51
2020-11-13    51.36  60.62    51.34  60.59   188.85 198.11    50.79  60.05    56.38  65.63    50.11  59.37
2020-11-14    50.60  59.47    50.57  59.45   188.08 196.96    50.03  58.90    55.61  64.49    49.35  58.22
2020-11-15    49.83  58.33    49.80  58.30   187.31 195.82    49.26  57.76    54.84  63.34    48.58  57.08
2020-11-16    49.06  57.18    49.03  57.16   186.54 194.67    48.49  56.61    54.07  62.20    47.80  55.93
2020-11-17    48.28  56.04    48.25  56.01   185.77 193.52    47.71  55.47    53.30  61.05    47.03  54.78
2020-11-18    47.51  54.89    47.48  54.86   184.99 192.37    46.94  54.32    52.52  59.90    46.25  53.64
2020-11-19    46.73  53.74    46.70  53.71   184.21 191.23    46.16  53.17    51.74  58.75    45.48  52.49

2021-04-14   257.79 264.78   257.76 264.75    35.28  42.27   257.22 264.21   262.80 269.79   256.54 263.53
2021-04-15   256.68 264.03   256.65 264.00    34.17  41.52   256.11 263.46   261.69 269.05   255.43 262.78
2021-04-16   255.57 263.28   255.54 263.26    33.06  40.77   255.00 262.71   260.58 268.30   254.32 262.03
2021-04-17   254.46 262.54   254.43 262.51    31.95  40.03   253.89 261.97   259.47 267.56   253.21 261.29
2021-04-18   253.35 261.80   253.32 261.77    30.84  39.29   252.78 261.23   258.36 266.81   252.10 260.55
2021-04-19   252.24 261.06   252.21 261.03    29.73  38.55   251.67 260.49   257.26 266.07   250.99 259.81
2021-04-20   251.13 260.32   251.11 260.29    28.62  37.81   250.56 259.75   256.15 265.34   249.88 259.07
2021-04-21   250.02 259.58   250.00 259.56    27.51  37.07   249.45 259.01   255.04 264.60   248.77 258.33
2021-04-22   248.92 258.85   248.89 258.82    26.40  36.33   248.35 258.28   253.93 263.86   247.67 257.60
2021-04-23   247.86 258.07   247.83 258.04    25.34  35.55   247.29 257.50   252.87 263.08   246.61 256.82
2021-04-24   246.94 257.15   246.91 257.12    24.43  34.63   246.37 256.58   251.95 262.16   245.69 255.89
2021-04-25   246.02 256.23   245.99 256.20    23.51  33.71   245.45 255.66   251.04 261.24   244.77 254.97
2021-04-26   245.10 255.31   245.08 255.28    22.59  32.79   244.53 254.74   250.12 260.32   243.85 254.06
2021-04-27   244.19 254.39   244.16 254.36    21.67  31.88   243.62 253.82   249.20 259.40   242.93 253.14
2021-04-28   243.27 253.47   243.24 253.44    20.76  30.96   242.70 252.90   248.28 258.49   242.02 252.22
2021-04-29   242.35 252.55   242.33 252.53    19.84  30.04   241.78 251.98   247.37 257.57   241.10 251.30
2021-04-30   241.44 251.64   241.41 251.61    18.92  29.12   240.87 251.07   246.45 256.65   240.19 250.39
2021-05-01   240.52 250.72   240.49 250.69    18.01  28.21   239.95 250.15   245.54 255.74   239.27 249.47
2021-05-02   239.60 249.80   239.58 249.78    17.09  27.29   239.03 249.23   244.62 254.82   238.35 248.55
2021-05-03   238.69 248.89   238.66 248.86    16.18  26.38   238.12 248.32   243.70 253.90   237.44 247.64
2021-05-04   237.77 247.97   237.75 247.95    15.26  25.46   237.20 247.40   242.79 252.99   236.52 246.72
2021-05-05   236.86 247.06   236.83 247.03    14.35  24.55   236.29 246.49   241.87 252.08   235.61 245.81
2021-05-06   235.94 246.15   235.92 246.12    13.43  23.63   235.37 245.58   240.96 251.16   234.69 244.90
2021-05-07   235.03 245.23   235.00 245.21    12.51  22.72   234.46 244.66   240.04 250.25   233.78 243.98
2021-05-08   234.11 244.32   234.08 244.29    11.60  21.80   233.54 243.75   239.13 249.33   232.86 243.07
2021-05-09   233.19 243.40   233.17 243.38    10.68  20.89   232.62 242.83   238.21 248.42   231.94 242.15
2021-05-10   232.28 242.49   232.25 242.46     9.77  19.98   231.71 241.92   237.29 247.50   231.03 241.24
2021-05-11   231.36 241.57   231.33 241.55     8.85  19.06   230.79 241.00   236.38 246.59   230.11 240.32
2021-05-12   230.44 240.66   230.42 240.63     7.93  18.15   229.87 240.09   235.46 245.68   229.19 239.41
2021-05-13   229.53 239.75   229.50 239.72     7.01  17.23   228.96 239.18   234.54 244.76   228.28 238.49
2021-05-14   228.61 238.83   228.58 238.80     6.10  16.32   228.04 238.26   233.62 243.85   227.36 237.58
2021-05-15   227.69 237.92   227.66 237.89     5.18  15.40   227.12 237.35   232.70 242.93   226.44 236.66
2021-05-16   226.77 237.00   226.74 236.97     4.26  14.49   226.20 236.43   231.78 242.01   225.52 235.75
2021-05-17   225.85 236.08   225.82 236.06     3.34  13.57   225.28 235.51   230.86 241.10   224.60 234.83
2021-05-18   224.93 235.17   224.90 235.14     2.41  12.65   224.36 234.60   229.94 240.18   223.68 233.92
2021-05-19   224.01 234.25   223.98 234.22     1.49  11.74   223.44 233.68   229.02 239.26   222.75 233.00
2021-05-20   223.08 233.33   223.06 233.30     0.57  10.82   222.51 232.76   228.10 238.35   221.83 232.08
2021-05-21   222.16 232.41   222.13 232.39   359.65   9.90   221.59 231.84   227.17 237.43   220.91 231.16
2021-05-22   221.23 231.49   221.21 231.47   358.72   8.98   220.66 230.92   226.25 236.51   219.98 230.24
2021-05-23   220.31 230.57   220.28 230.55   357.80   8.06   219.74 230.00   225.32 235.59   219.06 229.32
2021-05-24   219.38 229.65   219.36 229.63   356.87   7.14   218.81 229.08   224.40 234.67   218.13 228.40
2021-05-25   218.45 228.73   218.43 228.70   355.94   6.22   217.88 228.16   223.47 233.75   217.20 227.48
2021-05-26   217.52 227.81   217.50 227.78   355.01   5.29   216.95 227.24   222.54 232.82   216.27 226.56
2021-05-27   216.59 226.88   216.57 226.86   354.08   4.37   216.02 226.31   221.61 231.90   215.34 225.63
2021-05-28   215.66 225.96   215.64 225.93   353.15   3.45   215.09 225.39   220.68 230.97   214.41 224.71
2021-05-29   214.73 225.03   214.70 225.01   352.22   2.52   214.16 224.46   219.74 230.05   213.48 223.78
2021-05-30   213.80 224.11   213.77 224.08   351.28   1.59   213.23 223.54   218.81 229.12   212.54 222.85
2021-05-31   212.86 223.18   212.83 223.15   350.35   0.66   212.29 222.61   217.88 228.19   211.61 221.93
2021-06-01   211.92 222.25   211.90 222.22   349.41 359.73   211.35 221.68   216.94 227.26   210.67 221.00
2021-06-02   210.98 221.32   210.96 221.29   348.47 358.80   210.41 220.75   216.00 226.33   209.73 220.07
2021-06-03   210.04 220.38   210.02 220.36   347.53 357.87   209.47 219.81   215.06 225.40   208.79 219.13
2021-06-04   209.10 219.45   209.08 219.42   346.59 356.94   208.53 218.88   214.12 224.47   207.85 218.20
2021-06-05   208.16 218.52   208.13 218.49   345.65 356.00   207.59 217.95   213.18 223.53   206.91 217.26
2021-06-06   207.22 217.58   207.19 217.55   344.70 355.07   206.65 217.01   212.23 222.59   205.96 216.33
2021-06-07   206.27 216.64   206.24 216.61   343.76 354.13   205.70 216.07   211.28 221.66   205.02 215.39
2021-06-08   205.32 215.70   205.30 215.67   342.81 353.19   204.75 215.13   210.34 220.72   204.07 214.45
2021-06-09   204.37 214.76   204.35 214.73   341.86 352.25   203.80 214.19   209.39 219.78   203.12 213.51
2021-06-10   203.42 213.82   203.39 213.79   340.91 351.31   202.85 213.25   208.44 218.83   202.17 212.57
2021-06-11   202.47 212.87   202.44 212.85   339.96 350.36   201.90 212.30   207.48 217.89   201.22 211.62
2021-06-12   201.51 211.93   201.49 211.90   339.00 349.42   200.94 211.36   206.53 216.94   200.26 210.68
2021-06-13   200.56 210.98   200.53 210.95   338.04 348.47   199.99 210.41   205.57 216.00   199.31 209.73
2021-06-14   199.60 210.03   199.57 210.00   337.09 347.52   199.03 209.46   204.61 215.05   198.35 208.78
2021-06-15   198.64 209.08   198.61 209.05   336.13 346.57   198.07 208.51   203.65 214.10   197.39 207.83
2021-06-16   197.68 208.13   197.65 208.10   335.17 345.61   197.11 207.56   202.69 213.14   196.43 206.88
2021-06-17   196.71 207.17   196.69 207.15   334.20 344.66   196.14 206.60   201.73 212.19   195.46 205.92
2021-06-18   195.75 206.22   195.72 206.19   333.24 343.70   195.18 205.65   200.76 211.23   194.50 204.97
2021-06-19   194.78 205.26   194.76 205.23   332.27 342.75   194.21 204.69   199.80 210.27   193.53 204.01
2021-06-20   193.81 204.30   193.79 204.27   331.30 341.79   193.24 203.73   198.83 209.31   192.56 203.05
2021-06-21   192.84 203.34   192.82 203.31   330.33 340.82   192.27 202.77   197.86 208.35   191.59 202.09
2021-06-22   191.87 202.37   191.84 202.35   329.36 339.86   191.30 201.80   196.89 207.39   190.62 201.12
2021-06-23   190.90 201.41   190.87 201.38   328.38 338.90   190.33 200.84   195.91 206.42   189.65 200.16
2021-06-24   189.92 200.44   189.89 200.42   327.41 337.93   189.35 199.87   194.94 205.46   188.67 199.19
2021-06-25   188.94 199.47   188.92 199.45   326.43 336.96   188.37 198.90   193.96 204.49   187.69 198.22
2021-06-26   187.96 198.50   187.94 198.48   325.45 335.99   187.39 197.93   192.98 203.52   186.71 197.25
2021-06-27   186.98 197.53   186.96 197.50   324.47 335.02   186.41 196.96   192.00 202.55   185.73 196.28
2021-06-28   186.00 196.56   185.97 196.53   323.49 334.04   185.43 195.99   191.02 201.57   184.75 195.31
2021-06-29   185.02 195.58   184.99 195.55   322.50 333.07   184.45 195.01   190.03 200.60   183.76 194.33
2021-06-30   184.03 194.60   184.00 194.58   321.52 332.09   183.46 194.03   189.04 199.62   182.78 193.35
2021-07-01   183.04 193.62   183.02 193.60   320.53 331.11   182.47 193.05   188.06 198.64   181.79 192.37
2021-07-02   182.05 192.64   182.03 192.61   319.54 330.13   181.48 192.07   187.07 197.66   180.80 191.39
2021-07-03   181.06 191.66   181.03 191.63   318.55 329.15   180.49 191.09   186.08 196.67   179.81 190.41
2021-07-04   180.07 190.67   180.04 190.65   317.56 328.16   179.50 190.10   185.08 195.69   178.82 189.42
2021-07-05   179.07 189.69   179.05 189.66   316.56 327.17   178.50 189.12   184.09 194.70   177.82 188.44
2021-07-06   178.08 188.70   178.05 188.67   315.57 326.19   177.51 188.13   183.09 193.71   176.83 187.45
2021-07-07   177.08 187.71   177.06 187.68   314.57 325.20   176.51 187.14   182.10 192.72   175.83 186.46
2021-07-08   176.08 186.72   176.06 186.69   313.57 324.21   175.51 186.15   181.10 191.73   174.83 185.47
2021-07-09   175.08 185.73   175.06 185.70   312.57 323.21   174.51 185.16   180.10 190.74   173.83 184.47
2021-07-10   174.08 184.73   174.06 184.70   311.57 322.22   173.51 184.16   179.10 189.75   172.83 183.48
2021-07-11   173.08 183.74   173.05 183.71   310.57 321.22   172.51 183.17   178.10 188.75   171.83 182.48
2021-07-12   172.08 182.74   172.05 182.71   309.57 320.23   171.51 182.17   177.09 187.75   170.83 181.49
2021-07-13   171.07 181.74   171.05 181.71   308.56 319.23   170.50 181.17   176.09 186.76   169.82 180.49
2021-07-14   170.07 180.74   170.04 180.71   307.56 318.23   169.50 180.17   175.08 185.76   168.82 179.49
2021-07-15   169.06 179.74   169.03 179.71   306.55 317.23   168.49 179.17   174.08 184.75   167.81 178.49
2021-07-16   168.05 178.74   168.03 178.71   305.54 316.22   167.48 178.17   173.07 183.75   166.80 177.49
2021-07-17   167.05 177.73   167.02 177.71   304.53 315.22   166.48 177.16   172.06 182.75   165.79 176.48
2021-07-18   166.04 176.73   166.01 176.70   303.52 314.22   165.47 176.16   171.05 181.75   164.79 175.48
2021-07-19   165.03 175.72   165.00 175.70   302.51 313.21   164.46 175.15   170.04 180.74   163.78 174.47
2021-07-20   164.02 174.72   163.99 174.69   301.50 312.21   163.45 174.15   169.03 179.73   162.77 173.47
2021-07-21   163.00 173.71   162.98 173.68   300.49 311.20   162.43 173.14   168.02 178.73   161.75 172.46
2021-07-22   161.99 172.70   161.97 172.68   299.48 310.19   161.42 172.13   167.01 177.72   160.74 171.45
2021-07-23   160.98 171.69   160.95 171.67   298.47 309.18   160.41 171.12   166.00 176.71   159.73 170.44
2021-07-24   159.97 170.68   159.94 170.66   297.46 308.17   159.40 170.11   164.98 175.70   158.72 169.43
2021-07-25   158.96 169.67   158.93 169.65   296.44 307.16   158.39 169.10   163.97 174.69   157.70 168.42
2021-07-26   157.94 168.66   157.92 168.64   295.43 306.15   157.37 168.09   162.96 173.68   156.69 167.41
2021-07-27   156.93 167.65   156.90 167.62   294.42 305.14   156.36 167.08   161.94 172.67   155.68 166.40
2021-07-28   155.91 166.64   155.89 166.61   293.40 304.13   155.34 166.07   160.93 171.65   154.66 165.39
2021-07-29   154.90 165.63   154.87 165.60   292.39 303.11   154.33 165.06   159.92 170.64   153.65 164.38
2021-07-30   153.89 164.61   153.86 164.59   291.37 302.10   153.32 164.04   158.90 169.63   152.64 163.36
2021-07-31   152.87 163.60   152.85 163.57   290.36 301.09   152.30 163.03   157.89 168.62   151.62 162.35
2021-08-01   151.86 162.59   151.83 162.56   289.35 300.07   151.29 162.02   156.87 167.60   150.61 161.34
2021-08-02   150.85 161.57   150.82 161.55   288.33 299.06   150.28 161.00   155.86 166.59   149.59 160.32
2021-08-03   149.83 160.56   149.81 160.53   287.32 298.05   149.26 159.99   154.85 165.57   148.58 159.31
2021-08-04   148.82 159.55   148.79 159.52   286.31 297.03   148.25 158.98   153.83 164.56   147.57 158.29
2021-08-05   147.81 158.53   147.78 158.51   285.29 296.02   147.24 157.96   152.82 163.55   146.55 157.28
2021-08-06   146.79 157.52   146.77 157.49   284.28 295.01   146.22 156.95   151.81 162.53   145.54 156.27
2021-08-07   145.78 156.50   145.75 156.48   283.27 293.99   145.21 155.93   150.80 161.52   144.53 155.25
2021-08-08   144.77 155.49   144.74 155.46   282.26 292.98   144.20 154.92   149.78 160.51   143.52 154.24
2021-08-09   143.76 154.48   143.73 154.45   281.25 291.97   143.19 153.91   148.77 159.49   142.51 153.23
2021-08-10   142.75 153.46   142.72 153.44   280.24 290.95   142.18 152.89   147.76 158.48   141.50 152.21
2021-08-11   141.74 152.45   141.71 152.43   279.23 289.94   141.17 151.88   146.75 157.47   140.49 151.20
2021-08-12   140.73 151.44   140.70 151.41   278.22 288.93   140.16 150.87   145.74 156.46   139.48 150.19
2021-08-13   139.72 150.43   139.69 150.40   277.21 287.92   139.15 149.86   144.74 155.44   138.47 149.18
2021-08-14   138.71 149.42   138.69 149.39   276.20 286.90   138.14 148.85   143.73 154.43   137.46 148.17
2021-08-15   137.71 148.41   137.68 148.38   275.19 285.89   137.14 147.84   142.72 153.42   136.46 147.16
2021-08-16   136.70 147.40   136.67 147.37   274.19 284.88   136.13 146.83   141.72 152.41   135.45 146.15
2021-08-17   135.70 146.39   135.67 146.36   273.18 283.87   135.13 145.82   140.71 151.40   134.44 145.14
2021-08-18   134.69 145.38   134.66 145.35   272.18 282.86   134.12 144.81   139.71 150.39   133.44 144.13
2021-08-19   133.69 144.37   133.66 144.34   271.18 281.86   133.12 143.80   138.70 149.38   132.44 143.12
2021-08-20   132.69 143.36   132.66 143.34   270.17 280.85   132.12 142.79   137.70 148.38   131.44 142.11
2021-08-21   131.69 142.36   131.66 142.33   269.17 279.84   131.12 141.79   136.70 147.37   130.43 141.10
2021-08-22   130.69 141.35   130.66 141.32   268.17 278.84   130.12 140.78   135.70 146.37   129.43 140.10
2021-08-23   129.69 140.35   129.66 140.32   267.17 277.83   129.12 139.78   134.70 145.36   128.44 139.09
2021-08-24   128.69 139.34   128.66 139.32   266.18 276.83   128.12 138.77   133.70 144.36   127.44 138.09
2021-08-25   127.69 138.34   127.67 138.31   265.18 275.83   127.12 137.77   132.71 143.35   126.44 137.09
2021-08-26   126.70 137.34   126.67 137.31   264.19 274.82   126.13 136.77   131.71 142.35   125.45 136.09
2021-08-27   125.70 136.34   125.68 136.31   263.19 273.82   125.13 135.77   130.72 141.35   124.45 135.09
2021-08-28   124.71 135.34   124.69 135.31   262.20 272.82   124.14 134.77   129.73 140.35   123.46 134.09
2021-08-29   123.72 134.34   123.69 134.31   261.21 271.83   123.15 133.77   128.74 139.35   122.47 133.09
2021-08-30   122.73 133.34   122.71 133.32   260.22 270.83   122.16 132.77   127.75 138.36   121.48 132.09
2021-08-31   121.74 132.35   121.72 132.32   259.23 269.83   121.17 131.78   126.76 137.36   120.49 131.09
2021-09-01   120.76 131.35   120.73 131.32   258.24 268.84   120.19 130.78   125.77 136.37   119.51 130.10
2021-09-02   119.77 130.36   119.74 130.33   257.26 267.84   119.20 129.79   124.79 135.37   118.52 129.11
2021-09-03   118.79 129.36   118.76 129.34   256.27 266.85   118.22 128.79   123.80 134.38   117.54 128.11
2021-09-04   117.80 128.37   117.78 128.35   255.29 265.86   117.23 127.80   122.82 133.39   116.55 127.12
2021-09-05   116.82 127.38   116.80 127.36   254.31 264.87   116.25 126.81   121.84 132.40   115.57 126.13
2021-09-06   115.84 126.40   115.82 126.37   253.33 263.88   115.27 125.83   120.86 131.41   114.59 125.14
2021-09-07   114.86 125.41   114.84 125.38   252.35 262.90   114.29 124.84   119.88 130.42   113.61 124.16
2021-09-08   113.89 124.42   113.86 124.40   251.37 261.91   113.32 123.85   118.90 129.44   112.63 123.17
2021-09-09   112.91 123.44   112.88 123.41   250.40 260.93   112.34 122.87   117.93 128.45   111.66 122.19
2021-09-10   111.94 122.45   111.91 122.43   249.42 259.94   111.37 121.88   116.95 127.47   110.68 121.20
2021-09-11   110.96 121.47   110.94 121.45   248.45 258.96   110.39 120.90   115.98 126.49   109.71 120.22
2021-09-12   109.99 120.49   109.96 120.47   247.48 257.98   109.42 119.92   115.01 125.51   108.74 119.24
2021-09-13   109.02 119.51   108.99 119.49   246.51 257.00   108.45 118.94   114.04 124.53   107.77 118.26
2021-09-14   108.05 118.54   108.03 118.51   245.54 256.02   107.48 117.97   113.07 123.55   106.80 117.28
2021-09-15   107.08 117.56   107.06 117.53   244.57 255.05   106.51 116.99   112.10 122.57   105.83 116.31
2021-09-16   106.12 116.58   106.09 116.56   243.61 254.07   105.55 116.01   111.13 121.60   104.87 115.33
2021-09-17   105.15 115.61   105.13 115.58   242.64 253.10   104.58 115.04   110.17 120.63   103.90 114.36
2021-09-18   104.19 114.64   104.16 114.61   241.68 252.13   103.62 114.07   109.21 119.65   102.94 113.39
2021-09-19   103.23 113.67   103.20 113.64   240.72 251.15   102.66 113.10   108.24 118.68   101.98 112.42
2021-09-20   102.27 112.70   102.24 112.67   239.75 250.18   101.70 112.13   107.28 117.71   101.02 111.45
2021-09-21   101.31 111.73   101.28 111.70   238.79 249.22   100.74 111.16   106.32 116.74   100.06 110.48
2021-09-22   100.35 110.76   100.32 110.74   237.84 248.25    99.78 110.19   105.36 115.78    99.10 109.51
2021-09-23    99.39 109.80    99.36 109.77   236.88 247.28    98.82 109.23   104.41 114.81    98.14 108.55
2021-09-24    98.44 108.83    98.41 108.80   235.92 246.32    97.87 108.26   103.45 113.85    97.18 107.58
2021-09-25    97.48 107.87    97.45 107.84   234.97 245.36    96.91 107.30   102.50 112.88    96.23 106.62
2021-09-26    96.53 106.91    96.50 106.88   234.01 244.39    95.96 106.34   101.54 111.92    95.28 105.65
2021-09-27    95.57 105.94    95.55 105.92   233.06 243.43    95.00 105.37   100.59 110.96    94.32 104.69
2021-09-28    94.62 104.98    94.60 104.96   232.11 242.47    94.05 104.41    99.64 110.00    93.37 103.73
2021-09-29    93.67 104.03    93.65 104.00   231.16 241.51    93.10 103.46    98.69 109.04    92.42 102.78
2021-09-30    92.72 103.07    92.70 103.04   230.21 240.56    92.15 102.50    97.74 108.08    91.47 101.82
2021-10-01    91.77 102.11    91.75 102.09   229.26 239.60    91.20 101.54    96.79 107.13    90.52 100.86
2021-10-02    90.83 101.16    90.80 101.13   228.31 238.64    90.26 100.59    95.84 106.17    89.57  99.91
2021-10-03    89.88 100.20    89.85 100.18   227.37 237.69    89.31  99.63    94.89 105.22    88.63  98.95
2021-10-04    88.93  99.25    88.91  99.22   226.42 236.74    88.36  98.68    93.95 104.26    87.68  98.00
2021-10-05    87.99  98.30    87.96  98.27   225.47 235.78    87.42  97.73    93.00 103.31    86.74  97.04
2021-10-06    87.04  97.34    87.02  97.32   224.53 234.83    86.47  96.77    92.06 102.36    85.79  96.09
2021-10-07    86.10  96.39    86.07  96.37   223.58 233.88    85.53  95.82    91.11 101.41    84.85  95.14
2021-10-08    85.15  95.44    85.13  95.42   222.64 232.93    84.58  94.87    90.17 100.46    83.90  94.19
2021-10-09    84.21  94.49    84.18  94.47   221.70 231.98    83.64  93.92    89.23  99.51    82.96  93.24
2021-10-10    83.27  93.54    83.24  93.52   220.76 231.03    82.70  92.97    88.28  98.56    82.02  92.29
2021-10-11    82.33  92.60    82.30  92.57   219.81 230.08    81.76  92.03    87.34  97.61    81.08  91.35
2021-10-12    81.39  91.65    81.36  91.62   218.87 229.14    80.82  91.08    86.40  96.66    80.13  90.40
2021-10-13    80.44  90.70    80.42  90.68   217.93 228.19    79.87  90.13    85.46  95.72    79.19  89.45
2021-10-14    79.50  89.76    79.48  89.73   216.99 227.24    78.93  89.19    84.52  94.77    78.25  88.51
2021-10-15    78.56  88.81    78.54  88.78   216.05 226.30    77.99  88.24    83.58  93.83    77.31  87.56
2021-10-16    77.62  87.87    77.60  87.84   215.11 225.35    77.05  87.30    82.64  92.88    76.37  86.61
2021-10-17    76.68  86.92    76.66  86.89   214.17 224.41    76.11  86.35    81.70  91.94    75.43  85.67
2021-10-18    75.74  85.98    75.72  85.95   213.23 223.46    75.17  85.41    80.76  90.99    74.49  84.73
2021-10-19    74.80  85.03    74.78  85.01   212.29 222.52    74.23  84.46    79.82  90.05    73.55  83.78
2021-10-20    73.86  84.09    73.84  84.06   211.35 221.58    73.29  83.52    78.88  89.10    72.61  82.84
2021-10-21    72.92  83.14    72.90  83.12   210.41 220.63    72.35  82.57    77.94  88.16    71.67  81.89
2021-10-22    71.98  82.20    71.96  82.17   209.47 219.69    71.41  81.63    77.00  87.22    70.73  80.95
2021-10-23    71.04  81.26    71.01  81.23   208.53 218.74    70.47  80.69    76.06  86.27    69.79  80.01
2021-10-24    70.10  80.31    70.07  80.29   207.59 217.80    69.53  79.74    75.12  85.33    68.85  79.06
2021-10-25    69.16  79.37    69.13  79.34   206.65 216.86    68.59  78.80    74.17  84.39    67.91  78.12
2021-10-26    68.22  78.43    68.19  78.40   205.71 215.91    67.65  77.86    73.23  83.44    66.97  77.18
2021-10-27    67.28  77.48    67.25  77.46   204.76 214.97    66.71  76.91    72.29  82.50    66.03  76.23
2021-10-28    66.33  76.54    66.31  76.51   203.82 214.03    65.76  75.97    71.35  81.55    65.08  75.29
2021-10-29    65.39  75.59    65.36  75.57   202.88 213.08    64.82  75.02    70.41  80.61    64.14  74.34
2021-10-30    64.45  74.65    64.42  74.62   201.94 212.14    63.88  74.08    69.46  79.66    63.20  73.40
2021-10-31    63.50  73.70    63.48  73.68   200.99 211.19    62.93  73.13    68.52  78.72    62.25  72.45
2021-11-01    62.56  72.76    62.53  72.73   200.05 210.25    61.99  72.19    67.57  77.77    61.31  71.51
2021-11-02    61.61  71.81    61.59  71.79   199.10 209.30    61.04  71.24    66.63  76.83    60.36  70.56
2021-11-03    60.67  70.87    60.64  70.84   198.15 208.35    60.10  70.30    65.68  75.88    59.42  69.62
2021-11-04    59.72  69.92    59.69  69.89   197.21 207.41    59.15  69.35    64.74  74.94    58.47  68.67
2021-11-05    58.77  68.97    58.75  68.95   196.26 206.46    58.20  68.40    63.79  73.99    57.52  67.72
2021-11-06    57.82  68.02    57.80  68.00   195.31 205.51    57.25  67.45    62.84  73.04    56.57  66.77
2021-11-07    56.87  67.08    56.85  67.05   194.36 204.56    56.30  66.51    61.89  72.09    55.62  65.82
2021-11-08    55.92  66.13    55.90  66.10   193.41 203.61    55.35  65.56    60.94  71.14    54.67  64.87
2021-11-09    54.97  65.18    54.94  65.15   192.46 202.66    54.40  64.61    59.98  70.19    53.72  63.92
2021-11-10    54.02  64.22    53.99  64.20   191.50 201.71    53.45  63.65    59.03  69.24    52.76  62.97
2021-11-11    53.10  63.23    53.07  63.21   190.59 200.72    52.53  62.66    58.11  68.25    51.85  61.98
2021-11-12    52.33  62.09    52.31  62.06   189.82 199.57    51.76  61.52    57.35  67.10    51.08  60.84
2021-11-13    51.57  60.94    51.54  60.92   189.05 198.43    51.00  60.37    56.58  65.96    50.32  59.69
2021-11-14    50.80  59.80    50.77  59.77   188.29 197.28    50.23  59.23    55.81  64.81    49.55  58.54
2021-11-15    50.03  58.65    50.00  58.62   187.52 196.14    49.46  58.08    55.04  63.66    48.78  57.40
2021-11-16    49.25  57.50    49.23  57.47   186.74 194.99    48.68  56.93    54.27  62.52    48.00  56.25
2021-11-17    48.48  56.35    48.45  56.33   185.97 193.84    47.91  55.78    53.50  61.37    47.23  55.10
2021-11-18    47.70  55.20    47.68  55.18   185.19 192.69    47.13  54.63    52.72  60.22    46.45  53.95
2021-11-19    46.92  54.05    46.90  54.03   184.41 191.54    46.35  53.48    51.94  59.07    45.67  52.80

2022-04-14   258.13 265.01   258.10 264.98    35.62  42.49   257.56 264.44   263.14 270.02   256.88 263.75
2022-04-15   257.02 264.26   256.99 264.23    34.50  41.74   256.45 263.69   262.03 269.27   255.77 263.01
2022-04-16   255.91 263.51   255.88 263.48    33.39  41.00   255.34 262.94   260.92 268.53   254.65 262.26
2022-04-17   254.79 262.77   254.77 262.74    32.28  40.25   254.22 262.20   259.81 267.78   253.54 261.52
2022-04-18   253.68 262.02   253.66 262.00    31.17  39.51   253.11 261.45   258.70 267.04   252.43 260.77
2022-04-19   252.57 261.28   252.55 261.26    30.06  38.77   252.00 260.71   257.59 266.30   251.32 260.03
2022-04-20   251.47 260.54   251.44 260.52    28.95  38.03   250.90 259.97   256.48 265.56   250.21 259.29
2022-04-21   250.36 259.81   250.33 259.78    27.84  37.29   249.79 259.24   255.37 264.82   249.11 258.55
2022-04-22   249.25 259.07   249.22 259.04    26.74  36.56   248.68 258.50   254.26 264.08   248.00 257.82
2022-04-23   248.14 258.33   248.11 258.31    25.63  35.82   247.57 257.76   253.15 263.35   246.89 257.08
2022-04-24   247.21 257.42   247.19 257.39    24.70  34.91   246.64 256.85   252.23 262.44   245.96 256.17
2022-04-25   246.29 256.50   246.27 256.47    23.78  33.99   245.72 255.93   251.31 261.51   245.04 255.25
2022-04-26   245.37 255.58   245.35 255.55    22.86  33.07   244.80 255.01   250.39 260.59   244.12 254.33
2022-04-27   244.46 254.66   244.43 254.63    21.94  32.15   243.89 254.09   249.47 259.67   243.21 253.41
2022-04-28   243.54 253.74   243.51 253.71    21.03  31.23   242.97 253.17   248.55 258.76   242.29 252.49
2022-04-29   242.62 252.82   242.60 252.80    20.11  30.31   242.05 252.25   247.64 257.84   241.37 251.57
2022-04-30   241.70 251.90   241.68 251.88    19.19  29.39   241.13 251.33   246.72 256.92   240.45 250.65
2022-05-01   240.79 250.99   240.76 250.96    18.27  28.47   240.22 250.42   245.80 256.00   239.54 249.74
2022-05-02   239.87 250.07   239.84 250.04    17.36  27.56   239.30 249.50   244.89 255.09   238.62 248.82
2022-05-03   238.95 249.15   238.93 249.13    16.44  26.64   238.38 248.58   243.97 254.17   237.70 247.90
2022-05-04   238.04 248.24   238.01 248.21    15.52  25.73   237.47 247.67   243.05 253.25   236.79 246.99
2022-05-05   237.12 247.32   237.09 247.30    14.61  24.81   236.55 246.75   242.14 252.34   235.87 246.07
2022-05-06   236.20 246.41   236.18 246.38    13.69  23.89   235.63 245.84   241.22 251.42   234.95 245.16
2022-05-07   235.29 245.49   235.26 245.46    12.77  22.98   234.72 244.92   240.30 250.51   234.04 244.24
2022-05-08   234.37 244.58   234.34 244.55    11.86  22.06   233.80 244.01   239.39 249.59   233.12 243.33
2022-05-09   233.45 243.66   233.43 243.63    10.94  21.15   232.88 243.09   238.47 248.68   232.20 242.41
2022-05-10   232.53 242.75   232.51 242.72    10.02  20.23   231.96 242.18   237.55 247.76   231.28 241.49
2022-05-11   231.62 241.83   231.59 241.80     9.10  19.32   231.05 241.26   236.63 246.84   230.37 240.58
2022-05-12   230.70 240.91   230.67 240.89     8.19  18.40   230.13 240.34   235.71 245.93   229.45 239.66
2022-05-13   229.78 240.00   229.75 239.97     7.27  17.49   229.21 239.43   234.79 245.01   228.53 238.75
2022-05-14   228.86 239.08   228.83 239.05     6.35  16.57   228.29 238.51   233.87 244.10   227.61 237.83
2022-05-15   227.94 238.16   227.91 238.14     5.43  15.65   227.37 237.59   232.95 243.18   226.69 236.91
2022-05-16   227.02 237.25   226.99 237.22     4.51  14.73   226.45 236.68   232.03 242.26   225.77 236.00
2022-05-17   226.10 236.33   226.07 236.30     3.58  13.82   225.53 235.76   231.11 241.35   224.85 235.08
2022-05-18   225.17 235.41   225.15 235.39     2.66  12.90   224.60 234.84   230.19 240.43   223.92 234.16
2022-05-19   224.25 234.49   224.22 234.47     1.74  11.98   223.68 233.92   229.27 239.51   223.00 233.24
2022-05-20   223.33 233.57   223.30 233.55     0.81  11.06   222.76 233.00   228.34 238.59   222.08 232.32
2022-05-21   222.40 232.65   222.37 232.63   359.89  10.14   221.83 232.08   227.42 237.67   221.15 231.40
2022-05-22   221.48 231.73   221.45 231.71   358.96   9.22   220.91 231.16   226.49 236.75   220.22 230.48
2022-05-23   220.55 230.81   220.52 230.78   358.04   8.30   219.98 230.24   225.56 235.83   219.30 229.56
2022-05-24   219.62 229.89   219.59 229.86   357.11   7.38   219.05 229.32   224.63 234.90   218.37 228.64
2022-05-25   218.69 228.97   218.66 228.94   356.18   6.45   218.12 228.40   223.71 233.98   217.44 227.71
2022-05-26   217.76 228.04   217.73 228.01   355.25   5.53   217.19 227.47   222.78 233.06   216.51 226.79
2022-05-27   216.83 227.12   216.80 227.09   354.32   4.60   216.26 226.55   221.84 232.13   215.58 225.87
2022-05-28   215.90 226.19   215.87 226.16   353.38   3.68   215.33 225.62   220.91 231.21   214.64 224.94
2022-05-29   214.96 225.26   214.93 225.24   352.45   2.75   214.39 224.69   219.98 230.28   213.71 224.01
2022-05-30   214.03 224.33   214.00 224.31   351.51   1.82   213.46 223.76   219.04 229.35   212.77 223.08
2022-05-31   213.09 223.40   213.06 223.38   350.58   0.89   212.52 222.83   218.10 228.42   211.84 222.15
2022-06-01   212.15 222.47   212.12 222.45   349.64 359.96   211.58 221.90   217.17 227.49   210.90 221.22
2022-06-02   211.21 221.54   211.18 221.51   348.70 359.03   210.64 220.97   216.23 226.56   209.96 220.29
2022-06-03   210.27 220.61   210.24 220.58   347.76 358.09   209.70 220.04   215.28 225.62   209.02 219.36
2022-06-04   209.33 219.67   209.30 219.65   346.81 357.16   208.76 219.10   214.34 224.69   208.08 218.42
2022-06-05   208.38 218.74   208.36 218.71   345.87 356.22   207.81 218.17   213.40 223.75   207.13 217.48
2022-06-06   207.44 217.80   207.41 217.77   344.92 355.29   206.87 217.23   212.45 222.81   206.19 216.55
2022-06-07   206.49 216.86   206.46 216.83   343.98 354.35   205.92 216.29   211.50 221.87   205.24 215.61
2022-06-08   205.54 215.92   205.51 215.89   343.03 353.40   204.97 215.35   210.55 220.93   204.29 214.67
2022-06-09   204.59 214.98   204.56 214.95   342.08 352.46   204.02 214.41   209.60 219.99   203.34 213.72
2022-06-10   203.64 214.03   203.61 214.00   341.12 351.52   203.07 213.46   208.65 219.05   202.39 212.78
2022-06-11   202.68 213.09   202.66 213.06   340.17 350.57   202.11 212.52   207.70 218.10   201.43 211.83
2022-06-12   201.73 212.14   201.70 212.11   339.21 349.63   201.16 211.57   206.74 217.15   200.48 210.89
2022-06-13   200.77 211.19   200.74 211.16   338.26 348.68   200.20 210.62   205.78 216.20   199.52 209.94
2022-06-14   199.81 210.24   199.78 210.21   337.30 347.73   199.24 209.67   204.82 215.25   198.56 208.99
2022-06-15   198.85 209.29   198.82 209.26   336.34 346.77   198.28 208.72   203.86 214.30   197.60 208.04
2022-06-16   197.89 208.33   197.86 208.31   335.37 345.82   197.32 207.76   202.90 213.35   196.63 207.08
2022-06-17   196.92 207.38   196.89 207.35   334.41 344.87   196.35 206.81   201.94 212.39   195.67 206.13
2022-06-18   195.95 206.42   195.93 206.39   333.44 343.91   195.38 205.85   200.97 211.44   194.70 205.17
2022-06-19   194.99 205.46   194.96 205.43   332.47 342.95   194.42 204.89   200.00 210.48   193.74 204.21
2022-06-20   194.02 204.50   193.99 204.47   331.50 341.99   193.45 203.93   199.03 209.52   192.77 203.25
2022-06-21   193.04 203.54   193.02 203.51   330.53 341.03   192.47 202.97   198.06 208.55   191.79 202.29
2022-06-22   192.07 202.57   192.04 202.55   329.56 340.06   191.50 202.00   197.09 207.59   190.82 201.32
2022-06-23   191.10 201.61   191.07 201.58   328.58 339.09   190.53 201.04   196.11 206.62   189.85 200.36
2022-06-24   190.12 200.64   190.09 200.61   327.61 338.13   189.55 200.07   195.13 205.65   188.87 199.39
2022-06-25   189.14 199.67   189.11 199.64   326.63 337.16   188.57 199.10   194.16 204.68   187.89 198.42
2022-06-26   188.16 198.70   188.13 198.67   325.65 336.19   187.59 198.13   193.18 203.71   186.91 197.45
2022-06-27   187.18 197.72   187.15 197.70   324.67 335.21   186.61 197.15   192.19 202.74   185.93 196.47
2022-06-28   186.20 196.75   186.17 196.72   323.68 334.24   185.63 196.18   191.21 201.77   184.94 195.50
2022-06-29   185.21 195.77   185.18 195.75   322.70 333.26   184.64 195.20   190.23 200.79   183.96 194.52
2022-06-30   184.22 194.79   184.20 194.77   321.71 332.28   183.65 194.22   189.24 199.81   182.97 193.54
2022-07-01   183.23 193.81   183.21 193.79   320.72 331.30   182.66 193.24   188.25 198.83   181.98 192.56
2022-07-02   182.25 192.83   182.22 192.81   319.73 330.32   181.68 192.26   187.26 197.85   180.99 191.58
2022-07-03   181.25 191.85   181.23 191.82   318.74 329.34   180.68 191.28   186.27 196.86   180.00 190.60
2022-07-04   180.26 190.86   180.23 190.84   317.75 328.35   179.69 190.29   185.28 195.88   179.01 189.61
2022-07-05   179.27 189.88   179.24 189.85   316.75 327.37   178.70 189.31   184.28 194.89   178.02 188.63
2022-07-06   178.27 188.89   178.24 188.86   315.76 326.38   177.70 188.32   183.29 193.91   177.02 187.64
2022-07-07   177.27 187.90   177.25 187.87   314.76 325.39   176.70 187.33   182.29 192.92   176.02 186.65
2022-07-08   176.28 186.91   176.25 186.88   313.76 324.40   175.71 186.34   181.29 191.92   175.02 185.66
2022-07-09   175.28 185.92   175.25 185.89   312.76 323.40   174.71 185.35   180.29 190.93   174.03 184.67
2022-07-10   174.28 184.92   174.25 184.90   311.76 322.41   173.71 184.35   179.29 189.94   173.02 183.67
2022-07-11   173.27 183.93   173.25 183.90   310.76 321.41   172.70 183.36   178.29 188.94   172.02 182.68
2022-07-12   172.27 182.93   172.24 182.90   309.76 320.42   171.70 182.36   177.29 187.95   171.02 181.68
2022-07-13   171.27 181.93   171.24 181.91   308.75 319.42   170.70 181.36   176.28 186.95   170.02 180.68
2022-07-14   170.26 180.93   170.24 180.91   307.75 318.42   169.69 180.36   175.28 185.95   169.01 179.68
2022-07-15   169.26 179.93   169.23 179.91   306.74 317.42   168.69 179.36   174.27 184.95   168.01 178.68
2022-07-16   168.25 178.93   168.22 178.91   305.74 316.42   167.68 178.36   173.27 183.95   167.00 177.68
2022-07-17   167.24 177.93   167.22 177.90   304.73 315.42   166.67 177.36   172.26 182.95   165.99 176.68
2022-07-18   166.23 176.93   166.21 176.90   303.72 314.41   165.66 176.36   171.25 181.94   164.98 175.68
2022-07-19   165.23 175.92   165.20 175.90   302.71 313.41   164.66 175.35   170.24 180.94   163.97 174.67
2022-07-20   164.22 174.92   164.19 174.89   301.70 312.40   163.65 174.35   169.23 179.93   162.97 173.67
2022-07-21   163.21 173.91   163.18 173.88   300.69 311.40   162.64 173.34   168.22 178.93   161.96 172.66
2022-07-22   162.20 172.90   162.17 172.88   299.68 310.39   161.63 172.33   167.21 177.92   160.94 171.65
2022-07-23   161.18 171.90   161.16 171.87   298.67 309.38   160.61 171.33   166.20 176.91   159.93 170.65
2022-07-24   160.17 170.89   160.15 170.86   297.66 308.38   159.60 170.32   165.19 175.90   158.92 169.64
2022-07-25   159.16 169.88   159.14 169.85   296.65 307.37   158.59 169.31   164.18 174.89   157.91 168.63
2022-07-26   158.15 168.87   158.12 168.84   295.64 306.36   157.58 168.30   163.17 173.88   156.90 167.62
2022-07-27   157.14 167.86   157.11 167.83   294.63 305.35   156.57 167.29   162.15 172.87   155.89 166.61
2022-07-28   156.13 166.85   156.10 166.82   293.61 304.34   155.56 166.28   161.14 171.86   154.87 165.60
2022-07-29   155.11 165.84   155.09 165.81   292.60 303.33   154.54 165.27   160.13 170.85   153.86 164.59
2022-07-30   154.10 164.83   154.07 164.80   291.59 302.31   153.53 164.26   159.12 169.84   152.85 163.58
2022-07-31   153.09 163.82   153.06 163.79   290.58 301.30   152.52 163.25   158.10 168.83   151.84 162.56
2022-08-01   152.08 162.80   152.05 162.78   289.56 300.29   151.51 162.23   157.09 167.82   150.83 161.55
2022-08-02   151.06 161.79   151.04 161.77   288.55 299.28   150.49 161.22   156.08 166.81   149.81 160.54
2022-08-03   150.05 160.78   150.03 160.75   287.54 298.27   149.48 160.21   155.07 165.80   148.80 159.53
2022-08-04   149.04 159.77   149.02 159.74   286.53 297.26   148.47 159.20   154.06 164.78   147.79 158.52
2022-08-05   148.03 158.76   148.00 158.73   285.52 296.24   147.46 158.19   153.05 163.77   146.78 157.51
2022-08-06   147.02 157.74   146.99 157.72   284.51 295.23   146.45 157.17   152.04 162.76   145.77 156.49
2022-08-07   146.01 156.73   145.98 156.71   283.50 294.22   145.44 156.16   151.02 161.75   144.76 155.48
2022-08-08   145.00 155.72   144.97 155.69   282.49 293.21   144.43 155.15   150.02 160.74   143.75 154.47
2022-08-09   143.99 154.71   143.96 154.68   281.48 292.20   143.42 154.14   149.01 159.72   142.74 153.46
2022-08-10   142.98 153.70   142.96 153.67   280.47 291.19   142.41 153.13   148.00 158.71   141.73 152.45
2022-08-11   141.97 152.69   141.95 152.66   279.46 290.18   141.40 152.12   146.99 157.70   140.72 151.44
2022-08-12   140.97 151.68   140.94 151.65   278.45 289.16   140.40 151.11   145.98 156.69   139.72 150.43
2022-08-13   139.96 150.67   139.93 150.64   277.45 288.15   139.39 150.10   144.98 155.68   138.71 149.42
2022-08-14   138.95 149.66   138.93 149.63   276.44 287.15   138.38 149.09   143.97 154.67   137.70 148.41
2022-08-15   137.95 148.65   137.92 148.62   275.44 286.14   137.38 148.08   142.96 153.66   136.70 147.40
2022-08-16   136.95 147.64   136.92 147.61   274.43 285.13   136.38 147.07   141.96 152.66   135.69 146.39
2022-08-17   135.94 146.63   135.92 146.61   273.43 284.12   135.37 146.06   140.96 151.65   134.69 145.38
2022-08-18   134.94 145.63   134.91 145.60   272.43 283.11   134.37 145.06   139.95 150.64   133.69 144.38
2022-08-19   133.94 144.62   133.91 144.59   271.43 282.11   133.37 144.05   138.95 149.64   132.69 143.37
2022-08-20   132.94 143.61   132.91 143.59   270.43 281.10   132.37 143.04   137.95 148.63   131.69 142.36
2022-08-21   131.94 142.61   131.91 142.58   269.43 280.10   131.37 142.04   136.95 147.63   130.69 141.36
2022-08-22   130.94 141.61   130.91 141.58   268.43 279.09   130.37 141.04   135.96 146.62   129.69 140.36
2022-08-23   129.94 140.60   129.92 140.58   267.43 278.09   129.37 140.03   134.96 145.62   128.69 139.35
2022-08-24   128.95 139.60   128.92 139.57   266.44 277.09   128.38 139.03   133.96 144.62   127.70 138.35
2022-08-25   127.95 138.60   127.93 138.57   265.44 276.09   127.38 138.03   132.97 143.62   126.70 137.35
2022-08-26   126.96 137.60   126.93 137.57   264.45 275.09   126.39 137.03   131.98 142.62   125.71 136.35
2022-08-27   125.97 136.60   125.94 136.57   263.46 274.09   125.40 136.03   130.98 141.62   124.72 135.35
2022-08-28   124.98 135.60   124.95 135.58   262.46 273.09   124.41 135.03   129.99 140.62   123.73 134.35
2022-08-29   123.99 134.61   123.96 134.58   261.48 272.09   123.42 134.04   129.00 139.62   122.74 133.36
2022-08-30   123.00 133.61   122.97 133.58   260.49 271.10   122.43 133.04   128.01 138.63   121.75 132.36
2022-08-31   122.01 132.62   121.99 132.59   259.50 270.10   121.44 132.05   127.03 137.63   120.76 131.37
2022-09-01   121.03 131.62   121.00 131.60   258.51 269.11   120.46 131.05   126.04 136.64   119.78 130.37
2022-09-02   120.04 130.63   120.02 130.60   257.53 268.12   119.47 130.06   125.06 135.65   118.79 129.38
2022-09-03   119.06 129.64   119.03 129.61   256.55 267.13   118.49 129.07   124.07 134.65   117.81 128.39
2022-09-04   118.08 128.65   118.05 128.62   255.57 266.14   117.51 128.08   123.09 133.66   116.83 127.40
2022-09-05   117.10 127.66   117.07 127.63   254.58 265.15   116.53 127.09   122.11 132.68   115.85 126.41
2022-09-06   116.12 126.67   116.09 126.65   253.61 264.16   115.55 126.10   121.13 131.69   114.87 125.42
2022-09-07   115.14 125.69   115.11 125.66   252.63 263.18   114.57 125.12   120.16 130.70   113.89 124.44
2022-09-08   114.16 124.70   114.14 124.68   251.65 262.19   113.59 124.13   119.18 129.72   112.91 123.45
2022-09-09   113.19 123.72   113.16 123.69   250.68 261.21   112.62 123.15   118.21 128.73   111.94 122.47
2022-09-10   112.22 122.74   112.19 122.71   249.70 260.22   111.65 122.17   117.23 127.75   110.97 121.49
2022-09-11   111.24 121.76   111.22 121.73   248.73 259.24   110.67 121.19   116.26 126.77   109.99 120.51
2022-09-12   110.27 120.78   110.25 120.75   247.76 258.26   109.70 120.21   115.29 125.79   109.02 119.53
2022-09-13   109.30 119.80   109.28 119.77   246.79 257.29   108.73 119.23   114.32 124.81   108.05 118.55
2022-09-14   108.34 118.82   108.31 118.80   245.82 256.31   107.77 118.25   113.35 123.84   107.09 117.57
2022-09-15   107.37 117.85   107.34 117.82   244.86 255.33   106.80 117.28   112.38 122.86   106.12 116.60
2022-09-16   106.40 116.87   106.38 116.85   243.89 254.36   105.83 116.30   111.42 121.89   105.15 115.62
2022-09-17   105.44 115.90   105.41 115.87   242.93 253.39   104.87 115.33   110.46 120.91   104.19 114.65
2022-09-18   104.48 114.93   104.45 114.90   241.96 252.41   103.91 114.36   109.49 119.94   103.23 113.68
2022-09-19   103.52 113.96   103.49 113.93   241.00 251.44   102.95 113.39   108.53 118.97   102.26 112.71
2022-09-20   102.56 112.99   102.53 112.96   240.04 250.48   101.99 112.42   107.57 118.00   101.30 111.74
2022-09-21   101.60 112.02   101.57 111.99   239.08 249.51   101.03 111.45   106.61 117.03   100.35 110.77
2022-09-22   100.64 111.05   100.61 111.03   238.13 248.54   100.07 110.48   105.65 116.07    99.39 109.80
2022-09-23    99.68 110.09    99.65 110.06   237.17 247.58    99.11 109.52   104.70 115.10    98.43 108.84
2022-09-24    98.73 109.12    98.70 109.10   236.21 246.61    98.16 108.55   103.74 114.14    97.47 107.87
2022-09-25    97.77 108.16    97.74 108.13   235.26 245.65    97.20 107.59   102.79 113.18    96.52 106.91
2022-09-26    96.82 107.20    96.79 107.17   234.30 244.69    96.25 106.63   101.83 112.21    95.57 105.95
2022-09-27    95.86 106.24    95.84 106.21   233.35 243.72    95.29 105.67   100.88 111.25    94.61 104.99
2022-09-28    94.91 105.28    94.89 105.25   232.40 242.77    94.34 104.71    99.93 110.29    93.66 104.03
2022-09-29    93.96 104.32    93.94 104.29   231.45 241.81    93.39 103.75    98.98 109.33    92.71 103.07
2022-09-30    93.01 103.36    92.99 103.33   230.50 240.85    92.44 102.79    98.03 108.38    91.76 102.11
2022-10-01    92.06 102.40    92.04 102.38   229.55 239.89    91.49 101.83    97.08 107.42    90.81 101.15
2022-10-02    91.12 101.45    91.09 101.42   228.60 238.94    90.55 100.88    96.13 106.46    89.87 100.20
2022-10-03    90.17 100.49    90.14 100.47   227.66 237.98    89.60  99.92    95.18 105.51    88.92  99.24
2022-10-04    89.22  99.54    89.20  99.51   226.71 237.03    88.65  98.97    94.24 104.56    87.97  98.29
2022-10-05    88.28  98.59    88.25  98.56   225.76 236.08    87.71  98.02    93.29 103.60    87.03  97.34
2022-10-06    87.33  97.64    87.31  97.61   224.82 235.12    86.76  97.07    92.35 102.65    86.08  96.38
2022-10-07    86.39  96.68    86.36  96.66   223.87 234.17    85.82  96.11    91.40 101.70    85.14  95.43
2022-10-08    85.44  95.73    85.42  95.71   222.93 233.22    84.87  95.16    90.46 100.75    84.19  94.48
2022-10-09    84.50  94.78    84.47  94.76   221.99 232.27    83.93  94.21    89.52  99.80    83.25  93.53
2022-10-10    83.56  93.84    83.53  93.81   221.04 231.32    82.99  93.27    88.57  98.85    82.31  92.58
2022-10-11    82.61  92.89    82.59  92.86   220.10 230.37    82.04  92.32    87.63  97.90    81.36  91.64
2022-10-12    81.67  91.94    81.65  91.91   219.16 229.43    81.10  91.37    86.69  96.95    80.42  90.69
2022-10-13    80.73  90.99    80.70  90.96   218.22 228.48    80.16  90.42    85.75  96.01    79.48  89.74
2022-10-14    79.79  90.04    79.76  90.02   217.28 227.53    79.22  89.47    84.81  95.06    78.54  88.79
2022-10-15    78.85  89.10    78.82  89.07   216.34 226.59    78.28  88.53    83.86  94.11    77.60  87.85
2022-10-16    77.91  88.15    77.88  88.13   215.40 225.64    77.34  87.58    82.92  93.17    76.66  86.90
2022-10-17    76.97  87.21    76.94  87.18   214.45 224.69    76.40  86.64    81.98  92.22    75.72  85.96
2022-10-18    76.03  86.26    76.00  86.23   213.51 223.75    75.46  85.69    81.04  91.28    74.78  85.01
2022-10-19    75.09  85.32    75.06  85.29   212.57 222.80    74.52  84.75    80.10  90.33    73.83  84.07
2022-10-20    74.14  84.37    74.12  84.34   211.63 221.86    73.57  83.80    79.16  89.39    72.89  83.12
2022-10-21    73.20  83.43    73.18  83.40   210.69 220.91    72.63  82.86    78.22  88.44    71.95  82.18
2022-10-22    72.26  82.48    72.24  82.46   209.75 219.97    71.69  81.91    77.28  87.50    71.01  81.23
2022-10-23    71.32  81.54    71.29  81.51   208.81 219.02    70.75  80.97    76.34  86.55    70.07  80.29
2022-10-24    70.38  80.59    70.35  80.57   207.87 218.08    69.81  80.02    75.39  85.61    69.13  79.34
2022-10-25    69.44  79.65    69.41  79.62   206.92 217.14    68.87  79.08    74.45  84.66    68.19  78.40
2022-10-26    68.49  78.70    68.47  78.68   205.98 216.19    67.92  78.13    73.51  83.72    67.24  77.45
2022-10-27    67.55  77.76    67.53  77.73   205.04 215.25    66.98  77.19    72.57  82.77    66.30  76.51
2022-10-28    66.61  76.81    66.58  76.79   204.10 214.30    66.04  76.24    71.62  81.83    65.36  75.56
2022-10-29    65.66  75.87    65.64  75.84   203.15 213.36    65.09  75.30    70.68  80.88    64.41  74.62
2022-10-30    64.72  74.92    64.69  74.90   202.21 212.41    64.15  74.35    69.74  79.94    63.47  73.67
2022-10-31    63.78  73.98    63.75  73.95   201.26 211.46    63.21  73.41    68.79  78.99    62.52  72.73
2022-11-01    62.83  73.03    62.80  73.00   200.32 210.52    62.26  72.46    67.84  78.05    61.58  71.78
2022-11-02    61.88  72.08    61.86  72.06   199.37 209.57    61.31  71.51    66.90  77.10    60.63  70.83
2022-11-03    60.94  71.14    60.91  71.11   198.42 208.62    60.37  70.57    65.95  76.15    59.68  69.88
2022-11-04    59.99  70.19    59.96  70.16   197.47 207.67    59.42  69.62    65.00  75.20    58.74  68.94
2022-11-05    59.04  69.24    59.01  69.21   196.52 206.73    58.47  68.67    64.05  74.25    57.79  67.99
2022-11-06    58.09  68.29    58.06  68.26   195.57 205.78    57.52  67.72    63.10  73.30    56.84  67.04
2022-11-07    57.14  67.34    57.11  67.31   194.62 204.83    56.57  66.77    62.15  72.35    55.89  66.09
2022-11-08    56.18  66.39    56.16  66.36   193.67 203.87    55.61  65.82    61.20  71.40    54.93  65.14
2022-11-09    55.23  65.44    55.20  65.41   192.72 202.92    54.66  64.87    60.24  70.45    53.98  64.18
2022-11-10    54.27  64.48    54.25  64.46   191.76 201.97    53.70  63.91    59.29  69.50    53.02  63.23
2022-11-11    53.32  63.53    53.29  63.50   190.81 201.02    52.75  62.96    58.33  68.54    52.07  62.28
2022-11-12    52.53  62.40    52.50  62.38   190.02 199.89    51.96  61.83    57.55  67.42    51.28  61.15
2022-11-13    51.76  61.26    51.74  61.23   189.25 198.74    51.19  60.69    56.78  66.27    50.51  60.01
2022-11-14    50.99  60.11    50.97  60.08   188.48 197.60    50.42  59.54    56.01  65.12    49.74  58.86
2022-11-15    50.22  58.96    50.19  58.93   187.71 196.45    49.65  58.39    55.24  63.98    48.97  57.71
2022-11-16    49.45  57.81    49.42  57.78   186.93 195.30    48.88  57.24    54.46  62.83    48.20  56.56
2022-11-17    48.67  56.66    48.64  56.63   186.16 194.15    48.10  56.09    53.69  61.68    47.42  55.41
2022-11-18    47.89  55.51    47.87  55.48   185.38 193.00    47.32  54.94    52.91  60.53    46.64  54.26
2022-11-19    47.11  54.36    47.09  54.33   184.60 191.85    46.54  53.79    52.13  59.37    45.86  53.11
2022-11-20    46.33  53.21    46.30  53.18   183.82 190.69    45.76  52.64    51.35  58.22    45.08  51.96

2023-04-15   257.36 264.49   257.33 264.46    34.85  41.98   256.79 263.92   262.37 269.50   256.11 263.24
2023-04-16   256.25 263.74   256.22 263.71    33.73  41.23   255.68 263.17   261.26 268.76   254.99 262.49
2023-04-17   255.13 263.00   255.11 262.97    32.62  40.48   254.56 262.43   260.15 268.01   253.88 261.75
2023-04-18   254.02 262.25   254.00 262.23    31.51  39.74   253.45 261.68   259.04 267.27   252.77 261.00
2023-04-19   252.91 261.51   252.88 261.48    30.40  39.00   252.34 260.94   257.93 266.53   251.66 260.26
2023-04-20   251.80 260.77   251.77 260.75    29.29  38.26   251.23 260.20   256.82 265.79   250.55 259.52
2023-04-21   250.69 260.03   250.66 260.01    28.18  37.52   250.12 259.46   255.70 265.05   249.44 258.78
2023-04-22   249.58 259.30   249.55 259.27    27.07  36.78   249.01 258.73   254.59 264.31   248.33 258.05
2023-04-23   248.47 258.56   248.44 258.53    25.96  36.05   247.90 257.99   253.49 263.58   247.22 257.31
2023-04-24   247.49 257.70   247.46 257.67    24.98  35.18   246.92 257.13   252.50 262.71   246.24 256.45
2023-04-25   246.57 256.78   246.54 256.75    24.06  34.26   246.00 256.21   251.58 261.79   245.32 255.52
2023-04-26   245.65 255.85   245.62 255.83    23.14  33.34   245.08 255.28   250.66 260.87   244.40 254.60
2023-04-27   244.73 254.93   244.70 254.91    22.22  32.42   244.16 254.36   249.75 259.95   243.48 253.68
2023-04-28   243.81 254.01   243.78 253.99    21.30  31.50   243.24 253.44   248.83 259.03   242.56 252.76
2023-04-29   242.89 253.09   242.87 253.07    20.38  30.58   242.32 252.52   247.91 258.11   241.64 251.84
2023-04-30   241.97 252.17   241.95 252.15    19.46  29.66   241.40 251.60   246.99 257.19   240.72 250.92
2023-05-01   241.06 251.26   241.03 251.23    18.54  28.74   240.49 250.69   246.07 256.27   239.81 250.01
2023-05-02   240.14 250.34   240.11 250.31    17.63  27.83   239.57 249.77   245.15 255.35   238.89 249.09
2023-05-03   239.22 249.42   239.19 249.39    16.71  26.91   238.65 248.85   244.24 254.44   237.97 248.17
2023-05-04   238.30 248.50   238.28 248.48    15.79  25.99   237.73 247.93   243.32 253.52   237.05 247.25
2023-05-05   237.38 247.59   237.36 247.56    14.87  25.07   236.81 247.02   242.40 252.60   236.13 246.34
2023-05-06   236.47 246.67   236.44 246.64    13.95  24.16   235.90 246.10   241.48 251.68   235.22 245.42
2023-05-07   235.55 245.75   235.52 245.73    13.04  23.24   234.98 245.18   240.56 250.77   234.30 244.50
2023-05-08   234.63 244.84   234.60 244.81    12.12  22.32   234.06 244.27   239.64 249.85   233.38 243.58
2023-05-09   233.71 243.92   233.68 243.89    11.20  21.41   233.14 243.35   238.73 248.93   232.46 242.67
2023-05-10   232.79 243.00   232.76 242.97    10.28  20.49   232.22 242.43   237.81 248.02   231.54 241.75
2023-05-11   231.87 242.08   231.85 242.06     9.36  19.57   231.30 241.51   236.89 247.10   230.62 240.83
2023-05-12   230.95 241.17   230.93 241.14     8.44  18.65   230.38 240.60   235.97 246.18   229.70 239.92
2023-05-13   230.03 240.25   230.00 240.22     7.52  17.74   229.46 239.68   235.05 245.26   228.78 239.00
2023-05-14   229.11 239.33   229.08 239.31     6.60  16.82   228.54 238.76   234.13 244.35   227.86 238.08
2023-05-15   228.19 238.41   228.16 238.39     5.68  15.90   227.62 237.84   233.20 243.43   226.94 237.16
2023-05-16   227.27 237.50   227.24 237.47     4.75  14.98   226.70 236.93   232.28 242.51   226.02 236.24
2023-05-17   226.34 236.58   226.32 236.55     3.83  14.06   225.77 236.01   231.36 241.59   225.09 235.33
2023-05-18   225.42 235.66   225.39 235.63     2.91  13.14   224.85 235.09   230.43 240.67   224.17 234.41
2023-05-19   224.49 234.74   224.47 234.71     1.98  12.22   223.92 234.17   229.51 239.75   223.24 233.49
2023-05-20   223.57 233.82   223.54 233.79     1.06  11.30   223.00 233.25   228.58 238.83   222.32 232.56
2023-05-21   222.64 232.89   222.62 232.87     0.13  10.38   222.07 232.32   227.66 237.91   221.39 231.64
2023-05-22   221.71 231.97   221.69 231.95   359.20   9.46   221.14 231.40   226.73 236.99   220.46 230.72
2023-05-23   220.79 231.05   220.76 231.02   358.27   8.54   220.22 230.48   225.80 236.06   219.54 229.80
2023-05-24   219.86 230.12   219.83 230.10   357.34   7.61   219.29 229.55   224.87 235.14   218.61 228.87
2023-05-25   218.93 229.20   218.90 229.17   356.41   6.69   218.36 228.63   223.94 234.22   217.67 227.95
2023-05-26   217.99 228.27   217.97 228.25   355.48   5.76   217.42 227.70   223.01 233.29   216.74 227.02
2023-05-27   217.06 227.35   217.03 227.32   354.55   4.83   216.49 226.78   222.08 232.36   215.81 226.10
2023-05-28   216.13 226.42   216.10 226.39   353.61   3.91   215.56 225.85   221.14 231.43   214.88 225.17
2023-05-29   215.19 225.49   215.16 225.46   352.68   2.98   214.62 224.92   220.21 230.51   213.94 224.24
2023-05-30   214.25 224.56   214.23 224.53   351.74   2.05   213.68 223.99   219.27 229.58   213.00 223.31
2023-05-31   213.32 223.63   213.29 223.60   350.80   1.12   212.75 223.06   218.33 228.64   212.06 222.38
2023-06-01   212.38 222.70   212.35 222.67   349.86   0.18   211.81 222.13   217.39 227.71   211.12 221.45
2023-06-02   211.43 221.76   211.41 221.74   348.92 359.25   210.86 221.19   216.45 226.78   210.18 220.51
2023-06-03   210.49 220.83   210.46 220.80   347.98 358.32   209.92 220.26   215.51 225.84   209.24 219.58
2023-06-04   209.55 219.89   209.52 219.87   347.03 357.38   208.98 219.32   214.56 224.91   208.30 218.64
2023-06-05   208.60 218.95   208.57 218.93   346.09 356.44   208.03 218.38   213.62 223.97   207.35 217.70
2023-06-06   207.65 218.01   207.63 217.99   345.14 355.50   207.08 217.44   212.67 223.03   206.40 216.76
2023-06-07   206.70 217.07   206.68 217.05   344.19 354.56   206.13 216.50   211.72 222.09   205.45 215.82
2023-06-08   205.75 216.13   205.73 216.11   343.24 353.62   205.18 215.56   210.77 221.15   204.50 214.88
2023-06-09   204.80 215.19   204.78 215.16   342.29 352.68   204.23 214.62   209.82 220.20   203.55 213.94
2023-06-10   203.85 214.24   203.82 214.22   341.34 351.73   203.28 213.67   208.86 219.26   202.60 212.99
2023-06-11   202.89 213.30   202.87 213.27   340.38 350.78   202.32 212.73   207.91 218.31   201.64 212.05
2023-06-12   201.94 212.35   201.91 212.32   339.42 349.83   201.37 211.78   206.95 217.36   200.69 211.10
2023-06-13   200.98 211.40   200.95 211.37   338.46 348.88   200.41 210.83   205.99 216.41   199.73 210.15
2023-06-14   200.02 210.45   199.99 210.42   337.50 347.93   199.45 209.88   205.03 215.46   198.77 209.19
2023-06-15   199.05 209.49   199.03 209.47   336.54 346.98   198.48 208.92   204.07 214.51   197.80 208.24
2023-06-16   198.09 208.54   198.06 208.51   335.58 346.02   197.52 207.97   203.11 213.55   196.84 207.29
2023-06-17   197.12 207.58   197.10 207.55   334.61 345.07   196.55 207.01   202.14 212.60   195.87 206.33
2023-06-18   196.16 206.62   196.13 206.60   333.64 344.11   195.59 206.05   201.17 211.64   194.91 205.37
2023-06-19   195.19 205.66   195.16 205.64   332.68 343.15   194.62 205.09   200.20 210.68   193.94 204.41
2023-06-20   194.22 204.70   194.19 204.67   331.71 342.19   193.65 204.13   199.23 209.72   192.97 203.45
2023-06-21   193.25 203.74   193.22 203.71   330.73 341.22   192.68 203.17   198.26 208.75   191.99 202.49
2023-06-22   192.27 202.77   192.24 202.75   329.76 340.26   191.70 202.20   197.29 207.79   191.02 201.52
2023-06-23   191.30 201.80   191.27 201.78   328.78 339.29   190.73 201.23   196.31 206.82   190.04 200.55
2023-06-24   190.32 200.84   190.29 200.81   327.81 338.32   189.75 200.27   195.33 205.85   189.07 199.59
2023-06-25   189.34 199.87   189.31 199.84   326.83 337.35   188.77 199.30   194.35 204.88   188.09 198.62
2023-06-26   188.36 198.89   188.33 198.87   325.85 336.38   187.79 198.32   193.37 203.91   187.11 197.64
2023-06-27   187.38 197.92   187.35 197.89   324.86 335.41   186.81 197.35   192.39 202.94   186.12 196.67
2023-06-28   186.39 196.94   186.36 196.92   323.88 334.43   185.82 196.37   191.41 201.96   185.14 195.69
2023-06-29   185.41 195.97   185.38 195.94   322.89 333.46   184.84 195.40   190.42 200.98   184.16 194.72
2023-06-30   184.42 194.99   184.39 194.96   321.91 332.48   183.85 194.42   189.43 200.00   183.17 193.74
2023-07-01   183.43 194.01   183.40 193.98   320.92 331.50   182.86 193.44   188.45 199.02   182.18 192.76
2023-07-02   182.44 193.03   182.41 193.00   319.93 330.51   181.87 192.46   187.46 198.04   181.19 191.78
2023-07-03   181.45 192.04   181.42 192.02   318.94 329.53   180.88 191.47   186.46 197.06   180.20 190.79
2023-07-04   180.46 191.06   180.43 191.03   317.94 328.55   179.89 190.49   185.47 196.07   179.21 189.81
2023-07-05   179.46 190.07   179.44 190.05   316.95 327.56   178.89 189.50   184.48 195.09   178.21 188.82
2023-07-06   178.47 189.09   178.44 189.06   315.96 326.57   177.90 188.52   183.48 194.10   177.22 187.83
2023-07-07   177.47 188.10   177.44 188.07   314.96 325.58   176.90 187.53   182.49 193.11   176.22 186.85
2023-07-08   176.47 187.11   176.45 187.08   313.96 324.59   175.90 186.54   181.49 192.12   175.22 185.85
2023-07-09   175.47 186.11   175.45 186.09   312.96 323.60   174.90 185.54   180.49 191.13   174.22 184.86
2023-07-10   174.47 185.12   174.45 185.09   311.96 322.61   173.90 184.55   179.49 190.14   173.22 183.87
2023-07-11   173.47 184.13   173.45 184.10   310.96 321.61   172.90 183.56   178.49 189.14   172.22 182.88
2023-07-12   172.47 183.13   172.45 183.10   309.96 320.62   171.90 182.56   177.49 188.15   171.22 181.88
2023-07-13   171.47 182.13   171.44 182.11   308.96 319.62   170.90 181.56   176.48 187.15   170.22 180.88
2023-07-14   170.47 181.14   170.44 181.11   307.95 318.62   169.90 180.57   175.48 186.15   169.21 179.88
2023-07-15   169.46 180.14   169.43 180.11   306.95 317.62   168.89 179.57   174.48 185.15   168.21 178.89
2023-07-16   168.46 179.14   168.43 179.11   305.94 316.62   167.89 178.57   173.47 184.15   167.20 177.89
2023-07-17   167.45 178.14   167.42 178.11   304.94 315.62   166.88 177.57   172.46 183.15   166.20 176.88
2023-07-18   166.44 177.13   166.42 177.11   303.93 314.62   165.87 176.56   171.46 182.15   165.19 175.88
2023-07-19   165.44 176.13   165.41 176.10   302.92 313.62   164.87 175.56   170.45 181.15   164.18 174.88
2023-07-20   164.43 175.13   164.40 175.10   301.91 312.61   163.86 174.56   169.44 180.14   163.18 173.88
2023-07-21   163.42 174.12   163.39 174.10   300.91 311.61   162.85 173.55   168.43 179.14   162.17 172.87
2023-07-22   162.41 173.12   162.38 173.09   299.90 310.60   161.84 172.55   167.43 178.13   161.16 171.87
2023-07-23   161.40 172.11   161.37 172.08   298.89 309.60   160.83 171.54   166.42 177.13   160.15 170.86
2023-07-24   160.39 171.10   160.36 171.08   297.88 308.59   159.82 170.53   165.41 176.12   159.14 169.85
2023-07-25   159.38 170.10   159.36 170.07   296.87 307.58   158.81 169.53   164.40 175.11   158.13 168.85
2023-07-26   158.37 169.09   158.34 169.06   295.86 306.58   157.80 168.52   163.39 174.11   157.12 167.84
2023-07-27   157.36 168.08   157.33 168.06   294.85 305.57   156.79 167.51   162.38 173.10   156.11 166.83
2023-07-28   156.35 167.07   156.32 167.05   293.84 304.56   155.78 166.50   161.37 172.09   155.10 165.82
2023-07-29   155.34 166.06   155.31 166.04   292.83 303.55   154.77 165.49   160.36 171.08   154.09 164.81
2023-07-30   154.33 165.05   154.30 165.03   291.82 302.54   153.76 164.48   159.35 170.07   153.08 163.80
2023-07-31   153.32 164.05   153.29 164.02   290.81 301.53   152.75 163.48   158.34 169.06   152.07 162.79
2023-08-01   152.31 163.04   152.28 163.01   289.80 300.52   151.74 162.47   157.32 168.05   151.06 161.79
2023-08-02   151.30 162.03   151.27 162.00   288.79 299.51   150.73 161.46   156.31 167.04   150.05 160.78
2023-08-03   150.29 161.02   150.26 160.99   287.78 298.50   149.72 160.45   155.31 166.03   149.04 159.77
2023-08-04   149.28 160.01   149.25 159.98   286.77 297.49   148.71 159.44   154.30 165.02   148.03 158.76
2023-08-05   148.27 159.00   148.24 158.97   285.76 296.48   147.70 158.43   153.29 164.01   147.02 157.75
2023-08-06   147.26 157.99   147.24 157.96   284.75 295.47   146.69 157.42   152.28 163.00   146.01 156.74
2023-08-07   146.25 156.98   146.23 156.95   283.74 294.46   145.68 156.41   151.27 161.99   145.00 155.73
2023-08-08   145.25 155.97   145.22 155.94   282.73 293.45   144.68 155.40   150.26 160.98   144.00 154.72
2023-08-09   144.24 154.96   144.21 154.93   281.73 292.44   143.67 154.39   149.25 159.97   142.99 153.71
2023-08-10   143.23 153.95   143.21 153.92   280.72 291.44   142.66 153.38   148.25 158.96   141.98 152.70
2023-08-11   142.23 152.94   142.20 152.91   279.71 290.43   141.66 152.37   147.24 157.95   140.98 151.69
2023-08-12   141.22 151.93   141.19 151.90   278.71 289.42   140.65 151.36   146.24 156.95   139.97 150.68
2023-08-13   140.22 150.92   140.19 150.90   277.70 288.41   139.65 150.35   145.23 155.94   138.97 149.67
2023-08-14   139.21 149.92   139.19 149.89   276.70 287.40   138.64 149.35   144.23 154.93   137.96 148.66
2023-08-15   138.21 148.91   138.18 148.88   275.70 286.40   137.64 148.34   143.22 153.92   136.96 147.66
2023-08-16   137.21 147.90   137.18 147.88   274.69 285.39   136.64 147.33   142.22 152.92   135.96 146.65
2023-08-17   136.21 146.90   136.18 146.87   273.69 284.38   135.64 146.33   141.22 151.91   134.95 145.65
2023-08-18   135.20 145.89   135.18 145.86   272.69 283.38   134.63 145.32   140.22 150.91   133.95 144.64
2023-08-19   134.21 144.89   134.18 144.86   271.69 282.37   133.64 144.32   139.22 149.90   132.95 143.64
2023-08-20   133.21 143.88   133.18 143.86   270.69 281.37   132.64 143.31   138.22 148.90   131.96 142.63
2023-08-21   132.21 142.88   132.18 142.85   269.70 280.37   131.64 142.31   137.22 147.90   130.96 141.63
2023-08-22   131.21 141.88   131.19 141.85   268.70 279.37   130.64 141.31   136.23 146.89   129.96 140.63
2023-08-23   130.22 140.88   130.19 140.85   267.70 278.36   129.65 140.31   135.23 145.89   128.97 139.63
2023-08-24   129.22 139.88   129.20 139.85   266.71 277.36   128.65 139.31   134.24 144.89   127.97 138.63
2023-08-25   128.23 138.88   128.20 138.85   265.72 276.36   127.66 138.31   133.25 143.89   126.98 137.63
2023-08-26   127.24 137.88   127.21 137.85   264.73 275.37   126.67 137.31   132.25 142.89   125.99 136.63
2023-08-27   126.25 136.88   126.22 136.85   263.73 274.37   125.68 136.31   131.26 141.90   125.00 135.63
2023-08-28   125.26 135.88   125.23 135.86   262.75 273.37   124.69 135.31   130.27 140.90   124.01 134.63
2023-08-29   124.27 134.89   124.24 134.86   261.76 272.38   123.70 134.32   129.28 139.90   123.02 133.64
2023-08-30   123.28 133.89   123.26 133.87   260.77 271.38   122.71 133.32   128.30 138.91   122.03 132.64
2023-08-31   122.30 132.90   122.27 132.88   259.78 270.39   121.73 132.33   127.31 137.92   121.05 131.65
2023-09-01   121.31 131.91   121.29 131.88   258.80 269.40   120.74 131.34   126.33 136.92   120.06 130.66
2023-09-02   120.33 130.92   120.30 130.89   257.82 268.41   119.76 130.35   125.34 135.93   119.08 129.67
2023-09-03   119.35 129.93   119.32 129.90   256.83 267.42   118.78 129.36   124.36 134.94   118.10 128.68
2023-09-04   118.37 128.94   118.34 128.91   255.85 266.43   117.80 128.37   123.38 133.96   117.12 127.69
2023-09-05   117.39 127.95   117.36 127.93   254.87 265.44   116.82 127.38   122.40 132.97   116.14 126.70
2023-09-06   116.41 126.97   116.38 126.94   253.90 264.45   115.84 126.40   121.42 131.98   115.16 125.72
2023-09-07   115.43 125.98   115.41 125.95   252.92 263.47   114.86 125.41   120.45 131.00   114.18 124.73
2023-09-08   114.46 125.00   114.43 124.97   251.95 262.49   113.89 124.43   119.47 130.01   113.21 123.75
2023-09-09   113.48 124.02   113.46 123.99   250.97 261.50   112.91 123.45   118.50 129.03   112.23 122.76
2023-09-10   112.51 123.03   112.48 123.01   250.00 260.52   111.94 122.46   117.53 128.05   111.26 121.78
2023-09-11   111.54 122.05   111.51 122.03   249.03 259.54   110.97 121.48   116.55 127.07   110.29 120.80
2023-09-12   110.57 121.07   110.54 121.05   248.06 258.56   110.00 120.50   115.58 126.09   109.32 119.82
2023-09-13   109.60 120.10   109.57 120.07   247.09 257.58   109.03 119.53   114.62 125.11   108.35 118.85
2023-09-14   108.63 119.12   108.61 119.09   246.12 256.61   108.06 118.55   113.65 124.14   107.38 117.87
2023-09-15   107.67 118.15   107.64 118.12   245.15 255.63   107.10 117.58   112.68 123.16   106.42 116.90
2023-09-16   106.70 117.17   106.68 117.15   244.19 254.66   106.13 116.60   111.72 122.19   105.45 115.92
2023-09-17   105.74 116.20   105.71 116.17   243.23 253.69   105.17 115.63   110.75 121.21   104.49 114.95
2023-09-18   104.78 115.23   104.75 115.20   242.26 252.72   104.21 114.66   109.79 120.24   103.53 113.98
2023-09-19   103.81 114.26   103.79 114.23   241.30 251.75   103.24 113.69   108.83 119.27   102.56 113.01
2023-09-20   102.85 113.29   102.83 113.26   240.34 250.78   102.28 112.72   107.87 118.30   101.60 112.04
2023-09-21   101.90 112.32   101.87 112.30   239.38 249.81   101.33 111.75   106.91 117.34   100.64 111.07
2023-09-22   100.94 111.36   100.91 111.33   238.42 248.84   100.37 110.79   105.95 116.37    99.69 110.10
2023-09-23    99.98 110.39    99.95 110.36   237.47 247.88    99.41 109.82   105.00 115.40    98.73 109.14
2023-09-24    99.03 109.43    99.00 109.40   236.51 246.91    98.46 108.86   104.04 114.44    97.77 108.17
2023-09-25    98.07 108.46    98.04 108.44   235.56 245.95    97.50 107.89   103.09 113.48    96.82 107.21
2023-09-26    97.12 107.50    97.09 107.47   234.60 244.99    96.55 106.93   102.13 112.52    95.87 106.25
2023-09-27    96.16 106.54    96.14 106.51   233.65 244.03    95.59 105.97   101.18 111.55    94.91 105.29
2023-09-28    95.21 105.58    95.19 105.55   232.70 243.07    94.64 105.01   100.23 110.59    93.96 104.33
2023-09-29    94.26 104.62    94.23 104.59   231.75 242.11    93.69 104.05    99.28 109.64    93.01 103.37
2023-09-30    93.31 103.66    93.28 103.64   230.80 241.15    92.74 103.09    98.33 108.68    92.06 102.41
2023-10-01    92.36 102.71    92.34 102.68   229.85 240.19    91.79 102.14    97.38 107.72    91.11 101.45
2023-10-02    91.41 101.75    91.39 101.72   228.90 239.24    90.84 101.18    96.43 106.76    90.16 100.50
2023-10-03    90.47 100.79    90.44 100.77   227.95 238.28    89.90 100.22    95.48 105.81    89.22  99.54
2023-10-04    89.52  99.84    89.49  99.81   227.01 237.33    88.95  99.27    94.53 104.85    88.27  98.59
2023-10-05    88.57  98.89    88.55  98.86   226.06 236.37    88.00  98.32    93.59 103.90    87.32  97.64
2023-10-06    87.63  97.93    87.60  97.91   225.11 235.42    87.06  97.36    92.64 102.95    86.38  96.68
2023-10-07    86.68  96.98    86.66  96.96   224.17 234.47    86.11  96.41    91.70 102.00    85.43  95.73
2023-10-08    85.74  96.03    85.71  96.00   223.23 233.52    85.17  95.46    90.75 101.05    84.49  94.78
2023-10-09    84.79  95.08    84.77  95.05   222.28 232.57    84.22  94.51    89.81 100.09    83.54  93.83
2023-10-10    83.85  94.13    83.82  94.10   221.34 231.62    83.28  93.56    88.87  99.15    82.60  92.88
2023-10-11    82.91  93.18    82.88  93.15   220.39 230.67    82.34  92.61    87.92  98.20    81.66  91.93
2023-10-12    81.96  92.23    81.94  92.21   219.45 229.72    81.39  91.66    86.98  97.25    80.71  90.98
2023-10-13    81.02  91.28    80.99  91.26   218.51 228.77    80.45  90.71    86.04  96.30    79.77  90.03
2023-10-14    80.08  90.34    80.05  90.31   217.57 227.82    79.51  89.77    85.09  95.35    78.83  89.08
2023-10-15    79.14  89.39    79.11  89.36   216.62 226.88    78.57  88.82    84.15  94.40    77.89  88.14
2023-10-16    78.19  88.44    78.17  88.41   215.68 225.93    77.62  87.87    83.21  93.46    76.94  87.19
2023-10-17    77.25  87.49    77.23  87.47   214.74 224.98    76.68  86.92    82.27  92.51    76.00  86.24
2023-10-18    76.31  86.55    76.28  86.52   213.80 224.04    75.74  85.98    81.33  91.56    75.06  85.30
2023-10-19    75.37  85.60    75.34  85.57   212.86 223.09    74.80  85.03    80.38  90.62    74.12  84.35
2023-10-20    74.43  84.66    74.40  84.63   211.91 222.14    73.86  84.09    79.44  89.67    73.18  83.40
2023-10-21    73.48  83.71    73.46  83.68   210.97 221.20    72.91  83.14    78.50  88.72    72.23  82.46
2023-10-22    72.54  82.76    72.52  82.74   210.03 220.25    71.97  82.19    77.56  87.78    71.29  81.51
2023-10-23    71.60  81.82    71.57  81.79   209.09 219.30    71.03  81.25    76.61  86.83    70.35  80.57
2023-10-24    70.66  80.87    70.63  80.85   208.14 218.36    70.09  80.30    75.67  85.89    69.41  79.62
2023-10-25    69.71  79.93    69.69  79.90   207.20 217.41    69.14  79.36    74.73  84.94    68.46  78.67
2023-10-26    68.77  78.98    68.74  78.95   206.26 216.47    68.20  78.41    73.78  83.99    67.52  77.73
2023-10-27    67.83  78.03    67.80  78.01   205.31 215.52    67.26  77.46    72.84  83.05    66.57  76.78
2023-10-28    66.88  77.09    66.85  77.06   204.37 214.57    66.31  76.52    71.90  82.10    65.63  75.84
2023-10-29    65.94  76.14    65.91  76.11   203.42 213.63    65.37  75.57    70.95  81.15    64.68  74.89
2023-10-30    64.99  75.19    64.96  75.17   202.48 212.68    64.42  74.62    70.01  80.21    63.74  73.94
2023-10-31    64.04  74.24    64.02  74.22   201.53 211.73    63.47  73.67    69.06  79.26    62.79  72.99
2023-11-01    63.10  73.30    63.07  73.27   200.58 210.78    62.53  72.73    68.11  78.31    61.85  72.05
2023-11-02    62.15  72.35    62.12  72.32   199.64 209.84    61.58  71.78    67.16  77.36    60.90  71.10
2023-11-03    61.20  71.40    61.17  71.37   198.69 208.89    60.63  70.83    66.21  76.41    59.95  70.15
2023-11-04    60.25  70.45    60.22  70.42   197.74 207.94    59.68  69.88    65.26  75.46    59.00  69.20
2023-11-05    59.30  69.50    59.27  69.47   196.79 206.99    58.73  68.93    64.31  74.51    58.05  68.25
2023-11-06    58.35  68.55    58.32  68.52   195.83 206.03    57.78  67.98    63.36  73.56    57.10  67.30
2023-11-07    57.39  67.60    57.37  67.57   194.88 205.08    56.82  67.03    62.41  72.61    56.14  66.34
2023-11-08    56.44  66.64    56.41  66.62   193.93 204.13    55.87  66.07    61.45  71.66    55.19  65.39
2023-11-09    55.48  65.69    55.46  65.66   192.97 203.18    54.91  65.12    60.50  70.70    54.23  64.44
2023-11-10    54.53  64.73    54.50  64.71   192.02 202.22    53.96  64.16    59.54  69.75    53.28  63.48
2023-11-11    53.57  63.78    53.54  63.75   191.06 201.27    53.00  63.21    58.59  68.79    52.32  62.53
2023-11-12    52.72  62.71    52.69  62.69   190.21 200.20    52.15  62.14    57.74  67.73    51.47  61.46
2023-11-13    51.95  61.56    51.92  61.54   189.44 199.05    51.38  60.99    56.97  66.58    50.70  60.31
2023-11-14    51.18  60.41    51.15  60.39   188.67 197.90    50.61  59.84    56.19  65.43    49.93  59.16
2023-11-15    50.41  59.26    50.38  59.24   187.89 196.75    49.84  58.69    55.42  64.28    49.16  58.01
2023-11-16    49.63  58.11    49.60  58.09   187.12 195.60    49.06  57.54    54.65  63.13    48.38  56.86
2023-11-17    48.85  56.96    48.83  56.94   186.34 194.45    48.28  56.39    53.87  61.98    47.60  55.71
2023-11-18    48.07  55.81    48.05  55.78   185.56 193.30    47.50  55.24    53.09  60.82    46.82  54.56
2023-11-19    47.29  54.65    47.27  54.63   184.78 192.14    46.72  54.08    52.31  59.67    46.04  53.40
2023-11-20    46.51  53.50    46.48  53.47   184.00 190.99    45.94  52.93    51.52  58.52    45.26  52.25
