
       Target
                ecliptic
RA      Dec     latitude
298.023  43.363  62.282

Checked interval [2020-01-01, 2023-12-31]
|           Window [days]                 |    Normal V3 PA [deg]    |
   Start           End         Duration         Start         End         RA            Dec     
 2020-04-26      2020-11-20       208.00     255.60891      56.36853     298.02310      43.36348 
 2021-04-26      2021-11-21       209.00     255.86839      55.69970     298.02310      43.36348 
 2022-04-26      2022-11-21       208.94     256.07341      55.92286     298.02310      43.36348 
 2023-04-27      2023-11-21       208.00     255.52025      56.13707     298.02310      43.36348 


                V3PA          NIRCam           NIRSpec         NIRISS           MIRI          FGS
   Date      min    max      min    max       min    max     min    max      min    max      min    max

2020-04-27   251.94 259.10   251.92 259.08    29.43  36.59   251.37 258.53   256.96 264.12   250.69 257.85
2020-04-28   250.81 258.52   250.78 258.50    28.29  36.01   250.24 257.95   255.82 263.54   249.56 257.27
2020-04-29   249.67 257.95   249.64 257.92    27.16  35.43   249.10 257.38   254.69 262.96   248.42 256.69
2020-04-30   248.54 257.37   248.51 257.34    26.02  34.86   247.97 256.80   253.55 262.38   247.29 256.12
2020-05-01   247.40 256.79   247.38 256.77    24.89  34.28   246.83 256.22   252.42 261.81   246.15 255.54
2020-05-02   246.27 256.22   246.24 256.20    23.76  33.71   245.70 255.65   251.28 261.24   245.02 254.97
2020-05-03   245.29 255.50   245.26 255.47    22.78  32.98   244.72 254.93   250.30 260.51   244.04 254.25
2020-05-04   244.44 254.64   244.41 254.62    21.93  32.13   243.87 254.07   249.45 259.66   243.19 253.39
2020-05-05   243.59 253.79   243.56 253.77    21.08  31.28   243.02 253.22   248.60 258.81   242.34 252.54
2020-05-06   242.74 252.94   242.71 252.92    20.23  30.43   242.17 252.37   247.76 257.96   241.49 251.69
2020-05-07   241.89 252.09   241.86 252.06    19.38  29.58   241.32 251.52   246.91 257.11   240.64 250.84
2020-05-08   241.04 251.24   241.02 251.22    18.53  28.73   240.47 250.67   246.06 256.26   239.79 249.99
2020-05-09   240.19 250.39   240.17 250.37    17.68  27.88   239.62 249.82   245.21 255.41   238.94 249.14
2020-05-10   239.34 249.54   239.32 249.52    16.83  27.03   238.77 248.97   244.36 254.56   238.09 248.29
2020-05-11   238.49 248.70   238.47 248.67    15.98  26.18   237.92 248.13   243.51 253.71   237.24 247.45
2020-05-12   237.64 247.85   237.62 247.82    15.13  25.34   237.07 247.28   242.66 252.86   236.39 246.60
2020-05-13   236.79 247.00   236.77 246.97    14.28  24.49   236.22 246.43   241.81 252.02   235.54 245.75
2020-05-14   235.94 246.15   235.92 246.13    13.43  23.64   235.37 245.58   240.96 251.17   234.69 244.90
2020-05-15   235.09 245.30   235.06 245.28    12.58  22.79   234.52 244.73   240.10 250.32   233.84 244.05
2020-05-16   234.24 244.46   234.21 244.43    11.72  21.94   233.67 243.89   239.25 249.47   232.99 243.21
2020-05-17   233.38 243.61   233.36 243.58    10.87  21.10   232.81 243.04   238.40 248.62   232.13 242.36
2020-05-18   232.53 242.76   232.50 242.73    10.02  20.25   231.96 242.19   237.54 247.77   231.28 241.51
2020-05-19   231.67 241.91   231.64 241.88     9.16  19.40   231.10 241.34   236.69 246.92   230.42 240.66
2020-05-20   230.81 241.06   230.79 241.03     8.30  18.55   230.24 240.49   235.83 246.07   229.56 239.81
2020-05-21   229.95 240.21   229.93 240.18     7.44  17.69   229.38 239.64   234.97 245.22   228.70 238.96
2020-05-22   229.09 239.36   229.07 239.33     6.58  16.84   228.52 238.79   234.11 244.37   227.84 238.10
2020-05-23   228.23 238.50   228.21 238.48     5.72  15.99   227.66 237.93   233.25 243.52   226.98 237.25
2020-05-24   227.37 237.65   227.34 237.62     4.86  15.13   226.80 237.08   232.38 242.66   226.12 236.40
2020-05-25   226.50 236.79   226.48 236.77     3.99  14.28   225.93 236.22   231.52 241.81   225.25 235.54
2020-05-26   225.63 235.93   225.61 235.91     3.12  13.42   225.06 235.36   230.65 240.95   224.38 234.68
2020-05-27   224.77 235.08   224.74 235.05     2.25  12.56   224.20 234.51   229.78 240.09   223.51 233.83
2020-05-28   223.89 234.22   223.87 234.19     1.38  11.70   223.32 233.65   228.91 239.23   222.64 232.97
2020-05-29   223.02 233.35   222.99 233.33     0.51  10.84   222.45 232.78   228.03 238.37   221.77 232.10
2020-05-30   222.14 232.49   222.12 232.46   359.63   9.98   221.57 231.92   227.16 237.51   220.89 231.24
2020-05-31   221.26 231.62   221.24 231.60   358.75   9.11   220.69 231.05   226.28 236.64   220.01 230.37
2020-06-01   220.38 230.76   220.36 230.73   357.87   8.24   219.81 230.19   225.40 235.77   219.13 229.51
2020-06-02   219.50 229.89   219.47 229.86   356.98   7.37   218.93 229.32   224.51 234.90   218.25 228.64
2020-06-03   218.61 229.01   218.58 228.99   356.10   6.50   218.04 228.44   223.63 234.03   217.36 227.76
2020-06-04   217.72 228.14   217.69 228.11   355.21   5.63   217.15 227.57   222.74 233.16   216.47 226.89
2020-06-05   216.83 227.26   216.80 227.24   354.31   4.75   216.26 226.69   221.84 232.28   215.58 226.01
2020-06-06   215.93 226.38   215.91 226.36   353.42   3.87   215.36 225.81   220.95 231.40   214.68 225.13
2020-06-07   215.03 225.50   215.01 225.48   352.52   2.99   214.46 224.93   220.05 230.52   213.78 224.25
2020-06-08   214.13 224.62   214.10 224.59   351.62   2.10   213.56 224.05   219.15 229.63   212.88 223.37
2020-06-09   213.22 223.73   213.20 223.70   350.71   1.22   212.65 223.16   218.24 228.74   211.97 222.48
2020-06-10   212.32 222.84   212.29 222.81   349.80   0.33   211.75 222.27   217.33 227.85   211.07 221.59
2020-06-11   211.40 221.94   211.38 221.92   348.89 359.43   210.83 221.37   216.42 226.96   210.15 220.69
2020-06-12   210.49 221.05   210.46 221.02   347.98 358.54   209.92 220.48   215.50 226.06   209.24 219.80
2020-06-13   209.57 220.15   209.54 220.12   347.06 357.64   209.00 219.58   214.58 225.16   208.32 218.90
2020-06-14   208.65 219.24   208.62 219.22   346.13 356.73   208.08 218.67   213.66 224.26   207.39 217.99
2020-06-15   207.72 218.34   207.69 218.31   345.21 355.83   207.15 217.77   212.73 223.35   206.47 217.09
2020-06-16   206.79 217.43   206.76 217.40   344.28 354.91   206.22 216.86   211.80 222.44   205.54 216.18
2020-06-17   205.85 216.51   205.83 216.49   343.34 354.00   205.28 215.94   210.87 221.53   204.60 215.26
2020-06-18   204.92 215.60   204.89 215.57   342.40 353.08   204.35 215.03   209.93 220.61   203.66 214.35
2020-06-19   203.97 214.68   203.95 214.65   341.46 352.16   203.40 214.11   208.99 219.69   202.72 213.42
2020-06-20   203.03 213.75   203.00 213.72   340.51 351.24   202.46 213.18   208.04 218.77   201.78 212.50
2020-06-21   202.08 212.82   202.05 212.80   339.56 350.31   201.51 212.25   207.09 217.84   200.83 211.57
2020-06-22   201.12 211.89   201.10 211.86   338.61 349.38   200.55 211.32   206.14 216.90   199.87 210.64
2020-06-23   200.16 210.95   200.14 210.93   337.65 348.44   199.59 210.38   205.18 215.97   198.91 209.70
2020-06-24   199.20 210.01   199.17 209.99   336.69 347.50   198.63 209.44   204.22 215.03   197.95 208.76
2020-06-25   198.23 209.07   198.21 209.04   335.72 346.56   197.66 208.50   203.25 214.08   196.98 207.82
2020-06-26   197.26 208.12   197.24 208.09   334.75 345.61   196.69 207.55   202.28 213.13   196.01 206.87
2020-06-27   196.29 207.17   196.26 207.14   333.78 344.65   195.72 206.60   201.30 212.18   195.04 205.92
2020-06-28   195.31 206.21   195.28 206.18   332.80 343.70   194.74 205.64   200.32 211.22   194.06 204.96
2020-06-29   194.32 205.25   194.30 205.22   331.81 342.74   193.75 204.68   199.34 210.26   193.07 204.00
2020-06-30   193.34 204.28   193.31 204.26   330.82 341.77   192.77 203.71   198.35 209.30   192.09 203.03
2020-07-01   192.34 203.31   192.32 203.29   329.83 340.80   191.77 202.74   197.36 208.33   191.09 202.06
2020-07-02   191.35 202.34   191.32 202.31   328.83 339.83   190.78 201.77   196.36 207.35   190.10 201.09
2020-07-03   190.35 201.36   190.32 201.33   327.83 338.85   189.78 200.79   195.36 206.38   189.10 200.11
2020-07-04   189.34 200.38   189.31 200.35   326.83 337.87   188.77 199.81   194.36 205.39   188.09 199.13
2020-07-05   188.33 199.39   188.31 199.36   325.82 336.88   187.76 198.82   193.35 204.41   187.08 198.14
2020-07-06   187.32 198.40   187.29 198.37   324.81 335.89   186.75 197.83   192.33 203.42   186.07 197.15
2020-07-07   186.30 197.40   186.27 197.38   323.79 334.89   185.73 196.83   191.32 202.42   185.05 196.15
2020-07-08   185.28 196.40   185.25 196.38   322.77 333.89   184.71 195.83   190.29 201.42   184.03 195.15
2020-07-09   184.25 195.40   184.23 195.37   321.74 332.89   183.68 194.83   189.27 200.42   183.00 194.15
2020-07-10   183.22 194.39   183.20 194.37   320.71 331.88   182.65 193.82   188.24 199.41   181.97 193.14
2020-07-11   182.19 193.38   182.16 193.35   319.68 330.87   181.62 192.81   187.21 198.39   180.94 192.13
2020-07-12   181.15 192.36   181.13 192.34   318.64 329.85   180.58 191.79   186.17 197.38   179.90 191.11
2020-07-13   180.11 191.34   180.09 191.32   317.60 328.83   179.54 190.77   185.13 196.36   178.86 190.09
2020-07-14   179.07 190.32   179.04 190.29   316.56 327.80   178.50 189.75   184.08 195.33   177.82 189.07
2020-07-15   178.02 189.29   177.99 189.26   315.51 326.78   177.45 188.72   183.04 194.30   176.77 188.04
2020-07-16   176.97 188.26   176.94 188.23   314.46 325.74   176.40 187.69   181.98 193.27   175.72 187.01
2020-07-17   175.91 187.22   175.89 187.19   313.40 324.71   175.34 186.65   180.93 192.23   174.66 185.97
2020-07-18   174.86 186.18   174.83 186.15   312.34 323.67   174.29 185.61   179.87 191.19   173.61 184.93
2020-07-19   173.80 185.14   173.77 185.11   311.28 322.62   173.23 184.57   178.81 190.15   172.54 183.88
2020-07-20   172.73 184.09   172.70 184.06   310.22 321.58   172.16 183.52   177.75 189.10   171.48 182.84
2020-07-21   171.66 183.04   171.64 183.01   309.15 320.52   171.09 182.47   176.68 188.05   170.41 181.79
2020-07-22   170.59 181.98   170.57 181.96   308.08 319.47   170.02 181.41   175.61 187.00   169.34 180.73
2020-07-23   169.52 180.93   169.50 180.90   307.01 318.41   168.95 180.36   174.54 185.94   168.27 179.67
2020-07-24   168.45 179.86   168.42 179.84   305.94 317.35   167.88 179.29   173.46 184.88   167.20 178.61
2020-07-25   167.37 178.80   167.34 178.77   304.86 316.29   166.80 178.23   172.39 183.82   166.12 177.55
2020-07-26   166.29 177.74   166.27 177.71   303.78 315.22   165.72 177.17   171.31 182.75   165.04 176.48
2020-07-27   165.21 176.67   165.18 176.64   302.70 314.15   164.64 176.10   170.23 181.68   163.96 175.42
2020-07-28   164.13 175.59   164.10 175.57   301.62 313.08   163.56 175.02   169.14 180.61   162.88 174.34
2020-07-29   163.04 174.52   163.02 174.49   300.53 312.01   162.47 173.95   168.06 179.54   161.79 173.27
2020-07-30   161.96 173.44   161.93 173.42   299.45 310.93   161.39 172.87   166.97 178.46   160.71 172.19
2020-07-31   160.87 172.37   160.85 172.34   298.36 309.85   160.30 171.80   165.89 177.38   159.62 171.11
2020-08-01   159.78 171.28   159.76 171.26   297.27 308.77   159.21 170.71   164.80 176.30   158.53 170.03
2020-08-02   158.69 170.20   158.67 170.18   296.18 307.69   158.12 169.63   163.71 175.22   157.44 168.95
2020-08-03   157.60 169.12   157.58 169.09   295.09 306.61   157.03 168.55   162.62 174.13   156.35 167.87
2020-08-04   156.51 168.03   156.49 168.01   294.00 305.52   155.94 167.46   161.53 173.05   155.26 166.78
2020-08-05   155.42 166.95   155.40 166.92   292.91 304.43   154.85 166.38   160.44 171.96   154.17 165.70
2020-08-06   154.33 165.86   154.30 165.83   291.82 303.35   153.76 165.29   159.35 170.87   153.08 164.61
2020-08-07   153.24 164.77   153.21 164.74   290.73 302.26   152.67 164.20   158.25 169.78   151.99 163.52
2020-08-08   152.15 163.68   152.12 163.65   289.64 301.17   151.58 163.11   157.16 168.69   150.90 162.43
2020-08-09   151.06 162.59   151.03 162.56   288.54 300.08   150.49 162.02   156.07 167.60   149.81 161.34
2020-08-10   149.97 161.50   149.94 161.47   287.45 298.98   149.40 160.93   154.98 166.51   148.72 160.25
2020-08-11   148.88 160.41   148.85 160.38   286.36 297.89   148.31 159.84   153.89 165.42   147.63 159.16
2020-08-12   147.79 159.31   147.76 159.29   285.27 296.80   147.22 158.74   152.80 164.33   146.54 158.06
2020-08-13   146.70 158.22   146.67 158.20   284.19 295.71   146.13 157.65   151.71 163.24   145.45 156.97
2020-08-14   145.61 157.13   145.58 157.10   283.10 294.62   145.04 156.56   150.63 162.15   144.36 155.88
2020-08-15   144.53 156.04   144.50 156.01   282.01 293.53   143.96 155.47   149.54 161.06   143.27 154.79
2020-08-16   143.44 154.95   143.41 154.92   280.93 292.44   142.87 154.38   148.46 159.97   142.19 153.70
2020-08-17   142.36 153.86   142.33 153.83   279.84 291.35   141.79 153.29   147.37 158.88   141.11 152.61
2020-08-18   141.28 152.77   141.25 152.74   278.76 290.26   140.71 152.20   146.29 157.79   140.03 151.52
2020-08-19   140.20 151.68   140.17 151.66   277.68 289.17   139.63 151.11   145.21 156.70   138.95 150.43
2020-08-20   139.12 150.60   139.09 150.57   276.61 288.08   138.55 150.03   144.13 155.61   137.87 149.35
2020-08-21   138.04 149.51   138.02 149.48   275.53 287.00   137.47 148.94   143.06 154.53   136.79 148.26
2020-08-22   136.97 148.43   136.94 148.40   274.46 285.91   136.40 147.86   141.99 153.44   135.72 147.18
2020-08-23   135.90 147.34   135.87 147.32   273.39 284.83   135.33 146.77   140.91 152.36   134.65 146.09
2020-08-24   134.83 146.26   134.80 146.24   272.32 283.75   134.26 145.69   139.85 151.28   133.58 145.01
2020-08-25   133.77 145.19   133.74 145.16   271.25 282.67   133.20 144.62   138.78 150.20   132.51 143.93
2020-08-26   132.70 144.11   132.68 144.08   270.19 281.60   132.13 143.54   137.72 149.12   131.45 142.86
2020-08-27   131.64 143.03   131.62 143.01   269.13 280.52   131.07 142.46   136.66 148.05   130.39 141.78
2020-08-28   130.59 141.96   130.56 141.94   268.07 279.45   130.02 141.39   135.60 146.98   129.34 140.71
2020-08-29   129.53 140.89   129.51 140.87   267.02 278.38   128.96 140.32   134.55 145.91   128.28 139.64
2020-08-30   128.48 139.83   128.45 139.80   265.97 277.31   127.91 139.26   133.50 144.84   127.23 138.57
2020-08-31   127.43 138.76   127.41 138.73   264.92 276.25   126.86 138.19   132.45 143.78   126.18 137.51
2020-09-01   126.39 137.70   126.36 137.67   263.88 275.19   125.82 137.13   131.40 142.71   125.14 136.45
2020-09-02   125.35 136.64   125.32 136.61   262.84 274.13   124.78 136.07   130.36 141.66   124.10 135.39
2020-09-03   124.31 135.58   124.29 135.56   261.80 273.07   123.74 135.01   129.33 140.60   123.06 134.33
2020-09-04   123.28 134.53   123.25 134.51   260.77 272.02   122.71 133.96   128.29 139.55   122.03 133.28
2020-09-05   122.25 133.48   122.22 133.46   259.74 270.97   121.68 132.91   127.26 138.50   121.00 132.23
2020-09-06   121.22 132.44   121.19 132.41   258.71 269.92   120.65 131.87   126.24 137.45   119.97 131.18
2020-09-07   120.20 131.39   120.17 131.37   257.69 268.88   119.63 130.82   125.21 136.41   118.95 130.14
2020-09-08   119.18 130.35   119.15 130.33   256.67 267.84   118.61 129.78   124.19 135.37   117.93 129.10
2020-09-09   118.16 129.32   118.14 129.29   255.65 266.80   117.59 128.75   123.18 134.33   116.91 128.07
2020-09-10   117.15 128.28   117.13 128.26   254.64 265.77   116.58 127.71   122.17 133.30   115.90 127.03
2020-09-11   116.15 127.25   116.12 127.23   253.63 264.74   115.58 126.68   121.16 132.27   114.89 126.00
2020-09-12   115.14 126.23   115.11 126.20   252.63 263.72   114.57 125.66   120.16 131.24   113.89 124.98
2020-09-13   114.14 125.21   114.11 125.18   251.63 262.69   113.57 124.64   119.16 130.22   112.89 123.96
2020-09-14   113.15 124.19   113.12 124.16   250.63 261.68   112.58 123.62   118.16 129.20   111.89 122.94
2020-09-15   112.15 123.17   112.13 123.15   249.64 260.66   111.58 122.60   117.17 128.19   110.90 121.92
2020-09-16   111.16 122.16   111.14 122.14   248.65 259.65   110.59 121.59   116.18 127.18   109.91 120.91
2020-09-17   110.18 121.16   110.15 121.13   247.67 258.64   109.61 120.59   115.19 126.17   108.93 119.91
2020-09-18   109.20 120.15   109.17 120.13   246.69 257.64   108.63 119.58   114.21 125.17   107.95 118.90
2020-09-19   108.22 119.15   108.20 119.13   245.71 256.64   107.65 118.58   113.24 124.17   106.97 117.90
2020-09-20   107.25 118.16   107.22 118.13   244.74 255.64   106.68 117.59   112.26 123.17   106.00 116.91
2020-09-21   106.28 117.16   106.25 117.14   243.77 254.65   105.71 116.59   111.29 122.18   105.03 115.91
2020-09-22   105.31 116.18   105.29 116.15   242.80 253.66   104.74 115.61   110.33 121.19   104.06 114.93
2020-09-23   104.35 115.19   104.32 115.17   241.84 252.68   103.78 114.62   109.37 120.21   103.10 113.94
2020-09-24   103.39 114.21   103.37 114.18   240.88 251.70   102.82 113.64   108.41 119.23   102.14 112.96
2020-09-25   102.44 113.23   102.41 113.21   239.93 250.72   101.87 112.66   107.45 118.25   101.19 111.98
2020-09-26   101.49 112.26   101.46 112.23   238.97 249.75   100.92 111.69   106.50 117.28   100.24 111.01
2020-09-27   100.54 111.29   100.51 111.26   238.03 248.78    99.97 110.72   105.55 116.31    99.29 110.04
2020-09-28    99.59 110.32    99.57 110.30   237.08 247.81    99.02 109.75   104.61 115.34    98.34 109.07
2020-09-29    98.65 109.36    98.63 109.33   236.14 246.85    98.08 108.79   103.67 114.38    97.40 108.11
2020-09-30    97.72 108.40    97.69 108.38   235.20 245.89    97.15 107.83   102.73 113.42    96.46 107.15
2020-10-01    96.78 107.45    96.75 107.42   234.27 244.93    96.21 106.88   101.80 112.46    95.53 106.20
2020-10-02    95.85 106.49    95.82 106.47   233.34 243.98    95.28 105.92   100.86 111.51    94.60 105.24
2020-10-03    94.92 105.54    94.89 105.52   232.41 243.03    94.35 104.97    99.94 110.56    93.67 104.29
2020-10-04    94.00 104.60    93.97 104.57   231.48 242.09    93.43 104.03    99.01 109.61    92.74 103.35
2020-10-05    93.07 103.66    93.05 103.63   230.56 241.14    92.50 103.09    98.09 108.67    91.82 102.41
2020-10-06    92.15 102.72    92.13 102.69   229.64 240.21    91.58 102.15    97.17 107.73    90.90 101.47
2020-10-07    91.24 101.78    91.21 101.76   228.72 239.27    90.67 101.21    96.25 106.80    89.99 100.53
2020-10-08    90.32 100.85    90.30 100.82   227.81 238.34    89.75 100.28    95.34 105.86    89.07  99.60
2020-10-09    89.41  99.92    89.38  99.89   226.90 237.41    88.84  99.35    94.43 104.93    88.16  98.67
2020-10-10    88.50  98.99    88.48  98.96   225.99 236.48    87.93  98.42    93.52 104.01    87.25  97.74
2020-10-11    87.59  98.07    87.57  98.04   225.08 235.55    87.02  97.50    92.61 103.08    86.34  96.82
2020-10-12    86.69  97.15    86.66  97.12   224.18 234.63    86.12  96.58    91.71 102.16    85.44  95.89
2020-10-13    85.79  96.23    85.76  96.20   223.28 233.71    85.22  95.66    90.80 101.24    84.54  94.98
2020-10-14    84.89  95.31    84.86  95.28   222.38 232.80    84.32  94.74    89.90 100.33    83.64  94.06
2020-10-15    83.99  94.40    83.96  94.37   221.48 231.88    83.42  93.83    89.01  99.41    82.74  93.15
2020-10-16    83.09  93.48    83.07  93.46   220.58 230.97    82.52  92.91    88.11  98.50    81.84  92.23
2020-10-17    82.20  92.58    82.17  92.55   219.69 230.06    81.63  92.01    87.21  97.59    80.95  91.32
2020-10-18    81.31  91.67    81.28  91.64   218.79 229.16    80.74  91.10    86.32  96.68    80.06  90.42
2020-10-19    80.42  90.76    80.39  90.74   217.90 228.25    79.85  90.19    85.43  95.78    79.16  89.51
2020-10-20    79.53  89.86    79.50  89.83   217.01 227.35    78.96  89.29    84.54  94.88    78.27  88.61
2020-10-21    78.64  88.96    78.61  88.93   216.12 226.45    78.07  88.39    83.65  93.98    77.39  87.71
2020-10-22    77.75  88.06    77.72  88.03   215.24 225.55    77.18  87.49    82.77  93.08    76.50  86.81
2020-10-23    76.86  87.16    76.84  87.14   214.35 224.65    76.29  86.59    81.88  92.18    75.61  85.91
2020-10-24    75.98  86.27    75.95  86.24   213.47 223.76    75.41  85.70    80.99  91.28    74.73  85.02
2020-10-25    75.10  85.37    75.07  85.35   212.58 222.86    74.53  84.80    80.11  90.39    73.84  84.12
2020-10-26    74.21  84.48    74.19  84.45   211.70 221.97    73.64  83.91    79.23  89.50    72.96  83.23
2020-10-27    73.33  83.59    73.30  83.56   210.82 221.08    72.76  83.02    78.35  88.60    72.08  82.34
2020-10-28    72.45  82.70    72.42  82.67   209.94 220.19    71.88  82.13    77.46  87.71    71.20  81.45
2020-10-29    71.57  81.81    71.54  81.78   209.05 219.30    71.00  81.24    76.58  86.83    70.32  80.56
2020-10-30    70.69  80.92    70.66  80.90   208.17 218.41    70.12  80.35    75.70  85.94    69.43  79.67
2020-10-31    69.80  80.03    69.78  80.01   207.29 217.52    69.23  79.46    74.82  85.05    68.55  78.78
2020-11-01    68.92  79.15    68.90  79.12   206.41 216.64    68.35  78.58    73.94  84.16    67.67  77.90
2020-11-02    68.04  78.26    68.02  78.24   205.53 215.75    67.47  77.69    73.06  83.28    66.79  77.01
2020-11-03    67.16  77.38    67.14  77.35   204.65 214.86    66.59  76.81    72.18  82.39    65.91  76.13
2020-11-04    66.28  76.49    66.26  76.47   203.77 213.98    65.71  75.92    71.30  81.51    65.03  75.24
2020-11-05    65.40  75.61    65.37  75.58   202.89 213.09    64.83  75.04    70.42  80.62    64.15  74.36
2020-11-06    64.52  74.72    64.49  74.70   202.01 212.21    63.95  74.15    69.53  79.74    63.27  73.47
2020-11-07    63.64  73.84    63.61  73.81   201.12 211.33    63.07  73.27    68.65  78.85    62.39  72.59
2020-11-08    62.75  72.95    62.73  72.93   200.24 210.44    62.18  72.38    67.77  77.97    61.50  71.70
2020-11-09    61.87  72.07    61.84  72.04   199.36 209.56    61.30  71.50    66.88  77.08    60.62  70.82
2020-11-10    60.98  71.18    60.96  71.16   198.47 208.67    60.41  70.61    66.00  76.20    59.73  69.93
2020-11-11    60.10  70.30    60.07  70.27   197.59 207.79    59.53  69.73    65.11  75.31    58.85  69.05
2020-11-12    59.21  69.41    59.18  69.39   196.70 206.90    58.64  68.84    64.23  74.43    57.96  68.16
2020-11-13    58.32  68.53    58.30  68.50   195.81 206.01    57.75  67.96    63.34  73.54    57.07  67.28
2020-11-14    57.43  67.64    57.41  67.61   194.92 205.13    56.86  67.07    62.45  72.66    56.18  66.39
2020-11-15    56.56  66.73    56.53  66.71   194.05 204.22    55.99  66.16    61.58  71.75    55.31  65.48
2020-11-16    55.96  65.55    55.93  65.53   193.45 203.04    55.39  64.98    60.97  70.57    54.71  64.30
2020-11-17    55.36  64.37    55.33  64.35   192.84 201.86    54.79  63.80    60.37  69.39    54.10  63.12
2020-11-18    54.75  63.19    54.72  63.16   192.24 200.68    54.18  62.62    59.77  68.21    53.50  61.94
2020-11-19    54.14  62.01    54.12  61.98   191.63 199.49    53.57  61.44    59.16  67.02    52.89  60.76
2020-11-20    53.53  60.82    53.51  60.80   191.02 198.31    52.96  60.25    58.55  65.84    52.28  59.57

2021-04-27   252.28 259.28   252.26 259.25    29.77  36.77   251.71 258.71   257.30 264.30   251.03 258.03
2021-04-28   251.15 258.70   251.12 258.67    28.63  36.19   250.58 258.13   256.16 263.72   249.90 257.45
2021-04-29   250.01 258.12   249.98 258.10    27.50  35.61   249.44 257.55   255.03 263.14   248.76 256.87
2021-04-30   248.87 257.55   248.85 257.52    26.36  35.03   248.30 256.98   253.89 262.56   247.62 256.29
2021-05-01   247.74 256.97   247.71 256.94    25.23  34.46   247.17 256.40   252.75 261.99   246.49 255.72
2021-05-02   246.60 256.40   246.58 256.37    24.09  33.88   246.03 255.83   251.62 261.41   245.35 255.15
2021-05-03   245.54 255.75   245.52 255.73    23.03  33.24   244.97 255.18   250.56 260.77   244.29 254.50
2021-05-04   244.69 254.90   244.67 254.87    22.18  32.39   244.12 254.33   249.71 259.91   243.44 253.65
2021-05-05   243.84 254.05   243.82 254.02    21.33  31.53   243.27 253.48   248.86 259.06   242.59 252.79
2021-05-06   242.99 253.19   242.97 253.17    20.48  30.68   242.42 252.62   248.01 258.21   241.74 251.94
2021-05-07   242.14 252.34   242.12 252.32    19.63  29.83   241.57 251.77   247.16 257.36   240.89 251.09
2021-05-08   241.29 251.49   241.27 251.47    18.78  28.98   240.72 250.92   246.31 256.51   240.04 250.24
2021-05-09   240.44 250.64   240.42 250.62    17.93  28.13   239.87 250.07   245.46 255.66   239.19 249.39
2021-05-10   239.59 249.79   239.57 249.77    17.08  27.28   239.02 249.22   244.61 254.81   238.34 248.54
2021-05-11   238.74 248.94   238.71 248.92    16.23  26.43   238.17 248.37   243.76 253.96   237.49 247.69
2021-05-12   237.89 248.09   237.86 248.07    15.38  25.58   237.32 247.52   242.91 253.11   236.64 246.84
2021-05-13   237.04 247.25   237.01 247.22    14.53  24.73   236.47 246.68   242.05 252.26   235.79 246.00
2021-05-14   236.19 246.40   236.16 246.37    13.67  23.88   235.62 245.83   241.20 251.41   234.94 245.15
2021-05-15   235.33 245.55   235.31 245.52    12.82  23.04   234.76 244.98   240.35 250.56   234.08 244.30
2021-05-16   234.48 244.70   234.45 244.67    11.97  22.19   233.91 244.13   239.50 249.71   233.23 243.45
2021-05-17   233.63 243.85   233.60 243.82    11.11  21.34   233.06 243.28   238.64 248.86   232.38 242.60
2021-05-18   232.77 243.00   232.74 242.97    10.26  20.49   232.20 242.43   237.79 248.01   231.52 241.75
2021-05-19   231.91 242.15   231.89 242.12     9.40  19.64   231.34 241.58   236.93 247.16   230.66 240.90
2021-05-20   231.05 241.30   231.03 241.27     8.54  18.79   230.48 240.73   236.07 246.31   229.80 240.05
2021-05-21   230.20 240.45   230.17 240.42     7.68  17.93   229.63 239.88   235.21 245.46   228.94 239.19
2021-05-22   229.33 239.59   229.31 239.57     6.82  17.08   228.76 239.02   234.35 244.61   228.08 238.34
2021-05-23   228.47 238.74   228.44 238.71     5.96  16.23   227.90 238.17   233.49 243.75   227.22 237.49
2021-05-24   227.61 237.88   227.58 237.86     5.09  15.37   227.04 237.31   232.62 242.90   226.36 236.63
2021-05-25   226.74 237.03   226.71 237.00     4.23  14.51   226.17 236.46   231.75 242.04   225.49 235.78
2021-05-26   225.87 236.17   225.84 236.14     3.36  13.66   225.30 235.60   230.89 241.18   224.62 234.92
2021-05-27   225.00 235.31   224.97 235.28     2.49  12.80   224.43 234.74   230.02 240.32   223.75 234.06
2021-05-28   224.13 234.45   224.10 234.42     1.62  11.94   223.56 233.88   229.14 239.46   222.88 233.20
2021-05-29   223.25 233.59   223.23 233.56     0.74  11.07   222.68 233.02   228.27 238.60   222.00 232.33
2021-05-30   222.38 232.72   222.35 232.69   359.86  10.21   221.81 232.15   227.39 237.74   221.12 231.47
2021-05-31   221.50 231.85   221.47 231.83   358.98   9.34   220.93 231.28   226.51 236.87   220.25 230.60
2021-06-01   220.61 230.99   220.59 230.96   358.10   8.47   220.04 230.42   225.63 236.00   219.36 229.73
2021-06-02   219.73 230.12   219.70 230.09   357.22   7.60   219.16 229.55   224.74 235.13   218.48 228.86
2021-06-03   218.84 229.24   218.81 229.22   356.33   6.73   218.27 228.67   223.86 234.26   217.59 227.99
2021-06-04   217.95 228.37   217.92 228.34   355.44   5.85   217.38 227.80   222.97 233.38   216.70 227.12
2021-06-05   217.06 227.49   217.03 227.46   354.54   4.98   216.49 226.92   222.07 232.50   215.81 226.24
2021-06-06   216.16 226.61   216.13 226.58   353.65   4.10   215.59 226.04   221.18 231.62   214.91 225.36
2021-06-07   215.26 225.73   215.23 225.70   352.75   3.21   214.69 225.16   220.28 230.74   214.01 224.48
2021-06-08   214.36 224.84   214.33 224.81   351.84   2.33   213.79 224.27   219.37 229.86   213.11 223.59
2021-06-09   213.45 223.95   213.42 223.93   350.94   1.44   212.88 223.38   218.47 228.97   212.20 222.70
2021-06-10   212.54 223.06   212.52 223.03   350.03   0.55   211.97 222.49   217.56 228.08   211.29 221.81
2021-06-11   211.63 222.17   211.60 222.14   349.12 359.65   211.06 221.60   216.64 227.18   210.38 220.92
2021-06-12   210.71 221.27   210.69 221.24   348.20 358.76   210.14 220.70   215.73 226.28   209.46 220.02
2021-06-13   209.79 220.37   209.77 220.34   347.28 357.85   209.22 219.80   214.81 225.38   208.54 219.12
2021-06-14   208.87 219.46   208.84 219.44   346.36 356.95   208.30 218.89   213.88 224.48   207.62 218.21
2021-06-15   207.94 218.56   207.91 218.53   345.43 356.04   207.37 217.99   212.96 223.57   206.69 217.31
2021-06-16   207.01 217.65   206.98 217.62   344.50 355.13   206.44 217.08   212.02 222.66   205.76 216.39
2021-06-17   206.07 216.73   206.05 216.70   343.56 354.22   205.50 216.16   211.09 221.75   204.82 215.48
2021-06-18   205.14 215.81   205.11 215.79   342.62 353.30   204.57 215.24   210.15 220.83   203.88 214.56
2021-06-19   204.19 214.89   204.17 214.86   341.68 352.38   203.62 214.32   209.21 219.91   202.94 213.64
2021-06-20   203.25 213.97   203.22 213.94   340.73 351.45   202.68 213.40   208.26 218.98   201.99 212.71
2021-06-21   202.29 213.04   202.27 213.01   339.78 350.52   201.72 212.47   207.31 218.05   201.04 211.79
2021-06-22   201.34 212.10   201.31 212.08   338.83 349.59   200.77 211.53   206.35 217.12   200.09 210.85
2021-06-23   200.38 211.17   200.35 211.14   337.87 348.65   199.81 210.60   205.40 216.18   199.13 209.92
2021-06-24   199.42 210.22   199.39 210.20   336.90 347.71   198.85 209.65   204.43 215.24   198.17 208.97
2021-06-25   198.45 209.28   198.42 209.25   335.94 346.77   197.88 208.71   203.46 214.29   197.20 208.03
2021-06-26   197.48 208.33   197.45 208.30   334.97 345.82   196.91 207.76   202.49 213.35   196.23 207.08
2021-06-27   196.50 207.38   196.48 207.35   333.99 344.86   195.93 206.81   201.52 212.39   195.25 206.13
2021-06-28   195.52 206.42   195.50 206.39   333.01 343.91   194.95 205.85   200.54 211.43   194.27 205.17
2021-06-29   194.54 205.46   194.51 205.43   332.03 342.95   193.97 204.89   199.55 210.47   193.29 204.21
2021-06-30   193.55 204.49   193.52 204.47   331.04 341.98   192.98 203.92   198.56 209.51   192.30 203.24
2021-07-01   192.56 203.52   192.53 203.50   330.04 341.01   191.99 202.95   197.57 208.54   191.31 202.27
2021-07-02   191.56 202.55   191.53 202.52   329.05 340.04   190.99 201.98   196.57 207.56   190.31 201.30
2021-07-03   190.56 201.57   190.53 201.54   328.05 339.06   189.99 201.00   195.57 206.58   189.31 200.32
2021-07-04   189.55 200.59   189.53 200.56   327.04 338.07   188.98 200.02   194.57 205.60   188.30 199.34
2021-07-05   188.54 199.60   188.52 199.57   326.03 337.09   187.97 199.03   193.56 204.61   187.29 198.35
2021-07-06   187.53 198.61   187.50 198.58   325.02 336.10   186.96 198.04   192.55 203.62   186.28 197.36
2021-07-07   186.51 197.61   186.49 197.59   324.00 335.10   185.94 197.04   191.53 202.63   185.26 196.36
2021-07-08   185.49 196.61   185.46 196.59   322.98 334.10   184.92 196.04   190.51 201.63   184.24 195.36
2021-07-09   184.47 195.61   184.44 195.58   321.95 333.10   183.90 195.04   189.48 200.62   183.21 194.36
2021-07-10   183.44 194.60   183.41 194.57   320.92 332.09   182.87 194.03   188.45 199.62   182.19 193.35
2021-07-11   182.40 193.59   182.38 193.56   319.89 331.08   181.83 193.02   187.42 198.60   181.15 192.34
2021-07-12   181.37 192.57   181.34 192.55   318.85 330.06   180.80 192.00   186.38 197.59   180.12 191.32
2021-07-13   180.33 191.55   180.30 191.53   317.81 329.04   179.76 190.98   185.34 196.57   179.08 190.30
2021-07-14   179.28 190.53   179.26 190.50   316.77 328.02   178.71 189.96   184.30 195.54   178.03 189.28
2021-07-15   178.23 189.50   178.21 189.47   315.72 326.99   177.66 188.93   183.25 194.51   176.98 188.25
2021-07-16   177.18 188.47   177.16 188.44   314.67 325.95   176.61 187.90   182.20 193.48   175.93 187.22
2021-07-17   176.13 187.43   176.10 187.41   313.62 324.92   175.56 186.86   181.15 192.45   174.88 186.18
2021-07-18   175.07 186.39   175.05 186.37   312.56 323.88   174.50 185.82   180.09 191.41   173.82 185.14
2021-07-19   174.01 185.35   173.99 185.32   311.50 322.84   173.44 184.78   179.03 190.36   172.76 184.10
2021-07-20   172.95 184.30   172.92 184.28   310.44 321.79   172.38 183.73   177.97 189.32   171.70 183.05
2021-07-21   171.88 183.25   171.86 183.23   309.37 320.74   171.31 182.68   176.90 188.27   170.63 182.00
2021-07-22   170.82 182.20   170.79 182.17   308.30 319.69   170.25 181.63   175.83 187.22   169.57 180.95
2021-07-23   169.74 181.14   169.72 181.12   307.23 318.63   169.17 180.57   174.76 186.16   168.49 179.89
2021-07-24   168.67 180.09   168.65 180.06   306.16 317.57   168.10 179.52   173.69 185.10   167.42 178.83
2021-07-25   167.60 179.02   167.57 179.00   305.08 316.51   167.03 178.45   172.61 184.04   166.35 177.77
2021-07-26   166.52 177.96   166.49 177.93   304.01 315.45   165.95 177.39   171.53 182.97   165.27 176.71
2021-07-27   165.44 176.89   165.41 176.86   302.93 314.38   164.87 176.32   170.45 181.91   164.19 175.64
2021-07-28   164.36 175.82   164.33 175.79   301.85 313.31   163.79 175.25   169.37 180.84   163.11 174.57
2021-07-29   163.28 174.75   163.25 174.72   300.76 312.24   162.71 174.18   168.29 179.76   162.02 173.50
2021-07-30   162.19 173.67   162.17 173.65   299.68 311.16   161.62 173.10   167.21 178.69   160.94 172.42
2021-07-31   161.11 172.60   161.08 172.57   298.59 310.08   160.54 172.03   166.12 177.61   159.86 171.35
2021-08-01   160.02 171.52   159.99 171.49   297.51 309.01   159.45 170.95   165.03 176.53   158.77 170.27
2021-08-02   158.93 170.44   158.91 170.41   296.42 307.93   158.36 169.87   163.95 175.45   157.68 169.19
2021-08-03   157.84 169.36   157.82 169.33   295.33 306.84   157.27 168.79   162.86 174.37   156.59 168.10
2021-08-04   156.76 168.27   156.73 168.25   294.24 305.76   156.19 167.70   161.77 173.29   155.50 167.02
2021-08-05   155.67 167.19   155.64 167.16   293.15 304.67   155.10 166.62   160.68 172.20   154.42 165.94
2021-08-06   154.58 166.10   154.55 166.07   292.06 303.59   154.01 165.53   159.59 171.12   153.33 164.85
2021-08-07   153.49 165.01   153.46 164.99   290.97 302.50   152.92 164.44   158.50 170.03   152.24 163.76
2021-08-08   152.40 163.93   152.37 163.90   289.88 301.41   151.83 163.36   157.41 168.94   151.15 162.67
2021-08-09   151.31 162.84   151.28 162.81   288.80 300.32   150.74 162.27   156.32 167.85   150.06 161.59
2021-08-10   150.22 161.75   150.19 161.72   287.71 299.24   149.65 161.18   155.23 166.76   148.97 160.50
2021-08-11   149.13 160.66   149.10 160.63   286.62 298.15   148.56 160.09   154.15 165.67   147.88 159.41
2021-08-12   148.04 159.57   148.02 159.54   285.53 297.06   147.47 159.00   153.06 164.58   146.79 158.32
2021-08-13   146.96 158.48   146.93 158.45   284.44 295.97   146.39 157.91   151.97 163.49   145.71 157.23
2021-08-14   145.87 157.39   145.84 157.36   283.36 294.88   145.30 156.82   150.89 162.40   144.62 156.14
2021-08-15   144.79 156.30   144.76 156.27   282.27 293.79   144.22 155.73   149.80 161.32   143.54 155.05
2021-08-16   143.70 155.21   143.68 155.19   281.19 292.70   143.13 154.64   148.72 160.23   142.45 153.96
2021-08-17   142.62 154.12   142.60 154.10   280.11 291.61   142.05 153.55   147.64 159.14   141.37 152.87
2021-08-18   141.54 153.04   141.52 153.01   279.03 290.52   140.97 152.47   146.56 158.05   140.29 151.79
2021-08-19   140.46 151.95   140.44 151.92   277.95 289.44   139.89 151.38   145.48 156.97   139.21 150.70
2021-08-20   139.39 150.87   139.36 150.84   276.88 288.35   138.82 150.30   144.40 155.88   138.14 149.61
2021-08-21   138.31 149.78   138.29 149.76   275.80 287.27   137.74 149.21   143.33 154.80   137.06 148.53
2021-08-22   137.24 148.70   137.22 148.67   274.73 286.19   136.67 148.13   142.26 153.71   135.99 147.45
2021-08-23   136.17 147.62   136.15 147.59   273.66 285.11   135.60 147.05   141.19 152.63   134.92 146.37
2021-08-24   135.11 146.54   135.08 146.51   272.59 284.03   134.54 145.97   140.12 151.55   133.85 145.29
2021-08-25   134.04 145.46   134.01 145.44   271.53 282.95   133.47 144.89   139.06 150.48   132.79 144.21
2021-08-26   132.98 144.39   132.95 144.36   270.47 281.87   132.41 143.82   137.99 149.40   131.73 143.14
2021-08-27   131.92 143.31   131.89 143.29   269.41 280.80   131.35 142.74   136.94 148.33   130.67 142.06
2021-08-28   130.87 142.24   130.84 142.22   268.35 279.73   130.30 141.67   135.88 147.26   129.61 140.99
2021-08-29   129.81 141.17   129.79 141.15   267.30 278.66   129.24 140.60   134.83 146.19   128.56 139.92
2021-08-30   128.76 140.11   128.74 140.08   266.25 277.60   128.19 139.54   133.78 145.12   127.51 138.86
2021-08-31   127.72 139.05   127.69 139.02   265.20 276.53   127.15 138.48   132.73 144.06   126.47 137.79
2021-09-01   126.67 137.99   126.65 137.96   264.16 275.47   126.10 137.42   131.69 143.00   125.42 136.73
2021-09-02   125.63 136.93   125.61 136.90   263.12 274.41   125.06 136.36   130.65 141.94   124.38 135.68
2021-09-03   124.60 135.87   124.57 135.85   262.08 273.36   124.03 135.30   129.61 140.89   123.35 134.62
2021-09-04   123.56 134.82   123.54 134.79   261.05 272.31   122.99 134.25   128.58 139.84   122.31 133.57
2021-09-05   122.53 133.77   122.51 133.75   260.02 271.26   121.96 133.20   127.55 138.79   121.28 132.52
2021-09-06   121.51 132.73   121.48 132.70   259.00 270.21   120.94 132.16   126.52 137.74   120.26 131.48
2021-09-07   120.49 131.68   120.46 131.66   257.97 269.17   119.92 131.11   125.50 136.70   119.24 130.43
2021-09-08   119.47 130.64   119.44 130.62   256.95 268.13   118.90 130.07   124.48 135.66   118.22 129.39
2021-09-09   118.45 129.61   118.43 129.58   255.94 267.10   117.88 129.04   123.47 134.62   117.20 128.36
2021-09-10   117.44 128.58   117.41 128.55   254.93 266.06   116.87 128.01   122.46 133.59   116.19 127.33
2021-09-11   116.43 127.55   116.41 127.52   253.92 265.04   115.86 126.98   121.45 132.56   115.18 126.30
2021-09-12   115.43 126.52   115.40 126.50   252.92 264.01   114.86 125.95   120.45 131.54   114.18 125.27
2021-09-13   114.43 125.50   114.40 125.47   251.92 262.99   113.86 124.93   119.45 130.52   113.18 124.25
2021-09-14   113.43 124.48   113.41 124.46   250.92 261.97   112.86 123.91   118.45 129.50   112.18 123.23
2021-09-15   112.44 123.47   112.42 123.44   249.93 260.96   111.87 122.90   117.46 128.48   111.19 122.22
2021-09-16   111.45 122.46   111.43 122.43   248.94 259.95   110.88 121.89   116.47 127.47   110.20 121.21
2021-09-17   110.47 121.45   110.44 121.42   247.96 258.94   109.90 120.88   115.49 126.47   109.22 120.20
2021-09-18   109.49 120.45   109.46 120.42   246.98 257.94   108.92 119.88   114.50 125.46   108.24 119.20
2021-09-19   108.51 119.45   108.49 119.42   246.00 256.94   107.94 118.88   113.53 124.46   107.26 118.20
2021-09-20   107.54 118.45   107.51 118.43   245.03 255.94   106.97 117.88   112.55 123.47   106.29 117.20
2021-09-21   106.57 117.46   106.54 117.43   244.06 254.95   106.00 116.89   111.58 122.48   105.32 116.21
2021-09-22   105.60 116.47   105.58 116.45   243.09 253.96   105.03 115.90   110.62 121.49   104.35 115.22
2021-09-23   104.64 115.49   104.61 115.46   242.13 252.97   104.07 114.92   109.66 120.50   103.39 114.24
2021-09-24   103.68 114.51   103.66 114.48   241.17 251.99   103.11 113.94   108.70 119.52   102.43 113.25
2021-09-25   102.73 113.53   102.70 113.50   240.21 251.02   102.16 112.96   107.74 118.54   101.48 112.28
2021-09-26   101.78 112.55   101.75 112.53   239.26 250.04   101.21 111.98   106.79 117.57   100.52 111.30
2021-09-27   100.83 111.58   100.80 111.56   238.31 249.07   100.26 111.01   105.84 116.60    99.58 110.33
2021-09-28    99.88 110.62    99.86 110.59   237.37 248.10    99.31 110.05   104.90 115.63    98.63 109.37
2021-09-29    98.94 109.65    98.91 109.63   236.43 247.14    98.37 109.08   103.96 114.67    97.69 108.40
2021-09-30    98.00 108.69    97.98 108.67   235.49 246.18    97.43 108.12   103.02 113.71    96.75 107.44
2021-10-01    97.07 107.74    97.04 107.71   234.55 245.23    96.50 107.17   102.08 112.75    95.82 106.49
2021-10-02    96.13 106.78    96.11 106.76   233.62 244.27    95.56 106.21   101.15 111.80    94.88 105.53
2021-10-03    95.21 105.84    95.18 105.81   232.69 243.32    94.64 105.27   100.22 110.85    93.95 104.58
2021-10-04    94.28 104.89    94.25 104.86   231.77 242.38    93.71 104.32    99.29 109.90    93.03 103.64
2021-10-05    93.36 103.95    93.33 103.92   230.84 241.43    92.79 103.38    98.37 108.96    92.11 102.69
2021-10-06    92.44 103.01    92.41 102.98   229.92 240.49    91.87 102.44    97.45 108.02    91.19 101.75
2021-10-07    91.52 102.07    91.49 102.04   229.01 239.56    90.95 101.50    96.53 107.08    90.27 100.82
2021-10-08    90.60 101.13    90.58 101.11   228.09 238.62    90.03 100.56    95.62 106.15    89.35  99.88
2021-10-09    89.69 100.20    89.66 100.18   227.18 237.69    89.12  99.63    94.71 105.22    88.44  98.95
2021-10-10    88.78  99.28    88.75  99.25   226.27 236.76    88.21  98.71    93.80 104.29    87.53  98.02
2021-10-11    87.87  98.35    87.85  98.32   225.36 235.84    87.30  97.78    92.89 103.37    86.62  97.10
2021-10-12    86.97  97.43    86.94  97.40   224.46 234.92    86.40  96.86    91.98 102.44    85.72  96.18
2021-10-13    86.06  96.51    86.04  96.48   223.55 234.00    85.49  95.94    91.08 101.52    84.81  95.26
2021-10-14    85.16  95.59    85.14  95.56   222.65 233.08    84.59  95.02    90.18 100.61    83.91  94.34
2021-10-15    84.26  94.68    84.24  94.65   221.75 232.16    83.69  94.11    89.28  99.69    83.01  93.42
2021-10-16    83.37  93.76    83.34  93.74   220.85 231.25    82.80  93.19    88.38  98.78    82.12  92.51
2021-10-17    82.47  92.85    82.45  92.83   219.96 230.34    81.90  92.28    87.49  97.87    81.22  91.60
2021-10-18    81.58  91.94    81.55  91.92   219.07 229.43    81.01  91.37    86.59  96.96    80.33  90.69
2021-10-19    80.69  91.04    80.66  91.01   218.17 228.53    80.12  90.47    85.70  96.05    79.43  89.79
2021-10-20    79.80  90.13    79.77  90.11   217.28 227.62    79.23  89.56    84.81  95.15    78.54  88.88
2021-10-21    78.91  89.23    78.88  89.21   216.39 226.72    78.34  88.66    83.92  94.25    77.65  87.98
2021-10-22    78.02  88.33    77.99  88.31   215.50 225.82    77.45  87.76    83.03  93.35    76.77  87.08
2021-10-23    77.13  87.43    77.10  87.41   214.62 224.92    76.56  86.86    82.15  92.45    75.88  86.18
2021-10-24    76.24  86.54    76.22  86.51   213.73 224.02    75.67  85.97    81.26  91.55    74.99  85.29
2021-10-25    75.36  85.64    75.33  85.61   212.85 223.13    74.79  85.07    80.37  90.66    74.11  84.39
2021-10-26    74.47  84.75    74.45  84.72   211.96 222.23    73.90  84.18    79.49  89.76    73.22  83.50
2021-10-27    73.59  83.85    73.56  83.83   211.08 221.34    73.02  83.28    78.61  88.87    72.34  82.60
2021-10-28    72.71  82.96    72.68  82.94   210.20 220.45    72.14  82.39    77.72  87.98    71.46  81.71
2021-10-29    71.83  82.07    71.80  82.05   209.31 219.56    71.26  81.50    76.84  87.09    70.58  80.82
2021-10-30    70.94  81.18    70.92  81.16   208.43 218.67    70.37  80.61    75.96  86.20    69.69  79.93
2021-10-31    70.06  80.29    70.04  80.27   207.55 217.78    69.49  79.72    75.08  85.31    68.81  79.04
2021-11-01    69.18  79.41    69.15  79.38   206.67 216.89    68.61  78.84    74.20  84.42    67.93  78.15
2021-11-02    68.30  78.52    68.27  78.49   205.79 216.01    67.73  77.95    73.31  83.53    67.05  77.27
2021-11-03    67.42  77.63    67.39  77.61   204.90 215.12    66.85  77.06    72.43  82.65    66.17  76.38
2021-11-04    66.53  76.75    66.51  76.72   204.02 214.23    65.96  76.18    71.55  81.76    65.28  75.49
2021-11-05    65.65  75.86    65.62  75.83   203.14 213.35    65.08  75.29    70.67  80.87    64.40  74.61
2021-11-06    64.77  74.97    64.74  74.95   202.26 212.46    64.20  74.40    69.78  79.99    63.52  73.72
2021-11-07    63.88  74.09    63.86  74.06   201.37 211.58    63.31  73.52    68.90  79.10    62.63  72.84
2021-11-08    63.00  73.20    62.97  73.18   200.49 210.69    62.43  72.63    68.02  78.22    61.75  71.95
2021-11-09    62.12  72.32    62.09  72.29   199.60 209.80    61.55  71.75    67.13  77.33    60.86  71.07
2021-11-10    61.23  71.43    61.20  71.40   198.72 208.92    60.66  70.86    66.25  76.45    59.98  70.18
2021-11-11    60.34  70.54    60.32  70.52   197.83 208.03    59.77  69.97    65.36  75.56    59.09  69.29
2021-11-12    59.45  69.66    59.43  69.63   196.94 207.14    58.88  69.09    64.47  74.67    58.20  68.41
2021-11-13    58.57  68.77    58.54  68.74   196.05 206.26    58.00  68.20    63.58  73.78    57.31  67.52
2021-11-14    57.67  67.88    57.65  67.85   195.16 205.37    57.10  67.31    62.69  72.90    56.42  66.63
2021-11-15    56.78  66.99    56.76  66.96   194.27 204.48    56.21  66.42    61.80  72.01    55.53  65.74
2021-11-16    56.11  65.88    56.08  65.85   193.60 203.37    55.54  65.31    61.13  70.89    54.86  64.63
2021-11-17    55.51  64.70    55.48  64.67   192.99 202.18    54.94  64.13    60.52  69.71    54.26  63.45
2021-11-18    54.90  63.51    54.87  63.49   192.39 201.00    54.33  62.94    59.92  68.53    53.65  62.26
2021-11-19    54.29  62.33    54.27  62.30   191.78 199.82    53.72  61.76    59.31  67.34    53.04  61.08
2021-11-20    53.68  61.14    53.65  61.12   191.17 198.63    53.11  60.57    58.70  66.16    52.43  59.89
2021-11-21    53.07  59.95    53.04  59.93   190.56 197.44    52.50  59.38    58.08  64.97    51.82  58.70

2022-04-27   252.62 259.46   252.59 259.43    30.11  36.94   252.05 258.89   257.63 264.47   251.37 258.21
2022-04-28   251.48 258.88   251.45 258.85    28.97  36.36   250.91 258.31   256.49 263.89   250.23 257.63
2022-04-29   250.34 258.30   250.31 258.27    27.83  35.78   249.77 257.73   255.36 263.31   249.09 257.05
2022-04-30   249.20 257.72   249.18 257.69    26.69  35.21   248.63 257.15   254.22 262.73   247.95 256.47
2022-05-01   248.07 257.14   248.04 257.12    25.55  34.63   247.50 256.57   253.08 262.16   246.82 255.89
2022-05-02   246.93 256.57   246.90 256.54    24.42  34.06   246.36 256.00   251.95 261.59   245.68 255.32
2022-05-03   245.79 256.00   245.77 255.97    23.28  33.48   245.22 255.43   250.81 261.01   244.54 254.75
2022-05-04   244.94 255.15   244.91 255.12    22.43  32.63   244.37 254.58   249.95 260.16   243.69 253.89
2022-05-05   244.09 254.29   244.06 254.26    21.57  31.78   243.52 253.72   249.10 259.31   242.84 253.04
2022-05-06   243.24 253.44   243.21 253.41    20.72  30.93   242.67 252.87   248.25 258.45   241.99 252.19
2022-05-07   242.39 252.59   242.36 252.56    19.87  30.07   241.82 252.02   247.40 257.60   241.13 251.34
2022-05-08   241.53 251.73   241.51 251.71    19.02  29.22   240.96 251.16   246.55 256.75   240.28 250.48
2022-05-09   240.68 250.88   240.66 250.86    18.17  28.37   240.11 250.31   245.70 255.90   239.43 249.63
2022-05-10   239.83 250.03   239.81 250.01    17.32  27.52   239.26 249.46   244.85 255.05   238.58 248.78
2022-05-11   238.98 249.18   238.95 249.16    16.47  26.67   238.41 248.61   244.00 254.20   237.73 247.93
2022-05-12   238.13 248.33   238.10 248.31    15.62  25.82   237.56 247.76   243.14 253.35   236.88 247.08
2022-05-13   237.28 247.48   237.25 247.46    14.76  24.97   236.71 246.91   242.29 252.50   236.03 246.23
2022-05-14   236.42 246.63   236.40 246.61    13.91  24.12   235.85 246.06   241.44 251.65   235.17 245.38
2022-05-15   235.57 245.78   235.54 245.76    13.06  23.27   235.00 245.21   240.58 250.80   234.32 244.53
2022-05-16   234.71 244.93   234.69 244.91    12.20  22.42   234.14 244.36   239.73 249.95   233.46 243.68
2022-05-17   233.86 244.08   233.83 244.05    11.35  21.57   233.29 243.51   238.87 249.10   232.61 242.83
2022-05-18   233.00 243.23   232.98 243.20    10.49  20.72   232.43 242.66   238.02 248.25   231.75 241.98
2022-05-19   232.14 242.38   232.12 242.35     9.63  19.87   231.57 241.81   237.16 247.39   230.89 241.13
2022-05-20   231.28 241.53   231.26 241.50     8.77  19.01   230.71 240.96   236.30 246.54   230.03 240.28
2022-05-21   230.42 240.67   230.40 240.65     7.91  18.16   229.85 240.10   235.44 245.69   229.17 239.42
2022-05-22   229.56 239.82   229.53 239.79     7.05  17.31   228.99 239.25   234.58 244.83   228.31 238.57
2022-05-23   228.70 238.96   228.67 238.94     6.18  16.45   228.13 238.39   233.71 243.98   227.45 237.71
2022-05-24   227.83 238.11   227.81 238.08     5.32  15.59   227.26 237.54   232.85 243.12   226.58 236.86
2022-05-25   226.96 237.25   226.94 237.22     4.45  14.74   226.39 236.68   231.98 242.26   225.71 236.00
2022-05-26   226.09 236.39   226.07 236.36     3.58  13.88   225.52 235.82   231.11 241.41   224.84 235.14
2022-05-27   225.22 235.53   225.20 235.50     2.71  13.02   224.65 234.96   230.24 240.54   223.97 234.28
2022-05-28   224.35 234.67   224.32 234.64     1.84  12.15   223.78 234.10   229.36 239.68   223.10 233.42
2022-05-29   223.47 233.80   223.45 233.78     0.96  11.29   222.90 233.23   228.49 238.82   222.22 232.55
2022-05-30   222.60 232.94   222.57 232.91     0.08  10.43   222.03 232.37   227.61 237.95   221.34 231.69
2022-05-31   221.71 232.07   221.69 232.04   359.20   9.56   221.14 231.50   226.73 237.09   220.46 230.82
2022-06-01   220.83 231.20   220.80 231.17   358.32   8.69   220.26 230.63   225.85 236.22   219.58 229.95
2022-06-02   219.95 230.33   219.92 230.30   357.43   7.82   219.38 229.76   224.96 235.34   218.69 229.08
2022-06-03   219.06 229.45   219.03 229.43   356.54   6.94   218.49 228.88   224.07 234.47   217.81 228.20
2022-06-04   218.16 228.58   218.14 228.55   355.65   6.07   217.59 228.01   223.18 233.59   216.91 227.33
2022-06-05   217.27 227.70   217.24 227.67   354.76   5.19   216.70 227.13   222.29 232.72   216.02 226.45
2022-06-06   216.37 226.82   216.35 226.79   353.86   4.31   215.80 226.25   221.39 231.83   215.12 225.57
2022-06-07   215.47 225.93   215.45 225.91   352.96   3.42   214.90 225.36   220.49 230.95   214.22 224.68
2022-06-08   214.57 225.05   214.54 225.02   352.06   2.54   214.00 224.48   219.58 230.06   213.32 223.80
2022-06-09   213.66 224.16   213.63 224.13   351.15   1.65   213.09 223.59   218.68 229.17   212.41 222.91
2022-06-10   212.75 223.27   212.72 223.24   350.24   0.75   212.18 222.70   217.77 228.28   211.50 222.02
2022-06-11   211.84 222.37   211.81 222.34   349.32 359.86   211.27 221.80   216.85 227.39   210.59 221.12
2022-06-12   210.92 221.47   210.89 221.45   348.41 358.96   210.35 220.90   215.93 226.49   209.67 220.22
2022-06-13   210.00 220.57   209.97 220.54   347.49 358.06   209.43 220.00   215.01 225.59   208.75 219.32
2022-06-14   209.07 219.67   209.05 219.64   346.56 357.15   208.50 219.10   214.09 224.68   207.82 218.41
2022-06-15   208.15 218.76   208.12 218.73   345.63 356.24   207.58 218.19   213.16 223.77   206.89 217.51
2022-06-16   207.21 217.85   207.19 217.82   344.70 355.33   206.64 217.28   212.23 222.86   205.96 216.59
2022-06-17   206.28 216.93   206.25 216.90   343.76 354.42   205.71 216.36   211.29 221.95   205.03 215.68
2022-06-18   205.34 216.01   205.31 215.99   342.83 353.50   204.77 215.44   210.35 221.03   204.09 214.76
2022-06-19   204.39 215.09   204.37 215.06   341.88 352.58   203.82 214.52   209.41 220.10   203.14 213.84
2022-06-20   203.45 214.16   203.42 214.14   340.93 351.65   202.88 213.59   208.46 219.18   202.20 212.91
2022-06-21   202.49 213.23   202.47 213.21   339.98 350.72   201.92 212.66   207.51 218.25   201.24 211.98
2022-06-22   201.54 212.30   201.51 212.27   339.03 349.79   200.97 211.73   206.55 217.31   200.29 211.05
2022-06-23   200.58 211.36   200.55 211.33   338.07 348.85   200.01 210.79   205.59 216.38   199.33 210.11
2022-06-24   199.62 210.42   199.59 210.39   337.10 347.91   199.05 209.85   204.63 215.43   198.36 209.17
2022-06-25   198.65 209.47   198.62 209.45   336.13 346.96   198.08 208.90   203.66 214.49   197.40 208.22
2022-06-26   197.68 208.52   197.65 208.50   335.16 346.01   197.11 207.95   202.69 213.54   196.42 207.27
2022-06-27   196.70 207.57   196.67 207.54   334.19 345.06   196.13 207.00   201.71 212.59   195.45 206.32
2022-06-28   195.72 206.61   195.69 206.59   333.21 344.10   195.15 206.04   200.73 211.63   194.47 205.36
2022-06-29   194.73 205.65   194.71 205.62   332.22 343.14   194.16 205.08   199.75 210.67   193.48 204.40
2022-06-30   193.75 204.68   193.72 204.66   331.23 342.17   193.18 204.11   198.76 209.70   192.49 203.43
2022-07-01   192.75 203.71   192.73 203.69   330.24 341.20   192.18 203.14   197.77 208.73   191.50 202.46
2022-07-02   191.76 202.74   191.73 202.71   329.24 340.23   191.19 202.17   196.77 207.76   190.50 201.49
2022-07-03   190.75 201.76   190.73 201.74   328.24 339.25   190.18 201.19   195.77 206.78   189.50 200.51
2022-07-04   189.75 200.78   189.72 200.75   327.24 338.27   189.18 200.21   194.76 205.79   188.50 199.53
2022-07-05   188.74 199.79   188.71 199.77   326.23 337.28   188.17 199.22   193.76 204.81   187.49 198.54
2022-07-06   187.73 198.80   187.70 198.77   325.21 336.29   187.16 198.23   192.74 203.82   186.48 197.55
2022-07-07   186.71 197.81   186.68 197.78   324.20 335.29   186.14 197.24   191.72 202.82   185.46 196.55
2022-07-08   185.69 196.81   185.66 196.78   323.18 334.29   185.12 196.24   190.70 201.82   184.44 195.56
2022-07-09   184.66 195.80   184.64 195.78   322.15 333.29   184.09 195.23   189.68 200.82   183.41 194.55
2022-07-10   183.64 194.80   183.61 194.77   321.12 332.28   183.07 194.23   188.65 199.81   182.38 193.54
2022-07-11   182.60 193.78   182.58 193.76   320.09 331.27   182.03 193.21   187.62 198.80   181.35 192.53
2022-07-12   181.57 192.77   181.54 192.74   319.05 330.26   181.00 192.20   186.58 197.78   180.32 191.52
2022-07-13   180.53 191.75   180.50 191.72   318.01 329.24   179.96 191.18   185.54 196.76   179.28 190.50
2022-07-14   179.48 190.73   179.46 190.70   316.97 328.21   178.91 190.16   184.50 195.74   178.23 189.48
2022-07-15   178.44 189.70   178.41 189.67   315.93 327.19   177.87 189.13   183.45 194.71   177.19 188.45
2022-07-16   177.39 188.67   177.36 188.64   314.88 326.16   176.82 188.10   182.40 193.68   176.14 187.42
2022-07-17   176.34 187.63   176.31 187.61   313.82 325.12   175.77 187.06   181.35 192.65   175.09 186.38
2022-07-18   175.28 186.60   175.25 186.57   312.77 324.08   174.71 186.03   180.30 191.61   174.03 185.35
2022-07-19   174.22 185.55   174.19 185.53   311.71 323.04   173.65 184.98   179.24 190.57   172.97 184.30
2022-07-20   173.16 184.51   173.13 184.48   310.65 322.00   172.59 183.94   178.18 189.52   171.91 183.26
2022-07-21   172.10 183.46   172.07 183.44   309.58 320.95   171.53 182.89   177.11 188.48   170.85 182.21
2022-07-22   171.03 182.41   171.00 182.38   308.52 319.90   170.46 181.84   176.04 187.43   169.78 181.16
2022-07-23   169.96 181.36   169.93 181.33   307.45 318.84   169.39 180.79   174.98 186.37   168.71 180.11
2022-07-24   168.89 180.30   168.86 180.27   306.38 317.79   168.32 179.73   173.90 185.31   167.64 179.05
2022-07-25   167.82 179.24   167.79 179.21   305.30 316.73   167.25 178.67   172.83 184.25   166.56 177.99
2022-07-26   166.74 178.18   166.71 178.15   304.23 315.66   166.17 177.61   171.75 183.19   165.49 176.92
2022-07-27   165.66 177.11   165.64 177.08   303.15 314.60   165.09 176.54   170.68 182.13   164.41 175.86
2022-07-28   164.58 176.04   164.56 176.02   302.07 313.53   164.01 175.47   169.60 181.06   163.33 174.79
2022-07-29   163.50 174.97   163.48 174.95   300.99 312.46   162.93 174.40   168.52 179.99   162.25 173.72
2022-07-30   162.42 173.90   162.39 173.87   299.91 311.39   161.85 173.33   167.44 178.91   161.17 172.65
2022-07-31   161.34 172.82   161.31 172.80   298.82 310.31   160.77 172.25   166.35 177.84   160.09 171.57
2022-08-01   160.25 171.75   160.23 171.72   297.74 309.24   159.68 171.18   165.27 176.76   159.00 170.50
2022-08-02   159.17 170.67   159.14 170.64   296.65 308.16   158.60 170.10   164.18 175.69   157.92 169.42
2022-08-03   158.08 169.59   158.05 169.56   295.57 307.08   157.51 169.02   163.10 174.61   156.83 168.34
2022-08-04   156.99 168.51   156.97 168.48   294.48 306.00   156.42 167.94   162.01 173.52   155.74 167.26
2022-08-05   155.91 167.43   155.88 167.40   293.39 304.91   155.34 166.86   160.92 172.44   154.66 166.18
2022-08-06   154.82 166.34   154.79 166.32   292.31 303.83   154.25 165.77   159.84 171.36   153.57 165.09
2022-08-07   153.73 165.26   153.71 165.23   291.22 302.74   153.16 164.69   158.75 170.27   152.48 164.01
2022-08-08   152.65 164.17   152.62 164.15   290.13 301.66   152.08 163.60   157.66 169.19   151.39 162.92
2022-08-09   151.56 163.09   151.53 163.06   289.05 300.57   150.99 162.52   156.57 168.10   150.31 161.83
2022-08-10   150.47 162.00   150.44 161.97   287.96 299.49   149.90 161.43   155.49 167.01   149.22 160.75
2022-08-11   149.38 160.91   149.36 160.88   286.87 298.40   148.81 160.34   154.40 165.93   148.13 159.66
2022-08-12   148.30 159.82   148.27 159.80   285.79 297.31   147.73 159.25   153.31 164.84   147.05 158.57
2022-08-13   147.21 158.74   147.19 158.71   284.70 296.22   146.64 158.17   152.23 163.75   145.96 157.49
2022-08-14   146.13 157.65   146.10 157.62   283.62 295.14   145.56 157.08   151.15 162.66   144.88 156.40
2022-08-15   145.05 156.56   145.02 156.54   282.54 294.05   144.48 155.99   150.06 161.58   143.80 155.31
2022-08-16   143.97 155.48   143.94 155.45   281.45 292.96   143.40 154.91   148.98 160.49   142.72 154.22
2022-08-17   142.89 154.39   142.86 154.36   280.37 291.88   142.32 153.82   147.90 159.40   141.64 153.14
2022-08-18   141.81 153.30   141.78 153.28   279.30 290.79   141.24 152.73   146.82 158.32   140.56 152.05
2022-08-19   140.73 152.22   140.71 152.19   278.22 289.71   140.16 151.65   145.75 157.24   139.48 150.97
2022-08-20   139.66 151.14   139.63 151.11   277.15 288.62   139.09 150.57   144.67 156.15   138.41 149.89
2022-08-21   138.59 150.05   138.56 150.03   276.07 287.54   138.02 149.48   143.60 155.07   137.34 148.80
2022-08-22   137.52 148.97   137.49 148.95   275.00 286.46   136.95 148.40   142.53 153.99   136.27 147.72
2022-08-23   136.45 147.90   136.42 147.87   273.94 285.38   135.88 147.33   141.46 152.91   135.20 146.64
2022-08-24   135.38 146.82   135.36 146.79   272.87 284.31   134.81 146.25   140.40 151.83   134.13 145.57
2022-08-25   134.32 145.74   134.29 145.72   271.81 283.23   133.75 145.17   139.34 150.76   133.07 144.49
2022-08-26   133.26 144.67   133.23 144.64   270.75 282.16   132.69 144.10   138.27 149.68   132.01 143.42
2022-08-27   132.20 143.60   132.18 143.57   269.69 281.08   131.63 143.03   137.22 148.61   130.95 142.35
2022-08-28   131.15 142.53   131.12 142.50   268.64 280.02   130.58 141.96   136.16 147.54   129.90 141.28
2022-08-29   130.10 141.46   130.07 141.43   267.58 278.95   129.53 140.89   135.11 146.48   128.85 140.21
2022-08-30   129.05 140.40   129.02 140.37   266.53 277.88   128.48 139.83   134.06 145.41   127.80 139.15
2022-08-31   128.00 139.33   127.98 139.31   265.49 276.82   127.43 138.76   133.02 144.35   126.75 138.08
2022-09-01   126.96 138.28   126.93 138.25   264.45 275.76   126.39 137.71   131.97 143.29   125.71 137.02
2022-09-02   125.92 137.22   125.89 137.19   263.41 274.71   125.35 136.65   130.94 142.23   124.67 135.97
2022-09-03   124.89 136.16   124.86 136.14   262.37 273.65   124.32 135.59   129.90 141.18   123.63 134.91
2022-09-04   123.85 135.11   123.83 135.09   261.34 272.60   123.28 134.54   128.87 140.13   122.60 133.86
2022-09-05   122.82 134.07   122.80 134.04   260.31 271.55   122.25 133.50   127.84 139.08   121.57 132.82
2022-09-06   121.80 133.02   121.77 132.99   259.29 270.51   121.23 132.45   126.81 138.04   120.55 131.77
2022-09-07   120.78 131.98   120.75 131.95   258.26 269.47   120.21 131.41   125.79 136.99   119.53 130.73
2022-09-08   119.76 130.94   119.73 130.91   257.25 268.43   119.19 130.37   124.77 135.96   118.51 129.69
2022-09-09   118.75 129.91   118.72 129.88   256.23 267.39   118.18 129.34   123.76 134.92   117.49 128.66
2022-09-10   117.73 128.87   117.71 128.85   255.22 266.36   117.16 128.30   122.75 133.89   116.48 127.62
2022-09-11   116.73 127.85   116.70 127.82   254.21 265.33   116.16 127.28   121.74 132.86   115.48 126.60
2022-09-12   115.72 126.82   115.70 126.79   253.21 264.31   115.15 126.25   120.74 131.84   114.47 125.57
2022-09-13   114.72 125.80   114.70 125.77   252.21 263.29   114.15 125.23   119.74 130.82   113.47 124.55
2022-09-14   113.73 124.78   113.70 124.76   251.22 262.27   113.16 124.21   118.74 129.80   112.48 123.53
2022-09-15   112.74 123.77   112.71 123.74   250.22 261.26   112.17 123.20   117.75 128.78   111.49 122.52
2022-09-16   111.75 122.76   111.72 122.73   249.24 260.25   111.18 122.19   116.76 127.77   110.50 121.51
2022-09-17   110.76 121.75   110.74 121.72   248.25 259.24   110.19 121.18   115.78 126.77   109.51 120.50
2022-09-18   109.78 120.75   109.76 120.72   247.27 258.23   109.21 120.18   114.80 125.76   108.53 119.50
2022-09-19   108.81 119.75   108.78 119.72   246.29 257.24   108.24 119.18   113.82 124.76   107.56 118.50
2022-09-20   107.83 118.75   107.81 118.73   245.32 256.24   107.26 118.18   112.85 123.77   106.58 117.50
2022-09-21   106.86 117.76   106.84 117.73   244.35 255.25   106.29 117.19   111.88 122.77   105.61 116.51
2022-09-22   105.90 116.77   105.87 116.74   243.38 254.26   105.33 116.20   110.91 121.79   104.65 115.52
2022-09-23   104.93 115.79   104.91 115.76   242.42 253.27   104.36 115.22   109.95 120.80   103.68 114.53
2022-09-24   103.97 114.80   103.95 114.78   241.46 252.29   103.40 114.23   108.99 119.82   102.72 113.55
2022-09-25   103.02 113.83   102.99 113.80   240.51 251.31   102.45 113.26   108.03 118.84   101.77 112.57
2022-09-26   102.07 112.85   102.04 112.82   239.55 250.34   101.50 112.28   107.08 117.87   100.82 111.60
2022-09-27   101.12 111.88   101.09 111.85   238.60 249.37   100.55 111.31   106.13 116.90    99.87 110.63
2022-09-28   100.17 110.91   100.15 110.89   237.66 248.40    99.60 110.34   105.19 115.93    98.92 109.66
2022-09-29    99.23 109.95    99.20 109.92   236.72 247.44    98.66 109.38   104.24 114.96    97.98 108.70
2022-09-30    98.29 108.99    98.26 108.96   235.78 246.48    97.72 108.42   103.31 114.00    97.04 107.74
2022-10-01    97.35 108.03    97.33 108.00   234.84 245.52    96.78 107.46   102.37 113.05    96.10 106.78
2022-10-02    96.42 107.08    96.40 107.05   233.91 244.57    95.85 106.51   101.44 112.09    95.17 105.83
2022-10-03    95.49 106.13    95.47 106.10   232.98 243.61    94.92 105.56   100.51 111.14    94.24 104.88
2022-10-04    94.56 105.18    94.54 105.15   232.05 242.67    93.99 104.61    99.58 110.20    93.31 103.93
2022-10-05    93.64 104.24    93.61 104.21   231.13 241.72    93.07 103.67    98.66 109.25    92.39 102.98
2022-10-06    92.72 103.29    92.69 103.27   230.21 240.78    92.15 102.72    97.73 108.31    91.47 102.04
2022-10-07    91.80 102.36    91.77 102.33   229.29 239.84    91.23 101.79    96.82 107.37    90.55 101.11
2022-10-08    90.88 101.42    90.86 101.40   228.37 238.91    90.31 100.85    95.90 106.44    89.63 100.17
2022-10-09    89.97 100.49    89.94 100.46   227.46 237.98    89.40  99.92    94.99 105.50    88.72  99.24
2022-10-10    89.06  99.56    89.03  99.53   226.55 237.05    88.49  98.99    94.08 104.58    87.81  98.31
2022-10-11    88.15  98.63    88.12  98.61   225.64 236.12    87.58  98.06    93.17 103.65    86.90  97.38
2022-10-12    87.24  97.71    87.22  97.68   224.73 235.20    86.67  97.14    92.26 102.73    85.99  96.46
2022-10-13    86.34  96.79    86.31  96.76   223.83 234.28    85.77  96.22    91.36 101.80    85.09  95.54
2022-10-14    85.44  95.87    85.41  95.84   222.93 233.36    84.87  95.30    90.45 100.89    84.19  94.62
2022-10-15    84.54  94.95    84.51  94.93   222.03 232.44    83.97  94.38    89.55  99.97    83.29  93.70
2022-10-16    83.64  94.04    83.61  94.01   221.13 231.53    83.07  93.47    88.65  99.05    82.39  92.79
2022-10-17    82.74  93.13    82.72  93.10   220.23 230.62    82.17  92.56    87.76  98.14    81.49  91.88
2022-10-18    81.85  92.22    81.82  92.19   219.34 229.71    81.28  91.65    86.86  97.23    80.60  90.97
2022-10-19    80.95  91.31    80.93  91.28   218.44 228.80    80.38  90.74    85.97  96.33    79.70  90.06
2022-10-20    80.06  90.41    80.04  90.38   217.55 227.89    79.49  89.84    85.08  95.42    78.81  89.15
2022-10-21    79.17  89.50    79.14  89.48   216.66 226.99    78.60  88.93    84.19  94.52    77.92  88.25
2022-10-22    78.28  88.60    78.26  88.57   215.77 226.09    77.71  88.03    83.30  93.62    77.03  87.35
2022-10-23    77.39  87.70    77.37  87.67   214.88 225.19    76.82  87.13    82.41  92.72    76.14  86.45
2022-10-24    76.51  86.80    76.48  86.77   213.99 224.29    75.94  86.23    81.52  91.82    75.26  85.55
2022-10-25    75.62  85.90    75.59  85.88   213.11 223.39    75.05  85.33    80.63  90.92    74.37  84.65
2022-10-26    74.73  85.01    74.71  84.98   212.22 222.50    74.16  84.44    79.75  90.02    73.48  83.76
2022-10-27    73.85  84.11    73.82  84.09   211.34 221.60    73.28  83.54    78.86  89.13    72.60  82.86
2022-10-28    72.96  83.22    72.94  83.19   210.45 220.71    72.39  82.65    77.98  88.24    71.71  81.97
2022-10-29    72.08  82.33    72.05  82.30   209.57 219.82    71.51  81.76    77.10  87.34    70.83  81.08
2022-10-30    71.20  81.44    71.17  81.41   208.68 218.93    70.63  80.87    76.21  86.45    69.95  80.19
2022-10-31    70.31  80.55    70.29  80.52   207.80 218.03    69.74  79.98    75.33  85.56    69.06  79.30
2022-11-01    69.43  79.66    69.40  79.63   206.92 217.15    68.86  79.09    74.45  84.67    68.18  78.41
2022-11-02    68.55  78.77    68.52  78.74   206.03 216.26    67.98  78.20    73.56  83.78    67.30  77.52
2022-11-03    67.66  77.88    67.64  77.85   205.15 215.37    67.09  77.31    72.68  82.90    66.41  76.63
2022-11-04    66.78  76.99    66.75  76.97   204.27 214.48    66.21  76.42    71.80  82.01    65.53  75.74
2022-11-05    65.90  76.11    65.87  76.08   203.38 213.59    65.33  75.54    70.91  81.12    64.65  74.85
2022-11-06    65.01  75.22    64.99  75.19   202.50 212.71    64.44  74.65    70.03  80.23    63.76  73.97
2022-11-07    64.13  74.33    64.10  74.30   201.61 211.82    63.56  73.76    69.14  79.35    62.88  73.08
2022-11-08    63.24  73.44    63.22  73.42   200.73 210.93    62.67  72.87    68.26  78.46    61.99  72.19
2022-11-09    62.36  72.56    62.33  72.53   199.84 210.04    61.79  71.99    67.37  77.57    61.10  71.31
2022-11-10    61.47  71.67    61.44  71.64   198.96 209.16    60.90  71.10    66.48  76.68    60.22  70.42
2022-11-11    60.58  70.78    60.55  70.75   198.07 208.27    60.01  70.21    65.60  75.80    59.33  69.53
2022-11-12    59.69  69.89    59.66  69.87   197.18 207.38    59.12  69.32    64.71  74.91    58.44  68.64
2022-11-13    58.80  69.00    58.77  68.98   196.29 206.49    58.23  68.43    63.82  74.02    57.55  67.75
2022-11-14    57.91  68.11    57.88  68.09   195.40 205.60    57.34  67.54    62.92  73.13    56.66  66.86
2022-11-15    57.01  67.22    56.99  67.20   194.50 204.71    56.44  66.65    62.03  72.24    55.76  65.97
2022-11-16    56.26  66.20    56.23  66.17   193.74 203.68    55.69  65.63    61.27  71.21    55.00  64.94
2022-11-17    55.65  65.01    55.62  64.98   193.14 202.50    55.08  64.44    60.67  70.03    54.40  63.76
2022-11-18    55.04  63.83    55.02  63.80   192.53 201.31    54.47  63.26    60.06  68.84    53.79  62.57
2022-11-19    54.43  62.64    54.41  62.61   191.92 200.13    53.86  62.07    59.45  67.65    53.18  61.39
2022-11-20    53.82  61.45    53.80  61.43   191.31 198.94    53.25  60.88    58.84  66.47    52.57  60.20
2022-11-21    53.21  60.26    53.18  60.24   190.70 197.75    52.64  59.69    58.22  65.28    51.96  59.01

2023-04-28   251.81 259.06   251.79 259.03    29.30  36.54   251.24 258.49   256.83 264.07   250.56 257.81
2023-04-29   250.67 258.48   250.65 258.45    28.16  35.96   250.10 257.91   255.69 263.49   249.42 257.23
2023-04-30   249.53 257.90   249.51 257.87    27.02  35.39   248.96 257.33   254.55 262.91   248.28 256.65
2023-05-01   248.39 257.32   248.37 257.29    25.88  34.81   247.82 256.75   253.41 262.34   247.14 256.07
2023-05-02   247.26 256.75   247.23 256.72    24.74  34.23   246.69 256.18   252.27 261.76   246.01 255.50
2023-05-03   246.12 256.17   246.09 256.15    23.61  33.66   245.55 255.60   251.13 261.19   244.87 254.92
2023-05-04   245.19 255.39   245.16 255.37    22.67  32.88   244.62 254.82   250.20 260.41   243.94 254.14
2023-05-05   244.33 254.54   244.31 254.51    21.82  32.03   243.76 253.97   249.35 259.55   243.08 253.29
2023-05-06   243.48 253.68   243.46 253.66    20.97  31.17   242.91 253.11   248.50 258.70   242.23 252.43
2023-05-07   242.63 252.83   242.60 252.80    20.12  30.32   242.06 252.26   247.65 257.85   241.38 251.58
2023-05-08   241.78 251.98   241.75 251.95    19.27  29.47   241.21 251.41   246.79 256.99   240.53 250.73
2023-05-09   240.93 251.13   240.90 251.10    18.41  28.61   240.36 250.56   245.94 256.14   239.67 249.87
2023-05-10   240.07 250.27   240.05 250.25    17.56  27.76   239.50 249.70   245.09 255.29   238.82 249.02
2023-05-11   239.22 249.42   239.19 249.40    16.71  26.91   238.65 248.85   244.24 254.44   237.97 248.17
2023-05-12   238.37 248.57   238.34 248.54    15.85  26.06   237.80 248.00   243.38 253.59   237.12 247.32
2023-05-13   237.51 247.72   237.49 247.69    15.00  25.21   236.94 247.15   242.53 252.73   236.26 246.47
2023-05-14   236.66 246.87   236.63 246.84    14.15  24.36   236.09 246.30   241.67 251.88   235.41 245.62
2023-05-15   235.80 246.02   235.78 245.99    13.29  23.50   235.23 245.45   240.82 251.03   234.55 244.77
2023-05-16   234.95 245.16   234.92 245.14    12.44  22.65   234.38 244.59   239.96 250.18   233.70 243.91
2023-05-17   234.09 244.31   234.06 244.29    11.58  21.80   233.52 243.74   239.11 249.33   232.84 243.06
2023-05-18   233.23 243.46   233.21 243.43    10.72  20.95   232.66 242.89   238.25 248.48   231.98 242.21
2023-05-19   232.37 242.61   232.35 242.58     9.86  20.09   231.80 242.04   237.39 247.62   231.12 241.36
2023-05-20   231.51 241.75   231.49 241.73     9.00  19.24   230.94 241.18   236.53 246.77   230.26 240.50
2023-05-21   230.65 240.90   230.63 240.87     8.14  18.39   230.08 240.33   235.67 245.91   229.40 239.65
2023-05-22   229.79 240.04   229.76 240.02     7.28  17.53   229.22 239.47   234.80 245.06   228.54 238.79
2023-05-23   228.92 239.19   228.90 239.16     6.41  16.67   228.35 238.62   233.94 244.20   227.67 237.94
2023-05-24   228.06 238.33   228.03 238.30     5.54  15.82   227.49 237.76   233.07 243.34   226.81 237.08
2023-05-25   227.19 237.47   227.16 237.44     4.68  14.96   226.62 236.90   232.20 242.49   225.94 236.22
2023-05-26   226.32 236.61   226.29 236.58     3.80  14.10   225.75 236.04   231.33 241.63   225.07 235.36
2023-05-27   225.44 235.75   225.42 235.72     2.93  13.24   224.87 235.18   230.46 240.76   224.19 234.50
2023-05-28   224.57 234.88   224.54 234.86     2.06  12.37   224.00 234.31   229.58 239.90   223.32 233.63
2023-05-29   223.69 234.02   223.67 233.99     1.18  11.51   223.12 233.45   228.71 239.04   222.44 232.77
2023-05-30   222.81 233.15   222.79 233.13     0.30  10.64   222.24 232.58   227.83 238.17   221.56 231.90
2023-05-31   221.93 232.28   221.90 232.26   359.42   9.77   221.36 231.71   226.95 237.30   220.68 231.03
2023-06-01   221.05 231.41   221.02 231.39   358.53   8.90   220.48 230.84   226.06 236.43   219.80 230.16
2023-06-02   220.16 230.54   220.13 230.51   357.65   8.03   219.59 229.97   225.18 235.56   218.91 229.29
2023-06-03   219.27 229.67   219.24 229.64   356.76   7.15   218.70 229.10   224.29 234.68   218.02 228.41
2023-06-04   218.38 228.79   218.35 228.76   355.86   6.28   217.81 228.22   223.39 233.80   217.13 227.54
2023-06-05   217.48 227.91   217.46 227.88   354.97   5.40   216.91 227.34   222.50 232.92   216.23 226.66
2023-06-06   216.58 227.03   216.56 227.00   354.07   4.51   216.01 226.46   221.60 232.04   215.33 225.78
2023-06-07   215.68 226.14   215.66 226.11   353.17   3.63   215.11 225.57   220.70 231.16   214.43 224.89
2023-06-08   214.78 225.25   214.75 225.23   352.26   2.74   214.21 224.68   219.79 230.27   213.53 224.00
2023-06-09   213.87 224.36   213.84 224.34   351.36   1.85   213.30 223.79   218.88 229.38   212.62 223.11
2023-06-10   212.96 223.47   212.93 223.44   350.44   0.96   212.39 222.90   217.97 228.48   211.71 222.22
2023-06-11   212.04 222.57   212.02 222.55   349.53   0.06   211.47 222.00   217.06 227.59   210.79 221.32
2023-06-12   211.12 221.67   211.10 221.65   348.61 359.16   210.55 221.10   216.14 226.69   209.87 220.42
2023-06-13   210.20 220.77   210.18 220.74   347.69 358.26   209.63 220.20   215.22 225.79   208.95 219.52
2023-06-14   209.28 219.87   209.25 219.84   346.76 357.35   208.71 219.30   214.29 224.88   208.03 218.61
2023-06-15   208.35 218.96   208.32 218.93   345.84 356.44   207.78 218.39   213.36 223.97   207.10 217.71
2023-06-16   207.42 218.04   207.39 218.02   344.90 355.53   206.85 217.47   212.43 223.06   206.16 216.79
2023-06-17   206.48 217.13   206.45 217.10   343.97 354.62   205.91 216.56   211.49 222.14   205.23 215.88
2023-06-18   205.54 216.21   205.51 216.18   343.03 353.70   204.97 215.64   210.55 221.22   204.29 214.96
2023-06-19   204.59 215.29   204.57 215.26   342.08 352.77   204.02 214.72   209.61 220.30   203.34 214.03
2023-06-20   203.65 214.36   203.62 214.33   341.13 351.85   203.08 213.79   208.66 219.37   202.39 213.11
2023-06-21   202.69 213.43   202.67 213.40   340.18 350.92   202.12 212.86   207.71 218.44   201.44 212.18
2023-06-22   201.74 212.49   201.71 212.47   339.22 349.98   201.17 211.92   206.75 217.51   200.49 211.24
2023-06-23   200.78 211.56   200.75 211.53   338.26 349.04   200.21 210.99   205.79 216.57   199.53 210.30
2023-06-24   199.81 210.61   199.79 210.59   337.30 348.10   199.24 210.04   204.83 215.63   198.56 209.36
2023-06-25   198.84 209.67   198.82 209.64   336.33 347.16   198.27 209.10   203.86 214.68   197.59 208.42
2023-06-26   197.87 208.72   197.85 208.69   335.36 346.21   197.30 208.15   202.89 213.73   196.62 207.47
2023-06-27   196.90 207.76   196.87 207.74   334.38 345.25   196.33 207.19   201.91 212.78   195.65 206.51
2023-06-28   195.92 206.81   195.89 206.78   333.40 344.29   195.35 206.24   200.93 211.82   194.66 205.56
2023-06-29   194.93 205.84   194.90 205.82   332.42 343.33   194.36 205.27   199.95 210.86   193.68 204.59
2023-06-30   193.94 204.88   193.92 204.85   331.43 342.37   193.37 204.31   198.96 209.89   192.69 203.63
2023-07-01   192.95 203.91   192.92 203.88   330.44 341.40   192.38 203.34   197.97 208.92   191.70 202.66
2023-07-02   191.95 202.93   191.93 202.91   329.44 340.42   191.38 202.36   196.97 207.95   190.70 201.68
2023-07-03   190.95 201.96   190.93 201.93   328.44 339.44   190.38 201.39   195.97 206.97   189.70 200.71
2023-07-04   189.95 200.97   189.92 200.95   327.44 338.46   189.38 200.40   194.96 205.99   188.70 199.72
2023-07-05   188.94 199.99   188.91 199.96   326.43 337.47   188.37 199.42   193.95 205.00   187.69 198.74
2023-07-06   187.93 199.00   187.90 198.97   325.41 336.48   187.36 198.43   192.94 204.01   186.68 197.75
2023-07-07   186.91 198.00   186.88 197.98   324.40 335.49   186.34 197.43   191.93 203.02   185.66 196.75
2023-07-08   185.89 197.00   185.86 196.98   323.38 334.49   185.32 196.43   190.91 202.02   184.64 195.75
2023-07-09   184.87 196.00   184.84 195.98   322.35 333.49   184.30 195.43   189.88 201.02   183.62 194.75
2023-07-10   183.84 195.00   183.81 194.97   321.33 332.48   183.27 194.43   188.85 200.01   182.59 193.74
2023-07-11   182.81 193.99   182.78 193.96   320.30 331.47   182.24 193.42   187.82 199.00   181.56 192.73
2023-07-12   181.77 192.97   181.75 192.94   319.26 330.46   181.20 192.40   186.79 197.99   180.52 191.72
2023-07-13   180.74 191.95   180.71 191.93   318.22 329.44   180.17 191.38   185.75 196.97   179.49 190.70
2023-07-14   179.69 190.93   179.67 190.91   317.18 328.42   179.12 190.36   184.71 195.95   178.44 189.68
2023-07-15   178.65 189.91   178.62 189.88   316.14 327.39   178.08 189.34   183.67 194.92   177.40 188.66
2023-07-16   177.60 188.88   177.58 188.85   315.09 326.36   177.03 188.31   182.62 193.89   176.35 187.63
2023-07-17   176.55 187.84   176.52 187.82   314.04 325.33   175.98 187.27   181.57 192.86   175.30 186.59
2023-07-18   175.50 186.81   175.47 186.78   312.98 324.30   174.93 186.24   180.51 191.82   174.25 185.56
2023-07-19   174.44 185.77   174.41 185.74   311.93 323.26   173.87 185.20   179.46 190.78   173.19 184.52
2023-07-20   173.38 184.73   173.35 184.70   310.87 322.21   172.81 184.16   178.40 189.74   172.13 183.48
2023-07-21   172.32 183.68   172.29 183.65   309.81 321.17   171.75 183.11   177.33 188.70   171.07 182.43
2023-07-22   171.25 182.63   171.23 182.60   308.74 320.12   170.68 182.06   176.27 187.65   170.00 181.38
2023-07-23   170.19 181.58   170.16 181.55   307.68 319.07   169.62 181.01   175.20 186.59   168.94 180.33
2023-07-24   169.12 180.52   169.09 180.50   306.61 318.01   168.55 179.95   174.13 185.54   167.87 179.27
2023-07-25   168.05 179.47   168.02 179.44   305.53 316.95   167.48 178.90   173.06 184.48   166.80 178.22
2023-07-26   166.97 178.41   166.95 178.38   304.46 315.89   166.40 177.84   171.99 183.42   165.72 177.16
2023-07-27   165.90 177.34   165.87 177.32   303.39 314.83   165.33 176.77   170.91 182.36   164.65 176.09
2023-07-28   164.82 176.28   164.80 176.25   302.31 313.76   164.25 175.71   169.84 181.29   163.57 175.03
2023-07-29   163.74 175.21   163.72 175.18   301.23 312.70   163.17 174.64   168.76 180.22   162.49 173.96
2023-07-30   162.66 174.14   162.64 174.11   300.15 311.63   162.09 173.57   167.68 179.15   161.41 172.89
2023-07-31   161.58 173.07   161.56 173.04   299.07 310.55   161.01 172.50   166.60 178.08   160.33 171.82
2023-08-01   160.50 171.99   160.47 171.97   297.99 309.48   159.93 171.42   165.52 177.01   159.25 170.74
2023-08-02   159.42 170.92   159.39 170.89   296.91 308.40   158.85 170.35   164.43 175.93   158.17 169.67
2023-08-03   158.33 169.84   158.31 169.81   295.82 307.33   157.76 169.27   163.35 174.86   157.08 168.59
2023-08-04   157.25 168.76   157.22 168.73   294.74 306.25   156.68 168.19   162.27 173.78   156.00 167.51
2023-08-05   156.17 167.68   156.14 167.65   293.65 305.17   155.60 167.11   161.18 172.70   154.91 166.43
2023-08-06   155.08 166.60   155.05 166.57   292.57 304.09   154.51 166.03   160.10 171.61   153.83 165.35
2023-08-07   154.00 165.52   153.97 165.49   291.48 303.00   153.43 164.95   159.01 170.53   152.74 164.27
2023-08-08   152.91 164.43   152.88 164.41   290.40 301.92   152.34 163.86   157.93 169.45   151.66 163.18
2023-08-09   151.82 163.35   151.80 163.32   289.31 300.84   151.25 162.78   156.84 168.37   150.57 162.10
2023-08-10   150.74 162.27   150.71 162.24   288.23 299.75   150.17 161.70   155.76 167.28   149.49 161.01
2023-08-11   149.66 161.18   149.63 161.15   287.14 298.67   149.09 160.61   154.67 166.20   148.41 159.93
2023-08-12   148.57 160.10   148.55 160.07   286.06 297.58   148.00 159.53   153.59 165.11   147.32 158.84
2023-08-13   147.49 159.01   147.46 158.98   284.98 296.50   146.92 158.44   152.51 164.03   146.24 157.76
2023-08-14   146.41 157.93   146.38 157.90   283.90 295.41   145.84 157.36   151.42 162.94   145.16 156.67
2023-08-15   145.33 156.84   145.30 156.81   282.82 294.33   144.76 156.27   150.34 161.86   144.08 155.59
2023-08-16   144.25 155.76   144.22 155.73   281.74 293.24   143.68 155.19   149.26 160.77   143.00 154.51
2023-08-17   143.17 154.67   143.14 154.65   280.66 292.16   142.60 154.10   148.19 159.69   141.92 153.42
2023-08-18   142.09 153.59   142.07 153.56   279.58 291.08   141.52 153.02   147.11 158.60   140.84 152.34
2023-08-19   141.02 152.51   140.99 152.48   278.51 289.99   140.45 151.94   146.04 157.52   139.77 151.26
2023-08-20   139.95 151.43   139.92 151.40   277.43 288.91   139.38 150.86   144.96 156.44   138.70 150.17
2023-08-21   138.88 150.35   138.85 150.32   276.36 287.83   138.31 149.78   143.89 155.36   137.63 149.09
2023-08-22   137.81 149.27   137.78 149.24   275.30 286.75   137.24 148.70   142.82 154.28   136.56 148.02
2023-08-23   136.74 148.19   136.71 148.16   274.23 285.68   136.17 147.62   141.76 153.20   135.49 146.94
2023-08-24   135.68 147.11   135.65 147.09   273.16 284.60   135.11 146.54   140.69 152.13   134.43 145.86
2023-08-25   134.62 146.04   134.59 146.01   272.10 283.53   134.05 145.47   139.63 151.06   133.36 144.79
2023-08-26   133.56 144.97   133.53 144.94   271.04 282.46   132.99 144.40   138.57 149.98   132.31 143.72
2023-08-27   132.50 143.90   132.47 143.87   269.99 281.39   131.93 143.33   137.52 148.91   131.25 142.65
2023-08-28   131.45 142.83   131.42 142.80   268.93 280.32   130.88 142.26   136.46 147.84   130.20 141.58
2023-08-29   130.40 141.76   130.37 141.74   267.88 279.25   129.83 141.19   135.41 146.78   129.15 140.51
2023-08-30   129.35 140.70   129.32 140.67   266.84 278.19   128.78 140.13   134.36 145.72   128.10 139.45
2023-08-31   128.30 139.64   128.28 139.61   265.79 277.13   127.73 139.07   133.32 144.65   127.05 138.39
2023-09-01   127.26 138.58   127.24 138.55   264.75 276.07   126.69 138.01   132.28 143.60   126.01 137.33
2023-09-02   126.22 137.53   126.20 137.50   263.71 275.01   125.65 136.96   131.24 142.54   124.97 136.27
2023-09-03   125.19 136.47   125.16 136.45   262.68 273.96   124.62 135.90   130.20 141.49   123.94 135.22
2023-09-04   124.16 135.42   124.13 135.40   261.65 272.91   123.59 134.85   129.17 140.44   122.91 134.17
2023-09-05   123.13 134.38   123.10 134.35   260.62 271.86   122.56 133.81   128.14 139.39   121.88 133.12
2023-09-06   122.10 133.33   122.08 133.30   259.59 270.82   121.53 132.76   127.12 138.35   120.85 132.08
2023-09-07   121.08 132.29   121.06 132.26   258.57 269.78   120.51 131.72   126.10 137.31   119.83 131.04
2023-09-08   120.07 131.25   120.04 131.23   257.55 268.74   119.50 130.68   125.08 136.27   118.82 130.00
2023-09-09   119.05 130.22   119.03 130.19   256.54 267.71   118.48 129.65   124.07 135.23   117.80 128.97
2023-09-10   118.04 129.19   118.01 129.16   255.53 266.67   117.47 128.62   123.06 134.20   116.79 127.94
2023-09-11   117.03 128.16   117.01 128.13   254.52 265.65   116.46 127.59   122.05 133.17   115.78 126.91
2023-09-12   116.03 127.13   116.00 127.11   253.52 264.62   115.46 126.56   121.05 132.15   114.78 125.88
2023-09-13   115.03 126.11   115.01 126.09   252.52 263.60   114.46 125.54   120.05 131.13   113.78 124.86
2023-09-14   114.04 125.09   114.01 125.07   251.52 262.58   113.47 124.52   119.05 130.11   112.78 123.84
2023-09-15   113.04 124.08   113.02 124.05   250.53 261.57   112.47 123.51   118.06 129.10   111.79 122.83
2023-09-16   112.05 123.07   112.03 123.04   249.54 260.56   111.48 122.50   117.07 128.08   110.80 121.82
2023-09-17   111.07 122.06   111.04 122.04   248.56 259.55   110.50 121.49   116.08 127.08   109.82 120.81
2023-09-18   110.09 121.06   110.06 121.03   247.58 258.55   109.52 120.49   115.10 126.07   108.84 119.81
2023-09-19   109.11 120.06   109.08 120.03   246.60 257.55   108.54 119.49   114.13 125.07   107.86 118.81
2023-09-20   108.14 119.06   108.11 119.04   245.62 256.55   107.57 118.49   113.15 124.08   106.89 117.81
2023-09-21   107.17 118.07   107.14 118.04   244.65 255.56   106.60 117.50   112.18 123.08   105.92 116.82
2023-09-22   106.20 117.08   106.17 117.05   243.69 254.57   105.63 116.51   111.21 122.10   104.95 115.83
2023-09-23   105.24 116.09   105.21 116.07   242.72 253.58   104.67 115.52   110.25 121.11   103.99 114.84
2023-09-24   104.28 115.11   104.25 115.09   241.76 252.60   103.71 114.54   109.29 120.13   103.03 113.86
2023-09-25   103.32 114.13   103.29 114.11   240.81 251.62   102.75 113.56   108.33 119.15   102.07 112.88
2023-09-26   102.37 113.16   102.34 113.13   239.85 250.65   101.80 112.59   107.38 118.17   101.12 111.91
2023-09-27   101.42 112.19   101.39 112.16   238.90 249.67   100.85 111.62   106.43 117.20   100.17 110.93
2023-09-28   100.47 111.22   100.44 111.19   237.96 248.70    99.90 110.65   105.48 116.23    99.22 109.97
2023-09-29    99.53 110.25    99.50 110.23   237.01 247.74    98.96 109.68   104.54 115.27    98.28 109.00
2023-09-30    98.59 109.29    98.56 109.26   236.07 246.78    98.02 108.72   103.60 114.31    97.34 108.04
2023-10-01    97.65 108.33    97.62 108.31   235.14 245.82    97.08 107.76   102.66 113.35    96.40 107.08
2023-10-02    96.72 107.38    96.69 107.35   234.20 244.86    96.15 106.81   101.73 112.39    95.46 106.13
2023-10-03    95.78 106.43    95.76 106.40   233.27 243.91    95.21 105.86   100.80 111.44    94.53 105.17
2023-10-04    94.86 105.48    94.83 105.45   232.34 242.96    94.29 104.91    99.87 110.49    93.61 104.23
2023-10-05    93.93 104.53    93.90 104.51   231.42 242.02    93.36 103.96    98.95 109.55    92.68 103.28
2023-10-06    93.01 103.59    92.98 103.56   230.50 241.08    92.44 103.02    98.02 108.60    91.76 102.34
2023-10-07    92.09 102.65    92.06 102.62   229.58 240.14    91.52 102.08    97.10 107.66    90.84 101.40
2023-10-08    91.17 101.71    91.14 101.69   228.66 239.20    90.60 101.14    96.19 106.73    89.92 100.46
2023-10-09    90.26 100.78    90.23 100.75   227.74 238.27    89.69 100.21    95.27 105.79    89.00  99.53
2023-10-10    89.34  99.85    89.32  99.82   226.83 237.34    88.77  99.28    94.36 104.86    88.09  98.60
2023-10-11    88.43  98.92    88.41  98.89   225.92 236.41    87.86  98.35    93.45 103.94    87.18  97.67
2023-10-12    87.52  98.00    87.50  97.97   225.01 235.48    86.95  97.43    92.54 103.01    86.27  96.74
2023-10-13    86.62  97.07    86.59  97.05   224.11 234.56    86.05  96.50    91.63 102.09    85.37  95.82
2023-10-14    85.71  96.15    85.69  96.13   223.20 233.64    85.14  95.58    90.73 101.17    84.46  94.90
2023-10-15    84.81  95.23    84.79  95.21   222.30 232.72    84.24  94.66    89.83 100.25    83.56  93.98
2023-10-16    83.91  94.32    83.89  94.29   221.40 231.81    83.34  93.75    88.93  99.33    82.66  93.07
2023-10-17    83.01  93.40    82.99  93.38   220.50 230.89    82.44  92.83    88.03  98.42    81.76  92.15
2023-10-18    82.12  92.49    82.09  92.47   219.61 229.98    81.55  91.92    87.13  97.51    80.87  91.24
2023-10-19    81.22  91.58    81.20  91.56   218.71 229.07    80.65  91.01    86.24  96.60    79.97  90.33
2023-10-20    80.33  90.68    80.30  90.65   217.82 228.16    79.76  90.11    85.34  95.69    79.08  89.43
2023-10-21    79.44  89.77    79.41  89.74   216.92 227.26    78.87  89.20    84.45  94.79    78.19  88.52
2023-10-22    78.55  88.87    78.52  88.84   216.03 226.35    77.98  88.30    83.56  93.88    77.29  87.62
2023-10-23    77.66  87.97    77.63  87.94   215.14 225.45    77.09  87.40    82.67  92.98    76.40  86.71
2023-10-24    76.77  87.07    76.74  87.04   214.25 224.55    76.20  86.50    81.78  92.08    75.52  85.81
2023-10-25    75.88  86.17    75.85  86.14   213.37 223.65    75.31  85.60    80.89  91.18    74.63  84.92
2023-10-26    74.99  85.27    74.96  85.24   212.48 222.76    74.42  84.70    80.01  90.28    73.74  84.02
2023-10-27    74.10  84.37    74.08  84.35   211.59 221.86    73.53  83.80    79.12  89.39    72.85  83.12
2023-10-28    73.22  83.48    73.19  83.45   210.71 220.96    72.65  82.91    78.23  88.49    71.97  82.23
2023-10-29    72.33  82.58    72.31  82.56   209.82 220.07    71.76  82.01    77.35  87.60    71.08  81.33
2023-10-30    71.45  81.69    71.42  81.66   208.93 219.18    70.88  81.12    76.46  86.71    70.20  80.44
2023-10-31    70.56  80.80    70.54  80.77   208.05 218.29    69.99  80.23    75.58  85.81    69.31  79.55
2023-11-01    69.68  79.91    69.65  79.88   207.16 217.39    69.11  79.34    74.69  84.92    68.43  78.66
2023-11-02    68.79  79.02    68.77  78.99   206.28 216.50    68.22  78.45    73.81  84.03    67.54  77.77
2023-11-03    67.91  78.13    67.88  78.10   205.39 215.61    67.34  77.56    72.92  83.14    66.66  76.88
2023-11-04    67.02  77.24    67.00  77.21   204.51 214.72    66.45  76.67    72.04  82.25    65.77  75.99
2023-11-05    66.14  76.35    66.11  76.32   203.62 213.83    65.57  75.78    71.15  81.36    64.89  75.10
2023-11-06    65.25  75.46    65.22  75.43   202.74 212.94    64.68  74.89    70.27  80.47    64.00  74.21
2023-11-07    64.36  74.57    64.34  74.54   201.85 212.06    63.79  74.00    69.38  79.58    63.11  73.32
2023-11-08    63.48  73.68    63.45  73.65   200.96 211.17    62.91  73.11    68.49  78.69    62.23  72.43
2023-11-09    62.59  72.79    62.56  72.76   200.08 210.28    62.02  72.22    67.60  77.81    61.34  71.54
2023-11-10    61.70  71.90    61.67  71.87   199.19 209.39    61.13  71.33    66.72  76.92    60.45  70.65
2023-11-11    60.81  71.01    60.78  70.98   198.30 208.50    60.24  70.44    65.83  76.03    59.56  69.76
2023-11-12    59.92  70.12    59.89  70.09   197.41 207.61    59.35  69.55    64.94  75.14    58.67  68.87
2023-11-13    59.03  69.23    59.00  69.20   196.52 206.72    58.46  68.66    64.04  74.25    57.78  67.98
2023-11-14    58.13  68.34    58.11  68.31   195.62 205.83    57.56  67.77    63.15  73.35    56.88  67.09
2023-11-15    57.24  67.45    57.21  67.42   194.73 204.93    56.67  66.88    62.25  72.46    55.99  66.20
2023-11-16    56.39  66.50    56.37  66.48   193.88 203.99    55.82  65.93    61.41  71.52    55.14  65.25
2023-11-17    55.79  65.32    55.76  65.29   193.27 202.80    55.22  64.75    60.80  70.33    54.54  64.07
2023-11-18    55.18  64.13    55.15  64.10   192.67 201.62    54.61  63.56    60.19  69.14    53.93  62.88
2023-11-19    54.57  62.94    54.54  62.91   192.06 200.43    54.00  62.37    59.58  67.96    53.32  61.69
2023-11-20    53.96  61.75    53.93  61.72   191.44 199.24    53.39  61.18    58.97  66.77    52.71  60.50
2023-11-21    53.34  60.56    53.32  60.53   190.83 198.05    52.77  59.99    58.36  65.58    52.09  59.31
