
       Target
                ecliptic
RA      Dec     latitude
294.596  45.875  65.561

Checked interval [2020-01-01, 2023-12-31]
|           Window [days]                 |    Normal V3 PA [deg]    |
   Start           End         Duration         Start         End         RA            Dec     
 2020-04-22      2020-11-19       211.00     256.95129      54.55239     294.59563      45.87506 
 2021-04-22      2021-11-19       211.00     257.21977      54.79460     294.59563      45.87506 
 2022-04-22      2022-11-20       212.00     257.48528      54.09986     294.59563      45.87506 
 2023-04-22      2023-11-20       211.96     257.71648      54.32319     294.59563      45.87506 


                V3PA          NIRCam           NIRSpec         NIRISS           MIRI          FGS
   Date      min    max      min    max       min    max     min    max      min    max      min    max

2020-04-23   253.22 260.50   253.20 260.48    30.71  37.99   252.65 259.93   258.24 265.52   251.97 259.25
2020-04-24   252.09 259.86   252.07 259.84    29.58  37.35   251.52 259.29   257.11 264.88   250.84 258.61
2020-04-25   250.96 259.23   250.94 259.20    28.45  36.72   250.39 258.66   255.98 264.24   249.71 257.98
2020-04-26   249.83 258.60   249.81 258.57    27.32  36.08   249.26 258.03   254.85 263.61   248.58 257.34
2020-04-27   248.70 257.96   248.68 257.94    26.19  35.45   248.13 257.39   253.72 262.98   247.45 256.71
2020-04-28   247.58 257.33   247.55 257.31    25.06  34.82   247.01 256.76   252.59 262.35   246.33 256.08
2020-04-29   246.47 256.68   246.45 256.66    23.96  34.17   245.90 256.11   251.49 261.70   245.22 255.43
2020-04-30   245.60 255.80   245.57 255.78    23.08  33.29   245.03 255.23   250.61 260.82   244.35 254.55
2020-05-01   244.72 254.93   244.69 254.90    22.21  32.41   244.15 254.36   249.74 259.94   243.47 253.67
2020-05-02   243.85 254.05   243.82 254.02    21.33  31.54   243.28 253.48   248.86 259.06   242.60 252.80
2020-05-03   242.97 253.17   242.94 253.15    20.46  30.66   242.40 252.60   247.99 258.19   241.72 251.92
2020-05-04   242.10 252.30   242.07 252.27    19.58  29.78   241.53 251.73   247.11 257.31   240.85 251.05
2020-05-05   241.22 251.42   241.20 251.40    18.71  28.91   240.65 250.85   246.24 256.44   239.97 250.17
2020-05-06   240.35 250.55   240.32 250.52    17.84  28.04   239.78 249.98   245.36 255.56   239.10 249.30
2020-05-07   239.47 249.67   239.45 249.65    16.96  27.16   238.90 249.10   244.49 254.69   238.22 248.42
2020-05-08   238.60 248.80   238.57 248.78    16.09  26.29   238.03 248.23   243.61 253.82   237.35 247.55
2020-05-09   237.73 247.93   237.70 247.90    15.21  25.42   237.16 247.36   242.74 252.94   236.47 246.68
2020-05-10   236.85 247.06   236.82 247.03    14.34  24.54   236.28 246.49   241.87 252.07   235.60 245.81
2020-05-11   235.97 246.18   235.95 246.16    13.46  23.67   235.40 245.61   240.99 251.20   234.72 244.93
2020-05-12   235.10 245.31   235.07 245.28    12.59  22.80   234.53 244.74   240.11 250.33   233.85 244.06
2020-05-13   234.22 244.44   234.20 244.41    11.71  21.92   233.65 243.87   239.24 249.45   232.97 243.19
2020-05-14   233.34 243.56   233.32 243.54    10.83  21.05   232.77 242.99   238.36 248.58   232.09 242.31
2020-05-15   232.47 242.69   232.44 242.66     9.95  20.18   231.90 242.12   237.48 247.71   231.22 241.44
2020-05-16   231.59 241.82   231.56 241.79     9.07  19.30   231.02 241.25   236.60 246.83   230.34 240.57
2020-05-17   230.71 240.94   230.68 240.92     8.19  18.43   230.14 240.37   235.72 245.96   229.46 239.69
2020-05-18   229.83 240.07   229.80 240.04     7.31  17.55   229.26 239.50   234.84 245.08   228.58 238.82
2020-05-19   228.94 239.19   228.92 239.16     6.43  16.68   228.37 238.62   233.96 244.21   227.69 237.94
2020-05-20   228.06 238.31   228.03 238.29     5.55  15.80   227.49 237.74   233.08 243.33   226.81 237.06
2020-05-21   227.18 237.44   227.15 237.41     4.66  14.92   226.61 236.87   232.19 242.45   225.92 236.19
2020-05-22   226.29 236.56   226.26 236.53     3.78  14.05   225.72 235.99   231.30 241.57   225.04 235.31
2020-05-23   225.40 235.68   225.37 235.65     2.89  13.17   224.83 235.11   230.42 240.69   224.15 234.43
2020-05-24   224.51 234.80   224.49 234.77     2.00  12.29   223.94 234.23   229.53 239.81   223.26 233.55
2020-05-25   223.62 233.92   223.59 233.89     1.11  11.40   223.05 233.35   228.64 238.93   222.37 232.67
2020-05-26   222.73 233.03   222.70 233.01     0.21  10.52   222.16 232.46   227.74 238.05   221.48 231.78
2020-05-27   221.83 232.15   221.81 232.12   359.32   9.64   221.26 231.58   226.85 237.16   220.58 230.90
2020-05-28   220.94 231.26   220.91 231.24   358.42   8.75   220.37 230.69   225.95 236.28   219.69 230.01
2020-05-29   220.04 230.37   220.01 230.35   357.52   7.86   219.47 229.80   225.05 235.39   218.79 229.12
2020-05-30   219.14 229.48   219.11 229.46   356.62   6.97   218.57 228.91   224.15 234.50   217.89 228.23
2020-05-31   218.23 228.59   218.21 228.57   355.72   6.08   217.66 228.02   223.25 233.61   216.98 227.34
2020-06-01   217.33 227.70   217.30 227.67   354.82   5.19   216.76 227.13   222.34 232.71   216.08 226.45
2020-06-02   216.42 226.80   216.39 226.78   353.91   4.29   215.85 226.23   221.44 231.82   215.17 225.55
2020-06-03   215.51 225.91   215.48 225.88   353.00   3.39   214.94 225.34   220.53 230.92   214.26 224.66
2020-06-04   214.60 225.01   214.57 224.98   352.09   2.49   214.03 224.44   219.61 230.02   213.35 223.76
2020-06-05   213.68 224.11   213.66 224.08   351.17   1.59   213.11 223.54   218.70 229.12   212.43 222.86
2020-06-06   212.77 223.20   212.74 223.18   350.25   0.69   212.20 222.63   217.78 228.22   211.51 221.95
2020-06-07   211.84 222.30   211.82 222.27   349.33 359.78   211.27 221.73   216.86 227.31   210.59 221.05
2020-06-08   210.92 221.39   210.90 221.36   348.41 358.87   210.35 220.82   215.94 226.40   209.67 220.14
2020-06-09   210.00 220.48   209.97 220.45   347.48 357.96   209.43 219.91   215.01 225.49   208.75 219.23
2020-06-10   209.07 219.56   209.04 219.54   346.56 357.05   208.50 218.99   214.08 224.58   207.82 218.31
2020-06-11   208.14 218.65   208.11 218.62   345.62 356.13   207.57 218.08   213.15 223.66   206.89 217.40
2020-06-12   207.20 217.73   207.18 217.70   344.69 355.22   206.63 217.16   212.22 222.74   205.95 216.48
2020-06-13   206.26 216.81   206.24 216.78   343.75 354.29   205.69 216.24   211.28 221.82   205.01 215.56
2020-06-14   205.32 215.88   205.30 215.86   342.81 353.37   204.75 215.31   210.34 220.90   204.07 214.63
2020-06-15   204.38 214.95   204.35 214.93   341.87 352.44   203.81 214.38   209.40 219.97   203.13 213.70
2020-06-16   203.43 214.02   203.41 214.00   340.92 351.51   202.86 213.45   208.45 219.04   202.18 212.77
2020-06-17   202.48 213.09   202.46 213.06   339.97 350.58   201.91 212.52   207.50 218.11   201.23 211.84
2020-06-18   201.53 212.15   201.51 212.13   339.02 349.64   200.96 211.58   206.55 217.17   200.28 210.90
2020-06-19   200.58 211.22   200.55 211.19   338.06 348.70   200.01 210.65   205.59 216.23   199.33 209.96
2020-06-20   199.62 210.27   199.59 210.25   337.10 347.76   199.05 209.70   204.63 215.29   198.37 209.02
2020-06-21   198.65 209.33   198.63 209.30   336.14 346.82   198.08 208.76   203.67 214.34   197.40 208.08
2020-06-22   197.69 208.38   197.66 208.35   335.18 345.87   197.12 207.81   202.70 213.39   196.44 207.13
2020-06-23   196.72 207.43   196.69 207.40   334.21 344.91   196.15 206.86   201.74 212.44   195.47 206.18
2020-06-24   195.75 206.47   195.72 206.45   333.24 343.96   195.18 205.90   200.76 211.49   194.50 205.22
2020-06-25   194.77 205.51   194.75 205.49   332.26 343.00   194.20 204.94   199.79 210.53   193.52 204.26
2020-06-26   193.79 204.55   193.77 204.53   331.28 342.04   193.22 203.98   198.81 209.57   192.54 203.30
2020-06-27   192.81 203.59   192.78 203.56   330.30 341.07   192.24 203.02   197.83 208.60   191.56 202.34
2020-06-28   191.83 202.62   191.80 202.59   329.31 340.11   191.26 202.05   196.84 207.63   190.57 201.37
2020-06-29   190.84 201.65   190.81 201.62   328.32 339.13   190.27 201.08   195.85 206.66   189.59 200.40
2020-06-30   189.85 200.67   189.82 200.65   327.33 338.16   189.28 200.10   194.86 205.69   188.59 199.42
2020-07-01   188.85 199.69   188.82 199.67   326.34 337.18   188.28 199.12   193.87 204.71   187.60 198.44
2020-07-02   187.85 198.71   187.82 198.69   325.34 336.20   187.28 198.14   192.87 203.73   186.60 197.46
2020-07-03   186.85 197.73   186.82 197.70   324.34 335.21   186.28 197.16   191.87 202.74   185.60 196.48
2020-07-04   185.85 196.74   185.82 196.71   323.33 334.23   185.28 196.17   190.86 201.75   184.59 195.49
2020-07-05   184.84 195.75   184.81 195.72   322.32 333.23   184.27 195.18   189.85 200.76   183.59 194.50
2020-07-06   183.83 194.75   183.80 194.73   321.31 332.24   183.26 194.18   188.84 199.77   182.58 193.50
2020-07-07   182.81 193.75   182.79 193.73   320.30 331.24   182.24 193.18   187.83 198.77   181.56 192.50
2020-07-08   181.80 192.75   181.77 192.73   319.28 330.24   181.23 192.18   186.81 197.77   180.54 191.50
2020-07-09   180.78 191.75   180.75 191.72   318.26 329.24   180.21 191.18   185.79 196.76   179.52 190.50
2020-07-10   179.75 190.74   179.73 190.71   317.24 328.23   179.18 190.17   184.77 195.76   178.50 189.49
2020-07-11   178.73 189.73   178.70 189.70   316.21 327.22   178.16 189.16   183.74 194.75   177.48 188.48
2020-07-12   177.70 188.72   177.67 188.69   315.19 326.20   177.13 188.15   182.71 193.73   176.45 187.47
2020-07-13   176.67 187.70   176.64 187.67   314.16 325.19   176.10 187.13   181.68 192.71   175.42 186.45
2020-07-14   175.64 186.68   175.61 186.65   313.12 324.17   175.07 186.11   180.65 191.70   174.38 185.43
2020-07-15   174.60 185.66   174.57 185.63   312.09 323.14   174.03 185.09   179.61 190.67   173.35 184.41
2020-07-16   173.56 184.63   173.54 184.61   311.05 322.12   172.99 184.06   178.58 189.65   172.31 183.38
2020-07-17   172.52 183.60   172.49 183.58   310.01 321.09   171.95 183.03   177.54 188.62   171.27 182.35
2020-07-18   171.48 182.57   171.45 182.55   308.97 320.06   170.91 182.00   176.49 187.59   170.23 181.32
2020-07-19   170.43 181.54   170.41 181.51   307.92 319.03   169.86 180.97   175.45 186.56   169.18 180.29
2020-07-20   169.39 180.50   169.36 180.48   306.88 317.99   168.82 179.93   174.40 185.52   168.14 179.25
2020-07-21   168.34 179.47   168.31 179.44   305.83 316.95   167.77 178.90   173.35 184.48   167.09 178.22
2020-07-22   167.29 178.43   167.26 178.40   304.78 315.91   166.72 177.86   172.30 183.44   166.04 177.18
2020-07-23   166.24 177.38   166.21 177.36   303.73 314.87   165.67 176.81   171.25 182.40   164.99 176.13
2020-07-24   165.18 176.34   165.16 176.31   302.67 313.83   164.61 175.77   170.20 181.36   163.93 175.09
2020-07-25   164.13 175.29   164.10 175.27   301.62 312.78   163.56 174.72   169.15 180.31   162.88 174.04
2020-07-26   163.07 174.25   163.05 174.22   300.56 311.73   162.50 173.68   168.09 179.26   161.82 172.99
2020-07-27   162.02 173.20   161.99 173.17   299.51 310.68   161.45 172.63   167.03 178.21   160.77 171.94
2020-07-28   160.96 172.14   160.93 172.12   298.45 309.63   160.39 171.57   165.98 177.16   159.71 170.89
2020-07-29   159.90 171.09   159.88 171.06   297.39 308.58   159.33 170.52   164.92 176.11   158.65 169.84
2020-07-30   158.84 170.04   158.82 170.01   296.33 307.52   158.27 169.47   163.86 175.05   157.59 168.79
2020-07-31   157.78 168.98   157.76 168.95   295.27 306.47   157.21 168.41   162.80 174.00   156.53 167.73
2020-08-01   156.72 167.92   156.70 167.90   294.21 305.41   156.15 167.35   161.74 172.94   155.47 166.67
2020-08-02   155.66 166.87   155.63 166.84   293.15 304.35   155.09 166.30   160.68 171.88   154.41 165.62
2020-08-03   154.60 165.81   154.57 165.78   292.09 303.30   154.03 165.24   159.62 170.82   153.35 164.56
2020-08-04   153.54 164.75   153.51 164.72   291.03 302.24   152.97 164.18   158.55 169.76   152.29 163.50
2020-08-05   152.48 163.69   152.45 163.66   289.97 301.18   151.91 163.12   157.49 168.70   151.23 162.44
2020-08-06   151.42 162.63   151.39 162.60   288.90 300.12   150.85 162.06   156.43 167.64   150.17 161.38
2020-08-07   150.36 161.57   150.33 161.54   287.84 299.06   149.79 161.00   155.37 166.58   149.11 160.32
2020-08-08   149.30 160.51   149.27 160.48   286.78 297.99   148.73 159.94   154.31 165.52   148.05 159.26
2020-08-09   148.24 159.45   148.21 159.42   285.72 296.93   147.67 158.88   153.25 164.46   146.99 158.19
2020-08-10   147.18 158.38   147.15 158.36   284.67 295.87   146.61 157.81   152.19 163.40   145.93 157.13
2020-08-11   146.12 157.32   146.09 157.30   283.61 294.81   145.55 156.75   151.13 162.34   144.87 156.07
2020-08-12   145.06 156.26   145.04 156.24   282.55 293.75   144.49 155.69   150.08 161.28   143.81 155.01
2020-08-13   144.01 155.20   143.98 155.18   281.49 292.69   143.44 154.63   149.02 160.22   142.76 153.95
2020-08-14   142.95 154.14   142.92 154.12   280.44 291.63   142.38 153.57   147.97 159.16   141.70 152.89
2020-08-15   141.90 153.08   141.87 153.06   279.38 290.57   141.33 152.51   146.91 158.10   140.65 151.83
2020-08-16   140.84 152.02   140.82 152.00   278.33 289.51   140.27 151.45   145.86 157.04   139.59 150.77
2020-08-17   139.79 150.97   139.77 150.94   277.28 288.45   139.22 150.40   144.81 155.98   138.54 149.72
2020-08-18   138.74 149.91   138.72 149.88   276.23 287.40   138.17 149.34   143.76 154.92   137.49 148.66
2020-08-19   137.70 148.85   137.67 148.83   275.18 286.34   137.13 148.28   142.71 153.87   136.45 147.60
2020-08-20   136.65 147.80   136.62 147.77   274.14 285.29   136.08 147.23   141.67 152.81   135.40 146.55
2020-08-21   135.61 146.75   135.58 146.72   273.09 284.23   135.04 146.18   140.62 151.76   134.35 145.50
2020-08-22   134.56 145.69   134.54 145.67   272.05 283.18   133.99 145.12   139.58 150.71   133.31 144.44
2020-08-23   133.52 144.64   133.50 144.62   271.01 282.13   132.95 144.07   138.54 149.66   132.27 143.39
2020-08-24   132.49 143.60   132.46 143.57   269.97 281.08   131.92 143.03   137.50 148.61   131.23 142.34
2020-08-25   131.45 142.55   131.42 142.52   268.94 280.04   130.88 141.98   136.46 147.56   130.20 141.30
2020-08-26   130.42 141.50   130.39 141.48   267.90 278.99   129.85 140.93   135.43 146.52   129.16 140.25
2020-08-27   129.38 140.46   129.36 140.43   266.87 277.95   128.81 139.89   134.40 145.47   128.13 139.21
2020-08-28   128.35 139.42   128.33 139.39   265.84 276.91   127.78 138.85   133.37 144.43   127.10 138.17
2020-08-29   127.33 138.38   127.30 138.35   264.82 275.87   126.76 137.81   132.34 143.39   126.08 137.13
2020-08-30   126.30 137.34   126.28 137.31   263.79 274.83   125.73 136.77   131.32 142.36   125.05 136.09
2020-08-31   125.28 136.31   125.26 136.28   262.77 273.79   124.71 135.74   130.30 141.32   124.03 135.05
2020-09-01   124.26 135.27   124.24 135.25   261.75 272.76   123.69 134.70   129.28 140.29   123.01 134.02
2020-09-02   123.25 134.24   123.22 134.22   260.74 271.73   122.68 133.67   128.26 139.26   122.00 132.99
2020-09-03   122.23 133.21   122.21 133.19   259.72 270.70   121.66 132.64   127.25 138.23   120.98 131.96
2020-09-04   121.22 132.19   121.20 132.16   258.71 269.68   120.65 131.62   126.24 137.20   119.97 130.94
2020-09-05   120.22 131.16   120.19 131.14   257.70 268.65   119.65 130.59   125.23 136.18   118.97 129.91
2020-09-06   119.21 130.14   119.18 130.12   256.70 267.63   118.64 129.57   124.23 135.16   117.96 128.89
2020-09-07   118.21 129.13   118.18 129.10   255.70 266.61   117.64 128.56   123.22 134.14   116.96 127.88
2020-09-08   117.21 128.11   117.18 128.08   254.70 265.60   116.64 127.54   122.22 133.13   115.96 126.86
2020-09-09   116.21 127.10   116.19 127.07   253.70 264.59   115.64 126.53   121.23 132.11   114.96 125.85
2020-09-10   115.22 126.09   115.19 126.06   252.71 263.57   114.65 125.52   120.23 131.10   113.97 124.84
2020-09-11   114.23 125.08   114.20 125.05   251.72 262.57   113.66 124.51   119.24 130.10   112.98 123.83
2020-09-12   113.24 124.08   113.21 124.05   250.73 261.56   112.67 123.51   118.26 129.09   111.99 122.82
2020-09-13   112.26 123.07   112.23 123.05   249.74 260.56   111.69 122.50   117.27 128.09   111.00 121.82
2020-09-14   111.27 122.07   111.25 122.05   248.76 259.56   110.70 121.50   116.29 127.09   110.02 120.82
2020-09-15   110.29 121.08   110.27 121.05   247.78 258.57   109.72 120.51   115.31 126.09   109.04 119.83
2020-09-16   109.32 120.08   109.29 120.06   246.81 257.57   108.75 119.51   114.33 125.10   108.07 118.83
2020-09-17   108.34 119.09   108.32 119.07   245.83 256.58   107.77 118.52   113.36 124.11   107.09 117.84
2020-09-18   107.37 118.11   107.35 118.08   244.86 255.59   106.80 117.54   112.39 123.12   106.12 116.86
2020-09-19   106.41 117.12   106.38 117.09   243.89 254.61   105.84 116.55   111.42 122.14   105.15 115.87
2020-09-20   105.44 116.14   105.41 116.11   242.93 253.63   104.87 115.57   110.46 121.15   104.19 114.89
2020-09-21   104.48 115.16   104.45 115.13   241.97 252.65   103.91 114.59   109.49 120.18   103.23 113.91
2020-09-22   103.52 114.18   103.49 114.16   241.01 251.67   102.95 113.61   108.53 119.20   102.27 112.93
2020-09-23   102.56 113.21   102.54 113.18   240.05 250.70   101.99 112.64   107.58 118.22   101.31 111.96
2020-09-24   101.61 112.24   101.58 112.21   239.10 249.73   101.04 111.67   106.62 117.25   100.36 110.99
2020-09-25   100.66 111.27   100.63 111.24   238.14 248.76   100.09 110.70   105.67 116.29    99.41 110.02
2020-09-26    99.71 110.30    99.68 110.28   237.19 247.79    99.14 109.73   104.72 115.32    98.46 109.05
2020-09-27    98.76 109.34    98.73 109.32   236.25 246.83    98.19 108.77   103.78 114.36    97.51 108.09
2020-09-28    97.82 108.38    97.79 108.36   235.30 245.87    97.25 107.81   102.83 113.40    96.57 107.13
2020-09-29    96.88 107.42    96.85 107.40   234.36 244.91    96.31 106.85   101.89 112.44    95.62 106.17
2020-09-30    95.94 106.47    95.91 106.44   233.42 243.96    95.37 105.90   100.95 111.48    94.69 105.22
2020-10-01    95.00 105.52    94.97 105.49   232.49 243.00    94.43 104.95   100.01 110.53    93.75 104.27
2020-10-02    94.06 104.57    94.04 104.54   231.55 242.05    93.49 104.00    99.08 109.58    92.81 103.32
2020-10-03    93.13 103.62    93.11 103.59   230.62 241.11    92.56 103.05    98.15 108.63    91.88 102.37
2020-10-04    92.20 102.67    92.18 102.65   229.69 240.16    91.63 102.10    97.22 107.69    90.95 101.42
2020-10-05    91.27 101.73    91.25 101.70   228.76 239.22    90.70 101.16    96.29 106.75    90.02 100.48
2020-10-06    90.35 100.79    90.32 100.76   227.83 238.28    89.78 100.22    95.36 105.81    89.10  99.54
2020-10-07    89.42  99.85    89.40  99.82   226.91 237.34    88.85  99.28    94.44 104.87    88.17  98.60
2020-10-08    88.50  98.92    88.47  98.89   225.99 236.40    87.93  98.35    93.52 103.93    87.25  97.66
2020-10-09    87.58  97.98    87.55  97.95   225.07 235.47    87.01  97.41    92.59 103.00    86.33  96.73
2020-10-10    86.66  97.05    86.63  97.02   224.15 234.54    86.09  96.48    91.68 102.06    85.41  95.80
2020-10-11    85.74  96.12    85.72  96.09   223.23 233.61    85.17  95.55    90.76 101.13    84.49  94.87
2020-10-12    84.83  95.19    84.80  95.16   222.31 232.68    84.26  94.62    89.84 100.21    83.58  93.94
2020-10-13    83.91  94.26    83.89  94.24   221.40 231.75    83.34  93.69    88.93  99.28    82.66  93.01
2020-10-14    83.00  93.34    82.97  93.31   220.49 230.83    82.43  92.77    88.01  98.35    81.75  92.09
2020-10-15    82.09  92.42    82.06  92.39   219.57 229.90    81.52  91.85    87.10  97.43    80.84  91.17
2020-10-16    81.18  91.49    81.15  91.47   218.66 228.98    80.61  90.92    86.19  96.51    79.93  90.24
2020-10-17    80.27  90.57    80.24  90.55   217.75 228.06    79.70  90.00    85.28  95.59    79.02  89.32
2020-10-18    79.36  89.66    79.33  89.63   216.85 227.14    78.79  89.09    84.37  94.67    78.11  88.41
2020-10-19    78.45  88.74    78.42  88.71   215.94 226.23    77.88  88.17    83.47  93.75    77.20  87.49
2020-10-20    77.54  87.82    77.52  87.80   215.03 225.31    76.97  87.25    82.56  92.84    76.29  86.57
2020-10-21    76.64  86.91    76.61  86.88   214.13 224.40    76.07  86.34    81.65  91.92    75.39  85.66
2020-10-22    75.73  86.00    75.71  85.97   213.22 223.48    75.16  85.43    80.75  91.01    74.48  84.74
2020-10-23    74.83  85.08    74.80  85.06   212.31 222.57    74.26  84.51    79.84  90.10    73.58  83.83
2020-10-24    73.92  84.17    73.90  84.14   211.41 221.66    73.35  83.60    78.94  89.19    72.67  82.92
2020-10-25    73.02  83.26    72.99  83.23   210.51 220.75    72.45  82.69    78.03  88.28    71.77  82.01
2020-10-26    72.12  82.35    72.09  82.32   209.60 219.84    71.55  81.78    77.13  87.37    70.86  81.10
2020-10-27    71.21  81.44    71.19  81.41   208.70 218.93    70.64  80.87    76.23  86.46    69.96  80.19
2020-10-28    70.31  80.53    70.28  80.51   207.80 218.02    69.74  79.96    75.32  85.55    69.06  79.28
2020-10-29    69.41  79.62    69.38  79.60   206.89 217.11    68.84  79.05    74.42  84.64    68.15  78.37
2020-10-30    68.50  78.72    68.48  78.69   205.99 216.20    67.93  78.15    73.52  83.73    67.25  77.47
2020-10-31    67.60  77.81    67.57  77.78   205.09 215.30    67.03  77.24    72.61  82.82    66.35  76.56
2020-11-01    66.69  76.90    66.67  76.88   204.18 214.39    66.12  76.33    71.71  81.92    65.44  75.65
2020-11-02    65.79  76.00    65.76  75.97   203.28 213.48    65.22  75.43    70.80  81.01    64.54  74.74
2020-11-03    64.88  75.09    64.86  75.06   202.37 212.58    64.31  74.52    69.90  80.10    63.63  73.84
2020-11-04    63.98  74.18    63.95  74.15   201.47 211.67    63.41  73.61    68.99  79.20    62.73  72.93
2020-11-05    63.07  73.27    63.05  73.25   200.56 210.76    62.50  72.70    68.09  78.29    61.82  72.02
2020-11-06    62.17  72.37    62.14  72.34   199.65 209.85    61.60  71.80    67.18  77.38    60.92  71.12
2020-11-07    61.26  71.46    61.23  71.43   198.75 208.95    60.69  70.89    66.27  76.47    60.01  70.21
2020-11-08    60.35  70.55    60.32  70.52   197.84 208.04    59.78  69.98    65.37  75.57    59.10  69.30
2020-11-09    59.44  69.64    59.41  69.62   196.93 207.13    58.87  69.07    64.46  74.66    58.19  68.39
2020-11-10    58.53  68.73    58.50  68.71   196.02 206.22    57.96  68.16    63.54  73.75    57.28  67.48
2020-11-11    57.62  67.82    57.59  67.80   195.10 205.31    57.05  67.25    62.63  72.84    56.37  66.57
2020-11-12    56.70  66.91    56.68  66.88   194.19 204.40    56.13  66.34    61.72  71.93    55.45  65.66
2020-11-13    55.85  65.94    55.82  65.92   193.33 203.43    55.28  65.37    60.86  70.96    54.60  64.69
2020-11-14    55.19  64.77    55.16  64.75   192.68 202.26    54.62  64.20    60.20  69.79    53.94  63.52
2020-11-15    54.53  63.60    54.50  63.57   192.02 201.09    53.96  63.03    59.54  68.61    53.28  62.35
2020-11-16    53.87  62.43    53.84  62.40   191.35 199.91    53.30  61.86    58.88  67.44    52.61  61.18
2020-11-17    53.20  61.25    53.18  61.23   190.69 198.74    52.63  60.68    58.22  66.27    51.95  60.00
2020-11-18    52.54  60.08    52.51  60.05   190.02 197.57    51.97  59.51    57.55  65.09    51.28  58.83
2020-11-19    51.87  58.90    51.84  58.88   189.35 196.39    51.30  58.33    56.88  63.92    50.62  57.65

2021-04-23   253.57 260.70   253.54 260.67    31.05  38.18   253.00 260.13   258.58 265.71   252.32 259.45
2021-04-24   252.43 260.06   252.41 260.03    29.92  37.55   251.86 259.49   257.45 265.07   251.18 258.81
2021-04-25   251.30 259.42   251.28 259.40    28.79  36.91   250.73 258.85   256.32 264.44   250.05 258.17
2021-04-26   250.17 258.79   250.15 258.76    27.66  36.28   249.60 258.22   255.19 263.80   248.92 257.54
2021-04-27   249.04 258.16   249.02 258.13    26.53  35.64   248.47 257.59   254.06 263.17   247.79 256.91
2021-04-28   247.91 257.53   247.89 257.50    25.40  35.01   247.34 256.96   252.93 262.54   246.66 256.27
2021-04-29   246.78 256.90   246.76 256.87    24.27  34.38   246.21 256.33   251.80 261.91   245.53 255.65
2021-04-30   245.86 256.07   245.83 256.04    23.35  33.55   245.29 255.50   250.87 261.08   244.61 254.82
2021-05-01   244.98 255.19   244.96 255.16    22.47  32.68   244.41 254.62   250.00 260.20   243.73 253.94
2021-05-02   244.11 254.31   244.08 254.28    21.59  31.80   243.54 253.74   249.12 259.33   242.86 253.06
2021-05-03   243.23 253.43   243.21 253.41    20.72  30.92   242.66 252.86   248.25 258.45   241.98 252.18
2021-05-04   242.36 252.56   242.33 252.53    19.84  30.04   241.79 251.99   247.37 257.57   241.11 251.31
2021-05-05   241.48 251.68   241.46 251.66    18.97  29.17   240.91 251.11   246.50 256.70   240.23 250.43
2021-05-06   240.61 250.81   240.58 250.78    18.09  28.29   240.04 250.24   245.62 255.82   239.36 249.56
2021-05-07   239.73 249.93   239.71 249.91    17.22  27.42   239.16 249.36   244.75 254.95   238.48 248.68
2021-05-08   238.86 249.06   238.83 249.03    16.34  26.55   238.29 248.49   243.87 254.07   237.61 247.81
2021-05-09   237.98 248.18   237.95 248.16    15.47  25.67   237.41 247.61   243.00 253.20   236.73 246.93
2021-05-10   237.11 247.31   237.08 247.28    14.59  24.80   236.54 246.74   242.12 252.33   235.85 246.06
2021-05-11   236.23 246.44   236.20 246.41    13.72  23.92   235.66 245.87   241.24 251.45   234.98 245.19
2021-05-12   235.35 245.56   235.33 245.54    12.84  23.05   234.78 244.99   240.37 250.58   234.10 244.31
2021-05-13   234.48 244.69   234.45 244.66    11.96  22.18   233.91 244.12   239.49 249.70   233.22 243.44
2021-05-14   233.60 243.82   233.57 243.79    11.08  21.30   233.03 243.25   238.61 248.83   232.35 242.56
2021-05-15   232.72 242.94   232.69 242.91    10.21  20.43   232.15 242.37   237.73 247.96   231.47 241.69
2021-05-16   231.84 242.07   231.81 242.04     9.33  19.55   231.27 241.50   236.85 247.08   230.59 240.82
2021-05-17   230.96 241.19   230.93 241.16     8.44  18.68   230.39 240.62   235.97 246.21   229.71 239.94
2021-05-18   230.08 240.31   230.05 240.29     7.56  17.80   229.51 239.74   235.09 245.33   228.82 239.06
2021-05-19   229.19 239.44   229.17 239.41     6.68  16.93   228.62 238.87   234.21 244.45   227.94 238.19
2021-05-20   228.31 238.56   228.28 238.53     5.80  16.05   227.74 237.99   233.32 243.58   227.06 237.31
2021-05-21   227.42 237.68   227.40 237.66     4.91  15.17   226.85 237.11   232.44 242.70   226.17 236.43
2021-05-22   226.53 236.80   226.51 236.78     4.02  14.29   225.96 236.23   231.55 241.82   225.28 235.55
2021-05-23   225.65 235.92   225.62 235.90     3.13  13.41   225.08 235.35   230.66 240.94   224.40 234.67
2021-05-24   224.76 235.04   224.73 235.01     2.24  12.53   224.19 234.47   229.77 240.06   223.50 233.79
2021-05-25   223.86 234.16   223.84 234.13     1.35  11.64   223.29 233.59   228.88 239.17   222.61 232.91
2021-05-26   222.97 233.27   222.94 233.25     0.46  10.76   222.40 232.70   227.98 238.29   221.72 232.02
2021-05-27   222.07 232.39   222.05 232.36   359.56   9.87   221.50 231.82   227.09 237.40   220.82 231.14
2021-05-28   221.18 231.50   221.15 231.47   358.66   8.99   220.61 230.93   226.19 236.52   219.93 230.25
2021-05-29   220.28 230.61   220.25 230.58   357.76   8.10   219.71 230.04   225.29 235.63   219.03 229.36
2021-05-30   219.37 229.72   219.35 229.69   356.86   7.21   218.80 229.15   224.39 234.74   218.12 228.47
2021-05-31   218.47 228.83   218.44 228.80   355.96   6.32   217.90 228.26   223.49 233.84   217.22 227.58
2021-06-01   217.56 227.93   217.54 227.91   355.05   5.42   216.99 227.36   222.58 232.95   216.31 226.68
2021-06-02   216.66 227.04   216.63 227.01   354.14   4.52   216.09 226.47   221.67 232.05   215.41 225.79
2021-06-03   215.75 226.14   215.72 226.11   353.23   3.63   215.18 225.57   220.76 231.15   214.49 224.89
2021-06-04   214.83 225.24   214.81 225.21   352.32   2.73   214.26 224.67   219.85 230.25   213.58 223.99
2021-06-05   213.92 224.34   213.89 224.31   351.40   1.82   213.35 223.77   218.93 229.35   212.67 223.09
2021-06-06   213.00 223.43   212.97 223.41   350.48   0.92   212.43 222.86   218.01 228.45   211.75 222.18
2021-06-07   212.08 222.52   212.05 222.50   349.56   0.01   211.51 221.95   217.09 227.54   210.83 221.27
2021-06-08   211.15 221.62   211.13 221.59   348.64 359.10   210.58 221.05   216.17 226.63   209.90 220.36
2021-06-09   210.23 220.70   210.20 220.68   347.71 358.19   209.66 220.13   215.24 225.72   208.98 219.45
2021-06-10   209.30 219.79   209.27 219.76   346.78 357.28   208.73 219.22   214.31 224.80   208.05 218.54
2021-06-11   208.36 218.87   208.34 218.85   345.85 356.36   207.79 218.30   213.38 223.89   207.11 217.62
2021-06-12   207.43 217.95   207.40 217.93   344.92 355.44   206.86 217.38   212.44 222.97   206.18 216.70
2021-06-13   206.49 217.03   206.46 217.00   343.98 354.52   205.92 216.46   211.51 222.04   205.24 215.78
2021-06-14   205.55 216.10   205.52 216.08   343.04 353.59   204.98 215.53   210.56 221.12   204.30 214.85
2021-06-15   204.61 215.18   204.58 215.15   342.09 352.66   204.04 214.61   209.62 220.19   203.35 213.93
2021-06-16   203.66 214.24   203.63 214.22   341.15 351.73   203.09 213.67   208.67 219.26   202.41 212.99
2021-06-17   202.71 213.31   202.68 213.28   340.20 350.80   202.14 212.74   207.72 218.33   201.46 212.06
2021-06-18   201.75 212.37   201.73 212.35   339.24 349.86   201.18 211.80   206.77 217.39   200.50 211.12
2021-06-19   200.80 211.43   200.77 211.41   338.28 348.92   200.23 210.86   205.81 216.45   199.55 210.18
2021-06-20   199.84 210.49   199.81 210.46   337.32 347.98   199.27 209.92   204.85 215.51   198.59 209.24
2021-06-21   198.87 209.54   198.85 209.52   336.36 347.03   198.30 208.97   203.89 214.56   197.62 208.29
2021-06-22   197.91 208.60   197.88 208.57   335.39 346.08   197.34 208.03   202.92 213.61   196.66 207.34
2021-06-23   196.94 207.64   196.91 207.62   334.43 345.13   196.37 207.07   201.95 212.66   195.69 206.39
2021-06-24   195.96 206.69   195.94 206.66   333.45 344.17   195.39 206.12   200.98 211.70   194.71 205.44
2021-06-25   194.99 205.73   194.96 205.70   332.48 343.21   194.42 205.16   200.00 210.74   193.74 204.48
2021-06-26   194.01 204.77   193.98 204.74   331.50 342.25   193.44 204.20   199.02 209.78   192.76 203.51
2021-06-27   193.03 203.80   193.00 203.77   330.51 341.29   192.46 203.23   198.04 208.81   191.78 202.55
2021-06-28   192.04 202.83   192.01 202.80   329.53 340.32   191.47 202.26   197.06 207.85   190.79 201.58
2021-06-29   191.05 201.86   191.02 201.83   328.54 339.35   190.48 201.29   196.07 206.87   189.80 200.61
2021-06-30   190.06 200.88   190.03 200.86   327.55 338.37   189.49 200.31   195.07 205.90   188.81 199.63
2021-07-01   189.06 199.90   189.04 199.88   326.55 337.39   188.49 199.33   194.08 204.92   187.81 198.65
2021-07-02   188.06 198.92   188.04 198.90   325.55 336.41   187.49 198.35   193.08 203.94   186.81 197.67
2021-07-03   187.06 197.94   187.03 197.91   324.55 335.42   186.49 197.37   192.08 202.95   185.81 196.69
2021-07-04   186.06 196.95   186.03 196.92   323.54 334.44   185.49 196.38   191.07 201.96   184.81 195.70
2021-07-05   185.05 195.96   185.02 195.93   322.54 333.44   184.48 195.39   190.06 200.97   183.80 194.71
2021-07-06   184.04 194.96   184.01 194.93   321.52 332.45   183.47 194.39   189.05 199.98   182.79 193.71
2021-07-07   183.02 193.96   183.00 193.94   320.51 331.45   182.45 193.39   188.04 198.98   181.77 192.71
2021-07-08   182.01 192.96   181.98 192.93   319.49 330.45   181.44 192.39   187.02 197.98   180.75 191.71
2021-07-09   180.99 191.96   180.96 191.93   318.47 329.44   180.42 191.39   186.00 196.97   179.74 190.71
2021-07-10   179.96 190.95   179.94 190.92   317.45 328.44   179.39 190.38   184.98 195.96   178.71 189.70
2021-07-11   178.94 189.94   178.91 189.91   316.43 327.43   178.37 189.37   183.95 194.95   177.69 188.69
2021-07-12   177.91 188.92   177.88 188.90   315.40 326.41   177.34 188.35   182.93 193.94   176.66 187.67
2021-07-13   176.88 187.91   176.85 187.88   314.37 325.40   176.31 187.34   181.89 192.92   175.63 186.66
2021-07-14   175.85 186.89   175.82 186.86   313.33 324.38   175.28 186.32   180.86 191.90   174.60 185.64
2021-07-15   174.81 185.87   174.78 185.84   312.30 323.35   174.24 185.30   179.83 190.88   173.56 184.62
2021-07-16   173.77 184.84   173.75 184.82   311.26 322.33   173.20 184.27   178.79 189.86   172.52 183.59
2021-07-17   172.73 183.81   172.71 183.79   310.22 321.30   172.16 183.24   177.75 188.83   171.48 182.56
2021-07-18   171.69 182.78   171.67 182.76   309.18 320.27   171.12 182.21   176.71 187.80   170.44 181.53
2021-07-19   170.65 181.75   170.62 181.73   308.14 319.24   170.08 181.18   175.66 186.77   169.40 180.50
2021-07-20   169.60 180.72   169.58 180.69   307.09 318.21   169.03 180.15   174.62 185.73   168.35 179.47
2021-07-21   168.56 179.68   168.53 179.65   306.04 317.17   167.99 179.11   173.57 184.70   167.30 178.43
2021-07-22   167.51 178.64   167.48 178.62   304.99 316.13   166.94 178.07   172.52 183.66   166.26 177.39
2021-07-23   166.46 177.60   166.43 177.57   303.94 315.09   165.89 177.03   171.47 182.62   165.21 176.35
2021-07-24   165.40 176.56   165.38 176.53   302.89 314.04   164.83 175.99   170.42 181.57   164.15 175.31
2021-07-25   164.35 175.51   164.32 175.49   301.84 313.00   163.78 174.94   169.37 180.53   163.10 174.26
2021-07-26   163.30 174.47   163.27 174.44   300.78 311.95   162.73 173.90   168.31 179.48   162.05 173.21
2021-07-27   162.24 173.42   162.21 173.39   299.73 310.90   161.67 172.85   167.26 178.43   160.99 172.17
2021-07-28   161.18 172.37   161.16 172.34   298.67 309.85   160.61 171.80   166.20 177.38   159.93 171.12
2021-07-29   160.13 171.32   160.10 171.29   297.62 308.80   159.56 170.75   165.14 176.33   158.88 170.06
2021-07-30   159.07 170.26   159.04 170.24   296.56 307.75   158.50 169.69   164.08 175.28   157.82 169.01
2021-07-31   158.01 169.21   157.98 169.18   295.50 306.70   157.44 168.64   163.03 174.22   156.76 167.96
2021-08-01   156.95 168.15   156.93 168.13   294.44 305.64   156.38 167.58   161.97 173.17   155.70 166.90
2021-08-02   155.89 167.10   155.87 167.07   293.38 304.58   155.32 166.53   160.91 172.11   154.64 165.85
2021-08-03   154.83 166.04   154.81 166.01   292.32 303.53   154.26 165.47   159.85 171.06   153.58 164.79
2021-08-04   153.77 164.98   153.75 164.96   291.26 302.47   153.20 164.41   158.79 170.00   152.52 163.73
2021-08-05   152.71 163.92   152.69 163.90   290.20 301.41   152.14 163.35   157.73 168.94   151.46 162.67
2021-08-06   151.66 162.87   151.63 162.84   289.14 300.35   151.09 162.30   156.67 167.88   150.40 161.62
2021-08-07   150.60 161.81   150.57 161.78   288.08 299.29   150.03 161.24   155.61 166.82   149.35 160.56
2021-08-08   149.54 160.75   149.51 160.72   287.03 298.24   148.97 160.18   154.55 165.76   148.29 159.50
2021-08-09   148.48 159.69   148.45 159.66   285.97 297.18   147.91 159.12   153.50 164.70   147.23 158.44
2021-08-10   147.42 158.63   147.40 158.60   284.91 296.12   146.85 158.06   152.44 163.64   146.17 157.38
2021-08-11   146.37 157.57   146.34 157.54   283.85 295.06   145.80 157.00   151.38 162.58   145.12 156.32
2021-08-12   145.31 156.51   145.28 156.48   282.80 294.00   144.74 155.94   150.33 161.53   144.06 155.26
2021-08-13   144.26 155.45   144.23 155.43   281.74 292.94   143.69 154.88   149.27 160.47   143.01 154.20
2021-08-14   143.20 154.39   143.18 154.37   280.69 291.88   142.63 153.82   148.22 159.41   141.95 153.14
2021-08-15   142.15 153.34   142.12 153.31   279.64 290.82   141.58 152.77   147.17 158.35   140.90 152.09
2021-08-16   141.10 152.28   141.07 152.25   278.59 289.77   140.53 151.71   146.11 157.29   139.85 151.03
2021-08-17   140.05 151.22   140.02 151.20   277.54 288.71   139.48 150.65   145.07 156.24   138.80 149.97
2021-08-18   139.00 150.17   138.98 150.14   276.49 287.66   138.43 149.60   144.02 155.18   137.75 148.92
2021-08-19   137.96 149.11   137.93 149.09   275.44 286.60   137.39 148.54   142.97 154.13   136.70 147.86
2021-08-20   136.91 148.06   136.88 148.03   274.40 285.55   136.34 147.49   141.93 153.08   135.66 146.81
2021-08-21   135.87 147.01   135.84 146.98   273.36 284.50   135.30 146.44   140.88 152.02   134.62 145.76
2021-08-22   134.83 145.96   134.80 145.93   272.31 283.45   134.26 145.39   139.84 150.97   133.58 144.71
2021-08-23   133.79 144.91   133.76 144.88   271.28 282.40   133.22 144.34   138.80 149.93   132.54 143.66
2021-08-24   132.75 143.86   132.73 143.84   270.24 281.35   132.18 143.29   137.77 148.88   131.50 142.61
2021-08-25   131.72 142.82   131.69 142.79   269.20 280.30   131.15 142.25   136.73 147.83   130.47 141.57
2021-08-26   130.68 141.77   130.66 141.75   268.17 279.26   130.11 141.20   135.70 146.79   129.43 140.52
2021-08-27   129.65 140.73   129.63 140.70   267.14 278.22   129.08 140.16   134.67 145.75   128.40 139.48
2021-08-28   128.63 139.69   128.60 139.66   266.11 277.18   128.06 139.12   133.64 144.71   127.38 138.44
2021-08-29   127.60 138.65   127.57 138.63   265.09 276.14   127.03 138.08   132.62 143.67   126.35 137.40
2021-08-30   126.58 137.62   126.55 137.59   264.07 275.10   126.01 137.05   131.59 142.63   125.33 136.37
2021-08-31   125.56 136.58   125.53 136.56   263.05 274.07   124.99 136.01   130.57 141.60   124.31 135.33
2021-09-01   124.54 135.55   124.51 135.52   262.03 273.04   123.97 134.98   129.56 140.57   123.29 134.30
2021-09-02   123.52 134.52   123.50 134.50   261.01 272.01   122.95 133.95   128.54 139.54   122.27 133.27
2021-09-03   122.51 133.49   122.49 133.47   260.00 270.98   121.94 132.92   127.53 138.51   121.26 132.24
2021-09-04   121.50 132.47   121.48 132.44   258.99 269.96   120.93 131.90   126.52 137.48   120.25 131.22
2021-09-05   120.50 131.45   120.47 131.42   257.98 268.93   119.93 130.88   125.51 136.46   119.24 130.20
2021-09-06   119.49 130.43   119.46 130.40   256.98 267.91   118.92 129.86   124.51 135.44   118.24 129.18
2021-09-07   118.49 129.41   118.46 129.38   255.98 266.90   117.92 128.84   123.50 134.43   117.24 128.16
2021-09-08   117.49 128.40   117.46 128.37   254.98 265.88   116.92 127.83   122.51 133.41   116.24 127.14
2021-09-09   116.50 127.38   116.47 127.36   253.98 264.87   115.93 126.81   121.51 132.40   115.24 126.13
2021-09-10   115.50 126.37   115.48 126.35   252.99 263.86   114.93 125.80   120.52 131.39   114.25 125.12
2021-09-11   114.51 125.37   114.49 125.34   252.00 262.85   113.94 124.80   119.53 130.38   113.26 124.12
2021-09-12   113.52 124.36   113.50 124.34   251.01 261.85   112.95 123.79   118.54 129.38   112.27 123.11
2021-09-13   112.54 123.36   112.51 123.34   250.03 260.85   111.97 122.79   117.56 128.38   111.29 122.11
2021-09-14   111.56 122.36   111.53 122.34   249.05 259.85   110.99 121.79   116.57 127.38   110.31 121.11
2021-09-15   110.58 121.37   110.55 121.34   248.07 258.86   110.01 120.80   115.59 126.38   109.33 120.12
2021-09-16   109.60 120.37   109.58 120.35   247.09 257.86   109.03 119.80   114.62 125.39   108.35 119.12
2021-09-17   108.63 119.38   108.60 119.36   246.12 256.87   108.06 118.81   113.65 124.40   107.38 118.13
2021-09-18   107.66 118.40   107.63 118.37   245.15 255.88   107.09 117.83   112.68 123.41   106.41 117.15
2021-09-19   106.69 117.41   106.67 117.39   244.18 254.90   106.12 116.84   111.71 122.43   105.44 116.16
2021-09-20   105.73 116.43   105.70 116.40   243.22 253.92   105.16 115.86   110.74 121.45   104.48 115.18
2021-09-21   104.77 115.45   104.74 115.42   242.25 252.94   104.20 114.88   109.78 120.47   103.51 114.20
2021-09-22   103.81 114.47   103.78 114.45   241.29 251.96   103.24 113.90   108.82 119.49   102.56 113.22
2021-09-23   102.85 113.50   102.82 113.47   240.34 250.99   102.28 112.93   107.86 118.52   101.60 112.25
2021-09-24   101.90 112.53   101.87 112.50   239.38 250.02   101.33 111.96   106.91 117.55   100.64 111.28
2021-09-25   100.94 111.56   100.92 111.54   238.43 249.05   100.37 110.99   105.96 116.58    99.69 110.31
2021-09-26    99.99 110.60    99.97 110.57   237.48 248.08    99.42 110.03   105.01 115.61    98.74 109.35
2021-09-27    99.05 109.63    99.02 109.61   236.54 247.12    98.48 109.06   104.06 114.65    97.80 108.38
2021-09-28    98.10 108.67    98.08 108.65   235.59 246.16    97.53 108.10   103.12 113.69    96.85 107.42
2021-09-29    97.16 107.71    97.14 107.69   234.65 245.20    96.59 107.14   102.18 112.73    95.91 106.46
2021-09-30    96.22 106.76    96.20 106.73   233.71 244.25    95.65 106.19   101.24 111.77    94.97 105.51
2021-10-01    95.29 105.81    95.26 105.78   232.77 243.29    94.72 105.24   100.30 110.82    94.03 104.56
2021-10-02    94.35 104.86    94.32 104.83   231.84 242.34    93.78 104.29    99.37 109.87    93.10 103.61
2021-10-03    93.42 103.91    93.39 103.88   230.91 241.40    92.85 103.34    98.43 108.92    92.17 102.66
2021-10-04    92.49 102.96    92.46 102.94   229.97 240.45    91.92 102.39    97.50 107.98    91.24 101.71
2021-10-05    91.56 102.02    91.53 101.99   229.05 239.51    90.99 101.45    96.57 107.03    90.31 100.77
2021-10-06    90.63 101.08    90.61 101.05   228.12 238.57    90.06 100.51    95.65 106.09    89.38  99.83
2021-10-07    89.71 100.14    89.68 100.11   227.19 237.63    89.14  99.57    94.72 105.15    88.46  98.89
2021-10-08    88.78  99.20    88.76  99.18   226.27 236.69    88.21  98.63    93.80 104.22    87.53  97.95
2021-10-09    87.86  98.27    87.84  98.24   225.35 235.75    87.29  97.70    92.88 103.28    86.61  97.02
2021-10-10    86.94  97.33    86.92  97.31   224.43 234.82    86.37  96.76    91.96 102.35    85.69  96.08
2021-10-11    86.02  96.40    86.00  96.38   223.51 233.89    85.45  95.83    91.04 101.42    84.77  95.15
2021-10-12    85.11  95.47    85.08  95.45   222.59 232.96    84.54  94.90    90.12 100.49    83.86  94.22
2021-10-13    84.19  94.55    84.17  94.52   221.68 232.03    83.62  93.98    89.21  99.56    82.94  93.30
2021-10-14    83.28  93.62    83.25  93.60   220.77 231.11    82.71  93.05    88.29  98.64    82.03  92.37
2021-10-15    82.37  92.70    82.34  92.67   219.85 230.19    81.80  92.13    87.38  97.71    81.11  91.45
2021-10-16    81.45  91.78    81.43  91.75   218.94 229.26    80.88  91.21    86.47  96.79    80.20  90.52
2021-10-17    80.54  90.85    80.52  90.83   218.03 228.34    79.97  90.28    85.56  95.87    79.29  89.60
2021-10-18    79.63  89.94    79.61  89.91   217.12 227.42    79.06  89.37    84.65  94.95    78.38  88.68
2021-10-19    78.73  89.02    78.70  88.99   216.21 226.50    78.16  88.45    83.74  94.03    77.48  87.77
2021-10-20    77.82  88.10    77.79  88.07   215.31 225.59    77.25  87.53    82.83  93.12    76.57  86.85
2021-10-21    76.91  87.18    76.88  87.16   214.40 224.67    76.34  86.61    81.93  92.20    75.66  85.93
2021-10-22    76.01  86.27    75.98  86.24   213.49 223.76    75.44  85.70    81.02  91.29    74.75  85.02
2021-10-23    75.10  85.36    75.07  85.33   212.59 222.84    74.53  84.79    80.11  90.37    73.85  84.11
2021-10-24    74.19  84.44    74.17  84.42   211.68 221.93    73.62  83.87    79.21  89.46    72.94  83.19
2021-10-25    73.29  83.53    73.26  83.51   210.78 221.02    72.72  82.96    78.30  88.55    72.04  82.28
2021-10-26    72.38  82.62    72.36  82.59   209.87 220.11    71.81  82.05    77.40  87.64    71.13  81.37
2021-10-27    71.48  81.71    71.45  81.68   208.97 219.20    70.91  81.14    76.50  86.73    70.23  80.46
2021-10-28    70.58  80.80    70.55  80.77   208.06 218.29    70.01  80.23    75.59  85.82    69.32  79.55
2021-10-29    69.67  79.89    69.64  79.87   207.16 217.38    69.10  79.32    74.69  84.91    68.42  78.64
2021-10-30    68.77  78.98    68.74  78.96   206.25 216.47    68.20  78.41    73.78  84.00    67.52  77.73
2021-10-31    67.86  78.07    67.84  78.05   205.35 215.56    67.29  77.50    72.88  83.09    66.61  76.82
2021-11-01    66.96  77.17    66.93  77.14   204.44 214.65    66.39  76.60    71.97  82.18    65.71  75.92
2021-11-02    66.05  76.26    66.02  76.23   203.54 213.75    65.48  75.69    71.07  81.27    64.80  75.01
2021-11-03    65.15  75.35    65.12  75.32   202.63 212.84    64.58  74.78    70.16  80.36    63.89  74.10
2021-11-04    64.24  74.44    64.21  74.41   201.73 211.93    63.67  73.87    69.25  79.46    62.99  73.19
2021-11-05    63.33  73.53    63.31  73.51   200.82 211.02    62.76  72.96    68.35  78.55    62.08  72.28
2021-11-06    62.42  72.62    62.40  72.60   199.91 210.11    61.85  72.05    67.44  77.64    61.17  71.37
2021-11-07    61.52  71.72    61.49  71.69   199.00 209.20    60.95  71.15    66.53  76.73    60.26  70.46
2021-11-08    60.61  70.81    60.58  70.78   198.09 208.29    60.04  70.24    65.62  75.82    59.35  69.56
2021-11-09    59.69  69.90    59.67  69.87   197.18 207.38    59.12  69.33    64.71  74.91    58.44  68.65
2021-11-10    58.78  68.99    58.76  68.96   196.27 206.47    58.21  68.42    63.80  74.00    57.53  67.73
2021-11-11    57.87  68.07    57.84  68.05   195.36 205.56    57.30  67.50    62.88  73.09    56.62  66.82
2021-11-12    56.96  67.16    56.93  67.14   194.44 204.65    56.39  66.59    61.97  72.18    55.70  65.91
2021-11-13    56.04  66.25    56.01  66.22   193.53 203.74    55.47  65.68    61.05  71.26    54.79  65.00
2021-11-14    55.36  65.10    55.33  65.07   192.85 202.59    54.79  64.53    60.37  70.11    54.11  63.85
2021-11-15    54.70  63.93    54.67  63.90   192.18 201.41    54.13  63.36    59.71  68.94    53.45  62.67
2021-11-16    54.03  62.75    54.01  62.72   191.52 200.24    53.46  62.18    59.05  67.77    52.78  61.50
2021-11-17    53.37  61.58    53.34  61.55   190.86 199.06    52.80  61.01    58.38  66.59    52.12  60.32
2021-11-18    52.70  60.40    52.68  60.37   190.19 197.89    52.13  59.83    57.72  65.41    51.45  59.15
2021-11-19    52.03  59.22    52.01  59.20   189.52 196.71    51.46  58.65    57.05  64.24    50.78  57.97

2022-04-23   253.90 260.89   253.88 260.86    31.39  38.38   253.33 260.32   258.92 265.90   252.65 259.64
2022-04-24   252.77 260.25   252.74 260.22    30.26  37.74   252.20 259.68   257.79 265.27   251.52 259.00
2022-04-25   251.64 259.61   251.61 259.59    29.13  37.10   251.07 259.04   256.65 264.63   250.39 258.36
2022-04-26   250.51 258.98   250.48 258.95    27.99  36.47   249.94 258.41   255.52 264.00   249.26 257.73
2022-04-27   249.37 258.35   249.35 258.32    26.86  35.83   248.80 257.78   254.39 263.36   248.12 257.10
2022-04-28   248.24 257.72   248.22 257.69    25.73  35.20   247.67 257.15   253.26 262.73   246.99 256.47
2022-04-29   247.11 257.09   247.09 257.06    24.60  34.57   246.54 256.52   252.13 262.10   245.86 255.84
2022-04-30   246.12 256.32   246.09 256.30    23.60  33.81   245.55 255.75   251.13 261.34   244.87 255.07
2022-05-01   245.24 255.44   245.21 255.42    22.73  32.93   244.67 254.87   250.25 260.46   243.99 254.19
2022-05-02   244.36 254.57   244.34 254.54    21.85  32.05   243.79 254.00   249.38 259.58   243.11 253.32
2022-05-03   243.49 253.69   243.46 253.66    20.97  31.18   242.92 253.12   248.50 258.70   242.24 252.44
2022-05-04   242.61 252.81   242.58 252.78    20.10  30.30   242.04 252.24   247.63 257.83   241.36 251.56
2022-05-05   241.73 251.93   241.71 251.91    19.22  29.42   241.16 251.36   246.75 256.95   240.48 250.68
2022-05-06   240.86 251.06   240.83 251.03    18.35  28.55   240.29 250.49   245.87 256.07   239.61 249.81
2022-05-07   239.98 250.18   239.96 250.16    17.47  27.67   239.41 249.61   245.00 255.20   238.73 248.93
2022-05-08   239.11 249.31   239.08 249.28    16.59  26.79   238.54 248.74   244.12 254.32   237.85 248.06
2022-05-09   238.23 248.43   238.20 248.41    15.72  25.92   237.66 247.86   243.24 253.45   236.98 247.18
2022-05-10   237.35 247.56   237.33 247.53    14.84  25.04   236.78 246.99   242.37 252.57   236.10 246.31
2022-05-11   236.47 246.68   236.45 246.66    13.96  24.17   235.90 246.11   241.49 251.70   235.22 245.43
2022-05-12   235.60 245.81   235.57 245.78    13.08  23.29   235.03 245.24   240.61 250.82   234.35 244.56
2022-05-13   234.72 244.93   234.69 244.91    12.21  22.42   234.15 244.36   239.73 249.95   233.47 243.68
2022-05-14   233.84 244.06   233.81 244.03    11.33  21.54   233.27 243.49   238.85 249.07   232.59 242.81
2022-05-15   232.96 243.18   232.93 243.15    10.45  20.67   232.39 242.61   237.97 248.20   231.71 241.93
2022-05-16   232.08 242.30   232.05 242.28     9.57  19.79   231.51 241.73   237.09 247.32   230.83 241.05
2022-05-17   231.20 241.43   231.17 241.40     8.68  18.92   230.63 240.86   236.21 246.44   229.95 240.18
2022-05-18   230.31 240.55   230.29 240.52     7.80  18.04   229.74 239.98   235.33 245.57   229.06 239.30
2022-05-19   229.43 239.67   229.40 239.65     6.92  17.16   228.86 239.10   234.44 244.69   228.18 238.42
2022-05-20   228.54 238.79   228.52 238.77     6.03  16.28   227.97 238.22   233.56 243.81   227.29 237.54
2022-05-21   227.66 237.91   227.63 237.89     5.14  15.40   227.09 237.34   232.67 242.93   226.41 236.66
2022-05-22   226.77 237.03   226.74 237.01     4.26  14.52   226.20 236.46   231.78 242.05   225.52 235.78
2022-05-23   225.88 236.15   225.85 236.13     3.37  13.64   225.31 235.58   230.89 241.17   224.63 234.90
2022-05-24   224.99 235.27   224.96 235.24     2.47  12.76   224.42 234.70   230.00 240.28   223.74 234.02
2022-05-25   224.09 234.39   224.07 234.36     1.58  11.87   223.52 233.82   229.11 239.40   222.84 233.13
2022-05-26   223.20 233.50   223.17 233.47     0.69  10.99   222.63 232.93   228.21 238.51   221.95 232.25
2022-05-27   222.30 232.61   222.28 232.59   359.79  10.10   221.73 232.04   227.32 237.63   221.05 231.36
2022-05-28   221.40 231.72   221.38 231.70   358.89   9.21   220.83 231.15   226.42 236.74   220.15 230.47
2022-05-29   220.50 230.83   220.48 230.81   357.99   8.32   219.93 230.26   225.52 235.85   219.25 229.58
2022-05-30   219.60 229.94   219.57 229.92   357.09   7.43   219.03 229.37   224.61 234.96   218.35 228.69
2022-05-31   218.69 229.05   218.67 229.02   356.18   6.54   218.12 228.48   223.71 234.06   217.44 227.80
2022-06-01   217.79 228.15   217.76 228.13   355.27   5.64   217.22 227.58   222.80 233.17   216.54 226.90
2022-06-02   216.88 227.26   216.85 227.23   354.36   4.74   216.31 226.69   221.89 232.27   215.63 226.01
2022-06-03   215.97 226.36   215.94 226.33   353.45   3.84   215.40 225.79   220.98 231.37   214.71 225.11
2022-06-04   215.05 225.46   215.02 225.43   352.54   2.94   214.48 224.89   220.07 230.47   213.80 224.20
2022-06-05   214.13 224.55   214.11 224.53   351.62   2.04   213.56 223.98   219.15 229.57   212.88 223.30
2022-06-06   213.21 223.65   213.19 223.62   350.70   1.13   212.64 223.08   218.23 228.66   211.96 222.40
2022-06-07   212.29 222.74   212.27 222.71   349.78   0.23   211.72 222.17   217.31 227.75   211.04 221.49
2022-06-08   211.37 221.83   211.34 221.80   348.85 359.31   210.80 221.26   216.38 226.84   210.12 220.58
2022-06-09   210.44 220.91   210.41 220.89   347.93 358.40   209.87 220.34   215.45 225.93   209.19 219.66
2022-06-10   209.51 220.00   209.48 219.97   347.00 357.49   208.94 219.43   214.52 225.01   208.26 218.75
2022-06-11   208.58 219.08   208.55 219.05   346.06 356.57   208.01 218.51   213.59 224.10   207.32 217.83
2022-06-12   207.64 218.16   207.61 218.13   345.13 355.65   207.07 217.59   212.65 223.17   206.39 216.91
2022-06-13   206.70 217.24   206.67 217.21   344.19 354.72   206.13 216.67   211.72 222.25   205.45 215.99
2022-06-14   205.76 216.31   205.73 216.28   343.25 353.80   205.19 215.74   210.77 221.32   204.51 215.06
2022-06-15   204.81 215.38   204.79 215.35   342.30 352.87   204.24 214.81   209.83 220.40   203.56 214.13
2022-06-16   203.86 214.45   203.84 214.42   341.35 351.94   203.29 213.88   208.88 219.46   202.61 213.20
2022-06-17   202.91 213.51   202.89 213.49   340.40 351.00   202.34 212.94   207.93 218.53   201.66 212.26
2022-06-18   201.96 212.58   201.93 212.55   339.45 350.06   201.39 212.01   206.97 217.59   200.71 211.32
2022-06-19   201.00 211.63   200.97 211.61   338.49 349.12   200.43 211.06   206.02 216.65   199.75 210.38
2022-06-20   200.04 210.69   200.01 210.66   337.53 348.18   199.47 210.12   205.05 215.71   198.79 209.44
2022-06-21   199.08 209.74   199.05 209.72   336.56 347.23   198.51 209.17   204.09 214.76   197.82 208.49
2022-06-22   198.11 208.79   198.08 208.77   335.60 346.28   197.54 208.22   203.12 213.81   196.86 207.54
2022-06-23   197.14 207.84   197.11 207.81   334.63 345.33   196.57 207.27   202.15 212.86   195.89 206.59
2022-06-24   196.16 206.88   196.14 206.86   333.65 344.37   195.59 206.31   201.18 211.90   194.91 205.63
2022-06-25   195.19 205.92   195.16 205.90   332.67 343.41   194.62 205.35   200.20 210.94   193.94 204.67
2022-06-26   194.21 204.96   194.18 204.93   331.69 342.45   193.64 204.39   199.22 209.98   192.96 203.71
2022-06-27   193.22 203.99   193.20 203.97   330.71 341.48   192.65 203.42   198.24 209.01   191.97 202.74
2022-06-28   192.24 203.03   192.21 203.00   329.72 340.51   191.67 202.46   197.25 208.04   190.99 201.77
2022-06-29   191.25 202.05   191.22 202.03   328.73 339.54   190.68 201.48   196.26 207.07   190.00 200.80
2022-06-30   190.25 201.08   190.23 201.05   327.74 338.56   189.68 200.51   195.27 206.09   189.00 199.83
2022-07-01   189.26 200.10   189.23 200.07   326.75 337.58   188.69 199.53   194.27 205.11   188.01 198.85
2022-07-02   188.26 199.12   188.23 199.09   325.75 336.60   187.69 198.55   193.27 204.13   187.01 197.86
2022-07-03   187.26 198.13   187.23 198.10   324.74 335.62   186.69 197.56   192.27 203.14   186.01 196.88
2022-07-04   186.25 197.14   186.23 197.11   323.74 334.63   185.68 196.57   191.27 202.16   185.00 195.89
2022-07-05   185.24 196.15   185.22 196.12   322.73 333.64   184.67 195.58   190.26 201.16   183.99 194.90
2022-07-06   184.23 195.15   184.21 195.13   321.72 332.64   183.66 194.58   189.25 200.17   182.98 193.90
2022-07-07   183.22 194.16   183.19 194.13   320.71 331.64   182.65 193.59   188.23 199.17   181.97 192.90
2022-07-08   182.20 193.15   182.18 193.13   319.69 330.64   181.63 192.58   187.22 198.17   180.95 191.90
2022-07-09   181.18 192.15   181.16 192.12   318.67 329.64   180.61 191.58   186.20 197.17   179.93 190.90
2022-07-10   180.16 191.14   180.13 191.12   317.65 328.63   179.59 190.57   185.18 196.16   178.91 189.89
2022-07-11   179.14 190.13   179.11 190.11   316.62 327.62   178.57 189.56   184.15 195.15   177.88 188.88
2022-07-12   178.11 189.12   178.08 189.09   315.60 326.61   177.54 188.55   183.12 194.14   176.86 187.87
2022-07-13   177.08 188.10   177.05 188.08   314.57 325.59   176.51 187.53   182.09 193.12   175.83 186.85
2022-07-14   176.05 187.09   176.02 187.06   313.53 324.57   175.48 186.52   181.06 192.10   174.80 185.84
2022-07-15   175.01 186.06   174.99 186.04   312.50 323.55   174.44 185.49   180.03 191.08   173.76 184.81
2022-07-16   173.98 185.04   173.95 185.01   311.46 322.53   173.41 184.47   178.99 190.06   172.72 183.79
2022-07-17   172.94 184.01   172.91 183.99   310.42 321.50   172.37 183.44   177.95 189.03   171.69 182.76
2022-07-18   171.90 182.99   171.87 182.96   309.38 320.47   171.33 182.42   176.91 188.00   170.65 181.74
2022-07-19   170.85 181.96   170.83 181.93   308.34 319.44   170.28 181.39   175.87 186.97   169.60 180.70
2022-07-20   169.81 180.92   169.78 180.90   307.30 318.41   169.24 180.35   174.83 185.94   168.56 179.67
2022-07-21   168.76 179.89   168.74 179.86   306.25 317.37   168.19 179.32   173.78 184.90   167.51 178.64
2022-07-22   167.72 178.85   167.69 178.82   305.20 316.34   167.15 178.28   172.73 183.86   166.47 177.60
2022-07-23   166.67 177.81   166.64 177.78   304.15 315.30   166.10 177.24   171.68 182.82   165.42 176.56
2022-07-24   165.62 176.77   165.59 176.74   303.10 314.25   165.05 176.20   170.63 181.78   164.37 175.52
2022-07-25   164.57 175.72   164.54 175.70   302.05 313.21   164.00 175.15   169.58 180.74   163.31 174.47
2022-07-26   163.51 174.68   163.49 174.65   301.00 312.17   162.94 174.11   168.53 179.69   162.26 173.43
2022-07-27   162.46 173.63   162.43 173.61   299.95 311.12   161.89 173.06   167.47 178.65   161.21 172.38
2022-07-28   161.40 172.58   161.38 172.56   298.89 310.07   160.83 172.01   166.42 177.60   160.15 171.33
2022-07-29   160.35 171.53   160.32 171.51   297.84 309.02   159.78 170.96   165.36 176.55   159.10 170.28
2022-07-30   159.29 170.48   159.27 170.46   296.78 307.97   158.72 169.91   164.31 175.50   158.04 169.23
2022-07-31   158.24 169.43   158.21 169.41   295.72 306.92   157.67 168.86   163.25 174.45   156.99 168.18
2022-08-01   157.18 168.38   157.15 168.35   294.67 305.87   156.61 167.81   162.20 173.39   155.93 167.13
2022-08-02   156.12 167.32   156.10 167.30   293.61 304.81   155.55 166.75   161.14 172.34   154.87 166.07
2022-08-03   155.07 166.27   155.04 166.24   292.55 303.76   154.50 165.70   160.08 171.29   153.81 165.02
2022-08-04   154.01 165.21   153.98 165.19   291.50 302.70   153.44 164.64   159.02 170.23   152.76 163.96
2022-08-05   152.95 164.16   152.92 164.13   290.44 301.65   152.38 163.59   157.97 169.17   151.70 162.91
2022-08-06   151.89 163.10   151.87 163.08   289.38 300.59   151.32 162.53   156.91 168.12   150.64 161.85
2022-08-07   150.84 162.04   150.81 162.02   288.32 299.53   150.27 161.47   155.85 167.06   149.59 160.79
2022-08-08   149.78 160.99   149.75 160.96   287.27 298.47   149.21 160.42   154.79 166.00   148.53 159.74
2022-08-09   148.72 159.93   148.70 159.90   286.21 297.42   148.15 159.36   153.74 164.95   147.47 158.68
2022-08-10   147.67 158.87   147.64 158.85   285.16 296.36   147.10 158.30   152.68 163.89   146.42 157.62
2022-08-11   146.61 157.82   146.59 157.79   284.10 295.30   146.04 157.25   151.63 162.83   145.36 156.56
2022-08-12   145.56 156.76   145.53 156.73   283.05 294.25   144.99 156.19   150.57 161.77   144.31 155.51
2022-08-13   144.51 155.70   144.48 155.68   281.99 293.19   143.94 155.13   149.52 160.72   143.26 154.45
2022-08-14   143.46 154.65   143.43 154.62   280.94 292.13   142.89 154.08   148.47 159.66   142.20 153.39
2022-08-15   142.40 153.59   142.38 153.56   279.89 291.08   141.83 153.02   147.42 158.61   141.15 152.34
2022-08-16   141.36 152.54   141.33 152.51   278.84 290.02   140.79 151.97   146.37 157.55   140.10 151.28
2022-08-17   140.31 151.48   140.28 151.45   277.80 288.97   139.74 150.91   145.32 156.50   139.06 150.23
2022-08-18   139.26 150.43   139.24 150.40   276.75 287.92   138.69 149.86   144.28 155.44   138.01 149.18
2022-08-19   138.22 149.38   138.19 149.35   275.70 286.86   137.65 148.81   143.23 154.39   136.97 148.12
2022-08-20   137.17 148.32   137.15 148.30   274.66 285.81   136.60 147.75   142.19 153.34   135.92 147.07
2022-08-21   136.13 147.27   136.11 147.25   273.62 284.76   135.56 146.70   141.15 152.29   134.88 146.02
2022-08-22   135.09 146.23   135.07 146.20   272.58 283.71   134.52 145.66   140.11 151.24   133.84 144.98
2022-08-23   134.06 145.18   134.03 145.15   271.54 282.67   133.49 144.61   139.07 150.19   132.81 143.93
2022-08-24   133.02 144.13   132.99 144.11   270.51 281.62   132.45 143.56   138.04 149.15   131.77 142.88
2022-08-25   131.99 143.09   131.96 143.06   269.48 280.58   131.42 142.52   137.00 148.10   130.74 141.84
2022-08-26   130.96 142.05   130.93 142.02   268.44 279.53   130.39 141.48   135.97 147.06   129.71 140.80
2022-08-27   129.93 141.01   129.90 140.98   267.42 278.49   129.36 140.44   134.94 146.02   128.68 139.76
2022-08-28   128.90 139.97   128.88 139.94   266.39 277.46   128.33 139.40   133.92 144.98   127.65 138.72
2022-08-29   127.88 138.93   127.85 138.90   265.36 276.42   127.31 138.36   132.89 143.95   126.63 137.68
2022-08-30   126.86 137.90   126.83 137.87   264.34 275.38   126.29 137.33   131.87 142.91   125.60 136.65
2022-08-31   125.84 136.86   125.81 136.84   263.32 274.35   125.27 136.29   130.85 141.88   124.59 135.61
2022-09-01   124.82 135.83   124.79 135.81   262.31 273.32   124.25 135.26   129.84 140.85   123.57 134.58
2022-09-02   123.81 134.80   123.78 134.78   261.29 272.29   123.24 134.23   128.82 139.82   122.55 133.55
2022-09-03   122.79 133.78   122.77 133.75   260.28 271.27   122.22 133.21   127.81 138.79   121.54 132.53
2022-09-04   121.79 132.76   121.76 132.73   259.27 270.24   121.22 132.19   126.80 137.77   120.53 131.50
2022-09-05   120.78 131.73   120.75 131.71   258.27 269.22   120.21 131.16   125.79 136.75   119.53 130.48
2022-09-06   119.78 130.72   119.75 130.69   257.26 268.20   119.21 130.15   124.79 135.73   118.53 129.46
2022-09-07   118.78 129.70   118.75 129.67   256.26 267.19   118.21 129.13   123.79 134.71   117.52 128.45
2022-09-08   117.78 128.68   117.75 128.66   255.26 266.17   117.21 128.11   122.79 133.70   116.53 127.43
2022-09-09   116.78 127.67   116.76 127.65   254.27 265.16   116.21 127.10   121.80 132.69   115.53 126.42
2022-09-10   115.79 126.66   115.76 126.64   253.28 264.15   115.22 126.09   120.80 131.68   114.54 125.41
2022-09-11   114.80 125.66   114.77 125.63   252.29 263.15   114.23 125.09   119.82 130.67   113.55 124.41
2022-09-12   113.81 124.66   113.79 124.63   251.30 262.14   113.24 124.09   118.83 129.67   112.56 123.40
2022-09-13   112.83 123.65   112.80 123.63   250.32 261.14   112.26 123.08   117.84 128.67   111.58 122.40
2022-09-14   111.85 122.66   111.82 122.63   249.34 260.14   111.28 122.09   116.86 127.67   110.60 121.41
2022-09-15   110.87 121.66   110.84 121.63   248.36 259.15   110.30 121.09   115.88 126.68   109.62 120.41
2022-09-16   109.89 120.67   109.87 120.64   247.38 258.16   109.32 120.10   114.91 125.68   108.64 119.42
2022-09-17   108.92 119.68   108.89 119.65   246.41 257.17   108.35 119.11   113.94 124.69   107.67 118.43
2022-09-18   107.95 118.69   107.92 118.66   245.44 256.18   107.38 118.12   112.97 123.71   106.70 117.44
2022-09-19   106.98 117.71   106.96 117.68   244.47 255.19   106.41 117.14   112.00 122.72   105.73 116.46
2022-09-20   106.02 116.73   105.99 116.70   243.51 254.21   105.45 116.16   111.03 121.74   104.77 115.47
2022-09-21   105.06 115.75   105.03 115.72   242.54 253.23   104.49 115.18   110.07 120.76   103.81 114.50
2022-09-22   104.10 114.77   104.07 114.74   241.58 252.26   103.53 114.20   109.11 119.78   102.85 113.52
2022-09-23   103.14 113.80   103.11 113.77   240.63 251.28   102.57 113.23   108.16 118.81   101.89 112.55
2022-09-24   102.19 112.82   102.16 112.80   239.67 250.31   101.62 112.25   107.20 117.84   100.93 111.57
2022-09-25   101.23 111.86   101.21 111.83   238.72 249.34   100.66 111.29   106.25 116.87    99.98 110.61
2022-09-26   100.28 110.89   100.26 110.86   237.77 248.38    99.71 110.32   105.30 115.91    99.03 109.64
2022-09-27    99.34 109.93    99.31 109.90   236.83 247.41    98.77 109.36   104.35 114.94    98.09 108.68
2022-09-28    98.39 108.97    98.37 108.94   235.88 246.45    97.82 108.40   103.41 113.98    97.14 107.72
2022-09-29    97.45 108.01    97.42 107.98   234.94 245.50    96.88 107.44   102.47 113.02    96.20 106.76
2022-09-30    96.51 107.05    96.48 107.03   234.00 244.54    95.94 106.48   101.53 112.07    95.26 105.80
2022-10-01    95.57 106.10    95.55 106.07   233.06 243.59    95.00 105.53   100.59 111.11    94.32 104.85
2022-10-02    94.64 105.15    94.61 105.12   232.13 242.64    94.07 104.58    99.65 110.16    93.39 103.90
2022-10-03    93.70 104.20    93.68 104.17   231.19 241.69    93.13 103.63    98.72 109.21    92.45 102.95
2022-10-04    92.77 103.25    92.75 103.23   230.26 240.74    92.20 102.68    97.79 108.27    91.52 102.00
2022-10-05    91.84 102.31    91.82 102.28   229.33 239.80    91.27 101.74    96.86 107.32    90.59 101.06
2022-10-06    90.92 101.37    90.89 101.34   228.40 238.85    90.35 100.80    95.93 106.38    89.67 100.12
2022-10-07    89.99 100.43    89.96 100.40   227.48 237.91    89.42  99.86    95.01 105.44    88.74  99.18
2022-10-08    89.07  99.49    89.04  99.46   226.55 236.98    88.50  98.92    94.08 104.51    87.82  98.24
2022-10-09    88.15  98.55    88.12  98.53   225.63 236.04    87.58  97.98    93.16 103.57    86.89  97.30
2022-10-10    87.22  97.62    87.20  97.59   224.71 235.11    86.65  97.05    92.24 102.64    85.97  96.37
2022-10-11    86.31  96.69    86.28  96.66   223.79 234.18    85.74  96.12    91.32 101.70    85.05  95.44
2022-10-12    85.39  95.76    85.36  95.73   222.88 233.25    84.82  95.19    90.40 100.77    84.14  94.51
2022-10-13    84.47  94.83    84.45  94.80   221.96 232.32    83.90  94.26    89.49  99.85    83.22  93.58
2022-10-14    83.56  93.90    83.53  93.88   221.04 231.39    82.99  93.33    88.57  98.92    82.31  92.65
2022-10-15    82.64  92.98    82.62  92.95   220.13 230.47    82.07  92.41    87.66  97.99    81.39  91.73
2022-10-16    81.73  92.06    81.70  92.03   219.22 229.54    81.16  91.49    86.75  97.07    80.48  90.80
2022-10-17    80.82  91.13    80.79  91.11   218.31 228.62    80.25  90.56    85.83  96.15    79.57  89.88
2022-10-18    79.91  90.21    79.88  90.19   217.40 227.70    79.34  89.64    84.92  95.23    78.66  88.96
2022-10-19    79.00  89.29    78.97  89.27   216.49 226.78    78.43  88.72    84.01  94.31    77.75  88.04
2022-10-20    78.09  88.38    78.06  88.35   215.58 225.86    77.52  87.81    83.11  93.39    76.84  87.12
2022-10-21    77.18  87.46    77.16  87.43   214.67 224.95    76.61  86.89    82.20  92.47    75.93  86.21
2022-10-22    76.27  86.54    76.25  86.52   213.76 224.03    75.70  85.97    81.29  91.56    75.02  85.29
2022-10-23    75.37  85.63    75.34  85.60   212.86 223.12    74.80  85.06    80.38  90.64    74.12  84.38
2022-10-24    74.46  84.71    74.44  84.69   211.95 222.20    73.89  84.14    79.48  89.73    73.21  83.46
2022-10-25    73.56  83.80    73.53  83.77   211.04 221.29    72.99  83.23    78.57  88.82    72.30  82.55
2022-10-26    72.65  82.89    72.62  82.86   210.14 220.38    72.08  82.32    77.66  87.90    71.40  81.64
2022-10-27    71.74  81.98    71.72  81.95   209.23 219.46    71.17  81.41    76.76  86.99    70.49  80.73
2022-10-28    70.84  81.07    70.81  81.04   208.33 218.55    70.27  80.50    75.85  86.08    69.59  79.81
2022-10-29    69.93  80.16    69.91  80.13   207.42 217.64    69.36  79.59    74.95  85.17    68.68  78.90
2022-10-30    69.03  79.24    69.00  79.22   206.51 216.73    68.46  78.67    74.04  84.26    67.78  77.99
2022-10-31    68.12  78.33    68.09  78.31   205.61 215.82    67.55  77.76    73.14  83.35    66.87  77.08
2022-11-01    67.21  77.43    67.19  77.40   204.70 214.91    66.64  76.86    72.23  82.44    65.96  76.17
2022-11-02    66.31  76.52    66.28  76.49   203.80 214.00    65.74  75.95    71.32  81.53    65.06  75.26
2022-11-03    65.40  75.61    65.37  75.58   202.89 213.09    64.83  75.04    70.42  80.62    64.15  74.35
2022-11-04    64.49  74.70    64.47  74.67   201.98 212.18    63.92  74.13    69.51  79.71    63.24  73.45
2022-11-05    63.58  73.79    63.56  73.76   201.07 211.27    63.01  73.22    68.60  78.80    62.33  72.54
2022-11-06    62.68  72.88    62.65  72.85   200.16 210.36    62.11  72.31    67.69  77.89    61.42  71.63
2022-11-07    61.77  71.97    61.74  71.94   199.25 209.45    61.20  71.40    66.78  76.98    60.51  70.71
2022-11-08    60.85  71.05    60.83  71.03   198.34 208.54    60.28  70.48    65.87  76.07    59.60  69.80
2022-11-09    59.94  70.14    59.92  70.12   197.43 207.63    59.37  69.57    64.96  75.16    58.69  68.89
2022-11-10    59.03  69.23    59.00  69.20   196.52 206.72    58.46  68.66    64.04  74.25    57.78  67.98
2022-11-11    58.11  68.32    58.09  68.29   195.60 205.81    57.54  67.75    63.13  73.33    56.86  67.07
2022-11-12    57.20  67.40    57.17  67.38   194.69 204.89    56.63  66.83    62.21  72.42    55.95  66.15
2022-11-13    56.28  66.49    56.26  66.46   193.77 203.98    55.71  65.92    61.30  71.51    55.03  65.24
2022-11-14    55.52  65.42    55.50  65.39   193.01 202.90    54.95  64.85    60.54  70.43    54.27  64.17
2022-11-15    54.86  64.24    54.83  64.22   192.35 201.73    54.29  63.67    59.87  69.26    53.61  62.99
2022-11-16    54.20  63.07    54.17  63.04   191.68 200.55    53.63  62.50    59.21  68.08    52.94  61.82
2022-11-17    53.53  61.89    53.50  61.86   191.02 199.38    52.96  61.32    58.55  66.90    52.28  60.64
2022-11-18    52.86  60.71    52.84  60.68   190.35 198.20    52.29  60.14    57.88  65.73    51.61  59.46
2022-11-19    52.19  59.53    52.16  59.51   189.68 197.02    51.62  58.96    57.21  64.55    50.94  58.28
2022-11-20    51.52  58.35    51.49  58.33   189.01 195.84    50.95  57.78    56.53  63.37    50.27  57.10

2023-04-23   254.24 261.09   254.22 261.06    31.73  38.58   253.67 260.52   259.26 266.10   252.99 259.84
2023-04-24   253.11 260.45   253.08 260.42    30.60  37.94   252.54 259.88   258.12 265.46   251.86 259.20
2023-04-25   251.97 259.81   251.95 259.78    29.46  37.30   251.40 259.24   256.99 264.83   250.72 258.56
2023-04-26   250.84 259.18   250.81 259.15    28.33  36.66   250.27 258.61   255.86 264.19   249.59 257.93
2023-04-27   249.71 258.54   249.68 258.52    27.19  36.03   249.14 257.97   254.72 263.56   248.46 257.29
2023-04-28   248.57 257.91   248.55 257.88    26.06  35.40   248.00 257.34   253.59 262.93   247.32 256.66
2023-04-29   247.44 257.28   247.42 257.25    24.93  34.77   246.87 256.71   252.46 262.30   246.19 256.03
2023-04-30   246.38 256.58   246.35 256.56    23.86  34.07   245.81 256.01   251.39 261.60   245.13 255.33
2023-05-01   245.50 255.70   245.47 255.68    22.98  33.19   244.93 255.13   250.51 260.72   244.25 254.45
2023-05-02   244.62 254.82   244.59 254.80    22.11  32.31   244.05 254.25   249.63 259.84   243.37 253.57
2023-05-03   243.74 253.94   243.72 253.92    21.23  31.43   243.17 253.37   248.76 258.96   242.49 252.69
2023-05-04   242.86 253.07   242.84 253.04    20.35  30.55   242.29 252.50   247.88 258.08   241.61 251.81
2023-05-05   241.99 252.19   241.96 252.16    19.47  29.67   241.42 251.62   247.00 257.20   240.74 250.94
2023-05-06   241.11 251.31   241.08 251.28    18.60  28.80   240.54 250.74   246.13 256.33   239.86 250.06
2023-05-07   240.23 250.43   240.21 250.41    17.72  27.92   239.66 249.86   245.25 255.45   238.98 249.18
2023-05-08   239.36 249.56   239.33 249.53    16.84  27.04   238.79 248.99   244.37 254.57   238.10 248.31
2023-05-09   238.48 248.68   238.45 248.65    15.96  26.17   237.91 248.11   243.49 253.69   237.23 247.43
2023-05-10   237.60 247.80   237.57 247.78    15.09  25.29   237.03 247.23   242.61 252.82   236.35 246.55
2023-05-11   236.72 246.93   236.69 246.90    14.21  24.41   236.15 246.36   241.74 251.94   235.47 245.68
2023-05-12   235.84 246.05   235.82 246.02    13.33  23.54   235.27 245.48   240.86 251.07   234.59 244.80
2023-05-13   234.96 245.17   234.94 245.15    12.45  22.66   234.39 244.60   239.98 250.19   233.71 243.92
2023-05-14   234.08 244.30   234.05 244.27    11.57  21.79   233.51 243.73   239.10 249.31   232.83 243.05
2023-05-15   233.20 243.42   233.17 243.39    10.69  20.91   232.63 242.85   238.22 248.44   231.95 242.17
2023-05-16   232.32 242.54   232.29 242.52     9.81  20.03   231.75 241.97   237.33 247.56   231.07 241.29
2023-05-17   231.43 241.67   231.41 241.64     8.92  19.15   230.86 241.10   236.45 246.68   230.18 240.41
2023-05-18   230.55 240.79   230.52 240.76     8.04  18.27   229.98 240.22   235.57 245.80   229.30 239.54
2023-05-19   229.66 239.91   229.64 239.88     7.15  17.39   229.09 239.34   234.68 244.92   228.41 238.66
2023-05-20   228.78 239.03   228.75 239.00     6.27  16.51   228.21 238.46   233.79 244.04   227.53 237.78
2023-05-21   227.89 238.15   227.86 238.12     5.38  15.63   227.32 237.58   232.91 243.16   226.64 236.90
2023-05-22   227.00 237.26   226.97 237.24     4.49  14.75   226.43 236.69   232.02 242.28   225.75 236.01
2023-05-23   226.11 236.38   226.08 236.35     3.60  13.87   225.54 235.81   231.12 241.40   224.86 235.13
2023-05-24   225.22 235.50   225.19 235.47     2.70  12.98   224.65 234.93   230.23 240.51   223.97 234.25
2023-05-25   224.32 234.61   224.30 234.59     1.81  12.10   223.75 234.04   229.34 239.63   223.07 233.36
2023-05-26   223.43 233.73   223.40 233.70     0.91  11.21   222.86 233.16   228.44 238.74   222.18 232.47
2023-05-27   222.53 232.84   222.50 232.81     0.02  10.32   221.96 232.27   227.54 237.85   221.28 231.59
2023-05-28   221.63 231.95   221.60 231.92   359.12   9.43   221.06 231.38   226.64 236.96   220.38 230.70
2023-05-29   220.73 231.06   220.70 231.03   358.21   8.54   220.16 230.49   225.74 236.07   219.47 229.81
2023-05-30   219.82 230.16   219.80 230.14   357.31   7.65   219.25 229.59   224.84 235.18   218.57 228.91
2023-05-31   218.92 229.27   218.89 229.24   356.40   6.76   218.35 228.70   223.93 234.28   217.66 228.02
2023-06-01   218.01 228.37   217.98 228.34   355.49   5.86   217.44 227.80   223.02 233.39   216.76 227.12
2023-06-02   217.10 227.47   217.07 227.45   354.58   4.96   216.53 226.90   222.11 232.49   215.85 226.22
2023-06-03   216.18 226.57   216.16 226.55   353.67   4.06   215.61 226.00   221.20 231.59   214.93 225.32
2023-06-04   215.27 225.67   215.24 225.64   352.75   3.16   214.70 225.10   220.28 230.68   214.02 224.42
2023-06-05   214.35 224.76   214.32 224.74   351.84   2.25   213.78 224.19   219.36 229.78   213.10 223.51
2023-06-06   213.43 223.86   213.40 223.83   350.92   1.35   212.86 223.29   218.44 228.87   212.18 222.61
2023-06-07   212.51 222.95   212.48 222.92   349.99   0.44   211.94 222.38   217.52 227.96   211.25 221.70
2023-06-08   211.58 222.04   211.55 222.01   349.07 359.52   211.01 221.47   216.59 227.05   210.33 220.79
2023-06-09   210.65 221.12   210.62 221.10   348.14 358.61   210.08 220.55   215.67 226.14   209.40 219.87
2023-06-10   209.72 220.21   209.69 220.18   347.21 357.69   209.15 219.64   214.73 225.22   208.47 218.96
2023-06-11   208.78 219.29   208.76 219.26   346.27 356.77   208.21 218.72   213.80 224.30   207.53 218.04
2023-06-12   207.85 218.36   207.82 218.34   345.33 355.85   207.28 217.79   212.86 223.38   206.60 217.11
2023-06-13   206.91 217.44   206.88 217.41   344.39 354.93   206.34 216.87   211.92 222.46   205.66 216.19
2023-06-14   205.96 216.51   205.94 216.49   343.45 354.00   205.39 215.94   210.98 221.53   204.71 215.26
2023-06-15   205.02 215.58   204.99 215.56   342.51 353.07   204.45 215.01   210.03 220.60   203.77 214.33
2023-06-16   204.07 214.65   204.04 214.62   341.56 352.14   203.50 214.08   209.08 219.67   202.82 213.40
2023-06-17   203.12 213.71   203.09 213.69   340.60 351.20   202.55 213.14   208.13 218.73   201.87 212.46
2023-06-18   202.16 212.78   202.13 212.75   339.65 350.26   201.59 212.21   207.18 217.79   200.91 211.52
2023-06-19   201.20 211.83   201.18 211.81   338.69 349.32   200.63 211.26   206.22 216.85   199.95 210.58
2023-06-20   200.24 210.89   200.21 210.86   337.73 348.38   199.67 210.32   205.26 215.90   198.99 209.64
2023-06-21   199.28 209.94   199.25 209.91   336.76 347.43   198.71 209.37   204.29 214.96   198.03 208.69
2023-06-22   198.31 208.99   198.28 208.96   335.80 346.48   197.74 208.42   203.32 214.01   197.06 207.74
2023-06-23   197.34 208.04   197.31 208.01   334.82 345.52   196.77 207.47   202.35 213.05   196.09 206.79
2023-06-24   196.36 207.08   196.34 207.05   333.85 344.57   195.79 206.51   201.38 212.09   195.11 205.83
2023-06-25   195.39 206.12   195.36 206.09   332.87 343.61   194.82 205.55   200.40 211.13   194.13 204.87
2023-06-26   194.41 205.16   194.38 205.13   331.89 342.64   193.84 204.59   199.42 210.17   193.15 203.91
2023-06-27   193.42 204.19   193.39 204.16   330.91 341.68   192.85 203.62   198.44 209.20   192.17 202.94
2023-06-28   192.43 203.22   192.41 203.19   329.92 340.71   191.86 202.65   197.45 208.24   191.18 201.97
2023-06-29   191.44 202.25   191.42 202.22   328.93 339.73   190.87 201.68   196.46 207.26   190.19 201.00
2023-06-30   190.45 201.27   190.43 201.24   327.94 338.76   189.88 200.70   195.47 206.29   189.20 200.02
2023-07-01   189.46 200.29   189.43 200.27   326.94 337.78   188.89 199.72   194.47 205.31   188.21 199.04
2023-07-02   188.46 199.31   188.43 199.28   325.94 336.80   187.89 198.74   193.47 204.33   187.21 198.06
2023-07-03   187.46 198.32   187.43 198.30   324.94 335.81   186.89 197.75   192.47 203.34   186.20 197.07
2023-07-04   186.45 197.34   186.42 197.31   323.94 334.82   185.88 196.77   191.47 202.35   185.20 196.09
2023-07-05   185.44 196.35   185.42 196.32   322.93 333.83   184.87 195.78   190.46 201.36   184.19 195.09
2023-07-06   184.43 195.35   184.41 195.32   321.92 332.84   183.86 194.78   189.45 200.37   183.18 194.10
2023-07-07   183.42 194.35   183.39 194.33   320.91 331.84   182.85 193.78   188.43 199.37   182.17 193.10
2023-07-08   182.40 193.35   182.38 193.33   319.89 330.84   181.83 192.78   187.42 198.37   181.15 192.10
2023-07-09   181.38 192.35   181.36 192.32   318.87 329.84   180.81 191.78   186.40 197.36   180.13 191.10
2023-07-10   180.36 191.34   180.34 191.32   317.85 328.83   179.79 190.77   185.38 196.36   179.11 190.09
2023-07-11   179.34 190.33   179.31 190.31   316.83 327.82   178.77 189.76   184.36 195.35   178.09 189.08
2023-07-12   178.31 189.32   178.29 189.30   315.80 326.81   177.74 188.75   183.33 194.34   177.06 188.07
2023-07-13   177.29 188.31   177.26 188.28   314.77 325.80   176.72 187.74   182.30 193.32   176.03 187.06
2023-07-14   176.25 187.29   176.23 187.26   313.74 324.78   175.68 186.72   181.27 192.31   175.00 186.04
2023-07-15   175.22 186.27   175.20 186.25   312.71 323.76   174.65 185.70   180.24 191.29   173.97 185.02
2023-07-16   174.19 185.25   174.16 185.22   311.67 322.74   173.62 184.68   179.20 190.26   172.94 184.00
2023-07-17   173.15 184.22   173.12 184.20   310.64 321.71   172.58 183.65   178.17 189.24   171.90 182.97
2023-07-18   172.11 183.20   172.08 183.17   309.60 320.69   171.54 182.63   177.13 188.21   170.86 181.95
2023-07-19   171.07 182.17   171.04 182.14   308.56 319.66   170.50 181.60   176.09 187.18   169.82 180.92
2023-07-20   170.03 181.14   170.00 181.11   307.52 318.62   169.46 180.57   175.04 186.15   168.78 179.89
2023-07-21   168.98 180.10   168.96 180.08   306.47 317.59   168.41 179.53   174.00 185.12   167.73 178.85
2023-07-22   167.94 179.07   167.91 179.04   305.43 316.55   167.37 178.50   172.95 184.08   166.69 177.82
2023-07-23   166.89 178.03   166.86 178.00   304.38 315.52   166.32 177.46   171.91 183.05   165.64 176.78
2023-07-24   165.84 176.99   165.82 176.96   303.33 314.48   165.27 176.42   170.86 182.01   164.59 175.74
2023-07-25   164.79 175.95   164.77 175.92   302.28 313.44   164.22 175.38   169.81 180.96   163.54 174.70
2023-07-26   163.74 174.91   163.72 174.88   301.23 312.39   163.17 174.34   168.76 179.92   162.49 173.66
2023-07-27   162.69 173.86   162.66 173.84   300.18 311.35   162.12 173.29   167.71 178.88   161.44 172.61
2023-07-28   161.64 172.82   161.61 172.79   299.13 310.30   161.07 172.25   166.65 177.83   160.39 171.56
2023-07-29   160.59 171.77   160.56 171.74   298.07 309.26   160.02 171.20   165.60 176.78   159.33 170.52
2023-07-30   159.53 170.72   159.51 170.69   297.02 308.21   158.96 170.15   164.55 175.74   158.28 169.47
2023-07-31   158.48 169.67   158.45 169.64   295.96 307.16   157.91 169.10   163.49 174.69   157.23 168.42
2023-08-01   157.42 168.62   157.40 168.59   294.91 306.11   156.85 168.05   162.44 173.63   156.17 167.37
2023-08-02   156.37 167.57   156.34 167.54   293.85 305.05   155.80 167.00   161.38 172.58   155.12 166.32
2023-08-03   155.31 166.51   155.29 166.49   292.80 304.00   154.74 165.94   160.33 171.53   154.06 165.26
2023-08-04   154.26 165.46   154.23 165.44   291.74 302.95   153.69 164.89   159.27 170.48   153.01 164.21
2023-08-05   153.20 164.41   153.18 164.38   290.69 301.90   152.63 163.84   158.22 169.42   151.95 163.16
2023-08-06   152.15 163.35   152.12 163.33   289.63 300.84   151.58 162.78   157.16 168.37   150.90 162.10
2023-08-07   151.09 162.30   151.07 162.27   288.58 299.79   150.52 161.73   156.11 167.31   149.84 161.05
2023-08-08   150.04 161.24   150.01 161.22   287.52 298.73   149.47 160.67   155.05 166.26   148.79 159.99
2023-08-09   148.98 160.19   148.96 160.16   286.47 297.68   148.41 159.62   154.00 165.20   147.73 158.94
2023-08-10   147.93 159.13   147.90 159.11   285.42 296.62   147.36 158.56   152.95 164.15   146.68 157.88
2023-08-11   146.88 158.08   146.85 158.05   284.36 295.57   146.31 157.51   151.89 163.09   145.63 156.83
2023-08-12   145.83 157.02   145.80 157.00   283.31 294.51   145.26 156.45   150.84 162.04   144.57 155.77
2023-08-13   144.77 155.97   144.75 155.94   282.26 293.46   144.20 155.40   149.79 160.98   143.52 154.72
2023-08-14   143.72 154.91   143.70 154.89   281.21 292.40   143.15 154.34   148.74 159.93   142.47 153.66
2023-08-15   142.68 153.86   142.65 153.83   280.16 291.35   142.11 153.29   147.69 158.88   141.43 152.61
2023-08-16   141.63 152.81   141.60 152.78   279.12 290.30   141.06 152.24   146.64 157.82   140.38 151.56
2023-08-17   140.58 151.76   140.56 151.73   278.07 289.24   140.01 151.19   145.60 156.77   139.33 150.51
2023-08-18   139.54 150.70   139.51 150.68   277.03 288.19   138.97 150.13   144.55 155.72   138.29 149.45
2023-08-19   138.50 149.65   138.47 149.63   275.98 287.14   137.93 149.08   143.51 154.67   137.24 148.40
2023-08-20   137.45 148.61   137.43 148.58   274.94 286.09   136.88 148.04   142.47 153.62   136.20 147.35
2023-08-21   136.41 147.56   136.39 147.53   273.90 285.04   135.84 146.99   141.43 152.57   135.16 146.31
2023-08-22   135.38 146.51   135.35 146.48   272.86 284.00   134.81 145.94   140.39 151.53   134.13 145.26
2023-08-23   134.34 145.46   134.31 145.44   271.83 282.95   133.77 144.89   139.36 150.48   133.09 144.21
2023-08-24   133.31 144.42   133.28 144.39   270.79 281.91   132.74 143.85   138.32 149.44   132.06 143.17
2023-08-25   132.28 143.38   132.25 143.35   269.76 280.87   131.71 142.81   137.29 148.39   131.02 142.13
2023-08-26   131.25 142.34   131.22 142.31   268.73 279.82   130.68 141.77   136.26 147.35   129.99 141.09
2023-08-27   130.22 141.30   130.19 141.27   267.71 278.79   129.65 140.73   135.23 146.31   128.97 140.05
2023-08-28   129.19 140.26   129.17 140.23   266.68 277.75   128.62 139.69   134.21 145.28   127.94 139.01
2023-08-29   128.17 139.23   128.14 139.20   265.66 276.71   127.60 138.66   133.19 144.24   126.92 137.97
2023-08-30   127.15 138.19   127.12 138.17   264.64 275.68   126.58 137.62   132.16 143.21   125.90 136.94
2023-08-31   126.13 137.16   126.10 137.13   263.62 274.65   125.56 136.59   131.15 142.18   124.88 135.91
2023-09-01   125.12 136.13   125.09 136.10   262.60 273.62   124.55 135.56   130.13 141.15   123.86 134.88
2023-09-02   124.10 135.10   124.08 135.08   261.59 272.59   123.53 134.53   129.12 140.12   122.85 133.85
2023-09-03   123.09 134.08   123.06 134.05   260.58 271.57   122.52 133.51   128.11 139.09   121.84 132.83
2023-09-04   122.08 133.06   122.06 133.03   259.57 270.54   121.51 132.49   127.10 138.07   120.83 131.81
2023-09-05   121.08 132.04   121.05 132.01   258.57 269.52   120.51 131.47   126.09 137.05   119.83 130.78
2023-09-06   120.08 131.02   120.05 130.99   257.56 268.51   119.51 130.45   125.09 136.03   118.82 129.77
2023-09-07   119.07 130.00   119.05 129.98   256.56 267.49   118.50 129.43   124.09 135.02   117.82 128.75
2023-09-08   118.08 128.99   118.05 128.96   255.56 266.48   117.51 128.42   123.09 134.00   116.83 127.74
2023-09-09   117.08 127.98   117.06 127.95   254.57 265.47   116.51 127.41   122.10 132.99   115.83 126.73
2023-09-10   116.09 126.97   116.06 126.94   253.58 264.46   115.52 126.40   121.11 131.99   114.84 125.72
2023-09-11   115.10 125.96   115.07 125.94   252.59 263.45   114.53 125.39   120.12 130.98   113.85 124.71
2023-09-12   114.11 124.96   114.09 124.93   251.60 262.45   113.54 124.39   119.13 129.98   112.86 123.71
2023-09-13   113.13 123.96   113.10 123.93   250.62 261.45   112.56 123.39   118.15 128.98   111.88 122.71
2023-09-14   112.15 122.96   112.12 122.94   249.64 260.45   111.58 122.39   117.17 127.98   110.90 121.71
2023-09-15   111.17 121.97   111.14 121.94   248.66 259.46   110.60 121.40   116.19 126.98   109.92 120.72
2023-09-16   110.20 120.98   110.17 120.95   247.68 258.46   109.63 120.41   115.21 125.99   108.94 119.72
2023-09-17   109.22 119.99   109.20 119.96   246.71 257.47   108.65 119.42   114.24 125.00   107.97 118.73
2023-09-18   108.25 119.00   108.23 118.97   245.74 256.49   107.68 118.43   113.27 124.01   107.00 117.75
2023-09-19   107.28 118.01   107.26 117.99   244.77 255.50   106.71 117.44   112.30 123.03   106.03 116.76
2023-09-20   106.32 117.03   106.29 117.00   243.81 254.52   105.75 116.46   111.34 122.05   105.07 115.78
2023-09-21   105.36 116.05   105.33 116.03   242.84 253.54   104.79 115.48   110.37 121.07   104.11 114.80
2023-09-22   104.40 115.08   104.37 115.05   241.89 252.56   103.83 114.51   109.41 120.09   103.15 113.82
2023-09-23   103.44 114.10   103.41 114.07   240.93 251.59   102.87 113.53   108.46 119.12   102.19 112.85
2023-09-24   102.49 113.13   102.46 113.10   239.97 250.62   101.92 112.56   107.50 118.14   101.23 111.88
2023-09-25   101.53 112.16   101.51 112.13   239.02 249.65   100.96 111.59   106.55 117.18   100.28 110.91
2023-09-26   100.58 111.19   100.56 111.17   238.07 248.68   100.01 110.62   105.60 116.21    99.33 109.94
2023-09-27    99.64 110.23    99.61 110.20   237.12 247.72    99.07 109.66   104.65 115.25    98.39 108.98
2023-09-28    98.69 109.27    98.66 109.24   236.18 246.76    98.12 108.70   103.71 114.28    97.44 108.02
2023-09-29    97.75 108.31    97.72 108.28   235.24 245.80    97.18 107.74   102.76 113.32    96.50 107.06
2023-09-30    96.81 107.35    96.78 107.33   234.29 244.84    96.24 106.78   101.82 112.37    95.56 106.10
2023-10-01    95.87 106.40    95.84 106.37   233.36 243.89    95.30 105.83   100.88 111.41    94.62 105.15
2023-10-02    94.93 105.45    94.91 105.42   232.42 242.93    94.36 104.88    99.95 110.46    93.68 104.20
2023-10-03    94.00 104.50    93.97 104.47   231.49 241.98    93.43 103.93    99.01 109.51    92.75 103.25
2023-10-04    93.07 103.55    93.04 103.52   230.55 241.04    92.50 102.98    98.08 108.57    91.82 102.30
2023-10-05    92.14 102.61    92.11 102.58   229.62 240.09    91.57 102.04    97.15 107.62    90.88 101.35
2023-10-06    91.21 101.66    91.18 101.64   228.69 239.15    90.64 101.09    96.22 106.68    89.96 100.41
2023-10-07    90.28 100.72    90.25 100.69   227.77 238.21    89.71 100.15    95.30 105.74    89.03  99.47
2023-10-08    89.36  99.78    89.33  99.76   226.84 237.27    88.79  99.21    94.37 104.80    88.10  98.53
2023-10-09    88.43  98.85    88.41  98.82   225.92 236.33    87.86  98.28    93.45 103.86    87.18  97.59
2023-10-10    87.51  97.91    87.48  97.88   225.00 235.40    86.94  97.34    92.53 102.93    86.26  96.66
2023-10-11    86.59  96.98    86.56  96.95   224.08 234.46    86.02  96.41    91.61 101.99    85.34  95.73
2023-10-12    85.67  96.05    85.64  96.02   223.16 233.53    85.10  95.48    90.69 101.06    84.42  94.79
2023-10-13    84.75  95.12    84.73  95.09   222.24 232.60    84.18  94.55    89.77 100.13    83.50  93.87
2023-10-14    83.84  94.19    83.81  94.16   221.32 231.68    83.27  93.62    88.85  99.20    82.59  92.94
2023-10-15    82.92  93.26    82.90  93.24   220.41 230.75    82.35  92.69    87.94  98.28    81.67  92.01
2023-10-16    82.01  92.34    81.98  92.31   219.50 229.82    81.44  91.77    87.02  97.35    80.76  91.09
2023-10-17    81.10  91.41    81.07  91.39   218.58 228.90    80.53  90.84    86.11  96.43    79.85  90.16
2023-10-18    80.18  90.49    80.16  90.46   217.67 227.98    79.61  89.92    85.20  95.51    78.93  89.24
2023-10-19    79.27  89.57    79.25  89.54   216.76 227.06    78.70  89.00    84.29  94.59    78.02  88.32
2023-10-20    78.36  88.65    78.34  88.62   215.85 226.14    77.79  88.08    83.38  93.67    77.11  87.40
2023-10-21    77.45  87.73    77.43  87.71   214.94 225.22    76.88  87.16    82.47  92.75    76.20  86.48
2023-10-22    76.54  86.81    76.52  86.79   214.03 224.30    75.97  86.24    81.56  91.83    75.29  85.56
2023-10-23    75.64  85.90    75.61  85.87   213.12 223.39    75.07  85.33    80.65  90.91    74.39  84.65
2023-10-24    74.73  84.98    74.70  84.96   212.22 222.47    74.16  84.41    79.74  90.00    73.48  83.73
2023-10-25    73.82  84.07    73.79  84.04   211.31 221.56    73.25  83.50    78.84  89.08    72.57  82.82
2023-10-26    72.91  83.15    72.89  83.13   210.40 220.64    72.34  82.58    77.93  88.17    71.66  81.90
2023-10-27    72.01  82.24    71.98  82.21   209.49 219.73    71.44  81.67    77.02  87.26    70.75  80.99
2023-10-28    71.10  81.33    71.07  81.30   208.59 218.82    70.53  80.76    76.11  86.34    69.85  80.08
2023-10-29    70.19  80.42    70.16  80.39   207.68 217.90    69.62  79.85    75.21  85.43    68.94  79.16
2023-10-30    69.28  79.50    69.26  79.48   206.77 216.99    68.71  78.93    74.30  84.52    68.03  78.25
2023-10-31    68.38  78.59    68.35  78.57   205.86 216.08    67.81  78.02    73.39  83.61    67.13  77.34
2023-11-01    67.47  77.68    67.44  77.65   204.96 215.17    66.90  77.11    72.48  82.70    66.22  76.43
2023-11-02    66.56  76.77    66.53  76.74   204.05 214.26    65.99  76.20    71.58  81.78    65.31  75.52
2023-11-03    65.65  75.86    65.63  75.83   203.14 213.34    65.08  75.29    70.67  80.87    64.40  74.61
2023-11-04    64.74  74.95    64.72  74.92   202.23 212.43    64.17  74.38    69.76  79.96    63.49  73.70
2023-11-05    63.83  74.03    63.81  74.01   201.32 211.52    63.26  73.46    68.85  79.05    62.58  72.78
2023-11-06    62.92  73.12    62.90  73.10   200.41 210.61    62.35  72.55    67.94  78.14    61.67  71.87
2023-11-07    62.01  72.21    61.98  72.18   199.50 209.70    61.44  71.64    67.03  77.23    60.76  70.96
2023-11-08    61.10  71.30    61.07  71.27   198.59 208.79    60.53  70.73    66.11  76.31    59.85  70.05
2023-11-09    60.18  70.38    60.16  70.36   197.67 207.87    59.61  69.81    65.20  75.40    58.93  69.13
2023-11-10    59.27  69.47    59.24  69.44   196.76 206.96    58.70  68.90    64.28  74.49    58.02  68.22
2023-11-11    58.35  68.56    58.33  68.53   195.84 206.04    57.78  67.99    63.37  73.57    57.10  67.31
2023-11-12    57.44  67.64    57.41  67.61   194.92 205.13    56.87  67.07    62.45  72.66    56.19  66.39
2023-11-13    56.52  66.73    56.49  66.70   194.01 204.21    55.95  66.16    61.53  71.74    55.27  65.47
2023-11-14    55.68  65.73    55.65  65.70   193.17 203.21    55.11  65.16    60.69  70.74    54.43  64.48
2023-11-15    55.02  64.55    54.99  64.52   192.50 202.04    54.45  63.98    60.03  69.57    53.76  63.30
2023-11-16    54.35  63.37    54.32  63.35   191.84 200.86    53.78  62.80    59.37  68.39    53.10  62.12
2023-11-17    53.68  62.19    53.66  62.17   191.17 199.68    53.11  61.62    58.70  67.21    52.43  60.94
2023-11-18    53.01  61.01    52.99  60.99   190.50 198.50    52.44  60.44    58.03  66.03    51.76  59.76
2023-11-19    52.34  59.83    52.32  59.81   189.83 197.32    51.77  59.26    57.36  64.85    51.09  58.58
2023-11-20    51.67  58.65    51.64  58.62   189.16 196.14    51.10  58.08    56.68  63.67    50.42  57.40
