
       Target
                ecliptic
RA      Dec     latitude
 42.898 290.327 -72.631

Checked interval [2020-01-01, 2023-12-31]
|           Window [days]                 |    Normal V3 PA [deg]    |
   Start           End         Duration         Start         End         RA            Dec     
 2020-04-30      2020-12-08       222.00     175.37159      29.97697      42.89823     290.32724 
 2021-05-01      2021-12-08       221.00     176.02524      29.73770      42.89823     290.32724 
 2022-05-01      2022-12-08       221.00     175.76071      29.50949      42.89823     290.32724 
 2023-05-01      2023-12-08       221.00     175.49639      29.29375      42.89823     290.32724 


                V3PA          NIRCam           NIRSpec         NIRISS           MIRI          FGS
   Date      min    max      min    max       min    max     min    max      min    max      min    max

2020-05-01   172.02 178.91   172.00 178.88   309.51 316.39   171.45 178.34   177.04 183.92   170.77 177.65
2020-05-02   172.78 180.00   172.75 179.98   310.27 317.49   172.21 179.43   177.79 185.02   171.53 178.75
2020-05-03   173.53 181.10   173.50 181.07   311.02 318.59   172.96 180.53   178.55 186.12   172.28 179.85
2020-05-04   174.28 182.20   174.26 182.17   311.77 319.68   173.71 181.63   179.30 187.21   173.03 180.95
2020-05-05   175.03 183.29   175.01 183.27   312.52 320.78   174.46 182.72   180.05 188.31   173.78 182.04
2020-05-06   175.78 184.39   175.76 184.36   313.27 321.88   175.21 183.82   180.80 189.40   174.53 183.14
2020-05-07   176.53 185.48   176.50 185.46   314.02 322.97   175.96 184.91   181.54 190.50   175.28 184.23
2020-05-08   177.27 186.58   177.25 186.55   314.76 324.07   176.70 186.01   182.29 191.60   176.02 185.33
2020-05-09   178.02 187.68   177.99 187.65   315.51 325.16   177.45 187.11   183.03 192.69   176.77 186.42
2020-05-10   178.76 188.77   178.74 188.74   316.25 326.26   178.19 188.20   183.78 193.79   177.51 187.52
2020-05-11   179.58 189.79   179.55 189.76   317.07 327.28   179.01 189.22   184.60 194.81   178.33 188.54
2020-05-12   180.50 190.71   180.47 190.68   317.99 328.19   179.93 190.14   185.52 195.72   179.25 189.46
2020-05-13   181.42 191.62   181.39 191.60   318.91 329.11   180.85 191.05   186.43 196.64   180.17 190.37
2020-05-14   182.34 192.54   182.31 192.51   319.82 330.03   181.77 191.97   187.35 197.56   181.09 191.29
2020-05-15   183.25 193.46   183.23 193.43   320.74 330.94   182.68 192.89   188.27 198.47   182.00 192.21
2020-05-16   184.17 194.37   184.14 194.35   321.66 331.86   183.60 193.80   189.19 199.39   182.92 193.12
2020-05-17   185.09 195.29   185.06 195.26   322.58 332.78   184.52 194.72   190.10 200.30   183.84 194.04
2020-05-18   186.00 196.20   185.98 196.18   323.49 333.69   185.43 195.63   191.02 201.22   184.75 194.95
2020-05-19   186.92 197.12   186.89 197.09   324.41 334.61   186.35 196.55   191.93 202.13   185.67 195.87
2020-05-20   187.84 198.04   187.81 198.01   325.32 335.52   187.27 197.47   192.85 203.05   186.58 196.78
2020-05-21   188.75 198.95   188.72 198.92   326.24 336.44   188.18 198.38   193.77 203.97   187.50 197.70
2020-05-22   189.67 199.87   189.64 199.84   327.15 337.35   189.10 199.30   194.68 204.88   188.42 198.62
2020-05-23   190.58 200.78   190.56 200.76   328.07 338.27   190.01 200.21   195.60 205.80   189.33 199.53
2020-05-24   191.50 201.70   191.47 201.67   328.98 339.19   190.93 201.13   196.51 206.71   190.25 200.45
2020-05-25   192.41 202.62   192.39 202.59   329.90 340.10   191.84 202.05   197.43 207.63   191.16 201.37
2020-05-26   193.33 203.53   193.30 203.51   330.81 341.02   192.76 202.96   198.34 208.55   192.08 202.28
2020-05-27   194.24 204.45   194.22 204.42   331.73 341.94   193.67 203.88   199.26 209.47   192.99 203.20
2020-05-28   195.16 205.37   195.13 205.34   332.65 342.86   194.59 204.80   200.17 210.38   193.91 204.12
2020-05-29   196.07 206.29   196.05 206.26   333.56 343.77   195.50 205.72   201.09 211.30   194.82 205.04
2020-05-30   196.99 207.21   196.96 207.18   334.48 344.69   196.42 206.64   202.01 212.22   195.74 205.95
2020-05-31   197.91 208.12   197.88 208.10   335.40 345.61   197.34 207.55   202.92 213.14   196.66 206.87
2020-06-01   198.82 209.04   198.80 209.02   336.31 346.53   198.25 208.47   203.84 214.06   197.57 207.79
2020-06-02   199.74 209.97   199.72 209.94   337.23 347.45   199.17 209.40   204.76 214.98   198.49 208.71
2020-06-03   200.66 210.89   200.63 210.86   338.15 348.37   200.09 210.32   205.68 215.90   199.41 209.64
2020-06-04   201.58 211.81   201.55 211.78   339.07 349.30   201.01 211.24   206.59 216.82   200.33 210.56
2020-06-05   202.50 212.73   202.47 212.71   339.99 350.22   201.93 212.16   207.51 217.75   201.25 211.48
2020-06-06   203.42 213.66   203.39 213.63   340.91 351.14   202.85 213.09   208.43 218.67   202.17 212.41
2020-06-07   204.34 214.58   204.31 214.55   341.83 352.07   203.77 214.01   209.35 219.60   203.09 213.33
2020-06-08   205.26 215.51   205.23 215.48   342.75 352.99   204.69 214.94   210.28 220.52   204.01 214.26
2020-06-09   206.18 216.43   206.16 216.41   343.67 353.92   205.61 215.86   211.20 221.45   204.93 215.18
2020-06-10   207.11 217.36   207.08 217.33   344.59 354.85   206.54 216.79   212.12 222.38   205.85 216.11
2020-06-11   208.03 218.29   208.00 218.26   345.52 355.78   207.46 217.72   213.04 223.31   206.78 217.04
2020-06-12   208.95 219.22   208.93 219.19   346.44 356.71   208.38 218.65   213.97 224.24   207.70 217.97
2020-06-13   209.88 220.15   209.85 220.13   347.37 357.64   209.31 219.58   214.89 225.17   208.63 218.90
2020-06-14   210.81 221.08   210.78 221.06   348.29 358.57   210.24 220.51   215.82 226.10   209.56 219.83
2020-06-15   211.73 222.02   211.71 221.99   349.22 359.51   211.16 221.45   216.75 227.03   210.48 220.77
2020-06-16   212.66 222.95   212.64 222.93   350.15   0.44   212.09 222.38   217.68 227.97   211.41 221.70
2020-06-17   213.59 223.89   213.57 223.86   351.08   1.38   213.02 223.32   218.61 228.90   212.34 222.64
2020-06-18   214.52 224.83   214.50 224.80   352.01   2.31   213.95 224.26   219.54 229.84   213.27 223.58
2020-06-19   215.46 225.77   215.43 225.74   352.94   3.25   214.89 225.20   220.47 230.78   214.21 224.52
2020-06-20   216.39 226.71   216.36 226.68   353.88   4.19   215.82 226.14   221.41 231.72   215.14 225.46
2020-06-21   217.33 227.65   217.30 227.62   354.81   5.14   216.76 227.08   222.34 232.66   216.08 226.40
2020-06-22   218.26 228.59   218.24 228.57   355.75   6.08   217.69 228.02   223.28 233.61   217.01 227.34
2020-06-23   219.20 229.54   219.17 229.51   356.69   7.02   218.63 228.97   224.22 234.55   217.95 228.29
2020-06-24   220.14 230.48   220.11 230.46   357.63   7.97   219.57 229.91   225.15 235.50   218.89 229.23
2020-06-25   221.08 231.43   221.05 231.40   358.57   8.92   220.51 230.86   226.10 236.45   219.83 230.18
2020-06-26   222.02 232.38   222.00 232.35   359.51   9.87   221.45 231.81   227.04 237.40   220.77 231.13
2020-06-27   222.97 233.33   222.94 233.31     0.45  10.82   222.40 232.76   227.98 238.35   221.71 232.08
2020-06-28   223.91 234.28   223.88 234.26     1.40  11.77   223.34 233.71   228.93 239.30   222.66 233.03
2020-06-29   224.86 235.24   224.83 235.21     2.34  12.73   224.29 234.67   229.87 240.25   223.61 233.99
2020-06-30   225.81 236.19   225.78 236.17     3.29  13.68   225.24 235.62   230.82 241.21   224.55 234.94
2020-07-01   226.76 237.15   226.73 237.13     4.24  14.64   226.19 236.58   231.77 242.17   225.50 235.90
2020-07-02   227.71 238.11   227.68 238.08     5.19  15.60   227.14 237.54   232.72 243.13   226.46 236.86
2020-07-03   228.66 239.07   228.63 239.05     6.15  16.56   228.09 238.50   233.67 244.09   227.41 237.82
2020-07-04   229.61 240.03   229.59 240.01     7.10  17.52   229.04 239.46   234.63 245.05   228.36 238.78
2020-07-05   230.57 241.00   230.54 240.97     8.06  18.49   230.00 240.43   235.58 246.01   229.32 239.75
2020-07-06   231.53 241.96   231.50 241.94     9.01  19.45   230.96 241.39   236.54 246.98   230.28 240.71
2020-07-07   232.49 242.93   232.46 242.90     9.97  20.42   231.92 242.36   237.50 247.95   231.24 241.68
2020-07-08   233.45 243.90   233.42 243.87    10.93  21.39   232.88 243.33   238.46 248.92   232.20 242.65
2020-07-09   234.41 244.87   234.38 244.84    11.90  22.36   233.84 244.30   239.42 249.89   233.16 243.62
2020-07-10   235.37 245.84   235.35 245.82    12.86  23.33   234.80 245.27   240.39 250.86   234.12 244.59
2020-07-11   236.34 246.82   236.31 246.79    13.83  24.30   235.77 246.25   241.35 251.83   235.09 245.57
2020-07-12   237.31 247.79   237.28 247.77    14.79  25.28   236.74 247.22   242.32 252.81   236.06 246.54
2020-07-13   238.28 248.77   238.25 248.74    15.76  26.26   237.71 248.20   243.29 253.78   237.03 247.52
2020-07-14   239.25 249.75   239.22 249.72    16.73  27.24   238.68 249.18   244.26 254.76   238.00 248.50
2020-07-15   240.22 250.73   240.19 250.70    17.71  28.22   239.65 250.16   245.23 255.74   238.97 249.48
2020-07-16   241.19 251.71   241.17 251.68    18.68  29.20   240.62 251.14   246.21 256.73   239.94 250.46
2020-07-17   242.17 252.69   242.14 252.67    19.66  30.18   241.60 252.12   247.18 257.71   240.92 251.44
2020-07-18   243.15 253.68   243.12 253.65    20.63  31.17   242.58 253.11   248.16 258.69   241.89 252.43
2020-07-19   244.12 254.66   244.10 254.64    21.61  32.15   243.55 254.09   249.14 259.68   242.87 253.41
2020-07-20   245.10 255.65   245.08 255.63    22.59  33.14   244.53 255.08   250.12 260.67   243.85 254.40
2020-07-21   246.09 256.64   246.06 256.61    23.57  34.13   245.52 256.07   251.10 261.66   244.83 255.39
2020-07-22   247.07 257.63   247.04 257.61    24.56  35.12   246.50 257.06   252.08 262.65   245.82 256.38
2020-07-23   248.05 258.62   248.03 258.60    25.54  36.11   247.48 258.05   253.07 263.64   246.80 257.37
2020-07-24   249.04 259.62   249.01 259.59    26.53  37.10   248.47 259.05   254.05 264.63   247.79 258.37
2020-07-25   250.03 260.61   250.00 260.58    27.51  38.10   249.46 260.04   255.04 265.63   248.78 259.36
2020-07-26   251.02 261.61   250.99 261.58    28.50  39.09   250.45 261.04   256.03 266.62   249.76 260.36
2020-07-27   252.01 262.60   251.98 262.58    29.49  40.09   251.44 262.03   257.02 267.62   250.75 261.35
2020-07-28   253.00 263.60   252.97 263.57    30.48  41.09   252.43 263.03   258.01 268.62   251.75 262.35
2020-07-29   253.99 264.60   253.96 264.57    31.48  42.09   253.42 264.03   259.01 269.62   252.74 263.35
2020-07-30   254.98 265.60   254.96 265.57    32.47  43.09   254.41 265.03   260.00 270.62   253.73 264.35
2020-07-31   255.98 266.60   255.95 266.57    33.47  44.09   255.41 266.03   260.99 271.62   254.73 265.35
2020-08-01   256.98 267.60   256.95 267.58    34.46  45.09   256.41 267.03   261.99 272.62   255.73 266.35
2020-08-02   257.97 268.61   257.95 268.58    35.46  46.09   257.40 268.04   262.99 273.62   256.72 267.36
2020-08-03   258.97 269.61   258.95 269.58    36.46  47.10   258.40 269.04   263.99 274.63   257.72 268.36
2020-08-04   259.97 270.62   259.95 270.59    37.46  48.10   259.40 270.05   264.99 275.63   258.72 269.36
2020-08-05   260.97 271.62   260.95 271.59    38.46  49.11   260.40 271.05   265.99 276.64   259.72 270.37
2020-08-06   261.97 272.63   261.95 272.60    39.46  50.11   261.40 272.06   266.99 277.64   260.72 271.38
2020-08-07   262.98 273.63   262.95 273.61    40.47  51.12   262.41 273.06   267.99 278.65   261.73 272.38
2020-08-08   263.98 274.64   263.96 274.62    41.47  52.13   263.41 274.07   269.00 279.66   262.73 273.39
2020-08-09   264.99 275.65   264.96 275.62    42.47  53.14   264.42 275.08   270.00 280.67   263.74 274.40
2020-08-10   265.99 276.66   265.97 276.63    43.48  54.15   265.42 276.09   271.01 281.68   264.74 275.41
2020-08-11   267.00 277.67   266.97 277.64    44.49  55.16   266.43 277.10   272.01 282.68   265.75 276.42
2020-08-12   268.01 278.68   267.98 278.65    45.49  56.17   267.44 278.11   273.02 283.69   266.75 277.43
2020-08-13   269.01 279.69   268.99 279.66    46.50  57.18   268.44 279.12   274.03 284.71   267.76 278.44
2020-08-14   270.02 280.70   269.99 280.67    47.51  58.19   269.45 280.13   275.04 285.72   268.77 279.45
2020-08-15   271.03 281.71   271.00 281.69    48.52  59.20   270.46 281.14   276.05 286.73   269.78 280.46
2020-08-16   272.04 282.72   272.01 282.70    49.53  60.21   271.47 282.15   277.06 287.74   270.79 281.47
2020-08-17   273.05 283.74   273.02 283.71    50.54  61.22   272.48 283.17   278.07 288.75   271.80 282.48
2020-08-18   274.06 284.75   274.03 284.72    51.55  62.23   273.49 284.18   279.08 289.76   272.81 283.50
2020-08-19   275.07 285.76   275.05 285.73    52.56  63.25   274.50 285.19   280.09 290.77   273.82 284.51
2020-08-20   276.08 286.77   276.06 286.74    53.57  64.26   275.51 286.20   281.10 291.79   274.83 285.52
2020-08-21   277.09 287.78   277.07 287.76    54.58  65.27   276.52 287.21   282.11 292.80   275.84 286.53
2020-08-22   278.11 288.80   278.08 288.77    55.59  66.28   277.54 288.23   283.12 293.81   276.86 287.54
2020-08-23   279.12 289.81   279.09 289.78    56.61  67.29   278.55 289.24   284.13 294.82   277.87 288.56
2020-08-24   280.13 290.82   280.10 290.79    57.62  68.31   279.56 290.25   285.15 295.83   278.88 289.57
2020-08-25   281.14 291.83   281.12 291.80    58.63  69.32   280.57 291.26   286.16 296.85   279.89 290.58
2020-08-26   282.16 292.84   282.13 292.82    59.64  70.33   281.59 292.27   287.17 297.86   280.91 291.59
2020-08-27   283.17 293.85   283.14 293.83    60.66  71.34   282.60 293.28   288.18 298.87   281.92 292.60
2020-08-28   284.18 294.86   284.16 294.84    61.67  72.35   283.61 294.29   289.20 299.88   282.93 293.61
2020-08-29   285.19 295.88   285.17 295.85    62.68  73.36   284.62 295.31   290.21 300.89   283.94 294.62
2020-08-30   286.21 296.89   286.18 296.86    63.69  74.37   285.64 296.32   291.22 301.90   284.96 295.63
2020-08-31   287.22 297.89   287.19 297.87    64.71  75.38   286.65 297.32   292.23 302.91   285.97 296.64
2020-09-01   288.23 298.90   288.20 298.88    65.72  76.39   287.66 298.33   293.25 303.92   286.98 297.65
2020-09-02   289.24 299.91   289.22 299.89    66.73  77.40   288.67 299.34   294.26 304.93   287.99 298.66
2020-09-03   290.25 300.92   290.23 300.89    67.74  78.41   289.68 300.35   295.27 305.94   289.00 299.67
2020-09-04   291.26 301.93   291.24 301.90    68.75  79.41   290.69 301.36   296.28 306.94   290.01 300.68
2020-09-05   292.27 302.93   292.25 302.91    69.76  80.42   291.70 302.36   297.29 307.95   291.02 301.68
2020-09-06   293.29 303.94   293.26 303.91    70.77  81.43   292.72 303.37   298.30 308.96   292.03 302.69
2020-09-07   294.29 304.95   294.27 304.92    71.78  82.43   293.72 304.38   299.31 309.96   293.04 303.69
2020-09-08   295.30 305.95   295.28 305.92    72.79  83.44   294.73 305.38   300.32 310.96   294.05 304.70
2020-09-09   296.31 306.95   296.29 306.93    73.80  84.44   295.74 306.38   301.33 311.97   295.06 305.70
2020-09-10   297.32 307.96   297.29 307.93    74.81  85.44   296.75 307.39   302.34 312.97   296.07 306.70
2020-09-11   298.33 308.96   298.30 308.93    75.81  86.44   297.76 308.39   303.34 313.97   297.08 307.71
2020-09-12   299.33 309.96   299.31 309.93    76.82  87.45   298.76 309.39   304.35 314.97   298.08 308.71
2020-09-13   300.34 310.96   300.31 310.93    77.83  88.45   299.77 310.39   305.35 315.97   299.09 309.71
2020-09-14   301.34 311.96   301.32 311.93    78.83  89.44   300.77 311.39   306.36 316.97   300.09 310.71
2020-09-15   302.35 312.95   302.32 312.93    79.84  90.44   301.78 312.38   307.36 317.97   301.10 311.70
2020-09-16   303.35 313.95   303.32 313.93    80.84  91.44   302.78 313.38   308.37 318.97   302.10 312.70
2020-09-17   304.35 314.95   304.33 314.92    81.84  92.43   303.78 314.38   309.37 319.96   303.10 313.70
2020-09-18   305.36 315.94   305.33 315.92    82.84  93.43   304.79 315.37   310.37 320.96   304.10 314.69
2020-09-19   306.36 316.94   306.33 316.91    83.84  94.42   305.79 316.37   311.37 321.95   305.11 315.68
2020-09-20   307.36 317.93   307.33 317.90    84.84  95.42   306.79 317.36   312.37 322.94   306.10 316.68
2020-09-21   308.35 318.92   308.33 318.89    85.84  96.41   307.78 318.35   313.37 323.93   307.10 317.67
2020-09-22   309.35 319.91   309.33 319.88    86.84  97.40   308.78 319.34   314.37 324.92   308.10 318.66
2020-09-23   310.35 320.90   310.32 320.87    87.84  98.39   309.78 320.33   315.36 325.91   309.10 319.65
2020-09-24   311.34 321.89   311.32 321.86    88.83  99.37   310.77 321.32   316.36 326.90   310.09 320.64
2020-09-25   312.34 322.87   312.31 322.85    89.83 100.36   311.77 322.30   317.35 327.89   311.09 321.62
2020-09-26   313.33 323.86   313.31 323.83    90.82 101.35   312.76 323.29   318.35 328.87   312.08 322.61
2020-09-27   314.32 324.84   314.30 324.82    91.81 102.33   313.75 324.27   319.34 329.86   313.07 323.59
2020-09-28   315.31 325.83   315.29 325.80    92.80 103.31   314.74 325.26   320.33 330.84   314.06 324.58
2020-09-29   316.31 326.81   316.28 326.78    93.79 104.30   315.74 326.24   321.32 331.82   315.05 325.56
2020-09-30   317.29 327.79   317.27 327.76    94.78 105.28   316.72 327.22   322.31 332.80   316.04 326.54
2020-10-01   318.28 328.77   318.26 328.74    95.77 106.26   317.71 328.20   323.30 333.78   317.03 327.52
2020-10-02   319.27 329.75   319.24 329.72    96.76 107.23   318.70 329.18   324.28 334.76   318.02 328.50
2020-10-03   320.25 330.72   320.23 330.70    97.74 108.21   319.68 330.15   325.27 335.74   319.00 329.47
2020-10-04   321.24 331.70   321.21 331.67    98.73 109.19   320.67 331.13   326.25 336.71   319.99 330.45
2020-10-05   322.22 332.67   322.20 332.65    99.71 110.16   321.65 332.10   327.24 337.69   320.97 331.42
2020-10-06   323.20 333.65   323.18 333.62   100.69 111.14   322.63 333.08   328.22 338.66   321.95 332.40
2020-10-07   324.18 334.62   324.16 334.59   101.67 112.11   323.61 334.05   329.20 339.64   322.93 333.37
2020-10-08   325.16 335.59   325.14 335.57   102.65 113.08   324.59 335.02   330.18 340.61   323.91 334.34
2020-10-09   326.14 336.56   326.12 336.54   103.63 114.05   325.57 335.99   331.16 341.58   324.89 335.31
2020-10-10   327.12 337.53   327.09 337.51   104.61 115.02   326.55 336.96   332.14 342.55   325.87 336.28
2020-10-11   328.10 338.50   328.07 338.47   105.58 115.99   327.53 337.93   333.11 343.52   326.85 337.25
2020-10-12   329.07 339.47   329.05 339.44   106.56 116.96   328.50 338.90   334.09 344.48   327.82 338.22
2020-10-13   330.05 340.43   330.02 340.41   107.53 117.92   329.48 339.86   335.06 345.45   328.80 339.18
2020-10-14   331.02 341.40   330.99 341.37   108.51 118.89   330.45 340.83   336.04 346.41   329.77 340.15
2020-10-15   331.99 342.36   331.97 342.34   109.48 119.85   331.42 341.79   337.01 347.38   330.74 341.11
2020-10-16   332.96 343.33   332.94 343.30   110.45 120.81   332.39 342.76   337.98 348.34   331.71 342.08
2020-10-17   333.93 344.29   333.91 344.26   111.42 121.78   333.36 343.72   338.95 349.30   332.68 343.04
2020-10-18   334.90 345.25   334.88 345.22   112.39 122.74   334.33 344.68   339.92 350.27   333.65 344.00
2020-10-19   335.87 346.21   335.85 346.19   113.36 123.70   335.30 345.64   340.89 351.23   334.62 344.96
2020-10-20   336.84 347.17   336.81 347.15   114.33 124.66   336.27 346.60   341.86 352.19   335.59 345.92
2020-10-21   337.81 348.13   337.78 348.11   115.29 125.62   337.24 347.56   342.82 353.15   336.56 346.88
2020-10-22   338.77 349.09   338.75 349.06   116.26 126.58   338.20 348.52   343.79 354.11   337.52 347.84
2020-10-23   339.74 350.05   339.71 350.02   117.23 127.54   339.17 349.48   344.75 355.06   338.49 348.80
2020-10-24   340.70 351.01   340.68 350.98   118.19 128.49   340.13 350.44   345.72 356.02   339.45 349.75
2020-10-25   341.67 351.96   341.64 351.94   119.15 129.45   341.10 351.39   346.68 356.98   340.41 350.71
2020-10-26   342.63 352.92   342.60 352.89   120.12 130.41   342.06 352.35   347.64 357.93   341.38 351.67
2020-10-27   343.59 353.87   343.56 353.85   121.08 131.36   343.02 353.30   348.61 358.89   342.34 352.62
2020-10-28   344.55 354.83   344.53 354.80   122.04 132.32   343.98 354.26   349.57 359.84   343.30 353.58
2020-10-29   345.51 355.78   345.49 355.76   123.00 133.27   344.94 355.21   350.53   0.80   344.26 354.53
2020-10-30   346.47 356.74   346.45 356.71   123.96 134.23   345.90 356.17   351.49   1.75   345.22 355.49
2020-10-31   347.43 357.69   347.41 357.67   124.92 135.18   346.86 357.12   352.45   2.71   346.18 356.44
2020-11-01   348.39 358.65   348.37 358.62   125.88 136.13   347.82 358.08   353.41   3.66   347.14 357.40
2020-11-02   349.35 359.60   349.32 359.57   126.84 137.09   348.78 359.03   354.37   4.62   348.10 358.35
2020-11-03   350.31   0.55   350.28   0.53   127.80 138.04   349.74 359.98   355.32   5.57   349.06 359.30
2020-11-04   351.27   1.51   351.24   1.48   128.75 138.99   350.70   0.94   356.28   6.52   350.02   0.26
2020-11-05   352.22   2.46   352.20   2.43   129.71 139.95   351.65   1.89   357.24   7.48   350.97   1.21
2020-11-06   353.18   3.41   353.16   3.39   130.67 140.90   352.61   2.84   358.20   8.43   351.93   2.16
2020-11-07   354.14   4.37   354.11   4.34   131.63 141.85   353.57   3.80   359.15   9.38   352.89   3.12
2020-11-08   355.10   5.32   355.07   5.29   132.58 142.81   354.53   4.75     0.11  10.34   353.85   4.07
2020-11-09   356.05   6.27   356.03   6.25   133.54 143.76   355.48   5.70     1.07  11.29   354.80   5.02
2020-11-10   357.01   7.23   356.98   7.20   134.50 144.71   356.44   6.66     2.03  12.24   355.76   5.98
2020-11-11   357.97   8.18   357.94   8.15   135.45 145.67   357.40   7.61     2.98  13.20   356.72   6.93
2020-11-12   358.92   9.14   358.90   9.11   136.41 146.62   358.35   8.57     3.94  14.15   357.67   7.88
2020-11-13   359.88  10.09   359.85  10.06   137.37 147.58   359.31   9.52     4.90  15.10   358.63   8.84
2020-11-14     0.84  11.04     0.81  11.02   138.32 148.53     0.27  10.47     5.85  16.06   359.59   9.79
2020-11-15     1.79  12.00     1.77  11.97   139.28 149.49     1.22  11.43     6.81  17.02     0.54  10.75
2020-11-16     2.75  12.96     2.73  12.93   140.24 150.44     2.18  12.39     7.77  17.97     1.50  11.70
2020-11-17     3.71  13.91     3.68  13.89   141.20 151.40     3.14  13.34     8.72  18.93     2.46  12.66
2020-11-18     4.67  14.87     4.64  14.84   142.16 152.36     4.10  14.30     9.68  19.88     3.42  13.62
2020-11-19     5.63  15.83     5.60  15.80   143.11 153.31     5.06  15.26    10.64  20.84     4.38  14.58
2020-11-20     6.58  16.79     6.56  16.76   144.07 154.27     6.01  16.22    11.60  21.80     5.33  15.53
2020-11-21     7.54  17.74     7.52  17.72   145.03 155.23     6.97  17.17    12.56  22.76     6.29  16.49
2020-11-22     8.50  18.70     8.48  18.68   145.99 156.19     7.93  18.13    13.52  23.72     7.25  17.45
2020-11-23     9.46  19.66     9.44  19.64   146.95 157.15     8.89  19.09    14.48  24.68     8.21  18.41
2020-11-24    10.43  20.63    10.40  20.60   147.91 158.11     9.86  20.06    15.44  25.64     9.17  19.38
2020-11-25    11.39  21.59    11.36  21.56   148.87 159.08    10.82  21.02    16.40  26.60    10.14  20.34
2020-11-26    12.35  22.55    12.32  22.53   149.84 160.04    11.78  21.98    17.36  27.57    11.10  21.30
2020-11-27    13.31  23.52    13.29  23.49   150.80 161.01    12.74  22.95    18.33  28.53    12.06  22.27
2020-11-28    14.28  24.48    14.25  24.46   151.76 161.97    13.71  23.91    19.29  29.50    13.03  23.23
2020-11-29    15.24  25.45    15.22  25.42   152.73 162.94    14.67  24.88    20.26  30.47    13.99  24.20
2020-11-30    16.35  26.28    16.32  26.25   153.84 163.76    15.78  25.71    21.37  31.29    15.10  25.03
2020-12-01    17.51  27.06    17.48  27.03   155.00 164.54    16.94  26.49    22.52  32.07    16.26  25.80
2020-12-02    18.67  27.84    18.64  27.81   156.15 165.32    18.10  27.27    23.68  32.85    17.42  26.59
2020-12-03    19.83  28.62    19.80  28.59   157.31 166.11    19.26  28.05    24.84  33.63    18.58  27.37
2020-12-04    20.99  29.40    20.96  29.38   158.47 166.89    20.42  28.83    26.00  34.42    19.73  28.15
2020-12-05    22.15  30.19    22.12  30.16   159.63 167.68    21.58  29.62    27.16  35.20    20.90  28.94
2020-12-06    23.31  30.98    23.28  30.95   160.79 168.46    22.74  30.41    28.32  35.99    22.06  29.73
2020-12-07    24.47  31.77    24.44  31.74   161.96 169.26    23.90  31.20    29.48  36.78    23.22  30.52
2020-12-08    25.63  32.56    25.60  32.53   163.12 170.05    25.06  31.99    30.65  37.58    24.38  31.31

2021-05-02   172.56 179.68   172.53 179.65   310.05 317.16   171.99 179.11   177.57 184.69   171.31 178.43
2021-05-03   173.31 180.77   173.29 180.75   310.80 318.26   172.74 180.20   178.33 185.79   172.06 179.52
2021-05-04   174.07 181.87   174.04 181.85   311.56 319.36   173.50 181.30   179.08 186.89   172.82 180.62
2021-05-05   174.82 182.97   174.79 182.94   312.31 320.46   174.25 182.40   179.84 187.98   173.57 181.72
2021-05-06   175.57 184.07   175.54 184.04   313.06 321.55   175.00 183.50   180.59 189.08   174.32 182.82
2021-05-07   176.32 185.16   176.29 185.14   313.81 322.65   175.75 184.59   181.33 190.18   175.07 183.91
2021-05-08   177.07 186.26   177.04 186.23   314.55 323.75   176.50 185.69   182.08 191.28   175.82 185.01
2021-05-09   177.81 187.36   177.79 187.33   315.30 324.84   177.24 186.79   182.83 192.37   176.56 186.11
2021-05-10   178.56 188.45   178.53 188.43   316.05 325.94   177.99 187.88   183.57 193.47   177.31 187.20
2021-05-11   179.32 189.53   179.29 189.50   316.81 327.02   178.75 188.96   184.34 194.55   178.07 188.28
2021-05-12   180.24 190.45   180.22 190.42   317.73 327.94   179.67 189.88   185.26 195.46   178.99 189.20
2021-05-13   181.16 191.37   181.14 191.34   318.65 328.86   180.59 190.80   186.18 196.38   179.91 190.12
2021-05-14   182.08 192.29   182.06 192.26   319.57 329.77   181.51 191.72   187.10 197.30   180.83 191.03
2021-05-15   183.00 193.20   182.97 193.18   320.49 330.69   182.43 192.63   188.02 198.22   181.75 191.95
2021-05-16   183.92 194.12   183.89 194.09   321.41 331.61   183.35 193.55   188.93 199.14   182.67 192.87
2021-05-17   184.84 195.04   184.81 195.01   322.32 332.53   184.27 194.47   189.85 200.05   183.59 193.79
2021-05-18   185.76 195.96   185.73 195.93   323.24 333.44   185.19 195.39   190.77 200.97   184.50 194.70
2021-05-19   186.67 196.87   186.65 196.85   324.16 334.36   186.10 196.30   191.69 201.89   185.42 195.62
2021-05-20   187.59 197.79   187.56 197.76   325.08 335.28   187.02 197.22   192.61 202.81   186.34 196.54
2021-05-21   188.51 198.71   188.48 198.68   325.99 336.19   187.94 198.14   193.52 203.72   187.26 197.46
2021-05-22   189.42 199.62   189.40 199.60   326.91 337.11   188.85 199.05   194.44 204.64   188.17 198.37
2021-05-23   190.34 200.54   190.31 200.52   327.83 338.03   189.77 199.97   195.36 205.56   189.09 199.29
2021-05-24   191.26 201.46   191.23 201.43   328.74 338.95   190.69 200.89   196.27 206.48   190.01 200.21
2021-05-25   192.17 202.38   192.15 202.35   329.66 339.87   191.60 201.81   197.19 207.39   190.92 201.13
2021-05-26   193.09 203.30   193.06 203.27   330.58 340.78   192.52 202.73   198.11 208.31   191.84 202.05
2021-05-27   194.01 204.22   193.98 204.19   331.50 341.70   193.44 203.65   199.02 209.23   192.76 202.96
2021-05-28   194.93 205.13   194.90 205.11   332.41 342.62   194.36 204.56   199.94 210.15   193.67 203.88
2021-05-29   195.84 206.05   195.82 206.03   333.33 343.54   195.27 205.48   200.86 211.07   194.59 204.80
2021-05-30   196.76 206.97   196.73 206.95   334.25 344.46   196.19 206.40   201.78 211.99   195.51 205.72
2021-05-31   197.68 207.89   197.65 207.87   335.17 345.38   197.11 207.32   202.69 212.91   196.43 206.64
2021-06-01   198.60 208.82   198.57 208.79   336.09 346.30   198.03 208.25   203.61 213.83   197.35 207.57
2021-06-02   199.52 209.74   199.49 209.71   337.00 347.23   198.95 209.17   204.53 214.75   198.27 208.49
2021-06-03   200.44 210.66   200.41 210.63   337.92 348.15   199.87 210.09   205.45 215.68   199.19 209.41
2021-06-04   201.36 211.58   201.33 211.56   338.84 349.07   200.79 211.01   206.37 216.60   200.11 210.33
2021-06-05   202.28 212.51   202.25 212.48   339.76 350.00   201.71 211.94   207.29 217.52   201.03 211.26
2021-06-06   203.20 213.43   203.17 213.41   340.69 350.92   202.63 212.86   208.21 218.45   201.95 212.18
2021-06-07   204.12 214.36   204.09 214.33   341.61 351.85   203.55 213.79   209.14 219.38   202.87 213.11
2021-06-08   205.04 215.29   205.02 215.26   342.53 352.78   204.47 214.72   210.06 220.30   203.79 214.04
2021-06-09   205.97 216.22   205.94 216.19   343.45 353.70   205.40 215.65   210.98 221.23   204.72 214.97
2021-06-10   206.89 217.14   206.86 217.12   344.38 354.63   206.32 216.57   211.91 222.16   205.64 215.89
2021-06-11   207.82 218.08   207.79 218.05   345.30 355.56   207.25 217.51   212.83 223.09   206.56 216.82
2021-06-12   208.74 219.01   208.71 218.98   346.23 356.49   208.17 218.44   213.76 224.02   207.49 217.76
2021-06-13   209.67 219.94   209.64 219.91   347.16 357.43   209.10 219.37   214.68 224.95   208.42 218.69
2021-06-14   210.60 220.87   210.57 220.85   348.08 358.36   210.03 220.30   215.61 225.89   209.35 219.62
2021-06-15   211.53 221.81   211.50 221.78   349.01 359.29   210.96 221.24   216.54 226.82   210.27 220.56
2021-06-16   212.46 222.74   212.43 222.72   349.94   0.23   211.89 222.17   217.47 227.76   211.20 221.49
2021-06-17   213.39 223.68   213.36 223.65   350.87   1.17   212.82 223.11   218.40 228.70   212.14 222.43
2021-06-18   214.32 224.62   214.29 224.59   351.81   2.11   213.75 224.05   219.33 229.63   213.07 223.37
2021-06-19   215.25 225.56   215.23 225.53   352.74   3.05   214.68 224.99   220.27 230.57   214.00 224.31
2021-06-20   216.19 226.50   216.16 226.47   353.67   3.99   215.62 225.93   221.20 231.52   214.94 225.25
2021-06-21   217.12 227.44   217.10 227.42   354.61   4.93   216.55 226.87   222.14 232.46   215.87 226.19
2021-06-22   218.06 228.39   218.03 228.36   355.55   5.88   217.49 227.82   223.08 233.40   216.81 227.14
2021-06-23   219.00 229.33   218.97 229.31   356.49   6.82   218.43 228.76   224.01 234.35   217.75 228.08
2021-06-24   219.94 230.28   219.91 230.25   357.43   7.77   219.37 229.71   224.95 235.30   218.69 229.03
2021-06-25   220.88 231.23   220.85 231.20   358.37   8.72   220.31 230.66   225.90 236.24   219.63 229.98
2021-06-26   221.82 232.18   221.80 232.15   359.31   9.67   221.25 231.61   226.84 237.19   220.57 230.93
2021-06-27   222.77 233.13   222.74 233.10     0.26  10.62   222.20 232.56   227.78 238.15   221.52 231.88
2021-06-28   223.71 234.08   223.69 234.06     1.20  11.57   223.14 233.51   228.73 239.10   222.46 232.83
2021-06-29   224.66 235.04   224.63 235.01     2.15  12.53   224.09 234.47   229.68 240.05   223.41 233.79
2021-06-30   225.61 236.00   225.58 235.97     3.10  13.48   225.04 235.43   230.62 241.01   224.36 234.75
2021-07-01   226.56 236.95   226.53 236.93     4.05  14.44   225.99 236.38   231.57 241.97   225.31 235.70
2021-07-02   227.51 237.91   227.48 237.89     5.00  15.40   226.94 237.34   232.53 242.93   226.26 236.66
2021-07-03   228.46 238.87   228.44 238.85     5.95  16.36   227.89 238.30   233.48 243.89   227.21 237.62
2021-07-04   229.42 239.84   229.39 239.81     6.91  17.32   228.85 239.27   234.43 244.85   228.17 238.59
2021-07-05   230.37 240.80   230.35 240.77     7.86  18.29   229.80 240.23   235.39 245.82   229.12 239.55
2021-07-06   231.33 241.77   231.31 241.74     8.82  19.25   230.76 241.20   236.35 246.78   230.08 240.52
2021-07-07   232.29 242.73   232.26 242.71     9.78  20.22   231.72 242.16   237.31 247.75   231.04 241.48
2021-07-08   233.25 243.70   233.23 243.68    10.74  21.19   232.68 243.13   238.27 248.72   232.00 242.45
2021-07-09   234.21 244.67   234.19 244.65    11.70  22.16   233.64 244.10   239.23 249.69   232.96 243.42
2021-07-10   235.18 245.65   235.15 245.62    12.67  23.13   234.61 245.08   240.19 250.66   233.93 244.40
2021-07-11   236.14 246.62   236.12 246.59    13.63  24.11   235.57 246.05   241.16 251.63   234.89 245.37
2021-07-12   237.11 247.59   237.08 247.57    14.60  25.08   236.54 247.02   242.13 252.61   235.86 246.34
2021-07-13   238.08 248.57   238.05 248.54    15.57  26.06   237.51 248.00   243.09 253.59   236.83 247.32
2021-07-14   239.05 249.55   239.02 249.52    16.54  27.04   238.48 248.98   244.06 254.56   237.80 248.30
2021-07-15   240.02 250.53   239.99 250.50    17.51  28.02   239.45 249.96   245.04 255.54   238.77 249.28
2021-07-16   240.99 251.51   240.97 251.48    18.48  29.00   240.42 250.94   246.01 256.53   239.74 250.26
2021-07-17   241.97 252.49   241.94 252.47    19.46  29.98   241.40 251.92   246.98 257.51   240.72 251.24
2021-07-18   242.95 253.48   242.92 253.45    20.43  30.96   242.38 252.91   247.96 258.49   241.69 252.23
2021-07-19   243.92 254.46   243.90 254.44    21.41  31.95   243.35 253.89   248.94 259.48   242.67 253.21
2021-07-20   244.90 255.45   244.88 255.42    22.39  32.94   244.33 254.88   249.92 260.46   243.65 254.20
2021-07-21   245.88 256.44   245.86 256.41    23.37  33.92   245.31 255.87   250.90 261.45   244.63 255.19
2021-07-22   246.86 257.43   246.84 257.40    24.35  34.91   246.29 256.86   251.88 262.44   245.61 256.18
2021-07-23   247.85 258.42   247.82 258.39    25.34  35.90   247.28 257.85   252.86 263.43   246.60 257.17
2021-07-24   248.83 259.41   248.81 259.38    26.32  36.90   248.26 258.84   253.85 264.42   247.58 258.16
2021-07-25   249.82 260.40   249.79 260.38    27.31  37.89   249.25 259.83   254.83 265.42   248.57 259.15
2021-07-26   250.81 261.40   250.78 261.37    28.29  38.88   250.24 260.83   255.82 266.41   249.56 260.15
2021-07-27   251.80 262.39   251.77 262.36    29.28  39.88   251.23 261.82   256.81 267.41   250.54 261.14
2021-07-28   252.79 263.39   252.76 263.36    30.27  40.88   252.22 262.82   257.80 268.40   251.53 262.14
2021-07-29   253.78 264.39   253.75 264.36    31.26  41.87   253.21 263.82   258.79 269.40   252.53 263.13
2021-07-30   254.77 265.38   254.74 265.36    32.26  42.87   254.20 264.81   259.78 270.40   253.52 264.13
2021-07-31   255.76 266.38   255.74 266.36    33.25  43.87   255.19 265.81   260.78 271.40   254.51 265.13
2021-08-01   256.76 267.38   256.73 267.36    34.25  44.87   256.19 266.81   261.77 272.40   255.51 266.13
2021-08-02   257.75 268.39   257.73 268.36    35.24  45.87   257.18 267.82   262.77 273.40   256.50 267.14
2021-08-03   258.75 269.39   258.72 269.36    36.24  46.88   258.18 268.82   263.77 274.40   257.50 268.14
2021-08-04   259.75 270.39   259.72 270.37    37.24  47.88   259.18 269.82   264.76 275.41   258.50 269.14
2021-08-05   260.75 271.40   260.72 271.37    38.24  48.88   260.18 270.83   265.76 276.41   259.50 270.15
2021-08-06   261.75 272.40   261.72 272.37    39.24  49.89   261.18 271.83   266.76 277.42   260.50 271.15
2021-08-07   262.75 273.41   262.72 273.38    40.24  50.89   262.18 272.84   267.76 278.42   261.50 272.16
2021-08-08   263.75 274.41   263.73 274.39    41.24  51.90   263.18 273.84   268.77 279.43   262.50 273.16
2021-08-09   264.75 275.42   264.73 275.39    42.24  52.91   264.18 274.85   269.77 280.43   263.50 274.17
2021-08-10   265.76 276.43   265.73 276.40    43.25  53.91   265.19 275.86   270.77 281.44   264.51 275.18
2021-08-11   266.76 277.43   266.74 277.41    44.25  54.92   266.19 276.86   271.78 282.45   265.51 276.18
2021-08-12   267.77 278.44   267.74 278.42    45.26  55.93   267.20 277.87   272.78 283.46   266.52 277.19
2021-08-13   268.77 279.45   268.75 279.43    46.26  56.94   268.20 278.88   273.79 284.47   267.52 278.20
2021-08-14   269.78 280.46   269.75 280.43    47.27  57.95   269.21 279.89   274.80 285.48   268.53 279.21
2021-08-15   270.79 281.47   270.76 281.44    48.28  58.96   270.22 280.90   275.80 286.49   269.54 280.22
2021-08-16   271.80 282.48   271.77 282.45    49.28  59.97   271.23 281.91   276.81 287.50   270.55 281.23
2021-08-17   272.80 283.49   272.78 283.46    50.29  60.98   272.23 282.92   277.82 288.51   271.55 282.24
2021-08-18   273.81 284.50   273.79 284.47    51.30  61.99   273.24 283.93   278.83 289.52   272.56 283.25
2021-08-19   274.82 285.51   274.80 285.48    52.31  63.00   274.25 284.94   279.84 290.53   273.57 284.26
2021-08-20   275.83 286.52   275.81 286.50    53.32  64.01   275.26 285.95   280.85 291.54   274.58 285.27
2021-08-21   276.84 287.53   276.82 287.51    54.33  65.02   276.27 286.96   281.86 292.55   275.59 286.28
2021-08-22   277.85 288.54   277.83 288.52    55.34  66.03   277.28 287.97   282.87 293.56   276.60 287.29
2021-08-23   278.86 289.55   278.84 289.53    56.35  67.04   278.29 288.98   283.88 294.57   277.61 288.30
2021-08-24   279.87 290.56   279.85 290.54    57.36  68.05   279.30 289.99   284.89 295.58   278.62 289.31
2021-08-25   280.89 291.57   280.86 291.55    58.37  69.06   280.32 291.00   285.90 296.59   279.63 290.32
2021-08-26   281.90 292.58   281.87 292.56    59.38  70.07   281.33 292.01   286.91 297.60   280.65 291.33
2021-08-27   282.91 293.59   282.88 293.57    60.39  71.08   282.34 293.02   287.92 298.61   281.66 292.34
2021-08-28   283.92 294.60   283.89 294.58    61.41  72.09   283.35 294.03   288.93 299.62   282.67 293.35
2021-08-29   284.93 295.61   284.90 295.59    62.42  73.10   284.36 295.04   289.94 300.63   283.68 294.36
2021-08-30   285.94 296.62   285.91 296.59    63.43  74.11   285.37 296.05   290.96 301.64   284.69 295.37
2021-08-31   286.95 297.63   286.92 297.60    64.44  75.12   286.38 297.06   291.97 302.64   285.70 296.38
2021-09-01   287.96 298.64   287.93 298.61    65.45  76.12   287.39 298.07   292.98 303.65   286.71 297.39
2021-09-02   288.97 299.64   288.95 299.62    66.46  77.13   288.40 299.07   293.99 304.66   287.72 298.39
2021-09-03   289.98 300.65   289.96 300.62    67.47  78.14   289.41 300.08   295.00 305.67   288.73 299.40
2021-09-04   290.99 301.66   290.96 301.63    68.48  79.14   290.42 301.09   296.01 306.67   289.74 300.41
2021-09-05   292.00 302.66   291.97 302.64    69.49  80.15   291.43 302.09   297.02 307.68   290.75 301.41
2021-09-06   293.01 303.67   292.98 303.64    70.50  81.15   292.44 303.10   298.02 308.68   291.76 302.42
2021-09-07   294.02 304.67   293.99 304.64    71.51  82.16   293.45 304.10   299.03 309.69   292.77 303.42
2021-09-08   295.03 305.67   295.00 305.65    72.51  83.16   294.46 305.10   300.04 310.69   293.77 304.42
2021-09-09   296.03 306.68   296.01 306.65    73.52  84.16   295.46 306.11   301.05 311.69   294.78 305.43
2021-09-10   297.04 307.68   297.01 307.65    74.53  85.17   296.47 307.11   302.05 312.69   295.79 306.43
2021-09-11   298.05 308.68   298.02 308.65    75.53  86.17   297.48 308.11   303.06 313.69   296.79 307.43
2021-09-12   299.05 309.68   299.02 309.65    76.54  87.17   298.48 309.11   304.07 314.69   297.80 308.43
2021-09-13   300.06 310.68   300.03 310.65    77.54  88.16   299.49 310.11   305.07 315.69   298.80 309.43
2021-09-14   301.06 311.68   301.03 311.65    78.55  89.16   300.49 311.11   306.07 316.69   299.81 310.42
2021-09-15   302.06 312.67   302.04 312.65    79.55  90.16   301.49 312.10   307.08 317.69   300.81 311.42
2021-09-16   303.07 313.67   303.04 313.64    80.55  91.16   302.50 313.10   308.08 318.68   301.81 312.42
2021-09-17   304.07 314.66   304.04 314.64    81.55  92.15   303.50 314.09   309.08 319.68   302.82 313.41
2021-09-18   305.07 315.66   305.04 315.63    82.55  93.14   304.50 315.09   310.08 320.67   303.82 314.41
2021-09-19   306.07 316.65   306.04 316.62    83.55  94.14   305.50 316.08   311.08 321.66   304.82 315.40
2021-09-20   307.07 317.64   307.04 317.61    84.55  95.13   306.50 317.07   312.08 322.66   305.82 316.39
2021-09-21   308.06 318.63   308.04 318.61    85.55  96.12   307.49 318.06   313.08 323.65   306.81 317.38
2021-09-22   309.06 319.62   309.03 319.60    86.55  97.11   308.49 319.05   314.08 324.64   307.81 318.37
2021-09-23   310.06 320.61   310.03 320.58    87.54  98.10   309.49 320.04   315.07 325.63   308.81 319.36
2021-09-24   311.05 321.60   311.03 321.57    88.54  99.08   310.48 321.03   316.07 326.61   309.80 320.35
2021-09-25   312.05 322.58   312.02 322.56    89.53 100.07   311.48 322.01   317.06 327.60   310.79 321.33
2021-09-26   313.04 323.57   313.01 323.54    90.53 101.06   312.47 323.00   318.05 328.58   311.79 322.32
2021-09-27   314.03 324.55   314.00 324.53    91.52 102.04   313.46 323.98   319.05 329.57   312.78 323.30
2021-09-28   315.02 325.53   314.99 325.51    92.51 103.02   314.45 324.96   320.04 330.55   313.77 324.28
2021-09-29   316.01 326.52   315.98 326.49    93.50 104.00   315.44 325.95   321.03 331.53   314.76 325.27
2021-09-30   317.00 327.50   316.97 327.47    94.49 104.98   316.43 326.93   322.01 332.51   315.75 326.25
2021-10-01   317.99 328.48   317.96 328.45    95.47 105.96   317.42 327.91   323.00 333.49   316.74 327.23
2021-10-02   318.97 329.45   318.95 329.43    96.46 106.94   318.40 328.88   323.99 334.47   317.72 328.20
2021-10-03   319.96 330.43   319.93 330.40    97.45 107.92   319.39 329.86   324.97 335.45   318.71 329.18
2021-10-04   320.94 331.41   320.92 331.38    98.43 108.89   320.37 330.84   325.96 336.42   319.69 330.16
2021-10-05   321.93 332.38   321.90 332.36    99.41 109.87   321.36 331.81   326.94 337.40   320.68 331.13
2021-10-06   322.91 333.36   322.88 333.33   100.40 110.84   322.34 332.79   327.92 338.37   321.66 332.10
2021-10-07   323.89 334.33   323.86 334.30   101.38 111.82   323.32 333.76   328.90 339.34   322.64 333.08
2021-10-08   324.87 335.30   324.84 335.27   102.36 112.79   324.30 334.73   329.88 340.31   323.62 334.05
2021-10-09   325.85 336.27   325.82 336.24   103.34 113.76   325.28 335.70   330.86 341.29   324.60 335.02
2021-10-10   326.83 337.24   326.80 337.21   104.31 114.73   326.26 336.67   331.84 342.25   325.58 335.99
2021-10-11   327.80 338.21   327.78 338.18   105.29 115.70   327.23 337.64   332.82 343.22   326.55 336.96
2021-10-12   328.78 339.18   328.75 339.15   106.27 116.66   328.21 338.61   333.79 344.19   327.53 337.92
2021-10-13   329.75 340.14   329.73 340.12   107.24 117.63   329.18 339.57   334.77 345.16   328.50 338.89
2021-10-14   330.73 341.11   330.70 341.08   108.21 118.59   330.16 340.54   335.74 346.12   329.48 339.86
2021-10-15   331.70 342.07   331.67 342.05   109.19 119.56   331.13 341.50   336.71 347.09   330.45 340.82
2021-10-16   332.67 343.04   332.64 343.01   110.16 120.52   332.10 342.47   337.69 348.05   331.42 341.79
2021-10-17   333.64 344.00   333.62 343.97   111.13 121.49   333.07 343.43   338.66 349.01   332.39 342.75
2021-10-18   334.61 344.96   334.59 344.93   112.10 122.45   334.04 344.39   339.63 349.98   333.36 343.71
2021-10-19   335.58 345.92   335.55 345.90   113.07 123.41   335.01 345.35   340.60 350.94   334.33 344.67
2021-10-20   336.55 346.88   336.52 346.86   114.04 124.37   335.98 346.31   341.56 351.90   335.30 345.63
2021-10-21   337.52 347.84   337.49 347.82   115.00 125.33   336.95 347.27   342.53 352.86   336.27 346.59
2021-10-22   338.48 348.80   338.46 348.78   115.97 126.29   337.91 348.23   343.50 353.82   337.23 347.55
2021-10-23   339.45 349.76   339.42 349.73   116.94 127.25   338.88 349.19   344.46 354.78   338.20 348.51
2021-10-24   340.41 350.72   340.39 350.69   117.90 128.21   339.84 350.15   345.43 355.73   339.16 349.47
2021-10-25   341.38 351.68   341.35 351.65   118.86 129.16   340.81 351.11   346.39 356.69   340.13 350.43
2021-10-26   342.34 352.63   342.31 352.61   119.83 130.12   341.77 352.06   347.36 357.65   341.09 351.38
2021-10-27   343.30 353.59   343.28 353.56   120.79 131.08   342.73 353.02   348.32 358.60   342.05 352.34
2021-10-28   344.27 354.55   344.24 354.52   121.75 132.03   343.70 353.98   349.28 359.56   343.01 353.29
2021-10-29   345.23 355.50   345.20 355.47   122.71 132.99   344.66 354.93   350.24   0.52   343.98 354.25
2021-10-30   346.19 356.46   346.16 356.43   123.68 133.94   345.62 355.89   351.20   1.47   344.94 355.21
2021-10-31   347.15 357.41   347.12 357.38   124.64 134.90   346.58 356.84   352.16   2.43   345.90 356.16
2021-11-01   348.11 358.37   348.08 358.34   125.60 135.85   347.54 357.80   353.12   3.38   346.86 357.11
2021-11-02   349.07 359.32   349.04 359.29   126.56 136.81   348.50 358.75   354.08   4.34   347.82 358.07
2021-11-03   350.03   0.27   350.00   0.25   127.52 137.76   349.46 359.70   355.04   5.29   348.78 359.02
2021-11-04   350.99   1.23   350.96   1.20   128.47 138.72   350.42   0.66   356.00   6.24   349.74 359.98
2021-11-05   351.95   2.18   351.92   2.16   129.43 139.67   351.38   1.61   356.96   7.20   350.69   0.93
2021-11-06   352.90   3.14   352.88   3.11   130.39 140.62   352.33   2.57   357.92   8.15   351.65   1.89
2021-11-07   353.86   4.09   353.84   4.06   131.35 141.58   353.29   3.52   358.88   9.11   352.61   2.84
2021-11-08   354.82   5.05   354.79   5.02   132.31 142.53   354.25   4.48   359.84  10.06   353.57   3.79
2021-11-09   355.78   6.00   355.75   5.97   133.27 143.49   355.21   5.43     0.79  11.01   354.53   4.75
2021-11-10   356.74   6.95   356.71   6.93   134.22 144.44   356.17   6.38     1.75  11.97   355.49   5.70
2021-11-11   357.69   7.91   357.67   7.88   135.18 145.40   357.12   7.34     2.71  12.92   356.44   6.66
2021-11-12   358.65   8.86   358.63   8.84   136.14 146.35   358.08   8.29     3.67  13.88   357.40   7.61
2021-11-13   359.61   9.82   359.58   9.79   137.10 147.31   359.04   9.25     4.63  14.84   358.36   8.57
2021-11-14     0.57  10.78     0.54  10.75   138.06 148.26   360.00  10.21     5.58  15.79   359.32   9.53
2021-11-15     1.53  11.73     1.50  11.71   139.01 149.22     0.96  11.16     6.54  16.75     0.28  10.48
2021-11-16     2.49  12.69     2.46  12.66   139.97 150.18     1.92  12.12     7.50  17.70     1.23  11.44
2021-11-17     3.44  13.65     3.42  13.62   140.93 151.13     2.87  13.08     8.46  18.66     2.19  12.40
2021-11-18     4.40  14.60     4.38  14.58   141.89 152.09     3.83  14.03     9.42  19.62     3.15  13.35
2021-11-19     5.36  15.56     5.34  15.54   142.85 153.05     4.79  14.99    10.38  20.58     4.11  14.31
2021-11-20     6.32  16.52     6.30  16.50   143.81 154.01     5.75  15.95    11.34  21.54     5.07  15.27
2021-11-21     7.28  17.48     7.26  17.46   144.77 154.97     6.71  16.91    12.30  22.50     6.03  16.23
2021-11-22     8.24  18.44     8.22  18.42   145.73 155.93     7.67  17.87    13.26  23.46     6.99  17.19
2021-11-23     9.21  19.41     9.18  19.38   146.69 156.89     8.64  18.84    14.22  24.42     7.96  18.16
2021-11-24    10.17  20.37    10.14  20.34   147.66 157.86     9.60  19.80    15.18  25.38     8.92  19.12
2021-11-25    11.13  21.33    11.10  21.31   148.62 158.82    10.56  20.76    16.15  26.35     9.88  20.08
2021-11-26    12.09  22.30    12.07  22.27   149.58 159.79    11.52  21.73    17.11  27.31    10.84  21.05
2021-11-27    13.06  23.26    13.03  23.24   150.55 160.75    12.49  22.69    18.07  28.28    11.81  22.01
2021-11-28    14.02  24.23    14.00  24.20   151.51 161.72    13.45  23.66    19.04  29.25    12.77  22.98
2021-11-29    14.99  25.20    14.96  25.17   152.48 162.69    14.42  24.63    20.01  30.21    13.74  23.95
2021-11-30    16.06  26.06    16.04  26.04   153.55 163.55    15.49  25.49    21.08  31.08    14.81  24.81
2021-12-01    17.22  26.84    17.20  26.82   154.71 164.33    16.65  26.27    22.24  31.86    15.97  25.59
2021-12-02    18.38  27.62    18.36  27.60   155.87 165.11    17.81  27.05    23.40  32.64    17.13  26.37
2021-12-03    19.54  28.41    19.52  28.38   157.03 165.89    18.97  27.84    24.56  33.42    18.29  27.16
2021-12-04    20.71  29.19    20.68  29.17   158.19 166.68    20.14  28.62    25.72  34.21    19.46  27.94
2021-12-05    21.87  29.98    21.84  29.95   159.36 167.47    21.30  29.41    26.88  34.99    20.62  28.73
2021-12-06    23.03  30.77    23.00  30.74   160.52 168.26    22.46  30.20    28.05  35.78    21.78  29.52
2021-12-07    24.19  31.56    24.17  31.53   161.68 169.05    23.62  30.99    29.21  36.57    22.94  30.31
2021-12-08    25.36  32.35    25.33  32.33   162.85 169.84    24.79  31.78    30.37  37.37    24.11  31.10

2022-05-02   172.35 179.36   172.32 179.33   309.84 316.85   171.78 178.79   177.36 184.37   171.10 178.11
2022-05-03   173.11 180.46   173.08 180.43   310.59 317.94   172.54 179.89   178.12 185.47   171.86 179.21
2022-05-04   173.86 181.56   173.84 181.53   311.35 319.04   173.29 180.99   178.88 186.57   172.61 180.31
2022-05-05   174.62 182.66   174.59 182.63   312.10 320.14   174.05 182.09   179.63 187.67   173.36 181.40
2022-05-06   175.37 183.75   175.34 183.73   312.86 321.24   174.80 183.18   180.38 188.77   174.12 182.50
2022-05-07   176.12 184.85   176.09 184.83   313.61 322.34   175.55 184.28   181.13 189.87   174.87 183.60
2022-05-08   176.87 185.95   176.84 185.92   314.36 323.44   176.30 185.38   181.88 190.97   175.62 184.70
2022-05-09   177.62 187.05   177.59 187.02   315.10 324.54   177.05 186.48   182.63 192.06   176.37 185.80
2022-05-10   178.36 188.15   178.34 188.12   315.85 325.63   177.79 187.58   183.38 193.16   177.11 186.90
2022-05-11   179.11 189.25   179.08 189.22   316.60 326.73   178.54 188.68   184.13 194.26   177.86 187.99
2022-05-12   180.00 190.20   179.97 190.18   317.48 327.69   179.43 189.63   185.01 195.22   178.74 188.95
2022-05-13   180.92 191.12   180.89 191.10   318.40 328.61   180.35 190.55   185.93 196.14   179.67 189.87
2022-05-14   181.84 192.04   181.81 192.02   319.33 329.53   181.27 191.47   186.85 197.06   180.59 190.79
2022-05-15   182.76 192.96   182.73 192.94   320.25 330.45   182.19 192.39   187.77 197.98   181.51 191.71
2022-05-16   183.68 193.88   183.65 193.86   321.17 331.37   183.11 193.31   188.69 198.90   182.43 192.63
2022-05-17   184.60 194.80   184.57 194.77   322.09 332.29   184.03 194.23   189.61 199.82   183.35 193.55
2022-05-18   185.52 195.72   185.49 195.69   323.01 333.21   184.95 195.15   190.53 200.73   184.27 194.47
2022-05-19   186.44 196.64   186.41 196.61   323.93 334.13   185.87 196.07   191.45 201.65   185.19 195.39
2022-05-20   187.36 197.56   187.33 197.53   324.85 335.05   186.79 196.99   192.37 202.57   186.11 196.31
2022-05-21   188.28 198.48   188.25 198.45   325.76 335.96   187.71 197.91   193.29 203.49   187.03 197.23
2022-05-22   189.20 199.40   189.17 199.37   326.68 336.88   188.63 198.83   194.21 204.41   187.94 198.14
2022-05-23   190.11 200.32   190.09 200.29   327.60 337.80   189.54 199.75   195.13 205.33   188.86 199.06
2022-05-24   191.03 201.23   191.01 201.21   328.52 338.72   190.46 200.66   196.05 206.25   189.78 199.98
2022-05-25   191.95 202.15   191.92 202.13   329.44 339.64   191.38 201.58   196.97 207.17   190.70 200.90
2022-05-26   192.87 203.07   192.84 203.05   330.36 340.56   192.30 202.50   197.89 208.09   191.62 201.82
2022-05-27   193.79 203.99   193.76 203.97   331.28 341.48   193.22 203.42   198.80 209.01   192.54 202.74
2022-05-28   194.71 204.92   194.68 204.89   332.19 342.40   194.14 204.35   199.72 209.93   193.46 203.66
2022-05-29   195.63 205.84   195.60 205.81   333.11 343.32   195.06 205.27   200.64 210.85   194.38 204.59
2022-05-30   196.55 206.76   196.52 206.73   334.03 344.25   195.98 206.19   201.56 211.77   195.30 205.51
2022-05-31   197.47 207.68   197.44 207.65   334.95 345.17   196.90 207.11   202.48 212.70   196.22 206.43
2022-06-01   198.39 208.60   198.36 208.58   335.87 346.09   197.82 208.03   203.40 213.62   197.14 207.35
2022-06-02   199.31 209.53   199.28 209.50   336.79 347.01   198.74 208.96   204.32 214.54   198.06 208.28
2022-06-03   200.23 210.45   200.20 210.43   337.72 347.94   199.66 209.88   205.24 215.47   198.98 209.20
2022-06-04   201.15 211.38   201.12 211.35   338.64 348.86   200.58 210.81   206.16 216.39   199.90 210.13
2022-06-05   202.07 212.30   202.04 212.28   339.56 349.79   201.50 211.73   207.09 217.32   200.82 211.05
2022-06-06   202.99 213.23   202.97 213.20   340.48 350.72   202.42 212.66   208.01 218.24   201.74 211.98
2022-06-07   203.92 214.16   203.89 214.13   341.40 351.64   203.35 213.59   208.93 219.17   202.67 212.91
2022-06-08   204.84 215.09   204.82 215.06   342.33 352.57   204.27 214.52   209.86 220.10   203.59 213.83
2022-06-09   205.77 216.01   205.74 215.99   343.25 353.50   205.20 215.44   210.78 221.03   204.52 214.76
2022-06-10   206.69 216.95   206.67 216.92   344.18 354.43   206.12 216.38   211.71 221.96   205.44 215.69
2022-06-11   207.62 217.88   207.59 217.85   345.11 355.36   207.05 217.31   212.63 222.89   206.37 216.63
2022-06-12   208.55 218.81   208.52 218.78   346.03 356.30   207.98 218.24   213.56 223.82   207.30 217.56
2022-06-13   209.47 219.74   209.45 219.72   346.96 357.23   208.90 219.17   214.49 224.76   208.22 218.49
2022-06-14   210.40 220.68   210.38 220.65   347.89 358.17   209.83 220.11   215.42 225.69   209.15 219.43
2022-06-15   211.33 221.61   211.31 221.59   348.82 359.10   210.76 221.04   216.35 226.63   210.08 220.36
2022-06-16   212.26 222.55   212.24 222.52   349.75   0.04   211.69 221.98   217.28 227.57   211.01 221.30
2022-06-17   213.20 223.49   213.17 223.46   350.68   0.98   212.63 222.92   218.21 228.50   211.95 222.24
2022-06-18   214.13 224.43   214.10 224.40   351.62   1.92   213.56 223.86   219.15 229.44   212.88 223.18
2022-06-19   215.06 225.37   215.04 225.34   352.55   2.86   214.49 224.80   220.08 230.39   213.81 224.12
2022-06-20   216.00 226.31   215.97 226.29   353.49   3.80   215.43 225.74   221.02 231.33   214.75 225.06
2022-06-21   216.94 227.26   216.91 227.23   354.42   4.74   216.37 226.69   221.95 232.27   215.69 226.00
2022-06-22   217.88 228.20   217.85 228.17   355.36   5.69   217.31 227.63   222.89 233.22   216.62 226.95
2022-06-23   218.81 229.15   218.79 229.12   356.30   6.63   218.24 228.58   223.83 234.16   217.56 227.90
2022-06-24   219.76 230.09   219.73 230.07   357.24   7.58   219.19 229.52   224.77 235.11   218.50 228.84
2022-06-25   220.70 231.04   220.67 231.02   358.18   8.53   220.13 230.47   225.71 236.06   219.45 229.79
2022-06-26   221.64 231.99   221.61 231.97   359.13   9.48   221.07 231.42   226.66 237.01   220.39 230.74
2022-06-27   222.59 232.95   222.56 232.92     0.07  10.43   222.02 232.38   227.60 237.96   221.33 231.70
2022-06-28   223.53 233.90   223.50 233.87     1.02  11.39   222.96 233.33   228.55 238.92   222.28 232.65
2022-06-29   224.48 234.86   224.45 234.83     1.97  12.34   223.91 234.29   229.49 239.87   223.23 233.60
2022-06-30   225.43 235.81   225.40 235.79     2.91  13.30   224.86 235.24   230.44 240.83   224.18 234.56
2022-07-01   226.38 236.77   226.35 236.74     3.86  14.26   225.81 236.20   231.39 241.79   225.13 235.52
2022-07-02   227.33 237.73   227.30 237.70     4.82  15.22   226.76 237.16   232.34 242.74   226.08 236.48
2022-07-03   228.28 238.69   228.26 238.66     5.77  16.18   227.71 238.12   233.30 243.71   227.03 237.44
2022-07-04   229.24 239.65   229.21 239.63     6.72  17.14   228.67 239.08   234.25 244.67   227.99 238.40
2022-07-05   230.19 240.62   230.17 240.59     7.68  18.10   229.62 240.05   235.21 245.63   228.94 239.37
2022-07-06   231.15 241.58   231.12 241.56     8.64  19.07   230.58 241.01   236.17 246.60   229.90 240.33
2022-07-07   232.11 242.55   232.08 242.52     9.60  20.04   231.54 241.98   237.12 247.57   230.86 241.30
2022-07-08   233.07 243.52   233.04 243.49    10.56  21.01   232.50 242.95   238.08 248.53   231.82 242.27
2022-07-09   234.03 244.49   234.00 244.46    11.52  21.98   233.46 243.92   239.05 249.50   232.78 243.24
2022-07-10   234.99 245.46   234.97 245.43    12.48  22.95   234.42 244.89   240.01 250.47   233.74 244.21
2022-07-11   235.96 246.43   235.93 246.41    13.45  23.92   235.39 245.86   240.97 251.45   234.71 245.18
2022-07-12   236.93 247.41   236.90 247.38    14.41  24.89   236.36 246.84   241.94 252.42   235.67 246.16
2022-07-13   237.89 248.38   237.87 248.36    15.38  25.87   237.32 247.81   242.91 253.40   236.64 247.13
2022-07-14   238.86 249.36   238.84 249.33    16.35  26.85   238.29 248.79   243.88 254.38   237.61 248.11
2022-07-15   239.83 250.34   239.81 250.31    17.32  27.83   239.26 249.77   244.85 255.35   238.58 249.09
2022-07-16   240.80 251.32   240.78 251.29    18.29  28.81   240.23 250.75   245.82 256.33   239.55 250.07
2022-07-17   241.78 252.30   241.75 252.27    19.27  29.79   241.21 251.73   246.79 257.32   240.53 251.05
2022-07-18   242.75 253.28   242.73 253.26    20.24  30.77   242.18 252.71   247.77 258.30   241.50 252.03
2022-07-19   243.73 254.27   243.70 254.24    21.22  31.75   243.16 253.70   248.74 259.28   242.48 253.02
2022-07-20   244.71 255.25   244.68 255.23    22.19  32.74   244.14 254.68   249.72 260.27   243.46 254.00
2022-07-21   245.69 256.24   245.66 256.21    23.17  33.73   245.12 255.67   250.70 261.25   244.44 254.99
2022-07-22   246.67 257.23   246.64 257.20    24.15  34.71   246.10 256.66   251.68 262.24   245.42 255.98
2022-07-23   247.65 258.22   247.62 258.19    25.14  35.70   247.08 257.65   252.66 263.23   246.40 256.97
2022-07-24   248.63 259.21   248.60 259.18    26.12  36.69   248.06 258.64   253.65 264.22   247.38 257.96
2022-07-25   249.62 260.20   249.59 260.17    27.10  37.69   249.05 259.63   254.63 265.21   248.37 258.95
2022-07-26   250.60 261.19   250.58 261.16    28.09  38.68   250.03 260.62   255.62 266.21   249.35 259.94
2022-07-27   251.59 262.18   251.56 262.16    29.08  39.67   251.02 261.61   256.60 267.20   250.34 260.93
2022-07-28   252.58 263.18   252.55 263.15    30.06  40.67   252.01 262.61   257.59 268.19   251.33 261.93
2022-07-29   253.57 264.17   253.54 264.15    31.05  41.66   253.00 263.60   258.58 269.19   252.32 262.92
2022-07-30   254.56 265.17   254.53 265.15    32.04  42.66   253.99 264.60   259.57 270.19   253.31 263.92
2022-07-31   255.55 266.17   255.52 266.14    33.04  43.66   254.98 265.60   260.56 271.18   254.30 264.92
2022-08-01   256.54 267.17   256.52 267.14    34.03  44.66   255.97 266.60   261.56 272.18   255.29 265.92
2022-08-02   257.54 268.17   257.51 268.14    35.02  45.66   256.97 267.60   262.55 273.18   256.29 266.92
2022-08-03   258.53 269.17   258.50 269.14    36.02  46.66   257.96 268.60   263.55 274.18   257.28 267.92
2022-08-04   259.53 270.17   259.50 270.14    37.01  47.66   258.96 269.60   264.54 275.19   258.28 268.92
2022-08-05   260.52 271.17   260.50 271.15    38.01  48.66   259.95 270.60   265.54 276.19   259.27 269.92
2022-08-06   261.52 272.18   261.50 272.15    39.01  49.66   260.95 271.61   266.54 277.19   260.27 270.92
2022-08-07   262.52 273.18   262.50 273.15    40.01  50.67   261.95 272.61   267.54 278.19   261.27 271.93
2022-08-08   263.52 274.18   263.50 274.16    41.01  51.67   262.95 273.61   268.54 279.20   262.27 272.93
2022-08-09   264.52 275.19   264.50 275.16    42.01  52.68   263.95 274.62   269.54 280.20   263.27 273.94
2022-08-10   265.53 276.19   265.50 276.17    43.01  53.68   264.96 275.62   270.54 281.21   264.27 274.94
2022-08-11   266.53 277.20   266.50 277.17    44.02  54.69   265.96 276.63   271.54 282.22   265.28 275.95
2022-08-12   267.53 278.21   267.50 278.18    45.02  55.69   266.96 277.64   272.55 283.22   266.28 276.96
2022-08-13   268.54 279.21   268.51 279.19    46.02  56.70   267.97 278.64   273.55 284.23   267.28 277.96
2022-08-14   269.54 280.22   269.51 280.19    47.03  57.71   268.97 279.65   274.56 285.24   268.29 278.97
2022-08-15   270.55 281.23   270.52 281.20    48.03  58.72   269.98 280.66   275.56 286.24   269.29 279.98
2022-08-16   271.55 282.24   271.52 282.21    49.04  59.72   270.98 281.67   276.57 287.25   270.30 280.99
2022-08-17   272.56 283.24   272.53 283.22    50.05  60.73   271.99 282.67   277.57 288.26   271.31 281.99
2022-08-18   273.56 284.25   273.54 284.23    51.05  61.74   272.99 283.68   278.58 289.27   272.31 283.00
2022-08-19   274.57 285.26   274.55 285.24    52.06  62.75   274.00 284.69   279.59 290.28   273.32 284.01
2022-08-20   275.58 286.27   275.55 286.24    53.07  63.76   275.01 285.70   280.60 291.29   274.33 285.02
2022-08-21   276.59 287.28   276.56 287.25    54.08  64.77   276.02 286.71   281.60 292.29   275.34 286.03
2022-08-22   277.60 288.29   277.57 288.26    55.08  65.78   277.03 287.72   282.61 293.30   276.35 287.04
2022-08-23   278.61 289.30   278.58 289.27    56.09  66.78   278.04 288.73   283.62 294.31   277.35 288.05
2022-08-24   279.61 290.31   279.59 290.28    57.10  67.79   279.04 289.74   284.63 295.32   278.36 289.05
2022-08-25   280.62 291.31   280.60 291.29    58.11  68.80   280.05 290.74   285.64 296.33   279.37 290.06
2022-08-26   281.63 292.32   281.61 292.30    59.12  69.81   281.06 291.75   286.65 297.34   280.38 291.07
2022-08-27   282.64 293.33   282.62 293.30    60.13  70.82   282.07 292.76   287.66 298.35   281.39 292.08
2022-08-28   283.65 294.34   283.63 294.31    61.14  71.83   283.08 293.77   288.67 299.35   282.40 293.09
2022-08-29   284.66 295.35   284.63 295.32    62.15  72.83   284.09 294.78   289.68 300.36   283.41 294.09
2022-08-30   285.67 296.35   285.64 296.33    63.16  73.84   285.10 295.78   290.69 301.37   284.42 295.10
2022-08-31   286.68 297.36   286.65 297.33    64.17  74.85   286.11 296.79   291.69 302.37   285.43 296.11
2022-09-01   287.69 298.37   287.66 298.34    65.18  75.85   287.12 297.80   292.70 303.38   286.44 297.11
2022-09-02   288.70 299.37   288.67 299.35    66.18  76.86   288.13 298.80   293.71 304.39   287.45 298.12
2022-09-03   289.71 300.38   289.68 300.35    67.19  77.86   289.14 299.81   294.72 305.39   288.45 299.13
2022-09-04   290.71 301.38   290.69 301.35    68.20  78.87   290.14 300.81   295.73 306.40   289.46 300.13
2022-09-05   291.72 302.39   291.70 302.36    69.21  79.87   291.15 301.82   296.74 307.40   290.47 301.13
2022-09-06   292.73 303.39   292.70 303.36    70.22  80.88   292.16 302.82   297.74 308.40   291.48 302.14
2022-09-07   293.74 304.39   293.71 304.37    71.22  81.88   293.17 303.82   298.75 309.41   292.49 303.14
2022-09-08   294.74 305.39   294.72 305.37    72.23  82.88   294.17 304.82   299.76 310.41   293.49 304.14
2022-09-09   295.75 306.39   295.72 306.37    73.24  83.88   295.18 305.82   300.76 311.41   294.50 305.14
2022-09-10   296.75 307.40   296.73 307.37    74.24  84.88   296.18 306.83   301.77 312.41   295.50 306.14
2022-09-11   297.76 308.39   297.73 308.37    75.25  85.88   297.19 307.82   302.77 313.41   296.51 307.14
2022-09-12   298.76 309.39   298.74 309.37    76.25  86.88   298.19 308.82   303.78 314.41   297.51 308.14
2022-09-13   299.77 310.39   299.74 310.37    77.25  87.88   299.20 309.82   304.78 315.41   298.52 309.14
2022-09-14   300.77 311.39   300.74 311.36    78.26  88.88   300.20 310.82   305.79 316.40   299.52 310.14
2022-09-15   301.77 312.38   301.75 312.36    79.26  89.87   301.20 311.81   306.79 317.40   300.52 311.13
2022-09-16   302.77 313.38   302.75 313.35    80.26  90.87   302.20 312.81   307.79 318.39   301.52 312.13
2022-09-17   303.77 314.37   303.75 314.35    81.26  91.86   303.20 313.80   308.79 319.39   302.52 313.12
2022-09-18   304.77 315.37   304.75 315.34    82.26  92.85   304.20 314.80   309.79 320.38   303.52 314.12
2022-09-19   305.77 316.36   305.75 316.33    83.26  93.85   305.20 315.79   310.79 321.37   304.52 315.11
2022-09-20   306.77 317.35   306.75 317.32    84.26  94.84   306.20 316.78   311.79 322.37   305.52 316.10
2022-09-21   307.77 318.34   307.74 318.31    85.26  95.83   307.20 317.77   312.78 323.36   306.52 317.09
2022-09-22   308.77 319.33   308.74 319.30    86.25  96.82   308.20 318.76   313.78 324.34   307.51 318.08
2022-09-23   309.76 320.32   309.73 320.29    87.25  97.80   309.19 319.75   314.78 325.33   308.51 319.07
2022-09-24   310.76 321.30   310.73 321.28    88.24  98.79   310.19 320.73   315.77 326.32   309.50 320.05
2022-09-25   311.75 322.29   311.72 322.26    89.24  99.78   311.18 321.72   316.76 327.30   310.50 321.04
2022-09-26   312.74 323.27   312.71 323.25    90.23 100.76   312.17 322.70   317.76 328.29   311.49 322.02
2022-09-27   313.73 324.26   313.71 324.23    91.22 101.75   313.16 323.69   318.75 329.27   312.48 323.01
2022-09-28   314.72 325.24   314.70 325.21    92.21 102.73   314.15 324.67   319.74 330.26   313.47 323.99
2022-09-29   315.71 326.22   315.69 326.19    93.20 103.71   315.14 325.65   320.73 331.24   314.46 324.97
2022-09-30   316.70 327.20   316.67 327.18    94.19 104.69   316.13 326.63   321.72 332.22   315.45 325.95
2022-10-01   317.69 328.18   317.66 328.15    95.18 105.67   317.12 327.61   322.70 333.20   316.44 326.93
2022-10-02   318.68 329.16   318.65 329.13    96.16 106.65   318.11 328.59   323.69 334.17   317.42 327.91
2022-10-03   319.66 330.14   319.63 330.11    97.15 107.62   319.09 329.57   324.68 335.15   318.41 328.89
2022-10-04   320.64 331.11   320.62 331.09    98.13 108.60   320.07 330.54   325.66 336.13   319.39 329.86
2022-10-05   321.63 332.09   321.60 332.06    99.12 109.57   321.06 331.52   326.64 337.10   320.38 330.84
2022-10-06   322.61 333.06   322.58 333.03   100.10 110.55   322.04 332.49   327.63 338.08   321.36 331.81
2022-10-07   323.59 334.03   323.56 334.01   101.08 111.52   323.02 333.46   328.61 339.05   322.34 332.78
2022-10-08   324.57 335.00   324.55 334.98   102.06 112.49   324.00 334.43   329.59 340.02   323.32 333.75
2022-10-09   325.55 335.98   325.52 335.95   103.04 113.46   324.98 335.41   330.57 340.99   324.30 334.72
2022-10-10   326.53 336.95   326.50 336.92   104.02 114.43   325.96 336.38   331.54 341.96   325.28 335.69
2022-10-11   327.51 337.91   327.48 337.89   104.99 115.40   326.94 337.34   332.52 342.93   326.26 336.66
2022-10-12   328.48 338.88   328.46 338.86   105.97 116.37   327.91 338.31   333.50 343.90   327.23 337.63
2022-10-13   329.46 339.85   329.43 339.82   106.94 117.34   328.89 339.28   334.47 344.86   328.21 338.60
2022-10-14   330.43 340.81   330.40 340.79   107.92 118.30   329.86 340.24   335.45 345.83   329.18 339.56
2022-10-15   331.40 341.78   331.38 341.75   108.89 119.27   330.83 341.21   336.42 346.80   330.15 340.53
2022-10-16   332.38 342.74   332.35 342.72   109.86 120.23   331.81 342.17   337.39 347.76   331.13 341.49
2022-10-17   333.35 343.71   333.32 343.68   110.84 121.20   332.78 343.14   338.36 348.72   332.10 342.46
2022-10-18   334.32 344.67   334.29 344.64   111.81 122.16   333.75 344.10   339.33 349.69   333.07 343.42
2022-10-19   335.29 345.63   335.26 345.61   112.78 123.12   334.72 345.06   340.30 350.65   334.04 344.38
2022-10-20   336.26 346.59   336.23 346.57   113.75 124.08   335.69 346.02   341.27 351.61   335.01 345.34
2022-10-21   337.23 347.55   337.20 347.53   114.71 125.04   336.66 346.98   342.24 352.57   335.97 346.30
2022-10-22   338.19 348.51   338.17 348.49   115.68 126.00   337.62 347.94   343.21 353.53   336.94 347.26
2022-10-23   339.16 349.47   339.13 349.45   116.65 126.96   338.59 348.90   344.17 354.49   337.91 348.22
2022-10-24   340.13 350.43   340.10 350.41   117.61 127.92   339.56 349.86   345.14 355.45   338.87 349.18
2022-10-25   341.09 351.39   341.06 351.36   118.58 128.88   340.52 350.82   346.11 356.41   339.84 350.14
2022-10-26   342.05 352.35   342.03 352.32   119.54 129.84   341.48 351.78   347.07 357.36   340.80 351.10
2022-10-27   343.02 353.31   342.99 353.28   120.51 130.79   342.45 352.74   348.03 358.32   341.77 352.06
2022-10-28   343.98 354.26   343.96 354.24   121.47 131.75   343.41 353.69   349.00 359.28   342.73 353.01
2022-10-29   344.94 355.22   344.92 355.19   122.43 132.71   344.37 354.65   349.96   0.23   343.69 353.97
2022-10-30   345.91 356.18   345.88 356.15   123.39 133.66   345.34 355.61   350.92   1.19   344.66 354.93
2022-10-31   346.87 357.13   346.84 357.11   124.36 134.62   346.30 356.56   351.88   2.15   345.62 355.88
2022-11-01   347.83 358.09   347.80 358.06   125.32 135.58   347.26 357.52   352.85   3.10   346.58 356.84
2022-11-02   348.79 359.04   348.76 359.02   126.28 136.53   348.22 358.47   353.81   4.06   347.54 357.79
2022-11-03   349.75 360.00   349.72 359.97   127.24 137.49   349.18 359.43   354.77   5.01   348.50 358.75
2022-11-04   350.71   0.95   350.68   0.93   128.20 138.44   350.14   0.38   355.73   5.97   349.46 359.70
2022-11-05   351.67   1.91   351.64   1.88   129.16 139.40   351.10   1.34   356.69   6.92   350.42   0.66
2022-11-06   352.63   2.86   352.60   2.84   130.12 140.35   352.06   2.29   357.65   7.88   351.38   1.61
2022-11-07   353.59   3.82   353.56   3.79   131.08 141.31   353.02   3.25   358.61   8.84   352.34   2.57
2022-11-08   354.55   4.78   354.52   4.75   132.04 142.26   353.98   4.21   359.57   9.79   353.30   3.52
2022-11-09   355.51   5.73   355.48   5.70   133.00 143.22   354.94   5.16     0.52  10.75   354.26   4.48
2022-11-10   356.47   6.69   356.44   6.66   133.96 144.17   355.90   6.12     1.48  11.70   355.22   5.44
2022-11-11   357.43   7.64   357.40   7.62   134.92 145.13   356.86   7.07     2.44  12.66   356.18   6.39
2022-11-12   358.39   8.60   358.36   8.57   135.87 146.09   357.82   8.03     3.40  13.61   357.14   7.35
2022-11-13   359.35   9.56   359.32   9.53   136.83 147.04   358.78   8.99     4.36  14.57   358.10   8.31
2022-11-14     0.31  10.51     0.28  10.49   137.79 148.00   359.74   9.94     5.32  15.53   359.05   9.26
2022-11-15     1.27  11.47     1.24  11.45   138.75 148.96     0.70  10.90     6.28  16.49     0.01  10.22
2022-11-16     2.23  12.43     2.20  12.40   139.71 149.92     1.66  11.86     7.24  17.44     0.97  11.18
2022-11-17     3.19  13.39     3.16  13.36   140.67 150.88     2.62  12.82     8.20  18.40     1.93  12.14
2022-11-18     4.15  14.35     4.12  14.32   141.63 151.84     3.58  13.78     9.16  19.36     2.90  13.10
2022-11-19     5.11  15.31     5.08  15.28   142.59 152.80     4.54  14.74    10.12  20.32     3.86  14.06
2022-11-20     6.07  16.27     6.04  16.24   143.56 153.76     5.50  15.70    11.08  21.28     4.82  15.02
2022-11-21     7.03  17.23     7.00  17.20   144.52 154.72     6.46  16.66    12.05  22.25     5.78  15.98
2022-11-22     7.99  18.19     7.97  18.17   145.48 155.68     7.42  17.62    13.01  23.21     6.74  16.94
2022-11-23     8.96  19.16     8.93  19.13   146.44 156.64     8.39  18.59    13.97  24.17     7.71  17.91
2022-11-24     9.92  20.12     9.89  20.09   147.41 157.61     9.35  19.55    14.93  25.14     8.67  18.87
2022-11-25    10.88  21.09    10.86  21.06   148.37 158.57    10.31  20.52    15.90  26.10     9.63  19.84
2022-11-26    11.85  22.05    11.82  22.03   149.34 159.54    11.28  21.48    16.86  27.07    10.60  20.80
2022-11-27    12.82  23.02    12.79  22.99   150.30 160.51    12.25  22.45    17.83  28.03    11.56  21.77
2022-11-28    13.78  23.99    13.76  23.96   151.27 161.48    13.21  23.42    18.80  29.00    12.53  22.74
2022-11-29    14.75  24.96    14.72  24.93   152.24 162.45    14.18  24.39    19.76  29.97    13.50  23.71
2022-11-30    15.79  25.86    15.76  25.83   153.28 163.34    15.22  25.29    20.81  30.87    14.54  24.61
2022-12-01    16.95  26.64    16.92  26.61   154.44 164.12    16.38  26.07    21.97  31.65    15.70  25.39
2022-12-02    18.11  27.42    18.09  27.39   155.60 164.91    17.54  26.85    23.13  32.43    16.86  26.17
2022-12-03    19.28  28.20    19.25  28.18   156.76 165.69    18.71  27.63    24.29  33.22    18.02  26.95
2022-12-04    20.44  28.99    20.41  28.96   157.93 166.48    19.87  28.42    25.45  34.00    19.19  27.74
2022-12-05    21.60  29.78    21.58  29.75   159.09 167.26    21.03  29.21    26.62  34.79    20.35  28.53
2022-12-06    22.77  30.57    22.74  30.54   160.25 168.05    22.20  30.00    27.78  35.58    21.52  29.32
2022-12-07    23.93  31.36    23.91  31.33   161.42 168.85    23.36  30.79    28.95  36.37    22.68  30.11
2022-12-08    25.10  32.15    25.07  32.13   162.59 169.64    24.53  31.58    30.11  37.17    23.85  30.90

2023-05-02   172.14 179.04   172.11 179.01   309.63 316.53   171.57 178.47   177.16 184.05   170.89 177.79
2023-05-03   172.90 180.14   172.87 180.11   310.39 317.63   172.33 179.57   177.92 185.15   171.65 178.89
2023-05-04   173.66 181.24   173.63 181.21   311.15 318.73   173.09 180.67   178.67 186.25   172.41 179.99
2023-05-05   174.41 182.34   174.39 182.31   311.90 319.83   173.84 181.77   179.43 187.36   173.16 181.09
2023-05-06   175.17 183.44   175.14 183.41   312.66 320.93   174.60 182.87   180.18 188.46   173.92 182.19
2023-05-07   175.92 184.54   175.89 184.51   313.41 322.03   175.35 183.97   180.94 189.56   174.67 183.29
2023-05-08   176.67 185.64   176.65 185.61   314.16 323.13   176.10 185.07   181.69 190.66   175.42 184.39
2023-05-09   177.42 186.74   177.40 186.71   314.91 324.23   176.85 186.17   182.44 191.76   176.17 185.49
2023-05-10   178.17 187.84   178.15 187.81   315.66 325.33   177.60 187.27   183.19 192.86   176.92 186.59
2023-05-11   178.92 188.94   178.89 188.91   316.41 326.43   178.35 188.37   183.94 193.96   177.67 187.69
2023-05-12   179.75 189.96   179.72 189.93   317.24 327.45   179.18 189.39   184.76 194.97   178.50 188.71
2023-05-13   180.67 190.88   180.65 190.85   318.16 328.37   180.10 190.31   185.69 195.90   179.42 189.63
2023-05-14   181.60 191.80   181.57 191.78   319.08 329.29   181.03 191.23   186.61 196.82   180.35 190.55
2023-05-15   182.52 192.72   182.49 192.70   320.01 330.21   181.95 192.15   187.53 197.74   181.27 191.47
2023-05-16   183.44 193.64   183.42 193.62   320.93 331.13   182.87 193.07   188.46 198.66   182.19 192.39
2023-05-17   184.36 194.56   184.34 194.54   321.85 332.05   183.79 193.99   189.38 199.58   183.11 193.31
2023-05-18   185.29 195.49   185.26 195.46   322.77 332.97   184.72 194.92   190.30 200.50   184.03 194.23
2023-05-19   186.21 196.41   186.18 196.38   323.69 333.89   185.64 195.84   191.22 201.42   184.96 195.16
2023-05-20   187.13 197.33   187.10 197.30   324.61 334.81   186.56 196.76   192.14 202.34   185.88 196.08
2023-05-21   188.05 198.25   188.02 198.22   325.54 335.74   187.48 197.68   193.06 203.26   186.80 197.00
2023-05-22   188.97 199.17   188.94 199.14   326.46 336.66   188.40 198.60   193.98 204.18   187.72 197.92
2023-05-23   189.89 200.09   189.86 200.06   327.38 337.58   189.32 199.52   194.90 205.11   188.64 198.84
2023-05-24   190.81 201.01   190.78 200.98   328.30 338.50   190.24 200.44   195.82 206.03   189.56 199.76
2023-05-25   191.73 201.93   191.70 201.91   329.22 339.42   191.16 201.36   196.74 206.95   190.48 200.68
2023-05-26   192.65 202.85   192.62 202.83   330.14 340.34   192.08 202.28   197.67 207.87   191.40 201.60
2023-05-27   193.57 203.78   193.54 203.75   331.06 341.26   193.00 203.21   198.59 208.79   192.32 202.53
2023-05-28   194.49 204.70   194.46 204.67   331.98 342.19   193.92 204.13   199.51 209.71   193.24 203.45
2023-05-29   195.41 205.62   195.39 205.60   332.90 343.11   194.84 205.05   200.43 210.64   194.16 204.37
2023-05-30   196.33 206.54   196.31 206.52   333.82 344.03   195.76 205.97   201.35 211.56   195.08 205.29
2023-05-31   197.25 207.47   197.23 207.44   334.74 344.96   196.68 206.90   202.27 212.48   196.00 206.22
2023-06-01   198.18 208.39   198.15 208.37   335.66 345.88   197.61 207.82   203.19 213.41   196.93 207.14
2023-06-02   199.10 209.32   199.07 209.29   336.59 346.81   198.53 208.75   204.11 214.33   197.85 208.07
2023-06-03   200.02 210.24   199.99 210.22   337.51 347.73   199.45 209.67   205.04 215.26   198.77 208.99
2023-06-04   200.94 211.17   200.92 211.14   338.43 348.66   200.37 210.60   205.96 216.19   199.69 209.92
2023-06-05   201.87 212.10   201.84 212.07   339.36 349.59   201.30 211.53   206.88 217.11   200.62 210.85
2023-06-06   202.79 213.03   202.77 213.00   340.28 350.51   202.22 212.46   207.81 218.04   201.54 211.78
2023-06-07   203.72 213.95   203.69 213.93   341.20 351.44   203.15 213.38   208.73 218.97   202.47 212.70
2023-06-08   204.64 214.88   204.62 214.86   342.13 352.37   204.07 214.31   209.66 219.90   203.39 213.63
2023-06-09   205.57 215.82   205.54 215.79   343.06 353.30   205.00 215.25   210.58 220.83   204.32 214.56
2023-06-10   206.50 216.75   206.47 216.72   343.98 354.23   205.93 216.18   211.51 221.76   205.24 215.50
2023-06-11   207.42 217.68   207.40 217.65   344.91 355.17   206.85 217.11   212.44 222.69   206.17 216.43
2023-06-12   208.35 218.61   208.32 218.59   345.84 356.10   207.78 218.04   213.37 223.63   207.10 217.36
2023-06-13   209.28 219.55   209.25 219.52   346.77 357.04   208.71 218.98   214.30 224.56   208.03 218.30
2023-06-14   210.21 220.48   210.18 220.46   347.70 357.97   209.64 219.91   215.23 225.50   208.96 219.23
2023-06-15   211.14 221.42   211.12 221.39   348.63 358.91   210.57 220.85   216.16 226.44   209.89 220.17
2023-06-16   212.07 222.36   212.05 222.33   349.56 359.85   211.50 221.79   217.09 227.37   210.82 221.11
2023-06-17   213.01 223.30   212.98 223.27   350.49   0.79   212.44 222.73   218.02 228.31   211.76 222.05
2023-06-18   213.94 224.24   213.91 224.21   351.43   1.73   213.37 223.67   218.96 229.25   212.69 222.99
2023-06-19   214.88 225.18   214.85 225.15   352.36   2.67   214.31 224.61   219.89 230.20   213.63 223.93
2023-06-20   215.81 226.12   215.79 226.10   353.30   3.61   215.24 225.55   220.83 231.14   214.56 224.87
2023-06-21   216.75 227.07   216.72 227.04   354.24   4.55   216.18 226.50   221.77 232.08   215.50 225.82
2023-06-22   217.69 228.01   217.66 227.99   355.18   5.50   217.12 227.44   222.70 233.03   216.44 226.76
2023-06-23   218.63 228.96   218.60 228.93   356.12   6.45   218.06 228.39   223.64 233.97   217.38 227.71
2023-06-24   219.57 229.91   219.54 229.88   357.06   7.39   219.00 229.34   224.58 234.92   218.32 228.66
2023-06-25   220.51 230.86   220.49 230.83   358.00   8.34   219.94 230.29   225.53 235.87   219.26 229.61
2023-06-26   221.46 231.81   221.43 231.78   358.94   9.30   220.89 231.24   226.47 236.82   220.20 230.56
2023-06-27   222.40 232.76   222.37 232.73   359.89  10.25   221.83 232.19   227.42 237.78   221.15 231.51
2023-06-28   223.35 233.71   223.32 233.69     0.83  11.20   222.78 233.14   228.36 238.73   222.10 232.46
2023-06-29   224.29 234.67   224.27 234.64     1.78  12.16   223.72 234.10   229.31 239.68   223.04 233.42
2023-06-30   225.24 235.62   225.22 235.60     2.73  13.11   224.67 235.05   230.26 240.64   223.99 234.37
2023-07-01   226.19 236.58   226.17 236.56     3.68  14.07   225.62 236.01   231.21 241.60   224.94 235.33
2023-07-02   227.14 237.54   227.12 237.52     4.63  15.03   226.57 236.97   232.16 242.56   225.89 236.29
2023-07-03   228.10 238.50   228.07 238.48     5.58  15.99   227.53 237.93   233.11 243.52   226.84 237.25
2023-07-04   229.05 239.46   229.02 239.44     6.54  16.95   228.48 238.89   234.06 244.48   227.80 238.21
2023-07-05   230.00 240.43   229.98 240.40     7.49  17.91   229.43 239.86   235.02 245.44   228.75 239.18
2023-07-06   230.96 241.39   230.93 241.37     8.45  18.88   230.39 240.82   235.98 246.41   229.71 240.14
2023-07-07   231.92 242.36   231.89 242.33     9.41  19.85   231.35 241.79   236.93 247.37   230.67 241.11
2023-07-08   232.88 243.33   232.85 243.30    10.37  20.81   232.31 242.76   237.89 248.34   231.63 242.08
2023-07-09   233.84 244.30   233.81 244.27    11.33  21.78   233.27 243.73   238.85 249.31   232.59 243.04
2023-07-10   234.80 245.27   234.78 245.24    12.29  22.75   234.23 244.70   239.82 250.28   233.55 244.01
2023-07-11   235.77 246.24   235.74 246.21    13.25  23.72   235.20 245.67   240.78 251.25   234.51 244.99
2023-07-12   236.73 247.21   236.70 247.18    14.22  24.70   236.16 246.64   241.75 252.23   235.48 245.96
2023-07-13   237.70 248.19   237.67 248.16    15.18  25.67   237.13 247.62   242.71 253.20   236.45 246.93
2023-07-14   238.66 249.16   238.64 249.13    16.15  26.65   238.09 248.59   243.68 254.18   237.41 247.91
2023-07-15   239.63 250.14   239.61 250.11    17.12  27.63   239.06 249.57   244.65 255.15   238.38 248.89
2023-07-16   240.60 251.12   240.58 251.09    18.09  28.60   240.03 250.55   245.62 256.13   239.35 249.87
2023-07-17   241.58 252.10   241.55 252.07    19.06  29.58   241.01 251.53   246.59 257.11   240.33 250.85
2023-07-18   242.55 253.08   242.52 253.05    20.04  30.57   241.98 252.51   247.56 258.09   241.30 251.83
2023-07-19   243.52 254.06   243.50 254.03    21.01  31.55   242.95 253.49   248.54 259.08   242.27 252.81
2023-07-20   244.50 255.04   244.47 255.02    21.99  32.53   243.93 254.47   249.51 260.06   243.25 253.79
2023-07-21   245.48 256.03   245.45 256.00    22.96  33.52   244.91 255.46   250.49 261.04   244.23 254.78
2023-07-22   246.46 257.01   246.43 256.99    23.94  34.50   245.89 256.44   251.47 262.03   245.20 255.76
2023-07-23   247.44 258.00   247.41 257.98    24.92  35.49   246.87 257.43   252.45 263.02   246.18 256.75
2023-07-24   248.42 258.99   248.39 258.96    25.90  36.48   247.85 258.42   253.43 264.01   247.17 257.74
2023-07-25   249.40 259.98   249.37 259.95    26.89  37.47   248.83 259.41   254.41 265.00   248.15 258.73
2023-07-26   250.38 260.97   250.36 260.94    27.87  38.46   249.81 260.40   255.40 265.99   249.13 259.72
2023-07-27   251.37 261.96   251.34 261.94    28.86  39.45   250.80 261.39   256.38 266.98   250.12 260.71
2023-07-28   252.35 262.96   252.33 262.93    29.84  40.44   251.78 262.39   257.37 267.97   251.10 261.71
2023-07-29   253.34 263.95   253.32 263.92    30.83  41.44   252.77 263.38   258.36 268.96   252.09 262.70
2023-07-30   254.33 264.94   254.30 264.92    31.82  42.43   253.76 264.37   259.35 269.96   253.08 263.69
2023-07-31   255.32 265.94   255.29 265.91    32.81  43.43   254.75 265.37   260.34 270.96   254.07 264.69
2023-08-01   256.31 266.94   256.28 266.91    33.80  44.42   255.74 266.37   261.33 271.95   255.06 265.69
2023-08-02   257.30 267.94   257.28 267.91    34.79  45.42   256.73 267.37   262.32 272.95   256.05 266.68
2023-08-03   258.30 268.93   258.27 268.91    35.78  46.42   257.73 268.36   263.31 273.95   257.05 267.68
2023-08-04   259.29 269.93   259.26 269.91    36.78  47.42   258.72 269.36   264.31 274.95   258.04 268.68
2023-08-05   260.29 270.93   260.26 270.91    37.77  48.42   259.72 270.36   265.30 275.95   259.04 269.68
2023-08-06   261.28 271.93   261.26 271.91    38.77  49.42   260.71 271.36   266.30 276.95   260.03 270.68
2023-08-07   262.28 272.94   262.25 272.91    39.77  50.42   261.71 272.37   267.29 277.95   261.03 271.69
2023-08-08   263.28 273.94   263.25 273.91    40.76  51.43   262.71 273.37   268.29 278.95   262.03 272.69
2023-08-09   264.28 274.94   264.25 274.91    41.76  52.43   263.71 274.37   269.29 279.96   263.03 273.69
2023-08-10   265.28 275.94   265.25 275.92    42.76  53.43   264.71 275.37   270.29 280.96   264.03 274.69
2023-08-11   266.28 276.95   266.25 276.92    43.76  54.44   265.71 276.38   271.29 281.96   265.03 275.70
2023-08-12   267.28 277.95   267.25 277.93    44.77  55.44   266.71 277.38   272.29 282.97   266.03 276.70
2023-08-13   268.28 278.96   268.25 278.93    45.77  56.45   267.71 278.39   273.30 283.97   267.03 277.71
2023-08-14   269.28 279.96   269.26 279.94    46.77  57.45   268.71 279.39   274.30 284.98   268.03 278.71
2023-08-15   270.29 280.97   270.26 280.94    47.77  58.46   269.72 280.40   275.30 285.98   269.04 279.72
2023-08-16   271.29 281.98   271.26 281.95    48.78  59.46   270.72 281.41   276.31 286.99   270.04 280.73
2023-08-17   272.29 282.98   272.27 282.96    49.78  60.47   271.72 282.41   277.31 288.00   271.04 281.73
2023-08-18   273.30 283.99   273.27 283.96    50.79  61.48   272.73 283.42   278.32 289.00   272.05 282.74
2023-08-19   274.31 285.00   274.28 284.97    51.79  62.48   273.74 284.43   279.32 290.01   273.05 283.74
2023-08-20   275.31 286.00   275.28 285.98    52.80  63.49   274.74 285.43   280.33 291.02   274.06 284.75
2023-08-21   276.32 287.01   276.29 286.98    53.81  64.50   275.75 286.44   281.33 292.02   275.07 285.76
2023-08-22   277.32 288.02   277.30 287.99    54.81  65.50   276.75 287.45   282.34 293.03   276.07 286.77
2023-08-23   278.33 289.02   278.30 289.00    55.82  66.51   277.76 288.45   283.35 294.04   277.08 287.77
2023-08-24   279.34 290.03   279.31 290.00    56.83  67.52   278.77 289.46   284.35 295.05   278.09 288.78
2023-08-25   280.35 291.04   280.32 291.01    57.83  68.52   279.78 290.47   285.36 296.05   279.10 289.79
2023-08-26   281.35 292.04   281.33 292.02    58.84  69.53   280.78 291.47   286.37 297.06   280.10 290.79
2023-08-27   282.36 293.05   282.33 293.02    59.85  70.54   281.79 292.48   287.38 298.07   281.11 291.80
2023-08-28   283.37 294.06   283.34 294.03    60.86  71.54   282.80 293.49   288.38 299.07   282.12 292.81
2023-08-29   284.38 295.06   284.35 295.04    61.86  72.55   283.81 294.49   289.39 300.08   283.13 293.81
2023-08-30   285.38 296.07   285.36 296.04    62.87  73.56   284.81 295.50   290.40 301.08   284.13 294.82
2023-08-31   286.39 297.07   286.37 297.05    63.88  74.56   285.82 296.50   291.41 302.09   285.14 295.82
2023-09-01   287.40 298.08   287.37 298.05    64.89  75.57   286.83 297.51   292.41 303.09   286.15 296.83
2023-09-02   288.41 299.08   288.38 299.06    65.89  76.57   287.84 298.51   293.42 304.10   287.16 297.83
2023-09-03   289.41 300.09   289.39 300.06    66.90  77.57   288.84 299.52   294.43 305.10   288.16 298.84
2023-09-04   290.42 301.09   290.39 301.06    67.91  78.58   289.85 300.52   295.44 306.11   289.17 299.84
2023-09-05   291.43 302.09   291.40 302.07    68.92  79.58   290.86 301.52   296.44 307.11   290.18 300.84
2023-09-06   292.43 303.10   292.41 303.07    69.92  80.58   291.86 302.53   297.45 308.11   291.18 301.84
2023-09-07   293.44 304.10   293.41 304.07    70.93  81.58   292.87 303.53   298.45 309.11   292.19 302.85
2023-09-08   294.45 305.10   294.42 305.07    71.93  82.59   293.88 304.53   299.46 310.11   293.19 303.85
2023-09-09   295.45 306.10   295.42 306.07    72.94  83.59   294.88 305.53   300.47 311.11   294.20 304.85
2023-09-10   296.45 307.10   296.43 307.07    73.94  84.59   295.88 306.53   301.47 312.11   295.20 305.85
2023-09-11   297.46 308.10   297.43 308.07    74.95  85.58   296.89 307.53   302.47 313.11   296.21 306.85
2023-09-12   298.46 309.09   298.44 309.07    75.95  86.58   297.89 308.52   303.48 314.11   297.21 307.84
2023-09-13   299.46 310.09   299.44 310.07    76.95  87.58   298.89 309.52   304.48 315.11   298.21 308.84
2023-09-14   300.47 311.09   300.44 311.06    77.95  88.58   299.90 310.52   305.48 316.10   299.22 309.84
2023-09-15   301.47 312.08   301.44 312.06    78.96  89.57   300.90 311.51   306.48 317.10   300.22 310.83
2023-09-16   302.47 313.08   302.44 313.05    79.96  90.57   301.90 312.51   307.48 318.09   301.22 311.83
2023-09-17   303.47 314.07   303.44 314.04    80.96  91.56   302.90 313.50   308.48 319.09   302.22 312.82
2023-09-18   304.47 315.06   304.44 315.04    81.96  92.55   303.90 314.49   309.48 320.08   303.22 313.81
2023-09-19   305.47 316.06   305.44 316.03    82.95  93.54   304.90 315.49   310.48 321.07   304.22 314.80
2023-09-20   306.46 317.05   306.44 317.02    83.95  94.53   305.89 316.48   311.48 322.06   305.21 315.80
2023-09-21   307.46 318.04   307.44 318.01    84.95  95.52   306.89 317.47   312.48 323.05   306.21 316.78
2023-09-22   308.46 319.02   308.43 319.00    85.95  96.51   307.89 318.45   313.47 324.04   307.21 317.77
2023-09-23   309.45 320.01   309.43 319.99    86.94  97.50   308.88 319.44   314.47 325.03   308.20 318.76
2023-09-24   310.45 321.00   310.42 320.97    87.93  98.49   309.88 320.43   315.46 326.01   309.20 319.75
2023-09-25   311.44 321.98   311.41 321.96    88.93  99.47   310.87 321.41   316.46 327.00   310.19 320.73
2023-09-26   312.43 322.97   312.41 322.94    89.92 100.46   311.86 322.40   317.45 327.98   311.18 321.72
2023-09-27   313.42 323.95   313.40 323.93    90.91 101.44   312.85 323.38   318.44 328.97   312.17 322.70
2023-09-28   314.41 324.93   314.39 324.91    91.90 102.42   313.84 324.36   319.43 329.95   313.16 323.68
2023-09-29   315.40 325.92   315.38 325.89    92.89 103.40   314.83 325.35   320.42 330.93   314.15 324.67
2023-09-30   316.39 326.90   316.37 326.87    93.88 104.38   315.82 326.33   321.41 331.91   315.14 325.65
2023-10-01   317.38 327.88   317.35 327.85    94.87 105.36   316.81 327.31   322.40 332.89   316.13 326.62
2023-10-02   318.37 328.85   318.34 328.83    95.85 106.34   317.80 328.28   323.38 333.87   317.12 327.60
2023-10-03   319.35 329.83   319.33 329.80    96.84 107.32   318.78 329.26   324.37 334.85   318.10 328.58
2023-10-04   320.34 330.81   320.31 330.78    97.83 108.30   319.77 330.24   325.35 335.82   319.09 329.56
2023-10-05   321.32 331.78   321.29 331.76    98.81 109.27   320.75 331.21   326.34 336.80   320.07 330.53
2023-10-06   322.30 332.76   322.28 332.73    99.79 110.24   321.73 332.19   327.32 337.77   321.05 331.51
2023-10-07   323.29 333.73   323.26 333.70   100.77 111.22   322.72 333.16   328.30 338.75   322.04 332.48
2023-10-08   324.27 334.70   324.24 334.68   101.75 112.19   323.70 334.13   329.28 339.72   323.02 333.45
2023-10-09   325.25 335.67   325.22 335.65   102.73 113.16   324.68 335.10   330.26 340.69   324.00 334.42
2023-10-10   326.23 336.64   326.20 336.62   103.71 114.13   325.66 336.07   331.24 341.66   324.97 335.39
2023-10-11   327.20 337.61   327.18 337.59   104.69 115.10   326.63 337.04   332.22 342.63   325.95 336.36
2023-10-12   328.18 338.58   328.15 338.56   105.67 116.07   327.61 338.01   333.20 343.60   326.93 337.33
2023-10-13   329.16 339.55   329.13 339.52   106.64 117.04   328.59 338.98   334.17 344.57   327.91 338.30
2023-10-14   330.13 340.52   330.10 340.49   107.62 118.00   329.56 339.95   335.15 345.53   328.88 339.27
2023-10-15   331.11 341.48   331.08 341.46   108.59 118.97   330.54 340.91   336.12 346.50   329.85 340.23
2023-10-16   332.08 342.45   332.05 342.42   109.57 119.94   331.51 341.88   337.09 347.46   330.83 341.20
2023-10-17   333.05 343.41   333.02 343.39   110.54 120.90   332.48 342.84   338.07 348.43   331.80 342.16
2023-10-18   334.02 344.38   334.00 344.35   111.51 121.86   333.45 343.81   339.04 349.39   332.77 343.13
2023-10-19   334.99 345.34   334.97 345.31   112.48 122.83   334.42 344.77   340.01 350.35   333.74 344.09
2023-10-20   335.96 346.30   335.94 346.28   113.45 123.79   335.39 345.73   340.98 351.32   334.71 345.05
2023-10-21   336.93 347.26   336.91 347.24   114.42 124.75   336.36 346.69   341.95 352.28   335.68 346.01
2023-10-22   337.90 348.22   337.87 348.20   115.39 125.71   337.33 347.65   342.92 353.24   336.65 346.97
2023-10-23   338.87 349.19   338.84 349.16   116.36 126.67   338.30 348.62   343.88 354.20   337.62 347.93
2023-10-24   339.84 350.15   339.81 350.12   117.32 127.63   339.27 349.58   344.85 355.16   338.59 348.89
2023-10-25   340.80 351.11   340.78 351.08   118.29 128.59   340.23 350.54   345.82 356.12   339.55 349.85
2023-10-26   341.77 352.06   341.74 352.04   119.26 129.55   341.20 351.49   346.78 357.08   340.52 350.81
2023-10-27   342.73 353.02   342.71 353.00   120.22 130.51   342.16 352.45   347.75 358.04   341.48 351.77
2023-10-28   343.70 353.98   343.67 353.95   121.19 131.47   343.13 353.41   348.71 359.00   342.45 352.73
2023-10-29   344.66 354.94   344.64 354.91   122.15 132.43   344.09 354.37   349.68 359.95   343.41 353.69
2023-10-30   345.63 355.90   345.60 355.87   123.11 133.38   345.06 355.33   350.64   0.91   344.38 354.65
2023-10-31   346.59 356.85   346.56 356.83   124.08 134.34   346.02 356.28   351.60   1.87   345.34 355.60
2023-11-01   347.55 357.81   347.53 357.78   125.04 135.30   346.98 357.24   352.57   2.83   346.30 356.56
2023-11-02   348.51 358.77   348.49 358.74   126.00 136.26   347.94 358.20   353.53   3.78   347.26 357.52
2023-11-03   349.48 359.73   349.45 359.70   126.96 137.21   348.91 359.16   354.49   4.74   348.23 358.47
2023-11-04   350.44   0.68   350.41   0.66   127.93 138.17   349.87   0.11   355.45   5.70   349.19 359.43
2023-11-05   351.40   1.64   351.37   1.61   128.89 139.13   350.83   1.07   356.42   6.65   350.15   0.39
2023-11-06   352.36   2.60   352.33   2.57   129.85 140.08   351.79   2.03   357.38   7.61   351.11   1.35
2023-11-07   353.32   3.55   353.30   3.53   130.81 141.04   352.75   2.98   358.34   8.57   352.07   2.30
2023-11-08   354.28   4.51   354.26   4.48   131.77 142.00   353.71   3.94   359.30   9.53   353.03   3.26
2023-11-09   355.24   5.47   355.22   5.44   132.73 142.95   354.67   4.90     0.26  10.48   353.99   4.22
2023-11-10   356.21   6.42   356.18   6.40   133.69 143.91   355.64   5.85     1.22  11.44   354.95   5.17
2023-11-11   357.17   7.38   357.14   7.36   134.65 144.87   356.60   6.81     2.18  12.40   355.92   6.13
2023-11-12   358.13   8.34   358.10   8.31   135.61 145.83   357.56   7.77     3.14  13.36   356.88   7.09
2023-11-13   359.09   9.30   359.06   9.27   136.58 146.79   358.52   8.73     4.10  14.31   357.84   8.05
2023-11-14     0.05  10.26     0.02  10.23   137.54 147.75   359.48   9.69     5.06  15.27   358.80   9.01
2023-11-15     1.01  11.22     0.98  11.19   138.50 148.70     0.44  10.65     6.03  16.23   359.76   9.97
2023-11-16     1.97  12.18     1.95  12.15   139.46 149.66     1.40  11.61     6.99  17.19     0.72  10.93
2023-11-17     2.93  13.14     2.91  13.11   140.42 150.62     2.36  12.57     7.95  18.15     1.68  11.89
2023-11-18     3.90  14.10     3.87  14.07   141.38 151.59     3.33  13.53     8.91  19.11     2.65  12.85
2023-11-19     4.86  15.06     4.83  15.03   142.35 152.55     4.29  14.49     9.87  20.08     3.61  13.81
2023-11-20     5.82  16.02     5.80  16.00   143.31 153.51     5.25  15.45    10.84  21.04     4.57  14.77
2023-11-21     6.79  16.99     6.76  16.96   144.27 154.47     6.22  16.42    11.80  22.00     5.54  15.74
2023-11-22     7.75  17.95     7.72  17.92   145.24 155.44     7.18  17.38    12.77  22.97     6.50  16.70
2023-11-23     8.71  18.92     8.69  18.89   146.20 156.40     8.14  18.35    13.73  23.93     7.46  17.66
2023-11-24     9.68  19.88     9.65  19.85   147.17 157.37     9.11  19.31    14.70  24.90     8.43  18.63
2023-11-25    10.65  20.85    10.62  20.82   148.13 158.34    10.08  20.28    15.66  25.86     9.40  19.60
2023-11-26    11.61  21.82    11.59  21.79   149.10 159.30    11.04  21.25    16.63  26.83    10.36  20.57
2023-11-27    12.58  22.78    12.55  22.76   150.07 160.27    12.01  22.21    17.60  27.80    11.33  21.53
2023-11-28    13.55  23.76    13.52  23.73   151.04 161.24    12.98  23.19    18.56  28.77    12.30  22.50
2023-11-29    14.52  24.73    14.49  24.70   152.01 162.21    13.95  24.16    19.53  29.74    13.27  23.48
2023-11-30    15.53  25.66    15.50  25.63   153.02 163.15    14.96  25.09    20.54  30.67    14.28  24.41
2023-12-01    16.69  26.44    16.66  26.41   154.18 163.93    16.12  25.87    21.71  31.46    15.44  25.19
2023-12-02    17.86  27.22    17.83  27.20   155.34 164.71    17.29  26.65    22.87  32.24    16.60  25.97
2023-12-03    19.02  28.01    18.99  27.98   156.51 165.50    18.45  27.44    24.04  33.03    17.77  26.76
2023-12-04    20.19  28.80    20.16  28.77   157.67 166.28    19.62  28.23    25.20  33.81    18.93  27.55
2023-12-05    21.35  29.59    21.32  29.56   158.84 167.07    20.78  29.02    26.37  34.60    20.10  28.34
2023-12-06    22.52  30.38    22.49  30.35   160.00 167.86    21.95  29.81    27.53  35.39    21.27  29.13
2023-12-07    23.68  31.17    23.66  31.14   161.17 168.66    23.11  30.60    28.70  36.19    22.43  29.92
2023-12-08    24.85  31.97    24.83  31.94   162.34 169.45    24.28  31.40    29.87  36.98    23.60  30.71
