
       Target
                ecliptic
RA      Dec     latitude
292.045  37.376  58.206

Checked interval [2020-01-01, 2023-12-31]
|           Window [days]                 |    Normal V3 PA [deg]    |
   Start           End         Duration         Start         End         RA            Dec     
 2020-04-14      2020-11-06       206.00     261.45248      65.07892     292.04463      37.37619 
 2021-04-14      2021-11-06       206.08     261.70433      65.25056     292.04463      37.37619 
 2022-04-15      2022-11-07       206.00     261.12601      64.69567     292.04463      37.37619 
 2023-04-15      2023-11-07       206.00     261.38191      64.92293     292.04463      37.37619 


                V3PA          NIRCam           NIRSpec         NIRISS           MIRI          FGS
   Date      min    max      min    max       min    max     min    max      min    max      min    max

2020-04-15   257.81 264.93   257.79 264.90    35.30  42.41   257.24 264.36   262.83 269.94   256.56 263.68
2020-04-16   256.67 264.42   256.64 264.39    34.15  41.90   256.10 263.85   261.68 269.43   255.41 263.16
2020-04-17   255.52 263.91   255.49 263.88    33.01  41.39   254.95 263.34   260.54 268.92   254.27 262.65
2020-04-18   254.38 263.40   254.35 263.37    31.86  40.88   253.81 262.83   259.39 268.41   253.13 262.15
2020-04-19   253.23 262.89   253.21 262.86    30.72  40.38   252.66 262.32   258.25 267.91   251.98 261.64
2020-04-20   252.13 262.34   252.11 262.32    29.62  39.83   251.56 261.77   257.15 267.36   250.88 261.09
2020-04-21   251.31 261.52   251.29 261.49    28.80  39.01   250.74 260.95   256.33 266.53   250.06 260.27
2020-04-22   250.49 260.70   250.47 260.67    27.98  38.18   249.92 260.13   255.51 265.71   249.24 259.45
2020-04-23   249.67 259.87   249.65 259.85    27.16  37.36   249.10 259.30   254.69 264.89   248.42 258.62
2020-04-24   248.85 259.05   248.83 259.03    26.34  36.54   248.28 258.48   253.87 264.07   247.60 257.80
2020-04-25   248.03 258.23   248.01 258.21    25.52  35.72   247.46 257.66   253.05 263.25   246.78 256.98
2020-04-26   247.22 257.42   247.19 257.39    24.70  34.90   246.65 256.85   252.23 262.43   245.96 256.17
2020-04-27   246.40 256.60   246.37 256.57    23.88  34.08   245.83 256.03   251.41 261.61   245.14 255.35
2020-04-28   245.58 255.78   245.55 255.75    23.06  33.27   245.01 255.21   250.59 260.79   244.32 254.53
2020-04-29   244.76 254.96   244.73 254.94    22.24  32.45   244.19 254.39   249.77 259.98   243.50 253.71
2020-04-30   243.93 254.15   243.91 254.12    21.42  31.63   243.36 253.58   248.95 259.16   242.68 252.89
2020-05-01   243.11 253.33   243.09 253.30    20.60  30.82   242.54 252.76   248.13 258.34   241.86 252.08
2020-05-02   242.29 252.51   242.26 252.48    19.78  30.00   241.72 251.94   247.30 257.53   241.04 251.26
2020-05-03   241.47 251.69   241.44 251.67    18.95  29.18   240.90 251.12   246.48 256.71   240.21 250.44
2020-05-04   240.64 250.88   240.61 250.85    18.13  28.36   240.07 250.31   245.66 255.89   239.39 249.62
2020-05-05   239.81 250.06   239.79 250.03    17.30  27.54   239.24 249.49   244.83 255.07   238.56 248.81
2020-05-06   238.99 249.24   238.96 249.21    16.47  26.73   238.42 248.67   244.00 254.25   237.74 247.99
2020-05-07   238.16 248.42   238.13 248.39    15.65  25.91   237.59 247.85   243.17 253.43   236.91 247.17
2020-05-08   237.33 247.60   237.30 247.57    14.81  25.08   236.76 247.03   242.34 252.61   236.08 246.35
2020-05-09   236.49 246.78   236.47 246.75    13.98  24.26   235.92 246.21   241.51 251.79   235.24 245.52
2020-05-10   235.66 245.95   235.63 245.93    13.15  23.44   235.09 245.38   240.67 250.97   234.41 244.70
2020-05-11   234.82 245.13   234.80 245.10    12.31  22.62   234.25 244.56   239.84 250.14   233.57 243.88
2020-05-12   233.98 244.30   233.96 244.28    11.47  21.79   233.41 243.73   239.00 249.32   232.73 243.05
2020-05-13   233.14 243.47   233.12 243.45    10.63  20.96   232.57 242.90   238.16 248.49   231.89 242.22
2020-05-14   232.30 242.65   232.27 242.62     9.79  20.13   231.73 242.08   237.31 247.66   231.05 241.39
2020-05-15   231.45 241.81   231.43 241.79     8.94  19.30   230.88 241.24   236.47 246.83   230.20 240.56
2020-05-16   230.60 240.98   230.58 240.95     8.09  18.47   230.03 240.41   235.62 246.00   229.35 239.73
2020-05-17   229.75 240.15   229.72 240.12     7.24  17.63   229.18 239.58   234.77 245.16   228.50 238.90
2020-05-18   228.90 239.31   228.87 239.28     6.38  16.80   228.33 238.74   233.91 244.32   227.64 238.06
2020-05-19   228.04 238.47   228.01 238.44     5.52  15.96   227.47 237.90   233.05 243.48   226.79 237.22
2020-05-20   227.18 237.63   227.15 237.60     4.66  15.11   226.61 237.06   232.19 242.64   225.92 236.37
2020-05-21   226.31 236.78   226.28 236.75     3.80  14.27   225.74 236.21   231.33 241.80   225.06 235.53
2020-05-22   225.44 235.93   225.42 235.91     2.93  13.42   224.87 235.36   230.46 240.95   224.19 234.68
2020-05-23   224.57 235.08   224.54 235.05     2.06  12.57   224.00 234.51   229.59 240.10   223.32 233.83
2020-05-24   223.69 234.23   223.67 234.20     1.18  11.71   223.12 233.66   228.71 239.24   222.44 232.98
2020-05-25   222.81 233.37   222.79 233.34     0.30  10.86   222.24 232.80   227.83 238.38   221.56 232.12
2020-05-26   221.93 232.51   221.90 232.48   359.42  10.00   221.36 231.94   226.95 237.52   220.68 231.26
2020-05-27   221.04 231.64   221.02 231.62   358.53   9.13   220.47 231.07   226.06 236.66   219.79 230.39
2020-05-28   220.15 230.78   220.13 230.75   357.64   8.26   219.58 230.21   225.17 235.79   218.90 229.53
2020-05-29   219.26 229.91   219.23 229.88   356.74   7.39   218.69 229.34   224.27 234.92   218.00 228.65
2020-05-30   218.36 229.03   218.33 229.00   355.84   6.52   217.79 228.46   223.37 234.05   217.10 227.78
2020-05-31   217.45 228.15   217.42 228.12   354.94   5.64   216.88 227.58   222.47 233.17   216.20 226.90
2020-06-01   216.54 227.27   216.51 227.24   354.03   4.75   215.97 226.70   221.56 232.28   215.29 226.02
2020-06-02   215.63 226.38   215.60 226.35   353.11   3.87   215.06 225.81   220.64 231.39   214.38 225.13
2020-06-03   214.71 225.49   214.68 225.46   352.20   2.98   214.14 224.92   219.72 230.50   213.46 224.24
2020-06-04   213.78 224.59   213.76 224.57   351.27   2.08   213.21 224.02   218.80 229.61   212.53 223.34
2020-06-05   212.86 223.69   212.83 223.66   350.34   1.18   212.29 223.12   217.87 228.71   211.60 222.44
2020-06-06   211.92 222.79   211.89 222.76   349.41   0.27   211.35 222.22   216.94 227.80   210.67 221.53
2020-06-07   210.98 221.88   210.96 221.85   348.47 359.36   210.41 221.31   216.00 226.89   209.73 220.62
2020-06-08   210.04 220.96   210.01 220.93   347.53 358.45   209.47 220.39   215.05 225.98   208.79 219.71
2020-06-09   209.09 220.04   209.06 220.01   346.58 357.53   208.52 219.47   214.10 225.06   207.84 218.79
2020-06-10   208.13 219.12   208.11 219.09   345.62 356.60   207.56 218.55   213.15 224.13   206.88 217.87
2020-06-11   207.17 218.19   207.15 218.16   344.66 355.67   206.60 217.62   212.19 223.20   205.92 216.94
2020-06-12   206.21 217.25   206.18 217.22   343.70 354.74   205.64 216.68   211.22 222.27   204.96 216.00
2020-06-13   205.24 216.31   205.21 216.28   342.73 353.80   204.67 215.74   210.25 221.33   203.99 215.06
2020-06-14   204.26 215.37   204.24 215.34   341.75 352.85   203.69 214.80   209.28 220.38   203.01 214.11
2020-06-15   203.28 214.41   203.25 214.39   340.77 351.90   202.71 213.84   208.30 219.43   202.03 213.16
2020-06-16   202.29 213.46   202.27 213.43   339.78 350.94   201.72 212.89   207.31 218.47   201.04 212.21
2020-06-17   201.30 212.50   201.27 212.47   338.79 349.98   200.73 211.93   206.32 217.51   200.05 211.24
2020-06-18   200.30 211.53   200.28 211.50   337.79 349.02   199.73 210.96   205.32 216.54   199.05 210.28
2020-06-19   199.30 210.55   199.27 210.53   336.78 348.04   198.73 209.98   204.31 215.57   198.05 209.30
2020-06-20   198.29 209.58   198.26 209.55   335.78 347.06   197.72 209.01   203.30 214.59   197.04 208.33
2020-06-21   197.27 208.59   197.25 208.57   334.76 346.08   196.70 208.02   202.29 213.61   196.02 207.34
2020-06-22   196.25 207.60   196.23 207.58   333.74 345.09   195.68 207.03   201.27 212.62   195.00 206.35
2020-06-23   195.23 206.61   195.20 206.58   332.71 344.09   194.66 206.04   200.24 211.62   193.97 205.35
2020-06-24   194.19 205.60   194.17 205.58   331.68 343.09   193.62 205.03   199.21 210.62   192.94 204.35
2020-06-25   193.16 204.60   193.13 204.57   330.64 342.08   192.59 204.03   198.17 209.61   191.91 203.35
2020-06-26   192.11 203.58   192.09 203.56   329.60 341.07   191.54 203.01   197.13 208.60   190.86 202.33
2020-06-27   191.06 202.57   191.04 202.54   328.55 340.05   190.49 202.00   196.08 207.58   189.81 201.31
2020-06-28   190.01 201.54   189.98 201.51   327.50 339.03   189.44 200.97   195.03 206.56   188.76 200.29
2020-06-29   188.95 200.51   188.93 200.48   326.44 338.00   188.38 199.94   193.97 205.53   187.70 199.26
2020-06-30   187.89 199.47   187.86 199.45   325.38 336.96   187.32 198.90   192.90 204.49   186.64 198.22
2020-07-01   186.82 198.43   186.79 198.41   324.31 335.92   186.25 197.86   191.83 203.45   185.57 197.18
2020-07-02   185.75 197.39   185.72 197.36   323.23 334.87   185.18 196.82   190.76 202.40   184.49 196.14
2020-07-03   184.67 196.33   184.64 196.31   322.15 333.82   184.10 195.76   189.68 201.35   183.42 195.08
2020-07-04   183.58 195.28   183.56 195.25   321.07 332.76   183.01 194.71   188.60 200.29   182.33 194.03
2020-07-05   182.50 194.21   182.47 194.19   319.98 331.70   181.93 193.64   187.51 199.23   181.24 192.96
2020-07-06   181.40 193.15   181.38 193.12   318.89 330.63   180.83 192.58   186.42 198.16   180.15 191.90
2020-07-07   180.31 192.07   180.28 192.05   317.79 329.56   179.74 191.50   185.32 197.09   179.06 190.82
2020-07-08   179.21 191.00   179.18 190.97   316.69 328.48   178.64 190.43   184.22 196.01   177.96 189.75
2020-07-09   178.10 189.91   178.07 189.89   315.59 327.40   177.53 189.34   183.12 194.93   176.85 188.66
2020-07-10   176.99 188.83   176.97 188.80   314.48 326.31   176.42 188.26   182.01 193.84   175.74 187.58
2020-07-11   175.88 187.73   175.85 187.71   313.37 325.22   175.31 187.16   180.90 192.75   174.63 186.48
2020-07-12   174.77 186.64   174.74 186.61   312.25 324.13   174.20 186.07   179.78 191.65   173.52 185.39
2020-07-13   173.65 185.54   173.62 185.51   311.14 323.03   173.08 184.97   178.66 190.55   172.40 184.29
2020-07-14   172.53 184.43   172.50 184.41   310.01 321.92   171.96 183.86   177.54 189.45   171.28 183.18
2020-07-15   171.40 183.33   171.38 183.30   308.89 320.81   170.83 182.76   176.42 188.34   170.15 182.07
2020-07-16   170.28 182.21   170.25 182.19   307.76 319.70   169.71 181.64   175.29 187.23   169.03 180.96
2020-07-17   169.15 181.10   169.12 181.07   306.64 318.59   168.58 180.53   174.16 186.11   167.90 179.85
2020-07-18   168.02 179.98   167.99 179.95   305.50 317.47   167.45 179.41   173.03 185.00   166.77 178.73
2020-07-19   166.89 178.86   166.86 178.83   304.37 316.35   166.32 178.29   171.90 183.88   165.63 177.61
2020-07-20   165.75 177.74   165.73 177.71   303.24 315.22   165.18 177.17   170.77 182.75   164.50 176.49
2020-07-21   164.62 176.61   164.59 176.58   302.10 314.10   164.05 176.04   169.63 181.63   163.37 175.36
2020-07-22   163.48 175.48   163.45 175.45   300.97 312.97   162.91 174.91   168.50 180.50   162.23 174.23
2020-07-23   162.34 174.35   162.32 174.32   299.83 311.84   161.77 173.78   167.36 179.37   161.09 173.10
2020-07-24   161.21 173.22   161.18 173.19   298.69 310.71   160.64 172.65   166.22 178.23   159.96 171.97
2020-07-25   160.07 172.08   160.04 172.06   297.56 309.57   159.50 171.51   165.09 177.10   158.82 170.83
2020-07-26   158.93 170.95   158.91 170.92   296.42 308.44   158.36 170.38   163.95 175.97   157.68 169.70
2020-07-27   157.80 169.81   157.77 169.79   295.28 307.30   157.23 169.24   162.81 174.83   156.55 168.56
2020-07-28   156.66 168.68   156.63 168.65   294.15 306.16   156.09 168.11   161.68 173.69   155.41 167.43
2020-07-29   155.53 167.54   155.50 167.51   293.01 305.03   154.96 166.97   160.54 172.56   154.27 166.29
2020-07-30   154.39 166.40   154.36 166.38   291.88 303.89   153.82 165.83   159.41 171.42   153.14 165.15
2020-07-31   153.26 165.27   153.23 165.24   290.75 302.75   152.69 164.70   158.27 170.28   152.01 164.01
2020-08-01   152.13 164.13   152.10 164.10   289.62 301.62   151.56 163.56   157.14 169.14   150.88 162.88
2020-08-02   151.00 162.99   150.97 162.97   288.49 300.48   150.43 162.42   156.01 168.01   149.75 161.74
2020-08-03   149.87 161.86   149.84 161.83   287.36 299.34   149.30 161.29   154.89 166.87   148.62 160.61
2020-08-04   148.75 160.72   148.72 160.70   286.23 298.21   148.18 160.15   153.76 165.74   147.50 159.47
2020-08-05   147.62 159.59   147.60 159.56   285.11 297.08   147.05 159.02   152.64 164.60   146.37 158.34
2020-08-06   146.51 158.46   146.48 158.43   283.99 295.94   145.94 157.89   151.52 163.47   145.25 157.21
2020-08-07   145.39 157.33   145.36 157.30   282.88 294.81   144.82 156.76   150.40 162.34   144.14 156.08
2020-08-08   144.28 156.20   144.25 156.17   281.76 293.69   143.71 155.63   149.29 161.21   143.02 154.95
2020-08-09   143.17 155.07   143.14 155.05   280.65 292.56   142.60 154.50   148.18 160.09   141.91 153.82
2020-08-10   142.06 153.95   142.03 153.92   279.55 291.44   141.49 153.38   147.07 158.97   140.81 152.70
2020-08-11   140.96 152.83   140.93 152.80   278.44 290.32   140.39 152.26   145.97 157.85   139.71 151.58
2020-08-12   139.86 151.71   139.83 151.69   277.35 289.20   139.29 151.14   144.87 156.73   138.61 150.46
2020-08-13   138.76 150.60   138.74 150.57   276.25 288.09   138.19 150.03   143.78 155.61   137.51 149.35
2020-08-14   137.67 149.49   137.65 149.46   275.16 286.97   137.10 148.92   142.69 154.50   136.42 148.24
2020-08-15   136.59 148.38   136.56 148.35   274.08 285.87   136.02 147.81   141.60 153.39   135.34 147.13
2020-08-16   135.51 147.28   135.48 147.25   272.99 284.76   134.94 146.71   140.52 152.29   134.26 146.02
2020-08-17   134.43 146.18   134.40 146.15   271.92 283.66   133.86 145.61   139.45 151.19   133.18 144.92
2020-08-18   133.36 145.08   133.33 145.05   270.85 282.57   132.79 144.51   138.37 150.09   132.11 143.83
2020-08-19   132.29 143.99   132.26 143.96   269.78 281.47   131.72 143.42   137.31 149.00   131.04 142.74
2020-08-20   131.23 142.90   131.20 142.87   268.72 280.39   130.66 142.33   136.24 147.91   129.98 141.65
2020-08-21   130.17 141.82   130.15 141.79   267.66 279.30   129.60 141.25   135.19 146.83   128.92 140.56
2020-08-22   129.12 140.74   129.09 140.71   266.61 278.22   128.55 140.17   134.13 145.75   127.87 139.49
2020-08-23   128.07 139.66   128.05 139.64   265.56 277.15   127.50 139.09   133.09 144.68   126.82 138.41
2020-08-24   127.03 138.59   127.00 138.57   264.52 276.08   126.46 138.02   132.05 143.61   125.78 137.34
2020-08-25   126.00 137.53   125.97 137.50   263.48 275.02   125.43 136.96   131.01 142.54   124.74 136.28
2020-08-26   124.96 136.47   124.94 136.44   262.45 273.96   124.39 135.90   129.98 141.48   123.71 135.22
2020-08-27   123.94 135.41   123.91 135.39   261.43 272.90   123.37 134.84   128.95 140.43   122.69 134.16
2020-08-28   122.92 134.36   122.89 134.34   260.41 271.85   122.35 133.79   127.93 139.38   121.67 133.11
2020-08-29   121.90 133.32   121.88 133.29   259.39 270.81   121.33 132.75   126.92 138.33   120.65 132.07
2020-08-30   120.89 132.28   120.87 132.25   258.38 269.77   120.32 131.71   125.91 137.29   119.64 131.03
2020-08-31   119.89 131.24   119.86 131.22   257.38 268.73   119.32 130.67   124.91 136.26   118.64 129.99
2020-09-01   118.89 130.21   118.87 130.19   256.38 267.70   118.32 129.64   123.91 135.23   117.64 128.96
2020-09-02   117.90 129.19   117.87 129.16   255.39 266.68   117.33 128.62   122.92 134.21   116.65 127.94
2020-09-03   116.91 128.17   116.89 128.15   254.40 265.66   116.34 127.60   121.93 133.19   115.66 126.92
2020-09-04   115.93 127.16   115.90 127.13   253.42 264.65   115.36 126.59   120.95 132.17   114.68 125.91
2020-09-05   114.95 126.15   114.93 126.12   252.44 263.64   114.38 125.58   119.97 131.17   113.70 124.90
2020-09-06   113.98 125.15   113.95 125.12   251.47 262.64   113.41 124.58   119.00 130.16   112.73 123.90
2020-09-07   113.02 124.15   112.99 124.12   250.50 261.64   112.45 123.58   118.03 129.17   111.76 122.90
2020-09-08   112.05 123.16   112.03 123.13   249.54 260.65   111.48 122.59   117.07 128.17   110.80 121.91
2020-09-09   111.10 122.17   111.07 122.15   248.59 259.66   110.53 121.60   116.11 127.19   109.85 120.92
2020-09-10   110.15 121.19   110.12 121.16   247.63 258.68   109.58 120.62   115.16 126.21   108.90 119.94
2020-09-11   109.20 120.21   109.17 120.19   246.69 257.70   108.63 119.64   114.22 125.23   107.95 118.96
2020-09-12   108.26 119.24   108.23 119.22   245.75 256.73   107.69 118.67   113.27 124.26   107.01 117.99
2020-09-13   107.32 118.28   107.30 118.25   244.81 255.76   106.75 117.71   112.34 123.29   106.07 117.03
2020-09-14   106.39 117.31   106.37 117.29   243.88 254.80   105.82 116.74   111.41 122.33   105.14 116.06
2020-09-15   105.46 116.36   105.44 116.33   242.95 253.85   104.89 115.79   110.48 121.37   104.21 115.11
2020-09-16   104.54 115.41   104.52 115.38   242.03 252.89   103.97 114.84   109.56 120.42   103.29 114.16
2020-09-17   103.62 114.46   103.60 114.43   241.11 251.95   103.05 113.89   108.64 119.48   102.37 113.21
2020-09-18   102.71 113.52   102.68 113.49   240.20 251.01   102.14 112.95   107.73 118.53   101.46 112.27
2020-09-19   101.80 112.58   101.78 112.56   239.29 250.07   101.23 112.01   106.82 117.60   100.55 111.33
2020-09-20   100.90 111.65   100.87 111.62   238.38 249.14   100.33 111.08   105.91 116.66    99.65 110.40
2020-09-21   100.00 110.72    99.97 110.70   237.48 248.21    99.43 110.15   105.01 115.74    98.75 109.47
2020-09-22    99.10 109.80    99.07 109.77   236.59 247.29    98.53 109.23   104.11 114.81    97.85 108.55
2020-09-23    98.21 108.88    98.18 108.85   235.69 246.37    97.64 108.31   103.22 113.89    96.96 107.63
2020-09-24    97.32 107.96    97.29 107.94   234.80 245.45    96.75 107.39   102.33 112.98    96.07 106.71
2020-09-25    96.43 107.05    96.40 107.03   233.92 244.54    95.86 106.48   101.45 112.07    95.18 105.80
2020-09-26    95.55 106.15    95.52 106.12   233.04 243.64    94.98 105.58   100.56 111.16    94.30 104.90
2020-09-27    94.67 105.25    94.64 105.22   232.16 242.73    94.10 104.68    99.68 110.26    93.42 103.99
2020-09-28    93.79 104.35    93.77 104.32   231.28 241.83    93.22 103.78    98.81 109.36    92.54 103.10
2020-09-29    92.92 103.45    92.89 103.42   230.41 240.94    92.35 102.88    97.94 108.47    91.67 102.20
2020-09-30    92.05 102.56    92.02 102.53   229.54 240.05    91.48 101.99    97.07 107.58    90.80 101.31
2020-10-01    91.18 101.67    91.16 101.65   228.67 239.16    90.61 101.10    96.20 106.69    89.93 100.42
2020-10-02    90.32 100.79    90.29 100.76   227.81 238.28    89.75 100.22    95.34 105.80    89.07  99.54
2020-10-03    89.46  99.91    89.43  99.88   226.95 237.39    88.89  99.34    94.47 104.92    88.21  98.66
2020-10-04    88.60  99.03    88.57  99.00   226.09 236.52    88.03  98.46    93.62 104.04    87.35  97.78
2020-10-05    87.74  98.15    87.72  98.13   225.23 235.64    87.17  97.58    92.76 103.17    86.49  96.90
2020-10-06    86.89  97.28    86.86  97.26   224.38 234.77    86.32  96.71    91.90 102.30    85.64  96.03
2020-10-07    86.04  96.41    86.01  96.39   223.52 233.90    85.47  95.84    91.05 101.43    84.79  95.16
2020-10-08    85.19  95.55    85.16  95.52   222.67 233.03    84.62  94.98    90.20 100.56    83.94  94.29
2020-10-09    84.34  94.68    84.31  94.66   221.83 232.17    83.77  94.11    89.35  99.70    83.09  93.43
2020-10-10    83.49  93.82    83.46  93.79   220.98 231.31    82.92  93.25    88.51  98.84    82.24  92.57
2020-10-11    82.65  92.96    82.62  92.93   220.13 230.45    82.08  92.39    87.66  97.98    81.39  91.71
2020-10-12    81.80  92.10    81.78  92.08   219.29 229.59    81.23  91.53    86.82  97.12    80.55  90.85
2020-10-13    80.96  91.25    80.93  91.22   218.45 228.74    80.39  90.68    85.97  96.26    79.71  90.00
2020-10-14    80.12  90.39    80.09  90.37   217.60 227.88    79.55  89.82    85.13  95.41    78.87  89.14
2020-10-15    79.28  89.54    79.25  89.52   216.76 227.03    78.71  88.97    84.29  94.56    78.03  88.29
2020-10-16    78.44  88.69    78.41  88.67   215.92 226.18    77.87  88.12    83.45  93.71    77.19  87.44
2020-10-17    77.60  87.84    77.57  87.82   215.08 225.33    77.03  87.27    82.61  92.86    76.35  86.59
2020-10-18    76.76  87.00    76.73  86.97   214.25 224.48    76.19  86.43    81.77  92.01    75.51  85.75
2020-10-19    75.92  86.15    75.89  86.12   213.41 223.64    75.35  85.58    80.93  91.17    74.67  84.90
2020-10-20    75.08  85.31    75.06  85.28   212.57 222.79    74.51  84.74    80.10  90.32    73.83  84.06
2020-10-21    74.24  84.46    74.22  84.44   211.73 221.95    73.67  83.89    79.26  89.48    72.99  83.21
2020-10-22    73.41  83.62    73.38  83.59   210.89 221.11    72.84  83.05    78.42  88.63    72.15  82.37
2020-10-23    72.57  82.78    72.54  82.75   210.05 220.26    72.00  82.21    77.58  87.79    71.32  81.53
2020-10-24    71.73  81.93    71.70  81.91   209.22 219.42    71.16  81.36    76.74  86.95    70.48  80.68
2020-10-25    70.89  81.09    70.86  81.07   208.38 218.58    70.32  80.52    75.90  86.11    69.64  79.84
2020-10-26    70.05  80.25    70.02  80.22   207.54 217.74    69.48  79.68    75.06  85.27    68.80  79.00
2020-10-27    69.21  79.41    69.18  79.38   206.70 216.90    68.64  78.84    74.22  84.42    67.96  78.16
2020-10-28    68.37  78.57    68.34  78.54   205.85 216.05    67.80  78.00    73.38  83.58    67.12  77.32
2020-10-29    67.53  77.73    67.50  77.70   205.01 215.21    66.96  77.16    72.54  82.74    66.27  76.47
2020-10-30    66.68  76.88    66.65  76.86   204.17 214.37    66.11  76.31    71.70  81.90    65.43  75.63
2020-10-31    65.84  76.04    65.81  76.01   203.32 213.53    65.27  75.47    70.85  81.06    64.59  74.79
2020-11-01    64.99  75.20    64.96  75.17   202.48 212.69    64.42  74.63    70.00  80.21    63.74  73.95
2020-11-02    64.32  74.18    64.29  74.15   201.81 211.66    63.75  73.61    69.33  79.19    63.07  72.92
2020-11-03    63.80  73.00    63.77  72.98   201.29 210.49    63.23  72.43    68.81  78.02    62.55  71.75
2020-11-04    63.27  71.83    63.25  71.80   200.76 209.32    62.70  71.26    68.29  76.84    62.02  70.58
2020-11-05    62.75  70.65    62.72  70.63   200.24 208.14    62.18  70.08    67.76  75.67    61.50  69.40
2020-11-06    62.22  69.48    62.19  69.45   199.71 206.96    61.65  68.91    67.23  74.49    60.97  68.23

2021-04-15   258.16 265.08   258.14 265.05    35.65  42.57   257.59 264.51   263.18 270.10   256.91 263.83
2021-04-16   257.02 264.57   256.99 264.54    34.50  42.06   256.45 264.00   262.03 269.58   255.77 263.32
2021-04-17   255.87 264.06   255.84 264.03    33.36  41.54   255.30 263.49   260.89 269.07   254.62 262.81
2021-04-18   254.73 263.55   254.70 263.52    32.21  41.04   254.16 262.98   259.74 268.56   253.47 262.30
2021-04-19   253.58 263.04   253.56 263.02    31.07  40.53   253.01 262.47   258.60 268.06   252.33 261.79
2021-04-20   252.44 262.54   252.41 262.51    29.93  40.03   251.87 261.97   257.45 267.55   251.19 261.29
2021-04-21   251.56 261.77   251.54 261.74    29.05  39.26   250.99 261.20   256.58 266.78   250.31 260.52
2021-04-22   250.74 260.95   250.72 260.92    28.23  38.43   250.17 260.38   255.76 265.96   249.49 259.70
2021-04-23   249.92 260.12   249.90 260.10    27.41  37.61   249.35 259.55   254.94 265.14   248.67 258.87
2021-04-24   249.10 259.30   249.08 259.28    26.59  36.79   248.53 258.73   254.12 264.32   247.85 258.05
2021-04-25   248.28 258.48   248.26 258.46    25.77  35.97   247.71 257.91   253.30 263.50   247.03 257.23
2021-04-26   247.46 257.66   247.44 257.64    24.95  35.15   246.89 257.09   252.48 262.68   246.21 256.41
2021-04-27   246.64 256.84   246.62 256.82    24.13  34.33   246.07 256.27   251.66 261.86   245.39 255.59
2021-04-28   245.82 256.03   245.80 256.00    23.31  33.51   245.25 255.46   250.84 261.04   244.57 254.78
2021-04-29   245.00 255.21   244.98 255.18    22.49  32.70   244.43 254.64   250.02 260.22   243.75 253.96
2021-04-30   244.18 254.39   244.15 254.36    21.67  31.88   243.61 253.82   249.20 259.41   242.93 253.14
2021-05-01   243.36 253.57   243.33 253.55    20.85  31.06   242.79 253.00   248.37 258.59   242.11 252.32
2021-05-02   242.54 252.76   242.51 252.73    20.02  30.24   241.97 252.19   247.55 257.77   241.29 251.50
2021-05-03   241.71 251.94   241.69 251.91    19.20  29.43   241.14 251.37   246.73 256.95   240.46 250.69
2021-05-04   240.89 251.12   240.86 251.09    18.37  28.61   240.32 250.55   245.90 256.13   239.64 249.87
2021-05-05   240.06 250.30   240.03 250.27    17.55  27.79   239.49 249.73   245.08 255.32   238.81 249.05
2021-05-06   239.23 249.48   239.21 249.45    16.72  26.97   238.66 248.91   244.25 254.50   237.98 248.23
2021-05-07   238.40 248.66   238.38 248.63    15.89  26.15   237.83 248.09   243.42 253.68   237.15 247.41
2021-05-08   237.57 247.84   237.55 247.81    15.06  25.33   237.00 247.27   242.59 252.85   236.32 246.59
2021-05-09   236.74 247.02   236.71 246.99    14.23  24.50   236.17 246.45   241.75 252.03   235.49 245.77
2021-05-10   235.90 246.19   235.88 246.17    13.39  23.68   235.33 245.62   240.92 251.21   234.65 244.94
2021-05-11   235.07 245.37   235.04 245.34    12.55  22.86   234.50 244.80   240.08 250.38   233.82 244.12
2021-05-12   234.23 244.54   234.20 244.52    11.72  22.03   233.66 243.97   239.24 249.56   232.98 243.29
2021-05-13   233.39 243.72   233.36 243.69    10.87  21.20   232.82 243.15   238.40 248.73   232.14 242.46
2021-05-14   232.54 242.89   232.52 242.86    10.03  20.37   231.97 242.32   237.56 247.90   231.29 241.63
2021-05-15   231.70 242.05   231.67 242.03     9.18  19.54   231.13 241.48   236.71 247.07   230.44 240.80
2021-05-16   230.85 241.22   230.82 241.19     8.33  18.71   230.28 240.65   235.86 246.24   229.60 239.97
2021-05-17   229.99 240.38   229.97 240.36     7.48  17.87   229.42 239.81   235.01 245.40   228.74 239.13
2021-05-18   229.14 239.55   229.11 239.52     6.63  17.03   228.57 238.98   234.15 244.56   227.89 238.30
2021-05-19   228.28 238.71   228.25 238.68     5.77  16.19   227.71 238.14   233.30 243.72   227.03 237.46
2021-05-20   227.42 237.86   227.39 237.84     4.91  15.35   226.85 237.29   232.43 242.88   226.17 236.61
2021-05-21   226.55 237.02   226.53 236.99     4.04  14.51   225.98 236.45   231.57 242.03   225.30 235.77
2021-05-22   225.68 236.17   225.66 236.14     3.17  13.66   225.11 235.60   230.70 241.18   224.43 234.92
2021-05-23   224.81 235.32   224.79 235.29     2.30  12.81   224.24 234.75   229.83 240.33   223.56 234.07
2021-05-24   223.94 234.46   223.91 234.44     1.42  11.95   223.37 233.89   228.95 239.48   222.69 233.21
2021-05-25   223.06 233.61   223.03 233.58     0.54  11.09   222.49 233.04   228.07 238.62   221.81 232.36
2021-05-26   222.17 232.74   222.15 232.72   359.66  10.23   221.60 232.17   227.19 237.76   220.92 231.49
2021-05-27   221.28 231.88   221.26 231.85   358.77   9.37   220.71 231.31   226.30 236.90   220.03 230.63
2021-05-28   220.39 231.01   220.37 230.99   357.88   8.50   219.82 230.44   225.41 236.03   219.14 229.76
2021-05-29   219.50 230.14   219.47 230.11   356.98   7.63   218.93 229.57   224.51 235.16   218.25 228.89
2021-05-30   218.60 229.26   218.57 229.24   356.08   6.75   218.03 228.69   223.61 234.28   217.34 228.01
2021-05-31   217.69 228.38   217.66 228.36   355.18   5.87   217.12 227.81   222.71 233.40   216.44 227.13
2021-06-01   216.78 227.50   216.75 227.47   354.27   4.99   216.21 226.93   221.80 232.52   215.53 226.25
2021-06-02   215.87 226.61   215.84 226.59   353.35   4.10   215.30 226.04   220.88 231.63   214.62 225.36
2021-06-03   214.95 225.72   214.92 225.69   352.43   3.21   214.38 225.15   219.96 230.74   213.70 224.47
2021-06-04   214.02 224.82   214.00 224.80   351.51   2.31   213.45 224.25   219.04 229.84   212.77 223.57
2021-06-05   213.09 223.92   213.07 223.90   350.58   1.41   212.52 223.35   218.11 228.94   211.84 222.67
2021-06-06   212.16 223.02   212.13 222.99   349.65   0.51   211.59 222.45   217.17 228.03   210.91 221.77
2021-06-07   211.22 222.11   211.19 222.08   348.71 359.59   210.65 221.54   216.24 227.12   209.97 220.86
2021-06-08   210.28 221.19   210.25 221.17   347.76 358.68   209.71 220.62   215.29 226.21   209.02 219.94
2021-06-09   209.33 220.27   209.30 220.25   346.81 357.76   208.76 219.70   214.34 225.29   208.08 219.02
2021-06-10   208.37 219.35   208.34 219.32   345.86 356.83   207.80 218.78   213.39 224.36   207.12 218.10
2021-06-11   207.41 218.42   207.38 218.39   344.90 355.90   206.84 217.85   212.43 223.43   206.16 217.17
2021-06-12   206.45 217.48   206.42 217.45   343.93 354.97   205.88 216.91   211.46 222.50   205.19 216.23
2021-06-13   205.47 216.54   205.45 216.51   342.96 354.03   204.90 215.97   210.49 221.56   204.22 215.29
2021-06-14   204.50 215.59   204.47 215.57   341.98 353.08   203.93 215.02   209.51 220.61   203.25 214.34
2021-06-15   203.52 214.64   203.49 214.62   341.00 352.13   202.95 214.07   208.53 219.66   202.26 213.39
2021-06-16   202.53 213.69   202.50 213.66   340.01 351.17   201.96 213.12   207.54 218.70   201.28 212.44
2021-06-17   201.53 212.72   201.51 212.70   339.02 350.21   200.96 212.15   206.55 217.74   200.28 211.47
2021-06-18   200.53 211.76   200.51 211.73   338.02 349.24   199.96 211.19   205.55 216.77   199.28 210.51
2021-06-19   199.53 210.78   199.50 210.76   337.02 348.27   198.96 210.21   204.55 215.80   198.28 209.53
2021-06-20   198.52 209.80   198.49 209.78   336.01 347.29   197.95 209.23   203.54 214.82   197.27 208.55
2021-06-21   197.50 208.82   197.48 208.79   334.99 346.31   196.93 208.25   202.52 213.83   196.25 207.57
2021-06-22   196.48 207.83   196.46 207.80   333.97 345.32   195.91 207.26   201.50 212.84   195.23 206.58
2021-06-23   195.46 206.83   195.43 206.81   332.94 344.32   194.89 206.26   200.47 211.85   194.21 205.58
2021-06-24   194.42 205.83   194.40 205.80   331.91 343.32   193.85 205.26   199.44 210.85   193.17 204.58
2021-06-25   193.39 204.82   193.36 204.80   330.87 342.31   192.82 204.25   198.40 209.84   192.14 203.57
2021-06-26   192.34 203.81   192.32 203.78   329.83 341.30   191.77 203.24   197.36 208.82   191.09 202.56
2021-06-27   191.29 202.79   191.27 202.76   328.78 340.28   190.72 202.22   196.31 207.81   190.04 201.54
2021-06-28   190.24 201.77   190.21 201.74   327.73 339.25   189.67 201.20   195.26 206.78   188.99 200.51
2021-06-29   189.18 200.73   189.15 200.71   326.67 338.22   188.61 200.16   194.20 205.75   187.93 199.48
2021-06-30   188.12 199.70   188.09 199.67   325.60 337.19   187.55 199.13   193.13 204.71   186.87 198.45
2021-07-01   187.05 198.66   187.02 198.63   324.54 336.15   186.48 198.09   192.06 203.67   185.80 197.41
2021-07-02   185.97 197.61   185.95 197.58   323.46 335.10   185.40 197.04   190.99 202.63   184.72 196.36
2021-07-03   184.89 196.56   184.87 196.53   322.38 334.05   184.32 195.99   189.91 201.57   183.64 195.31
2021-07-04   183.81 195.50   183.78 195.47   321.30 332.99   183.24 194.93   188.83 200.52   182.56 194.25
2021-07-05   182.72 194.44   182.70 194.41   320.21 331.93   182.15 193.87   187.74 199.45   181.47 193.19
2021-07-06   181.63 193.37   181.60 193.34   319.12 330.86   181.06 192.80   186.65 198.39   180.38 192.12
2021-07-07   180.53 192.30   180.51 192.27   318.02 329.78   179.96 191.73   185.55 197.31   179.28 191.05
2021-07-08   179.43 191.22   179.41 191.19   316.92 328.71   178.86 190.65   184.45 196.23   178.18 189.97
2021-07-09   178.33 190.14   178.30 190.11   315.82 327.62   177.76 189.57   183.34 195.15   177.08 188.89
2021-07-10   177.22 189.05   177.19 189.02   314.71 326.54   176.65 188.48   182.24 194.07   175.97 187.80
2021-07-11   176.11 187.96   176.08 187.93   313.60 325.45   175.54 187.39   181.12 192.97   174.86 186.71
2021-07-12   174.99 186.86   174.97 186.84   312.48 324.35   174.42 186.29   180.01 191.88   173.74 185.61
2021-07-13   173.88 185.76   173.85 185.74   311.36 323.25   173.31 185.19   178.89 190.78   172.63 184.51
2021-07-14   172.76 184.66   172.73 184.63   310.24 322.15   172.19 184.09   177.77 189.68   171.50 183.41
2021-07-15   171.63 183.55   171.61 183.53   309.12 321.04   171.06 182.98   176.65 188.57   170.38 182.30
2021-07-16   170.51 182.44   170.48 182.42   307.99 319.93   169.94 181.87   175.52 187.46   169.26 181.19
2021-07-17   169.38 181.33   169.35 181.30   306.87 318.81   168.81 180.76   174.39 186.34   168.13 180.08
2021-07-18   168.25 180.21   168.22 180.18   305.74 317.70   167.68 179.64   173.26 185.23   167.00 178.96
2021-07-19   167.12 179.09   167.09 179.06   304.61 316.58   166.55 178.52   172.13 184.11   165.87 177.84
2021-07-20   165.98 177.97   165.96 177.94   303.47 315.45   165.41 177.40   171.00 182.98   164.73 176.72
2021-07-21   164.85 176.84   164.82 176.82   302.34 314.33   164.28 176.27   169.87 181.86   163.60 175.59
2021-07-22   163.72 175.71   163.69 175.69   301.20 313.20   163.15 175.14   168.73 180.73   162.47 174.46
2021-07-23   162.58 174.59   162.55 174.56   300.07 312.07   162.01 174.02   167.60 179.60   161.33 173.33
2021-07-24   161.44 173.45   161.42 173.43   298.93 310.94   160.87 172.88   166.46 178.47   160.19 172.20
2021-07-25   160.31 172.32   160.28 172.30   297.80 309.81   159.74 171.75   165.32 177.34   159.06 171.07
2021-07-26   159.17 171.19   159.15 171.16   296.66 308.68   158.60 170.62   164.19 176.20   157.92 169.94
2021-07-27   158.04 170.05   158.01 170.03   295.52 307.54   157.47 169.48   163.05 175.07   156.79 168.80
2021-07-28   156.90 168.92   156.88 168.89   294.39 306.41   156.33 168.35   161.92 173.93   155.65 167.67
2021-07-29   155.77 167.78   155.74 167.76   293.26 305.27   155.20 167.21   160.78 172.80   154.52 166.53
2021-07-30   154.64 166.65   154.61 166.62   292.12 304.13   154.07 166.08   159.65 171.66   153.39 165.40
2021-07-31   153.50 165.51   153.48 165.48   290.99 303.00   152.93 164.94   158.52 170.53   152.25 164.26
2021-08-01   152.37 164.38   152.35 164.35   289.86 301.86   151.80 163.81   157.39 169.39   151.12 163.12
2021-08-02   151.25 163.24   151.22 163.21   288.73 300.73   150.68 162.67   156.26 168.26   150.00 161.99
2021-08-03   150.12 162.11   150.09 162.08   287.61 299.59   149.55 161.54   155.14 167.12   148.87 160.86
2021-08-04   149.00 160.97   148.97 160.95   286.48 298.46   148.43 160.40   154.01 165.99   147.75 159.72
2021-08-05   147.88 159.84   147.85 159.82   285.36 297.33   147.31 159.27   152.89 164.86   146.63 158.59
2021-08-06   146.76 158.71   146.73 158.69   284.25 296.20   146.19 158.14   151.77 163.73   145.51 157.46
2021-08-07   145.64 157.58   145.62 157.56   283.13 295.07   145.07 157.01   150.66 162.60   144.39 156.33
2021-08-08   144.53 156.46   144.50 156.43   282.02 293.94   143.96 155.89   149.55 161.47   143.28 155.21
2021-08-09   143.42 155.33   143.40 155.31   280.91 292.82   142.85 154.76   148.44 160.35   142.17 154.08
2021-08-10   142.32 154.21   142.29 154.18   279.81 291.70   141.75 153.64   147.33 159.23   141.07 152.96
2021-08-11   141.22 153.09   141.19 153.07   278.70 290.58   140.65 152.52   146.23 158.11   139.97 151.84
2021-08-12   140.12 151.98   140.09 151.95   277.61 289.46   139.55 151.41   145.13 156.99   138.87 150.73
2021-08-13   139.03 150.86   139.00 150.84   276.51 288.35   138.46 150.29   144.04 155.88   137.77 149.61
2021-08-14   137.94 149.75   137.91 149.73   275.42 287.24   137.37 149.18   142.95 154.77   136.69 148.50
2021-08-15   136.85 148.65   136.82 148.62   274.34 286.13   136.28 148.08   141.87 153.66   135.60 147.40
2021-08-16   135.77 147.54   135.74 147.52   273.26 285.03   135.20 146.97   140.79 152.56   134.52 146.29
2021-08-17   134.70 146.44   134.67 146.42   272.18 283.93   134.13 145.87   139.71 151.46   133.44 145.19
2021-08-18   133.62 145.35   133.60 145.32   271.11 282.84   133.05 144.78   138.64 150.36   132.37 144.10
2021-08-19   132.56 144.26   132.53 144.23   270.05 281.75   131.99 143.69   137.57 149.27   131.31 143.01
2021-08-20   131.50 143.17   131.47 143.14   268.98 280.66   130.93 142.60   136.51 148.19   130.25 141.92
2021-08-21   130.44 142.09   130.41 142.06   267.93 279.58   129.87 141.52   135.46 147.10   129.19 140.84
2021-08-22   129.39 141.01   129.36 140.98   266.88 278.50   128.82 140.44   134.40 146.03   128.14 139.76
2021-08-23   128.34 139.94   128.32 139.91   265.83 277.42   127.77 139.37   133.36 144.95   127.09 138.69
2021-08-24   127.30 138.87   127.28 138.84   264.79 276.36   126.73 138.30   132.32 143.88   126.05 137.62
2021-08-25   126.27 137.80   126.24 137.78   263.75 275.29   125.70 137.23   131.28 142.82   125.02 136.55
2021-08-26   125.24 136.74   125.21 136.72   262.72 274.23   124.67 136.17   130.25 141.76   123.99 135.49
2021-08-27   124.21 135.69   124.18 135.66   261.70 273.18   123.64 135.12   129.23 140.71   122.96 134.44
2021-08-28   123.19 134.64   123.16 134.61   260.68 272.13   122.62 134.07   128.21 139.66   121.94 133.39
2021-08-29   122.18 133.60   122.15 133.57   259.66 271.08   121.61 133.03   127.19 138.61   120.93 132.35
2021-08-30   121.17 132.56   121.14 132.53   258.66 270.05   120.60 131.99   126.18 137.57   119.92 131.31
2021-08-31   120.16 131.52   120.14 131.50   257.65 269.01   119.59 130.95   125.18 136.54   118.91 130.27
2021-09-01   119.17 130.50   119.14 130.47   256.65 267.98   118.60 129.93   124.18 135.51   117.92 129.24
2021-09-02   118.17 129.47   118.15 129.44   255.66 266.96   117.60 128.90   123.19 134.49   116.92 128.22
2021-09-03   117.19 128.45   117.16 128.43   254.67 265.94   116.62 127.88   122.20 133.47   115.94 127.20
2021-09-04   116.20 127.44   116.18 127.41   253.69 264.93   115.63 126.87   121.22 132.46   114.95 126.19
2021-09-05   115.23 126.43   115.20 126.41   252.71 263.92   114.66 125.86   120.24 131.45   113.98 125.18
2021-09-06   114.26 125.43   114.23 125.40   251.74 262.92   113.69 124.86   119.27 130.44   113.01 124.18
2021-09-07   113.29 124.43   113.26 124.41   250.78 261.92   112.72 123.86   118.30 129.45   112.04 123.18
2021-09-08   112.33 123.44   112.30 123.41   249.82 260.93   111.76 122.87   117.34 128.46   111.08 122.19
2021-09-09   111.37 122.45   111.35 122.43   248.86 259.94   110.80 121.88   116.39 127.47   110.12 121.20
2021-09-10   110.42 121.47   110.39 121.45   247.91 258.96   109.85 120.90   115.44 126.49   109.17 120.22
2021-09-11   109.47 120.50   109.45 120.47   246.96 257.98   108.90 119.93   114.49 125.51   108.22 119.24
2021-09-12   108.53 119.52   108.51 119.50   246.02 257.01   107.96 118.95   113.55 124.54   107.28 118.27
2021-09-13   107.60 118.56   107.57 118.53   245.08 256.04   107.03 117.99   112.61 123.57   106.35 117.31
2021-09-14   106.67 117.60   106.64 117.57   244.15 255.08   106.10 117.03   111.68 122.61   105.41 116.34
2021-09-15   105.74 116.64   105.71 116.61   243.23 254.13   105.17 116.07   110.75 121.65   104.49 115.39
2021-09-16   104.82 115.69   104.79 115.66   242.30 253.18   104.25 115.12   109.83 120.70   103.56 114.44
2021-09-17   103.90 114.74   103.87 114.71   241.39 252.23   103.33 114.17   108.91 119.76   102.65 113.49
2021-09-18   102.98 113.80   102.96 113.77   240.47 251.29   102.41 113.23   108.00 118.81   101.73 112.55
2021-09-19   102.07 112.86   102.05 112.84   239.56 250.35   101.50 112.29   107.09 117.88   100.82 111.61
2021-09-20   101.17 111.93   101.14 111.90   238.66 249.42   100.60 111.36   106.18 116.94    99.92 110.68
2021-09-21   100.27 111.00   100.24 110.97   237.76 248.49    99.70 110.43   105.28 116.02    99.02 109.75
2021-09-22    99.37 110.08    99.34 110.05   236.86 247.56    98.80 109.51   104.39 115.09    98.12 108.83
2021-09-23    98.48 109.16    98.45 109.13   235.96 246.64    97.91 108.59   103.49 114.17    97.23 107.91
2021-09-24    97.59 108.24    97.56 108.22   235.07 245.73    97.02 107.67   102.60 113.26    96.34 106.99
2021-09-25    96.70 107.33    96.67 107.30   234.19 244.82    96.13 106.76   101.72 112.35    95.45 106.08
2021-09-26    95.82 106.42    95.79 106.40   233.31 243.91    95.25 105.85   100.83 111.44    94.57 105.17
2021-09-27    94.94 105.52    94.91 105.49   232.43 243.01    94.37 104.95    99.95 110.54    93.69 104.27
2021-09-28    94.06 104.62    94.04 104.59   231.55 242.11    93.49 104.05    99.08 109.64    92.81 103.37
2021-09-29    93.19 103.73    93.16 103.70   230.68 241.21    92.62 103.16    98.20 108.74    91.94 102.47
2021-09-30    92.32 102.83    92.29 102.81   229.81 240.32    91.75 102.26    97.33 107.85    91.07 101.58
2021-10-01    91.45 101.94    91.43 101.92   228.94 239.43    90.88 101.37    96.47 106.96    90.20 100.69
2021-10-02    90.59 101.06    90.56 101.03   228.07 238.55    90.02 100.49    95.60 106.07    89.34  99.81
2021-10-03    89.72 100.18    89.70 100.15   227.21 237.67    89.15  99.61    94.74 105.19    88.47  98.93
2021-10-04    88.87  99.30    88.84  99.27   226.35 236.79    88.30  98.73    93.88 104.31    87.61  98.05
2021-10-05    88.01  98.42    87.98  98.40   225.50 235.91    87.44  97.85    93.02 103.44    86.76  97.17
2021-10-06    87.15  97.55    87.13  97.52   224.64 235.04    86.58  96.98    92.17 102.57    85.90  96.30
2021-10-07    86.30  96.68    86.27  96.65   223.79 234.17    85.73  96.11    91.32 101.70    85.05  95.43
2021-10-08    85.45  95.81    85.42  95.79   222.94 233.30    84.88  95.24    90.46 100.83    84.20  94.56
2021-10-09    84.60  94.95    84.57  94.92   222.09 232.44    84.03  94.38    89.62  99.96    83.35  93.70
2021-10-10    83.75  94.09    83.73  94.06   221.24 231.57    83.18  93.52    88.77  99.10    82.50  92.83
2021-10-11    82.91  93.22    82.88  93.20   220.39 230.71    82.34  92.65    87.92  98.24    81.66  91.97
2021-10-12    82.06  92.37    82.03  92.34   219.55 229.85    81.49  91.80    87.08  97.38    80.81  91.12
2021-10-13    81.22  91.51    81.19  91.48   218.71 229.00    80.65  90.94    86.23  96.53    79.97  90.26
2021-10-14    80.38  90.66    80.35  90.63   217.86 228.14    79.81  90.09    85.39  95.67    79.12  89.41
2021-10-15    79.53  89.80    79.51  89.78   217.02 227.29    78.96  89.23    84.55  94.82    78.28  88.55
2021-10-16    78.69  88.95    78.67  88.93   216.18 226.44    78.12  88.38    83.71  93.97    77.44  87.70
2021-10-17    77.85  88.10    77.83  88.08   215.34 225.59    77.28  87.53    82.87  93.12    76.60  86.85
2021-10-18    77.01  87.26    76.99  87.23   214.50 224.74    76.44  86.69    82.03  92.27    75.76  86.00
2021-10-19    76.17  86.41    76.15  86.38   213.66 223.90    75.60  85.84    81.19  91.42    74.92  85.16
2021-10-20    75.34  85.56    75.31  85.54   212.82 223.05    74.77  84.99    80.35  90.58    74.08  84.31
2021-10-21    74.50  84.72    74.47  84.69   211.98 222.20    73.93  84.15    79.51  89.73    73.25  83.47
2021-10-22    73.66  83.87    73.63  83.85   211.15 221.36    73.09  83.30    78.67  88.89    72.41  82.62
2021-10-23    72.82  83.03    72.79  83.00   210.31 220.52    72.25  82.46    77.83  88.04    71.57  81.78
2021-10-24    71.98  82.19    71.95  82.16   209.47 219.67    71.41  81.62    76.99  87.20    70.73  80.94
2021-10-25    71.14  81.34    71.11  81.32   208.63 218.83    70.57  80.77    76.15  86.36    69.89  80.09
2021-10-26    70.30  80.50    70.27  80.47   207.79 217.99    69.73  79.93    75.31  85.52    69.05  79.25
2021-10-27    69.46  79.66    69.43  79.63   206.95 217.15    68.89  79.09    74.47  84.67    68.21  78.41
2021-10-28    68.62  78.82    68.59  78.79   206.10 216.30    68.05  78.25    73.63  83.83    67.37  77.57
2021-10-29    67.77  77.97    67.75  77.95   205.26 215.46    67.20  77.40    72.79  82.99    66.52  76.72
2021-10-30    66.93  77.13    66.90  77.10   204.42 214.62    66.36  76.56    71.94  82.15    65.68  75.88
2021-10-31    66.08  76.29    66.06  76.26   203.57 213.77    65.51  75.72    71.10  81.30    64.83  75.04
2021-11-01    65.24  75.44    65.21  75.42   202.72 212.93    64.67  74.87    70.25  80.46    63.98  74.19
2021-11-02    64.47  74.52    64.44  74.49   201.95 212.01    63.90  73.95    69.48  79.53    63.21  73.27
2021-11-03    63.94  73.34    63.92  73.32   201.43 210.83    63.37  72.77    68.96  78.36    62.69  72.09
2021-11-04    63.42  72.17    63.39  72.14   200.91 209.66    62.85  71.60    68.43  77.18    62.17  70.92
2021-11-05    62.89  70.99    62.87  70.97   200.38 208.48    62.32  70.42    67.91  76.01    61.64  69.74
2021-11-06    62.36  69.81    62.34  69.79   199.85 207.30    61.79  69.24    67.38  74.83    61.11  68.56

2022-04-16   257.36 264.72   257.34 264.70    34.85  42.21   256.79 264.15   262.38 269.74   256.11 263.47
2022-04-17   256.22 264.21   256.19 264.18    33.70  41.70   255.65 263.64   261.23 269.23   254.97 262.96
2022-04-18   255.07 263.70   255.05 263.68    32.56  41.19   254.50 263.13   260.09 268.72   253.82 262.45
2022-04-19   253.93 263.20   253.90 263.17    31.41  40.68   253.36 262.63   258.94 268.21   252.68 261.95
2022-04-20   252.78 262.69   252.76 262.67    30.27  40.18   252.21 262.12   257.80 267.71   251.53 261.44
2022-04-21   251.81 262.02   251.78 261.99    29.30  39.50   251.24 261.45   256.83 267.03   250.56 260.77
2022-04-22   250.99 261.19   250.96 261.17    28.48  38.68   250.42 260.62   256.00 266.21   249.74 259.94
2022-04-23   250.17 260.37   250.14 260.34    27.66  37.86   249.60 259.80   255.18 265.39   248.92 259.12
2022-04-24   249.35 259.55   249.32 259.52    26.84  37.04   248.78 258.98   254.36 264.56   248.10 258.30
2022-04-25   248.53 258.73   248.50 258.70    26.02  36.22   247.96 258.16   253.54 263.74   247.28 257.48
2022-04-26   247.71 257.91   247.68 257.88    25.20  35.40   247.14 257.34   252.72 262.92   246.46 256.66
2022-04-27   246.89 257.09   246.86 257.06    24.37  34.58   246.32 256.52   251.90 262.10   245.64 255.84
2022-04-28   246.07 256.27   246.04 256.24    23.55  33.76   245.50 255.70   251.08 261.28   244.82 255.02
2022-04-29   245.25 255.45   245.22 255.42    22.73  32.94   244.68 254.88   250.26 260.47   243.99 254.20
2022-04-30   244.42 254.63   244.40 254.61    21.91  32.12   243.85 254.06   249.44 259.65   243.17 253.38
2022-05-01   243.60 253.81   243.57 253.79    21.09  31.30   243.03 253.24   248.62 258.83   242.35 252.56
2022-05-02   242.78 253.00   242.75 252.97    20.26  30.48   242.21 252.43   247.79 258.01   241.53 251.74
2022-05-03   241.95 252.18   241.93 252.15    19.44  29.66   241.38 251.61   246.97 257.19   240.70 250.93
2022-05-04   241.13 251.36   241.10 251.33    18.61  28.84   240.56 250.79   246.14 256.37   239.88 250.11
2022-05-05   240.30 250.54   240.27 250.51    17.79  28.03   239.73 249.97   245.32 255.55   239.05 249.29
2022-05-06   239.47 249.72   239.45 249.69    16.96  27.21   238.90 249.15   244.49 254.73   238.22 248.47
2022-05-07   238.64 248.90   238.62 248.87    16.13  26.38   238.07 248.33   243.66 253.91   237.39 247.65
2022-05-08   237.81 248.07   237.78 248.05    15.30  25.56   237.24 247.50   242.83 253.09   236.56 246.82
2022-05-09   236.98 247.25   236.95 247.23    14.46  24.74   236.41 246.68   241.99 252.27   235.73 246.00
2022-05-10   236.14 246.43   236.11 246.40    13.63  23.92   235.57 245.86   241.16 251.44   234.89 245.18
2022-05-11   235.30 245.60   235.28 245.58    12.79  23.09   234.73 245.03   240.32 250.62   234.05 244.35
2022-05-12   234.46 244.78   234.44 244.75    11.95  22.26   233.89 244.21   239.48 249.79   233.21 243.52
2022-05-13   233.62 243.95   233.60 243.92    11.11  21.43   233.05 243.38   238.64 248.96   232.37 242.70
2022-05-14   232.78 243.12   232.75 243.09    10.26  20.60   232.21 242.55   237.79 248.13   231.53 241.87
2022-05-15   231.93 242.28   231.90 242.26     9.42  19.77   231.36 241.71   236.95 247.30   230.68 241.03
2022-05-16   231.08 241.45   231.05 241.42     8.57  18.94   230.51 240.88   236.09 246.47   229.83 240.20
2022-05-17   230.23 240.61   230.20 240.59     7.71  18.10   229.66 240.04   235.24 245.63   228.98 239.36
2022-05-18   229.37 239.78   229.34 239.75     6.86  17.26   228.80 239.21   234.39 244.79   228.12 238.52
2022-05-19   228.51 238.93   228.49 238.91     6.00  16.42   227.94 238.36   233.53 243.95   227.26 237.68
2022-05-20   227.65 238.09   227.62 238.06     5.14  15.58   227.08 237.52   232.66 243.11   226.40 236.84
2022-05-21   226.78 237.24   226.76 237.22     4.27  14.73   226.21 236.67   231.80 242.26   225.53 235.99
2022-05-22   225.91 236.40   225.89 236.37     3.40  13.88   225.34 235.83   230.93 241.41   224.66 235.14
2022-05-23   225.04 235.54   225.02 235.52     2.53  13.03   224.47 234.97   230.06 240.56   223.79 234.29
2022-05-24   224.17 234.69   224.14 234.66     1.65  12.18   223.60 234.12   229.18 239.70   222.91 233.44
2022-05-25   223.28 233.83   223.26 233.80     0.77  11.32   222.71 233.26   228.30 238.84   222.03 232.58
2022-05-26   222.40 232.97   222.37 232.94   359.89  10.46   221.83 232.40   227.42 237.98   221.15 231.72
2022-05-27   221.51 232.10   221.49 232.08   359.00   9.59   220.94 231.53   226.53 237.12   220.26 230.85
2022-05-28   220.62 231.23   220.59 231.21   358.11   8.72   220.05 230.66   225.63 236.25   219.37 229.98
2022-05-29   219.72 230.36   219.70 230.34   357.21   7.85   219.15 229.79   224.74 235.38   218.47 229.11
2022-05-30   218.82 229.49   218.79 229.46   356.31   6.97   218.25 228.92   223.84 234.50   217.57 228.23
2022-05-31   217.92 228.61   217.89 228.58   355.40   6.09   217.35 228.04   222.93 233.62   216.66 227.35
2022-06-01   217.01 227.72   216.98 227.69   354.49   5.21   216.44 227.15   222.02 232.74   215.75 226.47
2022-06-02   216.09 226.83   216.06 226.81   353.58   4.32   215.52 226.26   221.11 231.85   214.84 225.58
2022-06-03   215.17 225.94   215.14 225.91   352.66   3.43   214.60 225.37   220.19 230.95   213.92 224.69
2022-06-04   214.25 225.04   214.22 225.02   351.73   2.53   213.68 224.47   219.26 230.06   212.99 223.79
2022-06-05   213.32 224.14   213.29 224.11   350.80   1.63   212.75 223.57   218.33 229.16   212.06 222.89
2022-06-06   212.38 223.23   212.35 223.21   349.87   0.72   211.81 222.66   217.40 228.25   211.13 221.98
2022-06-07   211.44 222.32   211.41 222.30   348.93 359.81   210.87 221.75   216.46 227.34   210.19 221.07
2022-06-08   210.50 221.41   210.47 221.38   347.98 358.89   209.93 220.84   215.51 226.42   209.25 220.16
2022-06-09   209.55 220.49   209.52 220.46   347.03 357.97   208.98 219.92   214.56 225.50   208.30 219.24
2022-06-10   208.59 219.56   208.56 219.53   346.08 357.05   208.02 218.99   213.61 224.58   207.34 218.31
2022-06-11   207.63 218.63   207.60 218.60   345.12 356.12   207.06 218.06   212.64 223.65   206.38 217.38
2022-06-12   206.66 217.69   206.64 217.67   344.15 355.18   206.09 217.12   211.68 222.71   205.41 216.44
2022-06-13   205.69 216.75   205.66 216.73   343.18 354.24   205.12 216.18   210.71 221.77   204.44 215.50
2022-06-14   204.71 215.81   204.69 215.78   342.20 353.29   204.14 215.24   209.73 220.82   203.46 214.56
2022-06-15   203.73 214.85   203.70 214.83   341.22 352.34   203.16 214.28   208.75 219.87   202.48 213.60
2022-06-16   202.74 213.90   202.72 213.87   340.23 351.38   202.17 213.33   207.76 218.91   201.49 212.65
2022-06-17   201.75 212.93   201.72 212.91   339.24 350.42   201.18 212.36   206.76 217.95   200.50 211.68
2022-06-18   200.75 211.97   200.72 211.94   338.24 349.45   200.18 211.40   205.76 216.98   199.50 210.71
2022-06-19   199.74 210.99   199.72 210.97   337.23 348.48   199.17 210.42   204.76 216.01   198.49 209.74
2022-06-20   198.73 210.01   198.71 209.99   336.22 347.50   198.16 209.44   203.75 215.03   197.48 208.76
2022-06-21   197.72 209.03   197.69 209.00   335.20 346.51   197.15 208.46   202.73 214.04   196.47 207.78
2022-06-22   196.70 208.04   196.67 208.01   334.18 345.52   196.13 207.47   201.71 213.05   195.45 206.79
2022-06-23   195.67 207.04   195.64 207.01   333.16 344.53   195.10 206.47   200.68 212.05   194.42 205.79
2022-06-24   194.64 206.04   194.61 206.01   332.12 343.52   194.07 205.47   199.65 211.05   193.38 204.79
2022-06-25   193.60 205.03   193.57 205.00   331.08 342.52   193.03 204.46   198.61 210.04   192.35 203.78
2022-06-26   192.55 204.02   192.53 203.99   330.04 341.50   191.98 203.45   197.57 209.03   191.30 202.76
2022-06-27   191.51 203.00   191.48 202.97   328.99 340.48   190.94 202.43   196.52 208.01   190.25 201.75
2022-06-28   190.45 201.97   190.42 201.95   327.94 339.46   189.88 201.40   195.47 206.99   189.20 200.72
2022-06-29   189.39 200.94   189.37 200.91   326.88 338.43   188.82 200.37   194.41 205.96   188.14 199.69
2022-06-30   188.33 199.91   188.30 199.88   325.81 337.39   187.76 199.34   193.34 204.92   187.08 198.65
2022-07-01   187.26 198.86   187.23 198.84   324.75 336.35   186.69 198.29   192.27 203.88   186.01 197.61
2022-07-02   186.18 197.82   186.16 197.79   323.67 335.30   185.61 197.25   191.20 202.83   184.93 196.57
2022-07-03   185.11 196.76   185.08 196.74   322.59 334.25   184.54 196.19   190.12 201.78   183.85 195.51
2022-07-04   184.02 195.71   184.00 195.68   321.51 333.19   183.45 195.14   189.04 200.72   182.77 194.46
2022-07-05   182.93 194.65   182.91 194.62   320.42 332.13   182.36 194.08   187.95 199.66   181.68 193.39
2022-07-06   181.84 193.58   181.82 193.55   319.33 331.07   181.27 193.01   186.86 198.59   180.59 192.33
2022-07-07   180.75 192.51   180.72 192.48   318.23 329.99   180.18 191.94   185.76 197.52   179.49 191.25
2022-07-08   179.65 191.43   179.62 191.40   317.13 328.92   179.08 190.86   184.66 196.44   178.39 190.18
2022-07-09   178.54 190.35   178.52 190.32   316.03 327.83   177.97 189.78   183.56 195.36   177.29 189.10
2022-07-10   177.43 189.26   177.41 189.23   314.92 326.75   176.86 188.69   182.45 194.28   176.18 188.01
2022-07-11   176.32 188.17   176.30 188.14   313.81 325.66   175.75 187.60   181.34 193.18   175.07 186.92
2022-07-12   175.21 187.07   175.18 187.05   312.70 324.56   174.64 186.50   180.22 192.09   173.96 185.82
2022-07-13   174.09 185.98   174.07 185.95   311.58 323.46   173.52 185.41   179.11 190.99   172.84 184.73
2022-07-14   172.97 184.87   172.95 184.85   310.46 322.36   172.40 184.30   177.99 189.89   171.72 183.62
2022-07-15   171.85 183.77   171.82 183.74   309.34 321.25   171.28 183.20   176.87 188.78   170.60 182.52
2022-07-16   170.73 182.66   170.70 182.63   308.21 320.15   170.16 182.09   175.74 187.67   169.47 181.41
2022-07-17   169.60 181.54   169.57 181.52   307.09 319.03   169.03 180.97   174.61 186.56   168.35 180.29
2022-07-18   168.47 180.43   168.44 180.40   305.96 317.92   167.90 179.86   173.49 185.44   167.22 179.18
2022-07-19   167.34 179.31   167.31 179.28   304.83 316.80   166.77 178.74   172.36 184.33   166.09 178.06
2022-07-20   166.21 178.19   166.18 178.16   303.70 315.68   165.64 177.62   171.22 183.20   164.96 176.94
2022-07-21   165.08 177.07   165.05 177.04   302.56 314.55   164.51 176.50   170.09 182.08   163.83 175.81
2022-07-22   163.94 175.94   163.92 175.91   301.43 313.43   163.37 175.37   168.96 180.95   162.69 174.69
2022-07-23   162.81 174.81   162.78 174.79   300.30 312.30   162.24 174.24   167.82 179.83   161.56 173.56
2022-07-24   161.68 173.68   161.65 173.66   299.16 311.17   161.11 173.11   166.69 178.70   160.42 172.43
2022-07-25   160.54 172.55   160.51 172.53   298.03 310.04   159.97 171.98   165.56 177.57   159.29 171.30
2022-07-26   159.41 171.42   159.38 171.39   296.89 308.91   158.84 170.85   164.42 176.44   158.16 170.17
2022-07-27   158.27 170.29   158.25 170.26   295.76 307.78   157.70 169.72   163.29 175.30   157.02 169.04
2022-07-28   157.14 169.15   157.11 169.13   294.63 306.64   156.57 168.58   162.16 174.17   155.89 167.90
2022-07-29   156.01 168.02   155.98 167.99   293.50 305.51   155.44 167.45   161.02 173.04   154.76 166.77
2022-07-30   154.88 166.89   154.85 166.86   292.36 304.37   154.31 166.32   159.89 171.90   153.63 165.64
2022-07-31   153.75 165.75   153.72 165.73   291.23 303.24   153.18 165.18   158.76 170.77   152.50 164.50
2022-08-01   152.62 164.62   152.59 164.59   290.11 302.11   152.05 164.05   157.63 169.63   151.37 163.37
2022-08-02   151.49 163.49   151.47 163.46   288.98 300.97   150.92 162.92   156.51 168.50   150.24 162.24
2022-08-03   150.37 162.35   150.34 162.33   287.86 299.84   149.80 161.78   155.38 167.37   149.12 161.10
2022-08-04   149.25 161.22   149.22 161.20   286.73 298.71   148.68 160.65   154.26 166.24   148.00 159.97
2022-08-05   148.13 160.09   148.10 160.07   285.61 297.58   147.56 159.52   153.14 165.11   146.88 158.84
2022-08-06   147.01 158.96   146.98 158.94   284.50 296.45   146.44 158.39   152.03 163.98   145.76 157.71
2022-08-07   145.90 157.84   145.87 157.81   283.38 295.33   145.33 157.27   150.91 162.85   144.65 156.59
2022-08-08   144.79 156.71   144.76 156.69   282.27 294.20   144.22 156.14   149.80 161.73   143.54 155.46
2022-08-09   143.68 155.59   143.65 155.56   281.17 293.08   143.11 155.02   148.69 160.61   142.43 154.34
2022-08-10   142.58 154.47   142.55 154.44   280.06 291.96   142.01 153.90   147.59 159.49   141.33 153.22
2022-08-11   141.48 153.35   141.45 153.33   278.96 290.84   140.91 152.78   146.49 158.37   140.23 152.10
2022-08-12   140.38 152.24   140.35 152.21   277.87 289.73   139.81 151.67   145.40 157.25   139.13 150.99
2022-08-13   139.29 151.13   139.26 151.10   276.78 288.62   138.72 150.56   144.30 156.14   138.04 149.88
2022-08-14   138.20 150.02   138.17 149.99   275.69 287.51   137.63 149.45   143.22 155.03   136.95 148.77
2022-08-15   137.12 148.91   137.09 148.89   274.60 286.40   136.55 148.34   142.13 153.93   135.87 147.66
2022-08-16   136.04 147.81   136.01 147.79   273.52 285.30   135.47 147.24   141.05 152.83   134.79 146.56
2022-08-17   134.96 146.72   134.94 146.69   272.45 284.20   134.39 146.15   139.98 151.73   133.71 145.46
2022-08-18   133.89 145.62   133.87 145.60   271.38 283.11   133.32 145.05   138.91 150.64   132.64 144.37
2022-08-19   132.83 144.53   132.80 144.51   270.31 282.02   132.26 143.96   137.84 149.55   131.58 143.28
2022-08-20   131.77 143.45   131.74 143.42   269.25 280.93   131.20 142.88   136.78 148.46   130.52 142.20
2022-08-21   130.71 142.36   130.69 142.34   268.20 279.85   130.14 141.79   135.73 147.38   129.46 141.11
2022-08-22   129.66 141.29   129.63 141.26   267.15 278.77   129.09 140.72   134.68 146.30   128.41 140.04
2022-08-23   128.62 140.21   128.59 140.19   266.10 277.70   128.05 139.64   133.63 145.23   127.37 138.96
2022-08-24   127.58 139.15   127.55 139.12   265.06 276.63   127.01 138.58   132.59 144.16   126.32 137.90
2022-08-25   126.54 138.08   126.51 138.06   264.03 275.57   125.97 137.51   131.56 143.10   125.29 136.83
2022-08-26   125.51 137.03   125.48 137.00   263.00 274.51   124.94 136.46   130.53 142.04   124.26 135.77
2022-08-27   124.49 135.97   124.46 135.95   261.97 273.46   123.92 135.40   129.50 140.99   123.24 134.72
2022-08-28   123.47 134.92   123.44 134.90   260.95 272.41   122.90 134.35   128.48 139.94   122.22 133.67
2022-08-29   122.45 133.88   122.43 133.85   259.94 271.37   121.88 133.31   127.47 138.89   121.20 132.63
2022-08-30   121.45 132.84   121.42 132.81   258.93 270.33   120.88 132.27   126.46 137.86   120.19 131.59
2022-08-31   120.44 131.81   120.42 131.78   257.93 269.29   119.87 131.24   125.46 136.82   119.19 130.56
2022-09-01   119.44 130.78   119.42 130.75   256.93 268.27   118.87 130.21   124.46 135.79   118.19 129.53
2022-09-02   118.45 129.76   118.43 129.73   255.94 267.24   117.88 129.19   123.47 134.77   117.20 128.51
2022-09-03   117.46 128.74   117.44 128.71   254.95 266.23   116.89 128.17   122.48 133.75   116.21 127.49
2022-09-04   116.48 127.73   116.46 127.70   253.97 265.21   115.91 127.16   121.50 132.74   115.23 126.47
2022-09-05   115.51 126.72   115.48 126.69   252.99 264.20   114.94 126.15   120.52 131.73   114.26 125.47
2022-09-06   114.53 125.72   114.51 125.69   252.02 263.20   113.96 125.15   119.55 130.73   113.28 124.46
2022-09-07   113.57 124.72   113.54 124.69   251.06 262.21   113.00 124.15   118.58 129.73   112.32 123.47
2022-09-08   112.61 123.73   112.58 123.70   250.09 261.21   112.04 123.16   117.62 128.74   111.36 122.48
2022-09-09   111.65 122.74   111.62 122.71   249.14 260.23   111.08 122.17   116.67 127.75   110.40 121.49
2022-09-10   110.70 121.76   110.67 121.73   248.19 259.24   110.13 121.19   115.71 126.77   109.45 120.51
2022-09-11   109.75 120.78   109.73 120.75   247.24 258.27   109.18 120.21   114.77 125.80   108.50 119.53
2022-09-12   108.81 119.81   108.79 119.78   246.30 257.30   108.24 119.24   113.83 124.82   107.56 118.56
2022-09-13   107.87 118.84   107.85 118.82   245.36 256.33   107.30 118.27   112.89 123.86   106.62 117.59
2022-09-14   106.94 117.88   106.92 117.85   244.43 255.37   106.37 117.31   111.96 122.90   105.69 116.63
2022-09-15   106.02 116.92   105.99 116.90   243.50 254.41   105.45 116.35   111.03 121.94   104.76 115.67
2022-09-16   105.09 115.97   105.07 115.95   242.58 253.46   104.52 115.40   110.11 120.99   103.84 114.72
2022-09-17   104.17 115.02   104.15 115.00   241.66 252.51   103.60 114.45   109.19 120.04   102.92 113.77
2022-09-18   103.26 114.08   103.23 114.06   240.75 251.57   102.69 113.51   108.28 119.10   102.01 112.83
2022-09-19   102.35 113.14   102.32 113.12   239.84 250.63   101.78 112.57   107.37 118.16   101.10 111.89
2022-09-20   101.44 112.21   101.42 112.18   238.93 249.70   100.87 111.64   106.46 117.23   100.19 110.96
2022-09-21   100.54 111.28   100.52 111.26   238.03 248.77    99.97 110.71   105.56 116.30    99.29 110.03
2022-09-22    99.64 110.36    99.62 110.33   237.13 247.85    99.07 109.79   104.66 115.37    98.39 109.11
2022-09-23    98.75 109.44    98.72 109.41   236.24 246.93    98.18 108.87   103.77 114.45    97.50 108.19
2022-09-24    97.86 108.52    97.83 108.50   235.35 246.01    97.29 107.95   102.88 113.54    96.61 107.27
2022-09-25    96.97 107.61    96.95 107.58   234.46 245.10    96.40 107.04   101.99 112.63    95.72 106.36
2022-09-26    96.09 106.70    96.06 106.68   233.58 244.19    95.52 106.13   101.10 111.72    94.84 105.45
2022-09-27    95.21 105.80    95.18 105.77   232.70 243.29    94.64 105.23   100.22 110.81    93.96 104.55
2022-09-28    94.33 104.90    94.31 104.87   231.82 242.39    93.76 104.33    99.35 109.91    93.08 103.65
2022-09-29    93.46 104.00    93.43 103.97   230.95 241.49    92.89 103.43    98.47 109.02    92.21 102.75
2022-09-30    92.59 103.11    92.56 103.08   230.08 240.60    92.02 102.54    97.60 108.12    91.34 101.86
2022-10-01    91.72 102.22    91.69 102.19   229.21 239.71    91.15 101.65    96.73 107.23    90.47 100.97
2022-10-02    90.85 101.33    90.83 101.31   228.34 238.82    90.28 100.76    95.87 106.35    89.60 100.08
2022-10-03    89.99 100.45    89.97 100.42   227.48 237.94    89.42  99.88    95.01 105.47    88.74  99.20
2022-10-04    89.13  99.57    89.10  99.54   226.62 237.06    88.56  99.00    94.15 104.59    87.88  98.32
2022-10-05    88.27  98.69    88.25  98.67   225.76 236.18    87.70  98.12    93.29 103.71    87.02  97.44
2022-10-06    87.42  97.82    87.39  97.79   224.90 235.31    86.85  97.25    92.43 102.83    86.17  96.57
2022-10-07    86.56  96.95    86.54  96.92   224.05 234.44    85.99  96.38    91.58 101.96    85.31  95.70
2022-10-08    85.71  96.08    85.69  96.05   223.20 233.57    85.14  95.51    90.73 101.10    84.46  94.83
2022-10-09    84.86  95.21    84.83  95.19   222.35 232.70    84.29  94.64    89.88 100.23    83.61  93.96
2022-10-10    84.01  94.35    83.99  94.32   221.50 231.84    83.44  93.78    89.03  99.37    82.76  93.10
2022-10-11    83.17  93.49    83.14  93.46   220.65 230.98    82.60  92.92    88.18  98.50    81.92  92.24
2022-10-12    82.32  92.63    82.29  92.60   219.81 230.12    81.75  92.06    87.34  97.64    81.07  91.38
2022-10-13    81.48  91.77    81.45  91.75   218.96 229.26    80.91  91.20    86.49  96.79    80.23  90.52
2022-10-14    80.63  90.92    80.61  90.89   218.12 228.40    80.06  90.35    85.65  95.93    79.38  89.67
2022-10-15    79.79  90.06    79.76  90.04   217.28 227.55    79.22  89.49    84.81  95.08    78.54  88.81
2022-10-16    78.95  89.21    78.92  89.18   216.44 226.70    78.38  88.64    83.96  94.23    77.70  87.96
2022-10-17    78.11  88.36    78.08  88.33   215.59 225.85    77.54  87.79    83.12  93.38    76.86  87.11
2022-10-18    77.27  87.51    77.24  87.48   214.75 225.00    76.70  86.94    82.28  92.53    76.02  86.26
2022-10-19    76.43  86.66    76.40  86.64   213.91 224.15    75.86  86.09    81.44  91.68    75.18  85.41
2022-10-20    75.59  85.82    75.56  85.79   213.07 223.30    75.02  85.25    80.60  90.83    74.34  84.56
2022-10-21    74.75  84.97    74.72  84.94   212.23 222.46    74.18  84.40    79.76  89.98    73.50  83.72
2022-10-22    73.91  84.12    73.88  84.10   211.40 221.61    73.34  83.55    78.92  89.14    72.66  82.87
2022-10-23    73.07  83.28    73.04  83.25   210.56 220.77    72.50  82.71    78.08  88.29    71.82  82.03
2022-10-24    72.23  82.43    72.20  82.41   209.71 219.92    71.66  81.86    77.24  87.45    70.98  81.18
2022-10-25    71.39  81.59    71.36  81.56   208.87 219.08    70.82  81.02    76.40  86.61    70.14  80.34
2022-10-26    70.55  80.75    70.52  80.72   208.03 218.23    69.98  80.18    75.56  85.76    69.29  79.50
2022-10-27    69.70  79.90    69.68  79.88   207.19 217.39    69.13  79.33    74.72  84.92    68.45  78.65
2022-10-28    68.86  79.06    68.83  79.03   206.35 216.55    68.29  78.49    73.88  84.08    67.61  77.81
2022-10-29    68.02  78.22    67.99  78.19   205.50 215.70    67.45  77.65    73.03  83.23    66.76  76.97
2022-10-30    67.17  77.37    67.14  77.35   204.66 214.86    66.60  76.80    72.19  82.39    65.92  76.12
2022-10-31    66.32  76.53    66.30  76.50   203.81 214.01    65.75  75.96    71.34  81.54    65.07  75.28
2022-11-01    65.48  75.68    65.45  75.66   202.96 213.17    64.91  75.11    70.49  80.70    64.22  74.43
2022-11-02    64.63  74.84    64.60  74.81   202.11 212.32    64.06  74.27    69.64  79.85    63.38  73.58
2022-11-03    64.08  73.68    64.06  73.65   201.57 211.17    63.51  73.11    69.10  78.70    62.83  72.43
2022-11-04    63.56  72.50    63.53  72.48   201.05 209.99    62.99  71.93    68.57  77.52    62.31  71.25
2022-11-05    63.03  71.33    63.00  71.30   200.52 208.81    62.46  70.76    68.05  76.34    61.78  70.08
2022-11-06    62.50  70.15    62.47  70.12   199.99 207.63    61.93  69.58    67.52  75.16    61.25  68.90
2022-11-07    61.97  68.97    61.94  68.94   199.46 206.45    61.40  68.40    66.98  73.98    60.72  67.72

2023-04-16   257.72 264.88   257.69 264.86    35.20  42.37   257.15 264.31   262.73 269.90   256.47 263.63
2023-04-17   256.57 264.37   256.54 264.34    34.06  41.86   256.00 263.80   261.58 269.39   255.32 263.12
2023-04-18   255.42 263.86   255.39 263.84    32.91  41.35   254.85 263.29   260.44 268.88   254.17 262.61
2023-04-19   254.27 263.35   254.25 263.33    31.76  40.84   253.70 262.78   259.29 268.37   253.02 262.10
2023-04-20   253.13 262.85   253.10 262.82    30.62  40.34   252.56 262.28   258.14 267.86   251.88 261.60
2023-04-21   252.06 262.27   252.03 262.24    29.55  39.76   251.49 261.70   257.08 267.28   250.81 261.02
2023-04-22   251.24 261.44   251.21 261.42    28.73  38.93   250.67 260.87   256.25 266.46   249.99 260.19
2023-04-23   250.42 260.62   250.39 260.59    27.91  38.11   249.85 260.05   255.43 265.64   249.17 259.37
2023-04-24   249.60 259.80   249.57 259.77    27.08  37.29   249.03 259.23   254.61 264.81   248.35 258.55
2023-04-25   248.78 258.98   248.75 258.95    26.26  36.46   248.21 258.41   253.79 263.99   247.53 257.73
2023-04-26   247.95 258.15   247.93 258.13    25.44  35.64   247.38 257.58   252.97 263.17   246.70 256.90
2023-04-27   247.13 257.33   247.11 257.31    24.62  34.82   246.56 256.76   252.15 262.35   245.88 256.08
2023-04-28   246.31 256.51   246.29 256.49    23.80  34.00   245.74 255.94   251.33 261.53   245.06 255.26
2023-04-29   245.49 255.69   245.46 255.67    22.98  33.18   244.92 255.12   250.51 260.71   244.24 254.44
2023-04-30   244.67 254.88   244.64 254.85    22.16  32.36   244.10 254.31   249.68 259.89   243.42 253.62
2023-05-01   243.84 254.06   243.82 254.03    21.33  31.54   243.27 253.49   248.86 259.07   242.59 252.81
2023-05-02   243.02 253.24   242.99 253.21    20.51  30.72   242.45 252.67   248.04 258.25   241.77 251.99
2023-05-03   242.20 252.42   242.17 252.39    19.68  29.90   241.63 251.85   247.21 257.43   240.94 251.17
2023-05-04   241.37 251.60   241.34 251.57    18.86  29.08   240.80 251.03   246.38 256.61   240.12 250.35
2023-05-05   240.54 250.78   240.51 250.75    18.03  28.26   239.97 250.21   245.56 255.79   239.29 249.53
2023-05-06   239.71 249.96   239.69 249.93    17.20  27.44   239.14 249.39   244.73 254.97   238.46 248.70
2023-05-07   238.88 249.13   238.85 249.11    16.37  26.62   238.31 248.56   243.90 254.15   237.63 247.88
2023-05-08   238.05 248.31   238.02 248.28    15.54  25.80   237.48 247.74   243.06 253.33   236.80 247.06
2023-05-09   237.21 247.49   237.19 247.46    14.70  24.97   236.64 246.92   242.23 252.50   235.96 246.24
2023-05-10   236.38 246.66   236.35 246.64    13.87  24.15   235.81 246.09   241.39 251.68   235.13 245.41
2023-05-11   235.54 245.84   235.51 245.81    13.03  23.32   234.97 245.27   240.56 250.85   234.29 244.59
2023-05-12   234.70 245.01   234.67 244.98    12.19  22.50   234.13 244.44   239.72 250.02   233.45 243.76
2023-05-13   233.86 244.18   233.83 244.15    11.34  21.67   233.29 243.61   238.87 249.19   232.61 242.93
2023-05-14   233.01 243.35   232.99 243.32    10.50  20.84   232.44 242.78   238.03 248.36   231.76 242.10
2023-05-15   232.16 242.51   232.14 242.49     9.65  20.00   231.59 241.94   237.18 247.53   230.91 241.26
2023-05-16   231.31 241.68   231.29 241.65     8.80  19.17   230.74 241.11   236.33 246.70   230.06 240.43
2023-05-17   230.46 240.84   230.43 240.82     7.95  18.33   229.89 240.27   235.47 245.86   229.21 239.59
2023-05-18   229.60 240.00   229.58 239.98     7.09  17.49   229.03 239.43   234.62 245.02   228.35 238.75
2023-05-19   228.74 239.16   228.72 239.13     6.23  16.65   228.17 238.59   233.76 244.18   227.49 237.91
2023-05-20   227.88 238.32   227.85 238.29     5.37  15.80   227.31 237.75   232.90 243.33   226.63 237.07
2023-05-21   227.01 237.47   226.99 237.44     4.50  14.96   226.44 236.90   232.03 242.49   225.76 236.22
2023-05-22   226.14 236.62   226.12 236.59     3.63  14.11   225.57 236.05   231.16 241.64   224.89 235.37
2023-05-23   225.27 235.77   225.24 235.74     2.76  13.25   224.70 235.20   230.29 240.78   224.02 234.52
2023-05-24   224.39 234.91   224.37 234.88     1.88  12.40   223.82 234.34   229.41 239.93   223.14 233.66
2023-05-25   223.51 234.05   223.49 234.03     1.00  11.54   222.94 233.48   228.53 239.07   222.26 232.80
2023-05-26   222.63 233.19   222.60 233.16     0.11  10.68   222.06 232.62   227.64 238.20   221.38 231.94
2023-05-27   221.74 232.32   221.71 232.30   359.23   9.81   221.17 231.75   226.75 237.34   220.49 231.07
2023-05-28   220.84 231.45   220.82 231.43   358.33   8.94   220.27 230.88   225.86 236.47   219.59 230.20
2023-05-29   219.95 230.58   219.92 230.55   357.43   8.07   219.38 230.01   224.96 235.60   218.70 229.33
2023-05-30   219.05 229.70   219.02 229.68   356.53   7.19   218.48 229.13   224.06 234.72   217.79 228.45
2023-05-31   218.14 228.82   218.11 228.80   355.63   6.31   217.57 228.25   223.15 233.84   216.89 227.57
2023-06-01   217.23 227.94   217.20 227.91   354.72   5.43   216.66 227.37   222.24 232.95   215.98 226.69
2023-06-02   216.31 227.05   216.29 227.02   353.80   4.54   215.74 226.48   221.33 232.06   215.06 225.80
2023-06-03   215.39 226.16   215.36 226.13   352.88   3.64   214.82 225.59   220.41 231.17   214.14 224.90
2023-06-04   214.47 225.26   214.44 225.23   351.95   2.75   213.90 224.69   219.48 230.27   213.22 224.01
2023-06-05   213.54 224.36   213.51 224.33   351.02   1.84   212.97 223.79   218.55 229.37   212.28 223.10
2023-06-06   212.60 223.45   212.57 223.42   350.09   0.94   212.03 222.88   217.62 228.46   211.35 222.20
2023-06-07   211.66 222.54   211.63 222.51   349.15   0.02   211.09 221.97   216.68 227.55   210.41 221.29
2023-06-08   210.71 221.62   210.69 221.59   348.20 359.11   210.14 221.05   215.73 226.64   209.46 220.37
2023-06-09   209.76 220.70   209.74 220.67   347.25 358.19   209.19 220.13   214.78 225.71   208.51 219.45
2023-06-10   208.81 219.77   208.78 219.75   346.29 357.26   208.24 219.20   213.82 224.79   207.56 218.52
2023-06-11   207.85 218.84   207.82 218.81   345.33 356.33   207.28 218.27   212.86 223.86   206.59 217.59
2023-06-12   206.88 217.90   206.85 217.88   344.37 355.39   206.31 217.33   211.89 222.92   205.63 216.65
2023-06-13   205.91 216.96   205.88 216.94   343.39 354.45   205.34 216.39   210.92 221.98   204.66 215.71
2023-06-14   204.93 216.02   204.90 215.99   342.42 353.50   204.36 215.45   209.94 221.03   203.68 214.76
2023-06-15   203.95 215.06   203.92 215.04   341.43 352.55   203.38 214.49   208.96 220.08   202.69 213.81
2023-06-16   202.96 214.11   202.93 214.08   340.44 351.59   202.39 213.54   207.97 219.12   201.71 212.85
2023-06-17   201.96 213.14   201.94 213.12   339.45 350.63   201.39 212.57   206.98 218.16   200.71 211.89
2023-06-18   200.96 212.17   200.94 212.15   338.45 349.66   200.39 211.60   205.98 217.19   199.71 210.92
2023-06-19   199.96 211.20   199.93 211.17   337.44 348.69   199.39 210.63   204.97 216.21   198.71 209.95
2023-06-20   198.95 210.22   198.92 210.19   336.43 347.71   198.38 209.65   203.96 215.23   197.70 208.97
2023-06-21   197.93 209.23   197.90 209.21   335.42 346.72   197.36 208.66   202.94 214.25   196.68 207.98
2023-06-22   196.91 208.24   196.88 208.22   334.39 345.73   196.34 207.67   201.92 213.26   195.66 206.99
2023-06-23   195.88 207.25   195.85 207.22   333.37 344.73   195.31 206.68   200.89 212.26   194.63 205.99
2023-06-24   194.85 206.24   194.82 206.22   332.33 343.73   194.28 205.67   199.86 211.26   193.60 204.99
2023-06-25   193.81 205.24   193.78 205.21   331.30 342.72   193.24 204.67   198.82 210.25   192.56 203.98
2023-06-26   192.77 204.22   192.74 204.20   330.25 341.71   192.20 203.65   197.78 209.24   191.51 202.97
2023-06-27   191.72 203.20   191.69 203.18   329.20 340.69   191.15 202.63   196.73 208.22   190.47 201.95
2023-06-28   190.66 202.18   190.64 202.15   328.15 339.67   190.09 201.61   195.68 207.19   189.41 200.93
2023-06-29   189.60 201.15   189.58 201.12   327.09 338.64   189.03 200.58   194.62 206.16   188.35 199.90
2023-06-30   188.54 200.11   188.51 200.09   326.03 337.60   187.97 199.54   193.55 205.13   187.29 198.86
2023-07-01   187.47 199.07   187.44 199.04   324.96 336.56   186.90 198.50   192.49 204.09   186.22 197.82
2023-07-02   186.40 198.03   186.37 198.00   323.88 335.51   185.83 197.46   191.41 203.04   185.15 196.77
2023-07-03   185.32 196.97   185.29 196.95   322.81 334.46   184.75 196.40   190.33 201.99   184.07 195.72
2023-07-04   184.24 195.92   184.21 195.89   321.72 333.40   183.67 195.35   189.25 200.93   182.99 194.67
2023-07-05   183.15 194.86   183.12 194.83   320.64 332.34   182.58 194.29   188.16 199.87   181.90 193.60
2023-07-06   182.06 193.79   182.03 193.76   319.55 331.28   181.49 193.22   187.07 198.80   180.81 192.54
2023-07-07   180.96 192.72   180.94 192.69   318.45 330.21   180.39 192.15   185.98 197.73   179.71 191.47
2023-07-08   179.86 191.64   179.84 191.62   317.35 329.13   179.29 191.07   184.88 196.66   178.61 190.39
2023-07-09   178.76 190.56   178.73 190.53   316.25 328.05   178.19 189.99   183.78 195.58   177.51 189.31
2023-07-10   177.65 189.48   177.63 189.45   315.14 326.96   177.08 188.91   182.67 194.49   176.40 188.23
2023-07-11   176.55 188.39   176.52 188.36   314.03 325.87   175.98 187.82   181.56 193.40   175.29 187.14
2023-07-12   175.43 187.29   175.41 187.27   312.92 324.78   174.86 186.72   180.45 192.31   174.18 186.04
2023-07-13   174.32 186.20   174.29 186.17   311.80 323.68   173.75 185.63   179.33 191.21   173.07 184.95
2023-07-14   173.20 185.10   173.17 185.07   310.69 322.58   172.63 184.53   178.21 190.11   171.95 183.84
2023-07-15   172.08 183.99   172.05 183.96   309.57 321.48   171.51 183.42   177.09 189.01   170.83 182.74
2023-07-16   170.96 182.88   170.93 182.86   308.44 320.37   170.39 182.31   175.97 187.90   169.70 181.63
2023-07-17   169.83 181.77   169.80 181.75   307.32 319.26   169.26 181.20   174.85 186.79   168.58 180.52
2023-07-18   168.70 180.66   168.68 180.63   306.19 318.15   168.13 180.09   173.72 185.67   167.45 179.41
2023-07-19   167.58 179.54   167.55 179.52   305.06 317.03   167.01 178.97   172.59 184.56   166.33 178.29
2023-07-20   166.45 178.42   166.42 178.40   303.93 315.91   165.88 177.85   171.46 183.44   165.20 177.17
2023-07-21   165.32 177.30   165.29 177.27   302.80 314.79   164.75 176.73   170.33 182.32   164.07 176.05
2023-07-22   164.18 176.18   164.16 176.15   301.67 313.67   163.61 175.61   169.20 181.19   162.93 174.93
2023-07-23   163.05 175.05   163.03 175.03   300.54 312.54   162.48 174.48   168.07 180.07   161.80 173.80
2023-07-24   161.92 173.93   161.89 173.90   299.41 311.41   161.35 173.36   166.94 178.94   160.67 172.67
2023-07-25   160.79 172.80   160.76 172.77   298.28 310.28   160.22 172.23   165.80 177.81   159.54 171.55
2023-07-26   159.66 171.67   159.63 171.64   297.14 309.15   159.09 171.10   164.67 176.68   158.41 170.42
2023-07-27   158.52 170.54   158.50 170.51   296.01 308.02   157.95 169.97   163.54 175.55   157.27 169.29
2023-07-28   157.39 169.41   157.37 169.38   294.88 306.89   156.82 168.84   162.41 174.42   156.14 168.15
2023-07-29   156.26 168.27   156.24 168.25   293.75 305.76   155.69 167.70   161.28 173.29   155.01 167.02
2023-07-30   155.13 167.14   155.11 167.12   292.62 304.63   154.56 166.57   160.15 172.16   153.88 165.89
2023-07-31   154.01 166.01   153.98 165.98   291.49 303.50   153.44 165.44   159.02 171.03   152.76 164.76
2023-08-01   152.88 164.88   152.85 164.85   290.37 302.37   152.31 164.31   157.89 169.89   151.63 163.63
2023-08-02   151.76 163.75   151.73 163.72   289.24 301.24   151.19 163.18   156.77 168.76   150.50 162.50
2023-08-03   150.63 162.62   150.61 162.59   288.12 300.11   150.06 162.05   155.65 167.63   149.38 161.37
2023-08-04   149.51 161.49   149.49 161.46   287.00 298.98   148.94 160.92   154.53 166.50   148.26 160.24
2023-08-05   148.40 160.36   148.37 160.34   285.88 297.85   147.83 159.79   153.41 165.38   147.14 159.11
2023-08-06   147.28 159.24   147.25 159.21   284.77 296.72   146.71 158.67   152.30 164.25   146.03 157.98
2023-08-07   146.17 158.11   146.14 158.08   283.66 295.60   145.60 157.54   151.18 163.13   144.92 156.86
2023-08-08   145.06 156.99   145.03 156.96   282.55 294.48   144.49 156.42   150.08 162.00   143.81 155.74
2023-08-09   143.95 155.87   143.93 155.84   281.44 293.36   143.38 155.30   148.97 160.88   142.70 154.62
2023-08-10   142.85 154.75   142.83 154.72   280.34 292.24   142.28 154.18   147.87 159.76   141.60 153.50
2023-08-11   141.75 153.63   141.73 153.61   279.24 291.12   141.18 153.06   146.77 158.65   140.50 152.38
2023-08-12   140.66 152.52   140.63 152.49   278.15 290.01   140.09 151.95   145.67 157.54   139.41 151.27
2023-08-13   139.57 151.41   139.54 151.38   277.06 288.90   139.00 150.84   144.58 156.43   138.32 150.16
2023-08-14   138.48 150.30   138.46 150.28   275.97 287.79   137.91 149.73   143.50 155.32   137.23 149.05
2023-08-15   137.40 149.20   137.37 149.17   274.89 286.69   136.83 148.63   142.41 154.22   136.15 147.95
2023-08-16   136.32 148.10   136.29 148.07   273.81 285.59   135.75 147.53   141.34 153.12   135.07 146.85
2023-08-17   135.25 147.00   135.22 146.98   272.73 284.49   134.68 146.43   140.26 152.02   134.00 145.75
2023-08-18   134.18 145.91   134.15 145.89   271.67 283.40   133.61 145.34   139.19 150.93   132.93 144.66
2023-08-19   133.11 144.82   133.09 144.80   270.60 282.31   132.54 144.25   138.13 149.84   131.86 143.57
2023-08-20   132.05 143.74   132.03 143.71   269.54 281.23   131.48 143.17   137.07 148.75   130.80 142.49
2023-08-21   131.00 142.66   130.97 142.63   268.49 280.15   130.43 142.09   136.02 147.67   129.75 141.41
2023-08-22   129.95 141.58   129.92 141.56   267.44 279.07   129.38 141.01   134.97 146.60   128.70 140.33
2023-08-23   128.91 140.51   128.88 140.48   266.39 278.00   128.34 139.94   133.92 145.53   127.65 139.26
2023-08-24   127.87 139.44   127.84 139.42   265.35 276.93   127.30 138.87   132.88 144.46   126.62 138.19
2023-08-25   126.83 138.38   126.81 138.35   264.32 275.87   126.26 137.81   131.85 143.40   125.58 137.13
2023-08-26   125.80 137.32   125.78 137.30   263.29 274.81   125.23 136.75   130.82 142.34   124.55 136.07
2023-08-27   124.78 136.27   124.75 136.24   262.27 273.76   124.21 135.70   129.79 141.29   123.53 135.02
2023-08-28   123.76 135.22   123.73 135.20   261.25 272.71   123.19 134.65   128.77 140.24   122.51 133.97
2023-08-29   122.75 134.18   122.72 134.15   260.23 271.67   122.18 133.61   127.76 139.19   121.50 132.93
2023-08-30   121.74 133.14   121.71 133.11   259.23 270.63   121.17 132.57   126.75 138.16   120.49 131.89
2023-08-31   120.73 132.11   120.71 132.08   258.22 269.59   120.16 131.54   125.75 137.12   119.48 130.86
2023-09-01   119.74 131.08   119.71 131.05   257.22 268.57   119.17 130.51   124.75 136.09   118.49 129.83
2023-09-02   118.74 130.06   118.72 130.03   256.23 267.54   118.17 129.49   123.76 135.07   117.49 128.81
2023-09-03   117.76 129.04   117.73 129.01   255.24 266.53   117.19 128.47   122.77 134.05   116.51 127.79
2023-09-04   116.78 128.03   116.75 128.00   254.26 265.51   116.21 127.46   121.79 133.04   115.52 126.77
2023-09-05   115.80 127.02   115.77 126.99   253.29 264.51   115.23 126.45   120.81 132.03   114.55 125.77
2023-09-06   114.83 126.02   114.80 125.99   252.31 263.50   114.26 125.45   119.84 131.03   113.58 124.76
2023-09-07   113.86 125.02   113.83 124.99   251.35 262.51   113.29 124.45   118.88 130.03   112.61 123.77
2023-09-08   112.90 124.03   112.87 124.00   250.39 261.51   112.33 123.46   117.91 129.04   111.65 122.77
2023-09-09   111.94 123.04   111.92 123.01   249.43 260.53   111.37 122.47   116.96 128.05   110.69 121.79
2023-09-10   110.99 122.06   110.96 122.03   248.48 259.54   110.42 121.49   116.01 127.07   109.74 120.81
2023-09-11   110.04 121.08   110.02 121.05   247.53 258.57   109.47 120.51   115.06 126.09   108.79 119.83
2023-09-12   109.10 120.11   109.08 120.08   246.59 257.59   108.53 119.54   114.12 125.12   107.85 118.86
2023-09-13   108.16 119.14   108.14 119.11   245.65 256.63   107.59 118.57   113.18 124.16   106.91 117.89
2023-09-14   107.23 118.18   107.21 118.15   244.72 255.67   106.66 117.61   112.25 123.19   105.98 116.93
2023-09-15   106.30 117.22   106.28 117.19   243.79 254.71   105.73 116.65   111.32 122.24   105.05 115.97
2023-09-16   105.38 116.27   105.35 116.24   242.87 253.76   104.81 115.70   110.40 121.28   104.13 115.02
2023-09-17   104.46 115.32   104.43 115.29   241.95 252.81   103.89 114.75   109.48 120.34   103.21 114.07
2023-09-18   103.55 114.38   103.52 114.35   241.03 251.86   102.98 113.81   108.56 119.39   102.30 113.13
2023-09-19   102.64 113.44   102.61 113.41   240.12 250.93   102.07 112.87   107.65 118.45   101.38 112.19
2023-09-20   101.73 112.50   101.70 112.48   239.22 249.99   101.16 111.93   106.74 117.52   100.48 111.25
2023-09-21   100.83 111.57   100.80 111.55   238.31 249.06   100.26 111.00   105.84 116.59    99.58 110.32
2023-09-22    99.93 110.65    99.90 110.62   237.41 248.14    99.36 110.08   104.94 115.66    98.68 109.40
2023-09-23    99.03 109.73    99.01 109.70   236.52 247.21    98.46 109.16   104.05 114.74    97.78 108.48
2023-09-24    98.14 108.81    98.11 108.78   235.63 246.30    97.57 108.24   103.16 113.83    96.89 107.56
2023-09-25    97.25 107.90    97.23 107.87   234.74 245.38    96.68 107.33   102.27 112.91    96.00 106.65
2023-09-26    96.37 106.99    96.34 106.96   233.86 244.48    95.80 106.42   101.38 112.00    95.12 105.74
2023-09-27    95.49 106.08    95.46 106.06   232.98 243.57    94.92 105.51   100.50 111.10    94.24 104.83
2023-09-28    94.61 105.18    94.58 105.16   232.10 242.67    94.04 104.61    99.62 110.20    93.36 103.93
2023-09-29    93.73 104.28    93.71 104.26   231.22 241.77    93.16 103.71    98.75 109.30    92.48 103.03
2023-09-30    92.86 103.39    92.84 103.36   230.35 240.88    92.29 102.82    97.88 108.41    91.61 102.14
2023-10-01    91.99 102.50    91.97 102.47   229.48 239.99    91.42 101.93    97.01 107.51    90.74 101.25
2023-10-02    91.13 101.61    91.10 101.59   228.61 239.10    90.56 101.04    96.14 106.63    89.88 100.36
2023-10-03    90.26 100.73    90.24 100.70   227.75 238.22    89.69 100.16    95.28 105.74    89.01  99.48
2023-10-04    89.40  99.85    89.38  99.82   226.89 237.33    88.83  99.28    94.42 104.86    88.15  98.60
2023-10-05    88.54  98.97    88.52  98.94   226.03 236.46    87.97  98.40    93.56 103.98    87.29  97.72
2023-10-06    87.69  98.09    87.66  98.07   225.17 235.58    87.12  97.52    92.70 103.11    86.43  96.84
2023-10-07    86.83  97.22    86.80  97.19   224.32 234.71    86.26  96.65    91.85 102.24    85.58  95.97
2023-10-08    85.98  96.35    85.95  96.32   223.46 233.84    85.41  95.78    90.99 101.37    84.73  95.10
2023-10-09    85.13  95.48    85.10  95.46   222.61 232.97    84.56  94.91    90.14 100.50    83.88  94.23
2023-10-10    84.28  94.62    84.25  94.59   221.76 232.11    83.71  94.05    89.29  99.63    83.03  93.37
2023-10-11    83.43  93.76    83.40  93.73   220.92 231.24    82.86  93.19    88.44  98.77    82.18  92.50
2023-10-12    82.58  92.89    82.55  92.87   220.07 230.38    82.01  92.32    87.60  97.91    81.33  91.64
2023-10-13    81.74  92.04    81.71  92.01   219.22 229.52    81.17  91.47    86.75  97.05    80.48  90.79
2023-10-14    80.89  91.18    80.86  91.15   218.38 228.67    80.32  90.61    85.91  96.19    79.64  89.93
2023-10-15    80.05  90.32    80.02  90.30   217.53 227.81    79.48  89.75    85.06  95.34    78.80  89.07
2023-10-16    79.20  89.47    79.18  89.44   216.69 226.96    78.63  88.90    84.22  94.49    77.95  88.22
2023-10-17    78.36  88.62    78.34  88.59   215.85 226.11    77.79  88.05    83.38  93.63    77.11  87.37
2023-10-18    77.52  87.77    77.49  87.74   215.01 225.25    76.95  87.20    82.54  92.78    76.27  86.52
2023-10-19    76.68  86.92    76.65  86.89   214.17 224.40    76.11  86.35    81.69  91.93    75.43  85.67
2023-10-20    75.84  86.07    75.81  86.04   213.33 223.56    75.27  85.50    80.85  91.08    74.59  84.82
2023-10-21    75.00  85.22    74.97  85.19   212.48 222.71    74.43  84.65    80.01  90.24    73.75  83.97
2023-10-22    74.16  84.37    74.13  84.35   211.64 221.86    73.59  83.80    79.17  89.39    72.91  83.12
2023-10-23    73.31  83.53    73.29  83.50   210.80 221.02    72.74  82.96    78.33  88.54    72.06  82.28
2023-10-24    72.47  82.68    72.45  82.66   209.96 220.17    71.90  82.11    77.49  87.70    71.22  81.43
2023-10-25    71.63  81.84    71.60  81.81   209.12 219.32    71.06  81.27    76.65  86.85    70.38  80.59
2023-10-26    70.79  80.99    70.76  80.96   208.28 218.48    70.22  80.42    75.80  86.01    69.54  79.74
2023-10-27    69.95  80.15    69.92  80.12   207.43 217.63    69.38  79.58    74.96  85.16    68.69  78.90
2023-10-28    69.10  79.30    69.07  79.27   206.59 216.79    68.53  78.73    74.12  84.32    67.85  78.05
2023-10-29    68.26  78.46    68.23  78.43   205.74 215.94    67.69  77.89    73.27  83.47    67.00  77.20
2023-10-30    67.41  77.61    67.38  77.58   204.90 215.10    66.84  77.04    72.42  82.63    66.16  76.36
2023-10-31    66.56  76.76    66.53  76.74   204.05 214.25    65.99  76.19    71.58  81.78    65.31  75.51
2023-11-01    65.71  75.92    65.69  75.89   203.20 213.40    65.14  75.35    70.73  80.93    64.46  74.67
2023-11-02    64.86  75.07    64.83  75.04   202.35 212.56    64.29  74.50    69.88  80.08    63.61  73.82
2023-11-03    64.22  74.01    64.19  73.99   201.70 211.50    63.65  73.44    69.23  79.03    62.97  72.76
2023-11-04    63.69  72.83    63.66  72.81   201.18 210.32    63.12  72.26    68.71  77.85    62.44  71.58
2023-11-05    63.16  71.65    63.14  71.63   200.65 209.14    62.59  71.08    68.18  76.67    61.91  70.40
2023-11-06    62.63  70.47    62.61  70.45   200.12 207.96    62.06  69.90    67.65  75.49    61.38  69.22
2023-11-07    62.10  69.29    62.07  69.27   199.59 206.78    61.53  68.72    67.12  74.31    60.85  68.04
