
       Target
                ecliptic
RA      Dec     latitude
291.399  38.788  59.703

Checked interval [2020-01-01, 2023-12-31]
|           Window [days]                 |    Normal V3 PA [deg]    |
   Start           End         Duration         Start         End         RA            Dec     
 2020-04-13      2020-11-06       207.04     262.01108      64.49630     291.39938      38.78776 
 2021-04-14      2021-11-07       207.00     261.43558      63.91821     291.39938      38.78776 
 2022-04-14      2022-11-07       207.00     261.69148      64.15537     291.39938      38.78776 
 2023-04-14      2023-11-07       207.00     261.95204      64.38654     291.39938      38.78776 


                V3PA          NIRCam           NIRSpec         NIRISS           MIRI          FGS
   Date      min    max      min    max       min    max     min    max      min    max      min    max

2020-04-14   258.50 265.37   258.48 265.35    35.99  42.86   257.93 264.80   263.52 270.39   257.25 264.12
2020-04-15   257.36 264.83   257.33 264.81    34.85  42.32   256.79 264.26   262.37 269.85   256.11 263.58
2020-04-16   256.21 264.29   256.19 264.27    33.70  41.78   255.64 263.72   261.23 269.31   254.96 263.04
2020-04-17   255.07 263.76   255.04 263.73    32.56  41.25   254.50 263.19   260.08 268.77   253.82 262.51
2020-04-18   253.93 263.22   253.90 263.20    31.41  40.71   253.36 262.65   258.94 268.24   252.67 261.97
2020-04-19   252.78 262.69   252.76 262.67    30.27  40.18   252.21 262.12   257.80 267.71   251.53 261.44
2020-04-20   251.80 262.01   251.77 261.98    29.28  39.49   251.23 261.44   256.81 267.02   250.55 260.75
2020-04-21   250.96 261.17   250.94 261.14    28.45  38.66   250.39 260.60   255.98 266.18   249.71 259.92
2020-04-22   250.13 260.33   250.10 260.31    27.62  37.82   249.56 259.76   255.15 265.35   248.88 259.08
2020-04-23   249.30 259.50   249.27 259.47    26.78  36.99   248.73 258.93   254.31 264.51   248.05 258.25
2020-04-24   248.46 258.67   248.44 258.64    25.95  36.15   247.89 258.10   253.48 263.68   247.21 257.41
2020-04-25   247.63 257.83   247.61 257.81    25.12  35.32   247.06 257.26   252.65 262.85   246.38 256.58
2020-04-26   246.80 257.00   246.77 256.97    24.29  34.49   246.23 256.43   251.82 262.02   245.55 255.75
2020-04-27   245.97 256.17   245.94 256.14    23.45  33.66   245.40 255.60   250.98 261.18   244.72 254.92
2020-04-28   245.13 255.34   245.11 255.31    22.62  32.83   244.56 254.77   250.15 260.35   243.88 254.09
2020-04-29   244.30 254.51   244.27 254.48    21.79  32.00   243.73 253.94   249.32 259.52   243.05 253.26
2020-04-30   243.47 253.68   243.44 253.65    20.95  31.16   242.90 253.11   248.48 258.69   242.22 252.43
2020-05-01   242.63 252.85   242.61 252.82    20.12  30.33   242.06 252.28   247.65 257.86   241.38 251.60
2020-05-02   241.80 252.02   241.77 251.99    19.28  29.50   241.23 251.45   246.81 257.03   240.55 250.77
2020-05-03   240.96 251.19   240.93 251.16    18.45  28.67   240.39 250.62   245.98 256.20   239.71 249.94
2020-05-04   240.12 250.36   240.10 250.33    17.61  27.84   239.55 249.79   245.14 255.37   238.87 249.10
2020-05-05   239.28 249.52   239.26 249.50    16.77  27.01   238.71 248.95   244.30 254.54   238.03 248.27
2020-05-06   238.44 248.69   238.42 248.67    15.93  26.18   237.87 248.12   243.46 253.71   237.19 247.44
2020-05-07   237.60 247.86   237.58 247.83    15.09  25.35   237.03 247.29   242.62 252.87   236.35 246.61
2020-05-08   236.76 247.03   236.73 247.00    14.25  24.51   236.19 246.46   241.77 252.04   235.51 245.77
2020-05-09   235.91 246.19   235.89 246.16    13.40  23.68   235.34 245.62   240.93 251.21   234.66 244.94
2020-05-10   235.07 245.35   235.04 245.33    12.56  22.84   234.50 244.78   240.08 250.37   233.82 244.10
2020-05-11   234.22 244.52   234.19 244.49    11.71  22.01   233.65 243.95   239.23 249.53   232.97 243.27
2020-05-12   233.37 243.68   233.34 243.65    10.86  21.17   232.80 243.11   238.38 248.69   232.12 242.43
2020-05-13   232.52 242.84   232.49 242.81    10.00  20.33   231.95 242.27   237.53 247.85   231.27 241.59
2020-05-14   231.66 242.00   231.63 241.97     9.15  19.49   231.09 241.43   236.68 247.01   230.41 240.75
2020-05-15   230.80 241.15   230.78 241.13     8.29  18.64   230.23 240.58   235.82 246.17   229.55 239.90
2020-05-16   229.94 240.31   229.92 240.28     7.43  17.80   229.37 239.74   234.96 245.32   228.69 239.06
2020-05-17   229.08 239.46   229.05 239.44     6.57  16.95   228.51 238.89   234.10 244.48   227.83 238.21
2020-05-18   228.22 238.61   228.19 238.59     5.70  16.10   227.65 238.04   233.23 243.63   226.96 237.36
2020-05-19   227.35 237.76   227.32 237.73     4.83  15.25   226.78 237.19   232.36 242.78   226.10 236.51
2020-05-20   226.48 236.91   226.45 236.88     3.96  14.39   225.91 236.34   231.49 241.92   225.22 235.66
2020-05-21   225.60 236.05   225.57 236.02     3.09  13.54   225.03 235.48   230.62 241.07   224.35 234.80
2020-05-22   224.72 235.19   224.70 235.16     2.21  12.68   224.15 234.62   229.74 240.21   223.47 233.94
2020-05-23   223.84 234.33   223.82 234.30     1.33  11.82   223.27 233.76   228.86 239.34   222.59 233.08
2020-05-24   222.96 233.46   222.93 233.44     0.45  10.95   222.39 232.89   227.97 238.48   221.71 232.21
2020-05-25   222.07 232.60   222.04 232.57   359.56  10.08   221.50 232.03   227.08 237.61   220.82 231.35
2020-05-26   221.18 231.73   221.15 231.70   358.67   9.21   220.61 231.16   226.19 236.74   219.93 230.48
2020-05-27   220.28 230.85   220.26 230.83   357.77   8.34   219.71 230.28   225.30 235.87   219.03 229.60
2020-05-28   219.38 229.97   219.36 229.95   356.87   7.46   218.81 229.40   224.40 234.99   218.13 228.72
2020-05-29   218.48 229.09   218.45 229.07   355.97   6.58   217.91 228.52   223.50 234.11   217.23 227.84
2020-05-30   217.57 228.21   217.55 228.18   355.06   5.70   217.00 227.64   222.59 233.22   216.32 226.96
2020-05-31   216.66 227.32   216.63 227.29   354.15   4.81   216.09 226.75   221.68 232.34   215.41 226.07
2020-06-01   215.75 226.43   215.72 226.40   353.23   3.92   215.18 225.86   220.76 231.44   214.50 225.18
2020-06-02   214.83 225.53   214.80 225.51   352.31   3.02   214.26 224.96   219.84 230.55   213.58 224.28
2020-06-03   213.90 224.63   213.88 224.61   351.39   2.12   213.33 224.06   218.92 229.65   212.65 223.38
2020-06-04   212.97 223.73   212.95 223.70   350.46   1.22   212.40 223.16   217.99 228.75   211.72 222.48
2020-06-05   212.04 222.82   212.01 222.80   349.53   0.31   211.47 222.25   217.06 227.84   210.79 221.57
2020-06-06   211.10 221.91   211.08 221.88   348.59 359.40   210.53 221.34   216.12 226.93   209.85 220.66
2020-06-07   210.16 220.99   210.13 220.97   347.65 358.48   209.59 220.42   215.17 226.01   208.91 219.74
2020-06-08   209.21 220.07   209.19 220.05   346.70 357.56   208.64 219.50   214.23 225.09   207.96 218.82
2020-06-09   208.26 219.15   208.23 219.12   345.75 356.64   207.69 218.58   213.28 224.16   207.01 217.90
2020-06-10   207.30 218.22   207.28 218.19   344.79 355.71   206.73 217.65   212.32 223.23   206.05 216.97
2020-06-11   206.34 217.28   206.32 217.26   343.83 354.77   205.77 216.71   211.36 222.30   205.09 216.03
2020-06-12   205.38 216.34   205.35 216.32   342.86 353.83   204.81 215.77   210.39 221.36   204.13 215.09
2020-06-13   204.40 215.40   204.38 215.37   341.89 352.89   203.83 214.83   209.42 220.42   203.15 214.15
2020-06-14   203.43 214.45   203.40 214.42   340.92 351.94   202.86 213.88   208.44 219.47   202.18 213.20
2020-06-15   202.45 213.50   202.42 213.47   339.93 350.99   201.88 212.93   207.46 218.51   201.20 212.25
2020-06-16   201.46 212.54   201.43 212.51   338.95 350.03   200.89 211.97   206.48 217.55   200.21 211.29
2020-06-17   200.47 211.58   200.44 211.55   337.96 349.06   199.90 211.01   205.48 216.59   199.22 210.32
2020-06-18   199.47 210.61   199.45 210.58   336.96 348.09   198.90 210.04   204.49 215.62   198.22 209.36
2020-06-19   198.47 209.63   198.44 209.61   335.96 347.12   197.90 209.06   203.49 214.65   197.22 208.38
2020-06-20   197.46 208.65   197.44 208.63   334.95 346.14   196.89 208.08   202.48 213.67   196.21 207.40
2020-06-21   196.45 207.67   196.43 207.64   333.94 345.16   195.88 207.10   201.47 212.68   195.20 206.42
2020-06-22   195.44 206.68   195.41 206.65   332.92 344.17   194.87 206.11   200.45 211.70   194.19 205.43
2020-06-23   194.41 205.69   194.39 205.66   331.90 343.17   193.84 205.12   199.43 210.70   193.16 204.44
2020-06-24   193.39 204.69   193.36 204.66   330.88 342.17   192.82 204.12   198.40 209.70   192.14 203.44
2020-06-25   192.36 203.68   192.33 203.66   329.84 341.17   191.79 203.11   197.37 208.70   191.11 202.43
2020-06-26   191.32 202.67   191.29 202.65   328.81 340.16   190.75 202.10   196.34 207.69   190.07 201.42
2020-06-27   190.28 201.66   190.25 201.63   327.77 339.14   189.71 201.09   195.29 206.67   189.03 200.41
2020-06-28   189.23 200.64   189.21 200.61   326.72 338.12   188.66 200.07   194.25 205.65   187.98 199.39
2020-06-29   188.18 199.61   188.16 199.59   325.67 337.10   187.61 199.04   193.20 204.63   186.93 198.36
2020-06-30   187.13 198.58   187.10 198.56   324.62 336.07   186.56 198.01   192.14 203.60   185.88 197.33
2020-07-01   186.07 197.55   186.04 197.52   323.56 335.03   185.50 196.98   191.08 202.56   184.82 196.30
2020-07-02   185.00 196.51   184.98 196.48   322.49 333.99   184.43 195.94   190.02 201.52   183.75 195.26
2020-07-03   183.94 195.46   183.91 195.44   321.42 332.95   183.37 194.89   188.95 200.48   182.69 194.21
2020-07-04   182.86 194.41   182.84 194.39   320.35 331.90   182.29 193.84   187.88 199.43   181.61 193.16
2020-07-05   181.79 193.36   181.76 193.33   319.28 330.85   181.22 192.79   186.80 198.37   180.54 192.11
2020-07-06   180.71 192.30   180.68 192.27   318.20 329.79   180.14 191.73   185.72 197.31   179.46 191.05
2020-07-07   179.62 191.24   179.60 191.21   317.11 328.72   179.05 190.67   184.64 196.25   178.37 189.99
2020-07-08   178.54 190.17   178.51 190.14   316.02 327.66   177.97 189.60   183.55 195.18   177.29 188.92
2020-07-09   177.45 189.10   177.42 189.07   314.93 326.58   176.88 188.53   182.46 194.11   176.19 187.85
2020-07-10   176.35 188.02   176.32 187.99   313.84 325.51   175.78 187.45   181.37 193.04   175.10 186.77
2020-07-11   175.25 186.94   175.23 186.91   312.74 324.43   174.68 186.37   180.27 191.96   174.00 185.69
2020-07-12   174.15 185.86   174.13 185.83   311.64 323.34   173.58 185.29   179.17 190.87   172.90 184.61
2020-07-13   173.05 184.77   173.02 184.74   310.54 322.26   172.48 184.20   178.07 189.79   171.80 183.52
2020-07-14   171.95 183.68   171.92 183.65   309.43 321.17   171.38 183.11   176.96 188.69   170.69 182.43
2020-07-15   170.84 182.59   170.81 182.56   308.32 320.07   170.27 182.02   175.85 187.60   169.59 181.33
2020-07-16   169.73 181.49   169.70 181.46   307.21 318.98   169.16 180.92   174.74 186.50   168.48 180.24
2020-07-17   168.62 180.39   168.59 180.36   306.10 317.88   168.05 179.82   173.63 185.40   167.36 179.14
2020-07-18   167.50 179.28   167.48 179.26   304.99 316.77   166.93 178.71   172.52 184.30   166.25 178.03
2020-07-19   166.39 178.18   166.36 178.15   303.87 315.67   165.82 177.61   171.40 183.19   165.14 176.93
2020-07-20   165.27 177.07   165.24 177.04   302.76 314.56   164.70 176.50   170.29 182.09   164.02 175.82
2020-07-21   164.15 175.96   164.13 175.93   301.64 313.45   163.58 175.39   169.17 180.98   162.90 174.71
2020-07-22   163.03 174.85   163.01 174.82   300.52 312.34   162.46 174.28   168.05 179.86   161.78 173.60
2020-07-23   161.92 173.74   161.89 173.71   299.40 311.22   161.35 173.17   166.93 178.75   160.67 172.48
2020-07-24   160.80 172.62   160.77 172.59   298.28 310.11   160.23 172.05   165.81 177.64   159.55 171.37
2020-07-25   159.68 171.50   159.65 171.48   297.17 308.99   159.11 170.93   164.69 176.52   158.43 170.25
2020-07-26   158.56 170.39   158.53 170.36   296.05 307.87   157.99 169.82   163.57 175.40   157.31 169.14
2020-07-27   157.44 169.27   157.41 169.24   294.93 306.76   156.87 168.70   162.45 174.28   156.19 168.02
2020-07-28   156.32 168.15   156.30 168.12   293.81 305.64   155.75 167.58   161.34 173.16   155.07 166.90
2020-07-29   155.20 167.03   155.18 167.00   292.69 304.52   154.63 166.46   160.22 172.05   153.95 165.78
2020-07-30   154.09 165.91   154.06 165.88   291.58 303.40   153.52 165.34   159.10 170.93   152.84 164.66
2020-07-31   152.97 164.79   152.95 164.76   290.46 302.28   152.40 164.22   157.99 169.81   151.72 163.54
2020-08-01   151.86 163.67   151.83 163.65   289.35 301.16   151.29 163.10   156.87 168.69   150.61 162.42
2020-08-02   150.75 162.55   150.72 162.53   288.23 300.04   150.18 161.98   155.76 167.57   149.50 161.30
2020-08-03   149.64 161.44   149.61 161.41   287.12 298.92   149.07 160.87   154.65 166.45   148.39 160.19
2020-08-04   148.53 160.32   148.50 160.29   286.02 297.81   147.96 159.75   153.54 165.33   147.28 159.07
2020-08-05   147.42 159.20   147.40 159.18   284.91 296.69   146.85 158.63   152.44 164.22   146.17 157.95
2020-08-06   146.32 158.09   146.29 158.06   283.81 295.58   145.75 157.52   151.34 163.10   145.07 156.84
2020-08-07   145.22 156.98   145.19 156.95   282.71 294.46   144.65 156.41   150.23 161.99   143.97 155.73
2020-08-08   144.12 155.87   144.10 155.84   281.61 293.35   143.55 155.30   149.14 160.88   142.87 154.62
2020-08-09   143.03 154.76   143.00 154.73   280.51 292.24   142.46 154.19   148.04 159.77   141.78 153.51
2020-08-10   141.94 153.65   141.91 153.62   279.42 291.14   141.37 153.08   146.95 158.67   140.68 152.40
2020-08-11   140.85 152.55   140.82 152.52   278.33 290.03   140.28 151.98   145.86 157.56   139.60 151.30
2020-08-12   139.76 151.44   139.74 151.42   277.25 288.93   139.19 150.87   144.78 156.46   138.51 150.19
2020-08-13   138.68 150.35   138.65 150.32   276.17 287.83   138.11 149.78   143.70 155.36   137.43 149.10
2020-08-14   137.60 149.25   137.58 149.22   275.09 286.74   137.03 148.68   142.62 154.27   136.35 148.00
2020-08-15   136.53 148.16   136.50 148.13   274.02 285.64   135.96 147.59   141.55 153.17   135.28 146.91
2020-08-16   135.46 147.07   135.43 147.04   272.95 284.56   134.89 146.50   140.48 152.08   134.21 145.82
2020-08-17   134.40 145.98   134.37 145.95   271.88 283.47   133.83 145.41   139.41 151.00   133.14 144.73
2020-08-18   133.33 144.90   133.31 144.87   270.82 282.39   132.76 144.33   138.35 149.91   132.08 143.65
2020-08-19   132.28 143.82   132.25 143.79   269.76 281.31   131.71 143.25   137.29 148.83   131.03 142.57
2020-08-20   131.22 142.74   131.20 142.72   268.71 280.23   130.65 142.17   136.24 147.76   129.97 141.49
2020-08-21   130.18 141.67   130.15 141.65   267.66 279.16   129.61 141.10   135.19 146.69   128.93 140.42
2020-08-22   129.13 140.61   129.11 140.58   266.62 278.09   128.56 140.04   134.15 145.62   127.88 139.35
2020-08-23   128.09 139.54   128.07 139.52   265.58 277.03   127.52 138.97   133.11 144.56   126.84 138.29
2020-08-24   127.06 138.48   127.03 138.46   264.55 275.97   126.49 137.91   132.08 143.50   125.81 137.23
2020-08-25   126.03 137.43   126.00 137.40   263.52 274.92   125.46 136.86   131.05 142.44   124.78 136.18
2020-08-26   125.01 136.38   124.98 136.35   262.49 273.86   124.44 135.81   130.02 141.39   123.76 135.13
2020-08-27   123.99 135.33   123.96 135.30   261.47 272.82   123.42 134.76   129.00 140.35   122.74 134.08
2020-08-28   122.97 134.29   122.95 134.26   260.46 271.78   122.40 133.72   127.99 139.31   121.72 133.04
2020-08-29   121.96 133.25   121.94 133.23   259.45 270.74   121.39 132.68   126.98 138.27   120.71 132.00
2020-08-30   120.96 132.22   120.93 132.19   258.44 269.71   120.39 131.65   125.97 137.24   119.71 130.97
2020-08-31   119.96 131.19   119.93 131.17   257.44 268.68   119.39 130.62   124.97 136.21   118.71 129.94
2020-09-01   118.96 130.17   118.93 130.14   256.45 267.66   118.39 129.60   123.98 135.18   117.71 128.92
2020-09-02   117.97 129.15   117.94 129.12   255.46 266.64   117.40 128.58   122.98 134.17   116.72 127.90
2020-09-03   116.98 128.14   116.96 128.11   254.47 265.63   116.41 127.57   122.00 133.15   115.73 126.89
2020-09-04   116.00 127.13   115.98 127.10   253.49 264.62   115.43 126.56   121.02 132.14   114.75 125.88
2020-09-05   115.03 126.12   115.00 126.10   252.51 263.61   114.46 125.55   120.04 131.14   113.78 124.87
2020-09-06   114.05 125.13   114.03 125.10   251.54 262.61   113.48 124.56   119.07 130.14   112.80 123.87
2020-09-07   113.09 124.13   113.06 124.10   250.57 261.62   112.52 123.56   118.10 129.15   111.84 122.88
2020-09-08   112.13 123.14   112.10 123.11   249.61 260.63   111.56 122.57   117.14 128.16   110.87 121.89
2020-09-09   111.17 122.16   111.14 122.13   248.66 259.64   110.60 121.59   116.18 127.17   109.92 120.90
2020-09-10   110.21 121.17   110.19 121.15   247.70 258.66   109.64 120.60   115.23 126.19   108.96 119.92
2020-09-11   109.27 120.20   109.24 120.17   246.75 257.69   108.70 119.63   114.28 125.21   108.02 118.95
2020-09-12   108.32 119.23   108.30 119.20   245.81 256.72   107.75 118.66   113.34 124.24   107.07 117.98
2020-09-13   107.38 118.26   107.36 118.23   244.87 255.75   106.81 117.69   112.40 123.28   106.13 117.01
2020-09-14   106.45 117.30   106.42 117.27   243.93 254.79   105.88 116.73   111.46 122.31   105.20 116.05
2020-09-15   105.52 116.34   105.49 116.31   243.00 253.83   104.95 115.77   110.53 121.36   104.26 115.09
2020-09-16   104.59 115.39   104.56 115.36   242.08 252.88   104.02 114.82   109.60 120.40   103.34 114.14
2020-09-17   103.67 114.44   103.64 114.41   241.15 251.93   103.10 113.87   108.68 119.45   102.41 113.19
2020-09-18   102.75 113.49   102.72 113.47   240.23 250.98   102.18 112.92   107.76 118.51   101.50 112.24
2020-09-19   101.83 112.55   101.80 112.53   239.32 250.04   101.26 111.98   106.85 117.57   100.58 111.30
2020-09-20   100.92 111.62   100.89 111.59   238.41 249.11   100.35 111.05   105.93 116.63    99.67 110.37
2020-09-21   100.01 110.69    99.99 110.66   237.50 248.17    99.44 110.12   105.03 115.70    98.76 109.44
2020-09-22    99.11 109.76    99.08 109.73   236.60 247.25    98.54 109.19   104.12 114.77    97.86 108.51
2020-09-23    98.21 108.83    98.18 108.81   235.69 246.32    97.64 108.26   103.22 113.85    96.96 107.58
2020-09-24    97.31 107.91    97.28 107.89   234.80 245.40    96.74 107.34   102.32 112.93    96.06 106.66
2020-09-25    96.42 107.00    96.39 106.97   233.90 244.49    95.85 106.43   101.43 112.01    95.16 105.75
2020-09-26    95.52 106.09    95.50 106.06   233.01 243.57    94.95 105.52   100.54 111.10    94.27 104.83
2020-09-27    94.64 105.18    94.61 105.15   232.12 242.66    94.07 104.61    99.65 110.19    93.39 103.93
2020-09-28    93.75 104.27    93.73 104.24   231.24 241.76    93.18 103.70    98.77 109.29    92.50 103.02
2020-09-29    92.87 103.37    92.84 103.34   230.36 240.86    92.30 102.80    97.89 108.38    91.62 102.12
2020-09-30    91.99 102.47    91.96 102.44   229.48 239.96    91.42 101.90    97.01 107.48    90.74 101.22
2020-10-01    91.11 101.57    91.09 101.55   228.60 239.06    90.54 101.00    96.13 106.59    89.86 100.32
2020-10-02    90.24 100.68    90.21 100.65   227.73 238.17    89.67 100.11    95.26 105.70    88.99  99.43
2020-10-03    89.37  99.79    89.34  99.76   226.86 237.28    88.80  99.22    94.38 104.81    88.12  98.54
2020-10-04    88.50  98.90    88.47  98.88   225.99 236.39    87.93  98.33    93.51 103.92    87.25  97.65
2020-10-05    87.63  98.02    87.60  97.99   225.12 235.51    87.06  97.45    92.65 103.03    86.38  96.77
2020-10-06    86.77  97.14    86.74  97.11   224.25 234.63    86.20  96.57    91.78 102.15    85.51  95.89
2020-10-07    85.90  96.26    85.88  96.23   223.39 233.75    85.33  95.69    90.92 101.27    84.65  95.01
2020-10-08    85.04  95.38    85.01  95.36   222.53 232.87    84.47  94.81    90.05 100.40    83.79  94.13
2020-10-09    84.18  94.51    84.15  94.48   221.67 232.00    83.61  93.94    89.19  99.52    82.93  93.26
2020-10-10    83.32  93.64    83.29  93.61   220.81 231.12    82.75  93.07    88.34  98.65    82.07  92.39
2020-10-11    82.46  92.77    82.44  92.74   219.95 230.25    81.89  92.20    87.48  97.78    81.21  91.51
2020-10-12    81.61  91.90    81.58  91.87   219.09 229.38    81.04  91.33    86.62  96.91    80.36  90.65
2020-10-13    80.75  91.03    80.72  91.00   218.24 228.52    80.18  90.46    85.77  96.05    79.50  89.78
2020-10-14    79.90  90.17    79.87  90.14   217.38 227.65    79.33  89.60    84.91  95.18    78.65  88.92
2020-10-15    79.04  89.30    79.02  89.28   216.53 226.79    78.47  88.73    84.06  94.32    77.79  88.05
2020-10-16    78.19  88.44    78.16  88.41   215.68 225.93    77.62  87.87    83.21  93.46    76.94  87.19
2020-10-17    77.34  87.58    77.31  87.55   214.83 225.07    76.77  87.01    82.35  92.60    76.09  86.33
2020-10-18    76.49  86.72    76.46  86.70   213.97 224.21    75.92  86.15    81.50  91.74    75.24  85.47
2020-10-19    75.64  85.86    75.61  85.84   213.12 223.35    75.07  85.29    80.65  90.88    74.38  84.61
2020-10-20    74.78  85.01    74.76  84.98   212.27 222.49    74.21  84.44    79.80  90.02    73.53  83.76
2020-10-21    73.93  84.15    73.91  84.12   211.42 221.64    73.36  83.58    78.95  89.16    72.68  82.90
2020-10-22    73.08  83.29    73.06  83.27   210.57 220.78    72.51  82.72    78.10  88.31    71.83  82.04
2020-10-23    72.23  82.44    72.20  82.41   209.72 219.93    71.66  81.87    77.25  87.45    70.98  81.19
2020-10-24    71.38  81.58    71.35  81.56   208.87 219.07    70.81  81.01    76.39  86.60    70.13  80.33
2020-10-25    70.53  80.73    70.50  80.70   208.01 218.22    69.96  80.16    75.54  85.74    69.28  79.48
2020-10-26    69.67  79.87    69.65  79.85   207.16 217.36    69.10  79.30    74.69  84.89    68.42  78.62
2020-10-27    68.82  79.02    68.79  78.99   206.31 216.51    68.25  78.45    73.83  84.03    67.57  77.77
2020-10-28    67.96  78.16    67.94  78.14   205.45 215.65    67.39  77.59    72.98  83.18    66.71  76.91
2020-10-29    67.11  77.31    67.08  77.28   204.60 214.80    66.54  76.74    72.12  82.32    65.86  76.06
2020-10-30    66.25  76.45    66.22  76.43   203.74 213.94    65.68  75.88    71.27  81.47    65.00  75.20
2020-10-31    65.39  75.60    65.37  75.57   202.88 213.08    64.82  75.03    70.41  80.61    64.14  74.35
2020-11-01    64.53  74.74    64.51  74.71   202.02 212.23    63.96  74.17    69.55  79.76    63.28  73.49
2020-11-02    63.83  73.72    63.80  73.70   201.32 211.21    63.26  73.15    68.85  78.74    62.58  72.47
2020-11-03    63.28  72.55    63.25  72.53   200.77 210.04    62.71  71.98    68.30  77.57    62.03  71.30
2020-11-04    62.73  71.38    62.70  71.35   200.22 208.87    62.16  70.81    67.74  76.39    61.48  70.13
2020-11-05    62.18  70.20    62.15  70.18   199.66 207.69    61.61  69.63    67.19  75.22    60.93  68.95
2020-11-06    61.62  69.03    61.59  69.00   199.11 206.52    61.05  68.46    66.64  74.04    60.37  67.78

2021-04-15   257.71 264.99   257.68 264.97    35.20  42.48   257.14 264.42   262.72 270.01   256.46 263.74
2021-04-16   256.56 264.46   256.54 264.43    34.05  41.94   255.99 263.89   261.58 269.47   255.31 263.20
2021-04-17   255.42 263.92   255.39 263.89    32.91  41.41   254.85 263.35   260.43 268.93   254.17 262.67
2021-04-18   254.27 263.38   254.25 263.36    31.76  40.87   253.70 262.81   259.29 268.40   253.02 262.13
2021-04-19   253.13 262.85   253.10 262.83    30.62  40.34   252.56 262.28   258.15 267.87   251.88 261.60
2021-04-20   252.05 262.26   252.02 262.23    29.54  39.75   251.48 261.69   257.07 267.27   250.80 261.01
2021-04-21   251.22 261.42   251.19 261.40    28.70  38.91   250.65 260.85   256.23 266.44   249.97 260.17
2021-04-22   250.38 260.59   250.36 260.56    27.87  38.07   249.81 260.02   255.40 265.60   249.13 259.34
2021-04-23   249.55 259.75   249.52 259.73    27.04  37.24   248.98 259.18   254.57 264.77   248.30 258.50
2021-04-24   248.72 258.92   248.69 258.89    26.20  36.40   248.15 258.35   253.73 263.93   247.47 257.67
2021-04-25   247.88 258.08   247.86 258.06    25.37  35.57   247.31 257.51   252.90 263.10   246.63 256.83
2021-04-26   247.05 257.25   247.03 257.23    24.54  34.74   246.48 256.68   252.07 262.27   245.80 256.00
2021-04-27   246.22 256.42   246.19 256.39    23.71  33.91   245.65 255.85   251.23 261.44   244.97 255.17
2021-04-28   245.39 255.59   245.36 255.56    22.87  33.08   244.82 255.02   250.40 260.60   244.13 254.34
2021-04-29   244.55 254.76   244.53 254.73    22.04  32.25   243.98 254.19   249.57 259.77   243.30 253.51
2021-04-30   243.72 253.93   243.69 253.90    21.20  31.41   243.15 253.36   248.73 258.94   242.47 252.68
2021-05-01   242.88 253.10   242.86 253.07    20.37  30.58   242.31 252.53   247.90 258.11   241.63 251.85
2021-05-02   242.05 252.27   242.02 252.24    19.53  29.75   241.48 251.70   247.06 257.28   240.80 251.01
2021-05-03   241.21 251.43   241.18 251.41    18.70  28.92   240.64 250.86   246.23 256.45   239.96 250.18
2021-05-04   240.37 250.60   240.35 250.58    17.86  28.09   239.80 250.03   245.39 255.62   239.12 249.35
2021-05-05   239.53 249.77   239.51 249.74    17.02  27.26   238.96 249.20   244.55 254.79   238.28 248.52
2021-05-06   238.69 248.94   238.67 248.91    16.18  26.43   238.12 248.37   243.71 253.95   237.44 247.69
2021-05-07   237.85 248.11   237.82 248.08    15.34  25.59   237.28 247.54   242.87 253.12   236.60 246.85
2021-05-08   237.01 247.27   236.98 247.24    14.50  24.76   236.44 246.70   242.02 252.29   235.76 246.02
2021-05-09   236.16 246.44   236.14 246.41    13.65  23.92   235.59 245.87   241.18 251.45   234.91 245.19
2021-05-10   235.32 245.60   235.29 245.57    12.80  23.09   234.75 245.03   240.33 250.62   234.07 244.35
2021-05-11   234.47 244.76   234.44 244.74    11.95  22.25   233.90 244.19   239.48 249.78   233.22 243.51
2021-05-12   233.62 243.92   233.59 243.90    11.10  21.41   233.05 243.35   238.63 248.94   232.37 242.67
2021-05-13   232.76 243.08   232.74 243.06    10.25  20.57   232.19 242.51   237.78 248.10   231.51 241.83
2021-05-14   231.91 242.24   231.88 242.21     9.40  19.73   231.34 241.67   236.92 247.26   230.66 240.99
2021-05-15   231.05 241.40   231.02 241.37     8.54  18.89   230.48 240.83   236.07 246.41   229.80 240.15
2021-05-16   230.19 240.55   230.16 240.53     7.68  18.04   229.62 239.98   235.21 245.57   228.94 239.30
2021-05-17   229.33 239.70   229.30 239.68     6.81  17.19   228.76 239.13   234.34 244.72   228.08 238.45
2021-05-18   228.46 238.85   228.43 238.83     5.95  16.34   227.89 238.28   233.48 243.87   227.21 237.60
2021-05-19   227.59 238.00   227.57 237.98     5.08  15.49   227.02 237.43   232.61 243.02   226.34 236.75
2021-05-20   226.72 237.15   226.69 237.12     4.21  14.64   226.15 236.58   231.74 242.16   225.47 235.90
2021-05-21   225.85 236.29   225.82 236.26     3.33  13.78   225.28 235.72   230.86 241.31   224.60 235.04
2021-05-22   224.97 235.43   224.94 235.40     2.46  12.92   224.40 234.86   229.98 240.45   223.72 234.18
2021-05-23   224.09 234.57   224.06 234.54     1.57  12.06   223.52 234.00   229.10 239.58   222.84 233.32
2021-05-24   223.20 233.70   223.18 233.68     0.69  11.19   222.63 233.13   228.22 238.72   221.95 232.45
2021-05-25   222.31 232.84   222.29 232.81   359.80  10.32   221.74 232.27   227.33 237.85   221.06 231.58
2021-05-26   221.42 231.96   221.39 231.94   358.91   9.45   220.85 231.39   226.44 236.98   220.17 230.71
2021-05-27   220.53 231.09   220.50 231.06   358.01   8.58   219.96 230.52   225.54 236.10   219.27 229.84
2021-05-28   219.63 230.21   219.60 230.19   357.11   7.70   219.06 229.64   224.64 235.23   218.37 228.96
2021-05-29   218.72 229.33   218.70 229.30   356.21   6.82   218.15 228.76   223.74 234.35   217.47 228.08
2021-05-30   217.81 228.45   217.79 228.42   355.30   5.93   217.24 227.88   222.83 233.46   216.56 227.19
2021-05-31   216.90 227.56   216.88 227.53   354.39   5.04   216.33 226.99   221.92 232.57   215.65 226.31
2021-06-01   215.99 226.66   215.96 226.64   353.47   4.15   215.42 226.09   221.00 231.68   214.74 225.41
2021-06-02   215.07 225.77   215.04 225.74   352.55   3.26   214.50 225.20   220.08 230.78   213.82 224.52
2021-06-03   214.14 224.87   214.12 224.84   351.63   2.36   213.57 224.30   219.16 229.88   212.89 223.62
2021-06-04   213.21 223.96   213.19 223.94   350.70   1.45   212.64 223.39   218.23 228.98   211.96 222.71
2021-06-05   212.28 223.06   212.25 223.03   349.77   0.54   211.71 222.49   217.29 228.07   211.03 221.81
2021-06-06   211.34 222.14   211.31 222.12   348.83 359.63   210.77 221.57   216.36 227.16   210.09 220.89
2021-06-07   210.40 221.23   210.37 221.20   347.89 358.71   209.83 220.66   215.41 226.24   209.15 219.98
2021-06-08   209.45 220.31   209.42 220.28   346.94 357.79   208.88 219.74   214.47 225.32   208.20 219.05
2021-06-09   208.50 219.38   208.47 219.35   345.99 356.87   207.93 218.81   213.51 224.40   207.25 218.13
2021-06-10   207.54 218.45   207.51 218.42   345.03 355.94   206.97 217.88   212.56 223.46   206.29 217.20
2021-06-11   206.58 217.51   206.55 217.49   344.07 355.00   206.01 216.94   211.59 222.53   205.33 216.26
2021-06-12   205.61 216.57   205.59 216.55   343.10 354.06   205.04 216.00   210.63 221.59   204.36 215.32
2021-06-13   204.64 215.63   204.61 215.60   342.13 353.12   204.07 215.06   209.65 220.65   203.39 214.38
2021-06-14   203.66 214.68   203.64 214.65   341.15 352.17   203.09 214.11   208.68 219.70   202.41 213.43
2021-06-15   202.68 213.73   202.65 213.70   340.17 351.21   202.11 213.16   207.70 218.74   201.43 212.48
2021-06-16   201.69 212.77   201.67 212.74   339.18 350.25   201.12 212.20   206.71 217.78   200.44 211.52
2021-06-17   200.70 211.80   200.68 211.78   338.19 349.29   200.13 211.23   205.72 216.82   199.45 210.55
2021-06-18   199.70 210.83   199.68 210.81   337.19 348.32   199.13 210.26   204.72 215.85   198.45 209.58
2021-06-19   198.70 209.86   198.68 209.83   336.19 347.35   198.13 209.29   203.72 214.87   197.45 208.61
2021-06-20   197.70 208.88   197.67 208.85   335.18 346.37   197.13 208.31   202.71 213.90   196.44 207.63
2021-06-21   196.68 207.90   196.66 207.87   334.17 345.38   196.11 207.33   201.70 212.91   195.43 206.64
2021-06-22   195.67 206.91   195.64 206.88   333.15 344.39   195.10 206.34   200.68 211.92   194.42 205.66
2021-06-23   194.64 205.91   194.62 205.88   332.13 343.40   194.07 205.34   199.66 210.93   193.39 204.66
2021-06-24   193.62 204.91   193.59 204.88   331.10 342.40   193.05 204.34   198.63 209.93   192.37 203.66
2021-06-25   192.59 203.91   192.56 203.88   330.07 341.39   192.02 203.34   197.60 208.92   191.33 202.66
2021-06-26   191.55 202.90   191.52 202.87   329.04 340.38   190.98 202.33   196.56 207.91   190.30 201.65
2021-06-27   190.51 201.88   190.48 201.85   327.99 339.37   189.94 201.31   195.52 206.90   189.26 200.63
2021-06-28   189.46 200.86   189.43 200.83   326.95 338.35   188.89 200.29   194.48 205.88   188.21 199.61
2021-06-29   188.41 199.83   188.38 199.81   325.90 337.32   187.84 199.26   193.43 204.85   187.16 198.58
2021-06-30   187.35 198.80   187.33 198.78   324.84 336.29   186.78 198.23   192.37 203.82   186.10 197.55
2021-07-01   186.29 197.77   186.27 197.74   323.78 335.26   185.72 197.20   191.31 202.78   185.04 196.52
2021-07-02   185.23 196.73   185.20 196.70   322.72 334.22   184.66 196.16   190.25 201.74   183.98 195.48
2021-07-03   184.16 195.68   184.14 195.66   321.65 333.17   183.59 195.11   189.18 200.70   182.91 194.43
2021-07-04   183.09 194.63   183.06 194.61   320.58 332.12   182.52 194.06   188.10 199.65   181.84 193.38
2021-07-05   182.01 193.58   181.99 193.55   319.50 331.07   181.44 193.01   187.03 198.59   180.76 192.33
2021-07-06   180.93 192.52   180.91 192.49   318.42 330.01   180.36 191.95   185.95 197.54   179.68 191.27
2021-07-07   179.85 191.46   179.82 191.43   317.34 328.95   179.28 190.89   184.86 196.47   178.60 190.21
2021-07-08   178.76 190.39   178.73 190.36   316.25 327.88   178.19 189.82   183.78 195.41   177.51 189.14
2021-07-09   177.67 189.32   177.64 189.29   315.16 326.81   177.10 188.75   182.69 194.33   176.42 188.07
2021-07-10   176.58 188.24   176.55 188.22   314.06 325.73   176.01 187.67   181.59 193.26   175.33 186.99
2021-07-11   175.48 187.16   175.45 187.14   312.97 324.65   174.91 186.59   180.49 192.18   174.23 185.91
2021-07-12   174.38 186.08   174.35 186.05   311.87 323.57   173.81 185.51   179.39 191.10   173.13 184.83
2021-07-13   173.28 184.99   173.25 184.97   310.76 322.48   172.71 184.42   178.29 190.01   172.03 183.74
2021-07-14   172.17 183.90   172.14 183.88   309.66 321.39   171.60 183.33   177.19 188.92   170.92 182.65
2021-07-15   171.06 182.81   171.04 182.78   308.55 320.30   170.49 182.24   176.08 187.82   169.81 181.56
2021-07-16   169.95 181.71   169.93 181.69   307.44 319.20   169.38 181.14   174.97 186.73   168.70 180.46
2021-07-17   168.84 180.61   168.82 180.59   306.33 318.10   168.27 180.04   173.86 185.63   167.59 179.36
2021-07-18   167.73 179.51   167.70 179.48   305.22 317.00   167.16 178.94   172.74 184.53   166.48 178.26
2021-07-19   166.62 178.41   166.59 178.38   304.10 315.89   166.05 177.84   171.63 183.42   165.36 177.16
2021-07-20   165.50 177.30   165.47 177.27   302.99 314.79   164.93 176.73   170.52 182.31   164.25 176.05
2021-07-21   164.38 176.19   164.36 176.16   301.87 313.68   163.81 175.62   169.40 181.21   163.13 174.94
2021-07-22   163.27 175.08   163.24 175.05   300.75 312.57   162.70 174.51   168.28 180.09   162.02 173.83
2021-07-23   162.15 173.97   162.12 173.94   299.64 311.45   161.58 173.40   167.16 178.98   160.90 172.72
2021-07-24   161.03 172.85   161.00 172.83   298.52 310.34   160.46 172.28   166.05 177.87   159.78 171.60
2021-07-25   159.91 171.74   159.89 171.71   297.40 309.22   159.34 171.17   164.93 176.75   158.66 170.49
2021-07-26   158.79 170.62   158.77 170.59   296.28 308.11   158.22 170.05   163.81 175.64   157.54 169.37
2021-07-27   157.68 169.50   157.65 169.48   295.16 306.99   157.11 168.93   162.69 174.52   156.43 168.25
2021-07-28   156.56 168.39   156.53 168.36   294.05 305.87   155.99 167.82   161.57 173.40   155.31 167.14
2021-07-29   155.44 167.27   155.42 167.24   292.93 304.76   154.87 166.70   160.46 172.28   154.19 166.02
2021-07-30   154.33 166.15   154.30 166.12   291.82 303.64   153.76 165.58   159.34 171.17   153.08 164.90
2021-07-31   153.21 165.03   153.19 165.01   290.70 302.52   152.64 164.46   158.23 170.05   151.96 163.78
2021-08-01   152.10 163.92   152.08 163.89   289.59 301.40   151.53 163.35   157.12 168.93   150.85 162.66
2021-08-02   150.99 162.80   150.97 162.77   288.48 300.29   150.42 162.23   156.01 167.81   149.74 161.55
2021-08-03   149.88 161.68   149.86 161.66   287.37 299.17   149.31 161.11   154.90 166.70   148.63 160.43
2021-08-04   148.78 160.57   148.75 160.54   286.26 298.05   148.21 160.00   153.79 165.58   147.53 159.32
2021-08-05   147.67 159.45   147.65 159.43   285.16 296.94   147.10 158.88   152.69 164.47   146.42 158.20
2021-08-06   146.57 158.34   146.54 158.31   284.06 295.83   146.00 157.77   151.58 163.36   145.32 157.09
2021-08-07   145.47 157.23   145.44 157.20   282.96 294.72   144.90 156.66   150.49 162.24   144.22 155.98
2021-08-08   144.37 156.12   144.35 156.09   281.86 293.61   143.80 155.55   149.39 161.13   143.12 154.87
2021-08-09   143.28 155.01   143.25 154.99   280.77 292.50   142.71 154.44   148.30 160.03   142.03 153.76
2021-08-10   142.19 153.91   142.16 153.88   279.68 291.39   141.62 153.34   147.21 158.92   140.94 152.66
2021-08-11   141.10 152.80   141.08 152.78   278.59 290.29   140.53 152.23   146.12 157.82   139.85 151.55
2021-08-12   140.02 151.70   139.99 151.68   277.51 289.19   139.45 151.13   145.03 156.72   138.77 150.45
2021-08-13   138.94 150.61   138.91 150.58   276.43 288.09   138.37 150.04   143.95 155.62   137.69 149.36
2021-08-14   137.86 149.51   137.84 149.49   275.35 287.00   137.29 148.94   142.88 154.53   136.61 148.26
2021-08-15   136.79 148.42   136.76 148.39   274.28 285.91   136.22 147.85   141.81 153.44   135.54 147.17
2021-08-16   135.72 147.33   135.70 147.31   273.21 284.82   135.15 146.76   140.74 152.35   134.47 146.08
2021-08-17   134.66 146.25   134.63 146.22   272.15 283.73   134.09 145.68   139.67 151.26   133.41 145.00
2021-08-18   133.60 145.17   133.57 145.14   271.08 282.65   133.03 144.60   138.61 150.18   132.35 143.91
2021-08-19   132.54 144.09   132.52 144.06   270.03 281.57   131.97 143.52   137.56 149.10   131.29 142.84
2021-08-20   131.49 143.01   131.46 142.99   268.98 280.50   130.92 142.44   136.51 148.03   130.24 141.76
2021-08-21   130.44 141.94   130.42 141.92   267.93 279.43   129.87 141.37   135.46 146.96   129.19 140.69
2021-08-22   129.40 140.88   129.37 140.85   266.89 278.36   128.83 140.31   134.42 145.89   128.15 139.63
2021-08-23   128.36 139.81   128.34 139.79   265.85 277.30   127.79 139.24   133.38 144.83   127.11 138.56
2021-08-24   127.33 138.76   127.30 138.73   264.82 276.24   126.76 138.19   132.34 143.77   126.08 137.50
2021-08-25   126.30 137.70   126.27 137.68   263.79 275.19   125.73 137.13   131.32 142.72   125.05 136.45
2021-08-26   125.28 136.65   125.25 136.63   262.76 274.14   124.71 136.08   130.29 141.67   124.03 135.40
2021-08-27   124.26 135.61   124.23 135.58   261.74 273.09   123.69 135.04   129.27 140.62   123.01 134.36
2021-08-28   123.24 134.57   123.22 134.54   260.73 272.05   122.67 134.00   128.26 139.58   121.99 133.32
2021-08-29   122.23 133.53   122.21 133.50   259.72 271.02   121.66 132.96   127.25 138.54   120.98 132.28
2021-08-30   121.23 132.50   121.20 132.47   258.72 269.99   120.66 131.93   126.24 137.51   119.98 131.25
2021-08-31   120.23 131.47   120.20 131.44   257.72 268.96   119.66 130.90   125.24 136.49   118.98 130.22
2021-09-01   119.23 130.45   119.21 130.42   256.72 267.94   118.66 129.88   124.25 135.46   117.98 129.20
2021-09-02   118.24 129.43   118.22 129.40   255.73 266.92   117.67 128.86   123.26 134.45   116.99 128.18
2021-09-03   117.26 128.42   117.23 128.39   254.74 265.90   116.69 127.85   122.27 133.43   116.01 127.17
2021-09-04   116.28 127.41   116.25 127.38   253.76 264.90   115.71 126.84   121.29 132.42   115.03 126.16
2021-09-05   115.30 126.40   115.27 126.38   252.79 263.89   114.73 125.83   120.32 131.42   114.05 125.15
2021-09-06   114.33 125.41   114.30 125.38   251.82 262.89   113.76 124.84   119.34 130.42   113.08 124.15
2021-09-07   113.36 124.41   113.34 124.38   250.85 261.90   112.79 123.84   118.38 129.43   112.11 123.16
2021-09-08   112.40 123.42   112.37 123.39   249.89 260.91   111.83 122.85   117.41 128.44   111.15 122.17
2021-09-09   111.44 122.44   111.42 122.41   248.93 259.92   110.87 121.87   116.46 127.45   110.19 121.19
2021-09-10   110.49 121.46   110.46 121.43   247.98 258.94   109.92 120.89   115.50 126.47   109.24 120.21
2021-09-11   109.54 120.48   109.51 120.45   247.03 257.97   108.97 119.91   114.56 125.50   108.29 119.23
2021-09-12   108.60 119.51   108.57 119.48   246.08 257.00   108.03 118.94   113.61 124.52   107.35 118.26
2021-09-13   107.66 118.54   107.63 118.52   245.14 256.03   107.09 117.97   112.67 123.56   106.41 117.29
2021-09-14   106.72 117.58   106.69 117.55   244.21 255.07   106.15 117.01   111.74 122.60   105.47 116.33
2021-09-15   105.79 116.62   105.76 116.60   243.28 254.11   105.22 116.05   110.81 121.64   104.54 115.37
2021-09-16   104.86 115.67   104.84 115.64   242.35 253.16   104.29 115.10   109.88 120.68   103.61 114.42
2021-09-17   103.94 114.72   103.91 114.69   241.43 252.21   103.37 114.15   108.95 119.74   102.69 113.47
2021-09-18   103.02 113.78   102.99 113.75   240.51 251.26   102.45 113.21   108.04 118.79   101.77 112.52
2021-09-19   102.10 112.83   102.08 112.81   239.59 250.32   101.53 112.26   107.12 117.85   100.85 111.58
2021-09-20   101.19 111.90   101.17 111.87   238.68 249.39   100.62 111.33   106.21 116.91    99.94 110.65
2021-09-21   100.29 110.97   100.26 110.94   237.77 248.45    99.72 110.40   105.30 115.98    99.03 109.72
2021-09-22    99.38 110.04    99.35 110.01   236.87 247.53    98.81 109.47   104.40 115.05    98.13 108.79
2021-09-23    98.48 109.11    98.45 109.09   235.97 246.60    97.91 108.54   103.49 114.13    97.23 107.86
2021-09-24    97.58 108.19    97.56 108.17   235.07 245.68    97.01 107.62   102.60 113.21    96.33 106.94
2021-09-25    96.69 107.28    96.66 107.25   234.18 244.76    96.12 106.71   101.70 112.29    95.44 106.03
2021-09-26    95.80 106.36    95.77 106.34   233.28 243.85    95.23 105.79   100.81 111.38    94.55 105.11
2021-09-27    94.91 105.45    94.88 105.43   232.40 242.94    94.34 104.88    99.92 110.47    93.66 104.20
2021-09-28    94.02 104.55    94.00 104.52   231.51 242.03    93.45 103.98    99.04 109.56    92.77 103.30
2021-09-29    93.14 103.64    93.11 103.62   230.63 241.13    92.57 103.07    98.16 108.66    91.89 102.39
2021-09-30    92.26 102.74    92.23 102.72   229.75 240.23    91.69 102.17    97.28 107.76    91.01 101.49
2021-10-01    91.38 101.85    91.36 101.82   228.87 239.34    90.81 101.28    96.40 106.86    90.13 100.60
2021-10-02    90.51 100.95    90.48 100.93   228.00 238.44    89.94 100.38    95.52 105.97    89.26  99.70
2021-10-03    89.64 100.06    89.61 100.04   227.12 237.55    89.07  99.49    94.65 105.08    88.39  98.81
2021-10-04    88.77  99.18    88.74  99.15   226.25 236.66    88.20  98.61    93.78 104.19    87.52  97.93
2021-10-05    87.90  98.29    87.87  98.27   225.39 235.78    87.33  97.72    92.91 103.31    86.65  97.04
2021-10-06    87.03  97.41    87.01  97.38   224.52 234.90    86.46  96.84    92.05 102.42    85.78  96.16
2021-10-07    86.17  96.53    86.14  96.50   223.66 234.02    85.60  95.96    91.18 101.54    84.92  95.28
2021-10-08    85.31  95.65    85.28  95.63   222.79 233.14    84.74  95.08    90.32 100.67    84.05  94.40
2021-10-09    84.44  94.78    84.42  94.75   221.93 232.26    83.87  94.21    89.46  99.79    83.19  93.53
2021-10-10    83.58  93.90    83.56  93.88   221.07 231.39    83.01  93.33    88.60  98.92    82.33  92.65
2021-10-11    82.73  93.03    82.70  93.01   220.21 230.52    82.16  92.46    87.74  98.05    81.48  91.78
2021-10-12    81.87  92.16    81.84  92.14   219.36 229.65    81.30  91.59    86.89  97.18    80.62  90.91
2021-10-13    81.01  91.30    80.99  91.27   218.50 228.78    80.44  90.73    86.03  96.31    79.76  90.05
2021-10-14    80.16  90.43    80.13  90.40   217.65 227.92    79.59  89.86    85.17  95.45    78.91  89.18
2021-10-15    79.31  89.57    79.28  89.54   216.79 227.05    78.74  89.00    84.32  94.58    78.05  88.32
2021-10-16    78.45  88.70    78.43  88.68   215.94 226.19    77.88  88.13    83.47  93.72    77.20  87.45
2021-10-17    77.60  87.84    77.57  87.82   215.09 225.33    77.03  87.27    82.61  92.86    76.35  86.59
2021-10-18    76.75  86.98    76.72  86.96   214.23 224.47    76.18  86.41    81.76  92.00    75.50  85.73
2021-10-19    75.89  86.12    75.87  86.10   213.38 223.61    75.32  85.55    80.91  91.14    74.64  84.87
2021-10-20    75.04  85.27    75.02  85.24   212.53 222.75    74.47  84.70    80.06  90.28    73.79  84.01
2021-10-21    74.19  84.41    74.16  84.38   211.68 221.90    73.62  83.84    79.21  89.42    72.94  83.16
2021-10-22    73.34  83.55    73.31  83.52   210.83 221.04    72.77  82.98    78.35  88.57    72.09  82.30
2021-10-23    72.49  82.69    72.46  82.67   209.97 220.18    71.92  82.12    77.50  87.71    71.24  81.44
2021-10-24    71.63  81.84    71.61  81.81   209.12 219.33    71.06  81.27    76.65  86.85    70.38  80.59
2021-10-25    70.78  80.98    70.75  80.96   208.27 218.47    70.21  80.41    75.80  86.00    69.53  79.73
2021-10-26    69.93  80.13    69.90  80.10   207.41 217.62    69.36  79.56    74.94  85.14    68.68  78.88
2021-10-27    69.07  79.27    69.05  79.25   206.56 216.76    68.50  78.70    74.09  84.29    67.82  78.02
2021-10-28    68.22  78.42    68.19  78.39   205.70 215.90    67.65  77.85    73.23  83.43    66.97  77.17
2021-10-29    67.36  77.56    67.33  77.53   204.85 215.05    66.79  76.99    72.37  82.58    66.11  76.31
2021-10-30    66.50  76.70    66.48  76.68   203.99 214.19    65.93  76.13    71.52  81.72    65.25  75.45
2021-10-31    65.64  75.85    65.62  75.82   203.13 213.33    65.07  75.28    70.66  80.86    64.39  74.60
2021-11-01    64.78  74.99    64.76  74.96   202.27 212.48    64.21  74.42    69.80  80.00    63.53  73.74
2021-11-02    63.98  74.07    63.96  74.04   201.47 211.55    63.41  73.50    69.00  79.08    62.73  72.82
2021-11-03    63.43  72.89    63.41  72.87   200.92 210.38    62.86  72.32    68.45  77.91    62.18  71.64
2021-11-04    62.88  71.72    62.86  71.69   200.37 209.21    62.31  71.15    67.90  76.73    61.63  70.47
2021-11-05    62.33  70.54    62.30  70.52   199.82 208.03    61.76  69.97    67.34  75.56    61.08  69.29
2021-11-06    61.77  69.37    61.75  69.34   199.26 206.85    61.20  68.80    66.79  74.38    60.52  68.12
2021-11-07    61.21  68.19    61.19  68.16   198.70 205.68    60.64  67.62    66.23  73.20    59.96  66.94

2022-04-15   258.06 265.16   258.03 265.13    35.55  42.64   257.49 264.59   263.07 270.17   256.81 263.91
2022-04-16   256.91 264.62   256.88 264.59    34.40  42.10   256.34 264.05   261.93 269.63   255.66 263.37
2022-04-17   255.77 264.08   255.74 264.05    33.25  41.57   255.20 263.51   260.78 269.10   254.51 262.83
2022-04-18   254.62 263.55   254.59 263.52    32.11  41.03   254.05 262.98   259.64 268.56   253.37 262.30
2022-04-19   253.48 263.01   253.45 262.99    30.96  40.50   252.91 262.44   258.49 268.03   252.23 261.76
2022-04-20   252.33 262.48   252.31 262.46    29.82  39.97   251.76 261.91   257.35 267.50   251.08 261.23
2022-04-21   251.47 261.67   251.44 261.65    28.96  39.16   250.90 261.10   256.48 266.69   250.22 260.42
2022-04-22   250.63 260.84   250.61 260.81    28.12  38.33   250.06 260.27   255.65 265.85   249.38 259.59
2022-04-23   249.80 260.00   249.77 259.98    27.29  37.49   249.23 259.43   254.82 265.02   248.55 258.75
2022-04-24   248.97 259.17   248.94 259.14    26.45  36.65   248.40 258.60   253.98 264.18   247.72 257.92
2022-04-25   248.13 258.33   248.11 258.31    25.62  35.82   247.56 257.76   253.15 263.35   246.88 257.08
2022-04-26   247.30 257.50   247.27 257.47    24.79  34.99   246.73 256.93   252.32 262.52   246.05 256.25
2022-04-27   246.47 256.67   246.44 256.64    23.95  34.15   245.90 256.10   251.48 261.68   245.22 255.42
2022-04-28   245.63 255.84   245.61 255.81    23.12  33.32   245.06 255.27   250.65 260.85   244.38 254.58
2022-04-29   244.80 255.00   244.77 254.98    22.29  32.49   244.23 254.43   249.81 260.02   243.55 253.75
2022-04-30   243.96 254.17   243.94 254.15    21.45  31.66   243.39 253.60   248.98 259.19   242.71 252.92
2022-05-01   243.13 253.34   243.10 253.31    20.62  30.83   242.56 252.77   248.14 258.36   241.88 252.09
2022-05-02   242.29 252.51   242.26 252.48    19.78  30.00   241.72 251.94   247.31 257.52   241.04 251.26
2022-05-03   241.45 251.68   241.43 251.65    18.94  29.16   240.88 251.11   246.47 256.69   240.20 250.43
2022-05-04   240.62 250.84   240.59 250.82    18.10  28.33   240.05 250.27   245.63 255.86   239.37 249.59
2022-05-05   239.78 250.01   239.75 249.99    17.26  27.50   239.21 249.44   244.79 255.03   238.53 248.76
2022-05-06   238.94 249.18   238.91 249.15    16.42  26.67   238.37 248.61   243.95 254.19   237.68 247.93
2022-05-07   238.09 248.34   238.07 248.32    15.58  25.83   237.52 247.77   243.11 253.36   236.84 247.09
2022-05-08   237.25 247.51   237.22 247.48    14.74  25.00   236.68 246.94   242.26 252.53   236.00 246.26
2022-05-09   236.40 246.67   236.38 246.65    13.89  24.16   235.83 246.10   241.42 251.69   235.15 245.42
2022-05-10   235.56 245.84   235.53 245.81    13.04  23.32   234.99 245.27   240.57 250.85   234.31 244.59
2022-05-11   234.71 245.00   234.68 244.97    12.19  22.49   234.14 244.43   239.72 250.01   233.46 243.75
2022-05-12   233.86 244.16   233.83 244.13    11.34  21.65   233.29 243.59   238.87 249.17   232.60 242.91
2022-05-13   233.00 243.32   232.97 243.29    10.49  20.81   232.43 242.75   238.02 248.33   231.75 242.07
2022-05-14   232.15 242.48   232.12 242.45     9.63  19.96   231.58 241.91   237.16 247.49   230.89 241.22
2022-05-15   231.29 241.63   231.26 241.60     8.77  19.12   230.72 241.06   236.30 246.65   230.04 240.38
2022-05-16   230.43 240.78   230.40 240.76     7.91  18.27   229.86 240.21   235.44 245.80   229.18 239.53
2022-05-17   229.56 239.94   229.54 239.91     7.05  17.42   228.99 239.37   234.58 244.95   228.31 238.69
2022-05-18   228.70 239.09   228.67 239.06     6.18  16.57   228.13 238.52   233.71 244.10   227.45 237.83
2022-05-19   227.83 238.23   227.80 238.21     5.31  15.72   227.26 237.66   232.84 243.25   226.58 236.98
2022-05-20   226.95 237.38   226.93 237.35     4.44  14.86   226.38 236.81   231.97 242.39   225.70 236.13
2022-05-21   226.08 236.52   226.05 236.49     3.57  14.01   225.51 235.95   231.09 241.54   224.83 235.27
2022-05-22   225.20 235.66   225.17 235.63     2.69  13.15   224.63 235.09   230.22 240.67   223.95 234.41
2022-05-23   224.32 234.80   224.29 234.77     1.81  12.28   223.75 234.23   229.33 239.81   223.07 233.55
2022-05-24   223.43 233.93   223.41 233.90     0.92  11.42   222.86 233.36   228.45 238.95   222.18 232.68
2022-05-25   222.54 233.06   222.52 233.04     0.03  10.55   221.97 232.49   227.56 238.08   221.29 231.81
2022-05-26   221.65 232.19   221.62 232.16   359.14   9.68   221.08 231.62   226.67 237.20   220.40 230.94
2022-05-27   220.75 231.31   220.73 231.29   358.24   8.80   220.18 230.74   225.77 236.33   219.50 230.06
2022-05-28   219.85 230.44   219.83 230.41   357.34   7.92   219.28 229.87   224.87 235.45   218.60 229.18
2022-05-29   218.95 229.55   218.92 229.53   356.44   7.04   218.38 228.98   223.96 234.57   217.70 228.30
2022-05-30   218.04 228.67   218.01 228.64   355.53   6.16   217.47 228.10   223.06 233.68   216.79 227.42
2022-05-31   217.13 227.78   217.10 227.75   354.62   5.27   216.56 227.21   222.14 232.79   215.88 226.53
2022-06-01   216.21 226.89   216.19 226.86   353.70   4.37   215.64 226.32   221.23 231.90   214.96 225.64
2022-06-02   215.29 225.99   215.26 225.96   352.78   3.48   214.72 225.42   220.31 231.00   214.04 224.74
2022-06-03   214.37 225.09   214.34 225.06   351.85   2.58   213.80 224.52   219.38 230.10   213.12 223.84
2022-06-04   213.44 224.18   213.41 224.16   350.92   1.67   212.87 223.61   218.45 229.20   212.19 222.93
2022-06-05   212.50 223.27   212.48 223.25   349.99   0.76   211.93 222.70   217.52 228.29   211.25 222.02
2022-06-06   211.56 222.36   211.54 222.33   349.05 359.85   210.99 221.79   216.58 227.38   210.31 221.11
2022-06-07   210.62 221.44   210.59 221.42   348.11 358.93   210.05 220.87   215.63 226.46   209.37 220.19
2022-06-08   209.67 220.52   209.64 220.50   347.16 358.01   209.10 219.95   214.69 225.54   208.42 219.27
2022-06-09   208.72 219.60   208.69 219.57   346.21 357.08   208.15 219.03   213.73 224.61   207.47 218.34
2022-06-10   207.76 218.66   207.73 218.64   345.25 356.15   207.19 218.09   212.78 223.68   206.51 217.41
2022-06-11   206.80 217.73   206.77 217.70   344.28 355.22   206.23 217.16   211.81 222.74   205.55 216.48
2022-06-12   205.83 216.79   205.80 216.76   343.32 354.28   205.26 216.22   210.84 221.80   204.58 215.54
2022-06-13   204.86 215.84   204.83 215.82   342.34 353.33   204.29 215.27   209.87 220.86   203.61 214.59
2022-06-14   203.88 214.89   203.85 214.87   341.37 352.38   203.31 214.32   208.89 219.91   202.63 213.64
2022-06-15   202.90 213.94   202.87 213.91   340.38 351.43   202.33 213.37   207.91 218.95   201.65 212.69
2022-06-16   201.91 212.98   201.88 212.95   339.40 350.47   201.34 212.41   206.92 217.99   200.66 211.73
2022-06-17   200.92 212.01   200.89 211.99   338.40 349.50   200.35 211.44   205.93 217.03   199.67 210.76
2022-06-18   199.92 211.04   199.89 211.02   337.41 348.53   199.35 210.47   204.93 216.06   198.67 209.79
2022-06-19   198.92 210.07   198.89 210.04   336.40 347.56   198.35 209.50   203.93 215.08   197.67 208.82
2022-06-20   197.91 209.09   197.88 209.06   335.40 346.58   197.34 208.52   202.92 214.10   196.66 207.84
2022-06-21   196.90 208.10   196.87 208.08   334.38 345.59   196.33 207.53   201.91 213.12   195.64 206.85
2022-06-22   195.88 207.11   195.85 207.09   333.37 344.60   195.31 206.54   200.89 212.13   194.63 205.86
2022-06-23   194.86 206.12   194.83 206.09   332.34 343.61   194.29 205.55   199.87 211.13   193.60 204.87
2022-06-24   193.83 205.12   193.80 205.09   331.32 342.60   193.26 204.55   198.84 210.13   192.58 203.87
2022-06-25   192.80 204.11   192.77 204.09   330.28 341.60   192.23 203.54   197.81 209.13   191.54 202.86
2022-06-26   191.76 203.10   191.73 203.07   329.25 340.59   191.19 202.53   196.77 208.12   190.51 201.85
2022-06-27   190.72 202.09   190.69 202.06   328.20 339.57   190.15 201.52   195.73 207.10   189.47 200.84
2022-06-28   189.67 201.07   189.64 201.04   327.16 338.55   189.10 200.50   194.68 206.08   188.42 199.81
2022-06-29   188.62 200.04   188.59 200.01   326.11 337.53   188.05 199.47   193.63 205.05   187.37 198.79
2022-06-30   187.56 199.01   187.54 198.98   325.05 336.50   186.99 198.44   192.58 204.02   186.31 197.76
2022-07-01   186.50 197.97   186.48 197.95   323.99 335.46   185.93 197.40   191.52 202.99   185.25 196.72
2022-07-02   185.44 196.93   185.41 196.91   322.93 334.42   184.87 196.36   190.45 201.95   184.19 195.68
2022-07-03   184.37 195.89   184.34 195.86   321.86 333.38   183.80 195.32   189.39 200.90   183.12 194.64
2022-07-04   183.30 194.84   183.27 194.81   320.79 332.33   182.73 194.27   188.31 199.85   182.05 193.59
2022-07-05   182.22 193.78   182.19 193.76   319.71 331.27   181.65 193.21   187.24 198.80   180.97 192.53
2022-07-06   181.14 192.73   181.11 192.70   318.63 330.21   180.57 192.16   186.16 197.74   179.89 191.48
2022-07-07   180.06 191.66   180.03 191.64   317.55 329.15   179.49 191.09   185.07 196.68   178.81 190.41
2022-07-08   178.97 190.60   178.94 190.57   316.46 328.08   178.40 190.03   183.99 195.61   177.72 189.35
2022-07-09   177.88 189.53   177.85 189.50   315.37 327.01   177.31 188.96   182.90 194.54   176.63 188.27
2022-07-10   176.79 188.45   176.76 188.42   314.27 325.94   176.22 187.88   181.80 193.47   175.54 187.20
2022-07-11   175.69 187.37   175.66 187.34   313.18 324.86   175.12 186.80   180.71 192.39   174.44 186.12
2022-07-12   174.59 186.29   174.56 186.26   312.08 323.78   174.02 185.72   179.61 191.30   173.34 185.04
2022-07-13   173.49 185.20   173.46 185.18   310.98 322.69   172.92 184.63   178.50 190.22   172.24 183.95
2022-07-14   172.38 184.11   172.36 184.09   309.87 321.60   171.81 183.54   177.40 189.13   171.13 182.86
2022-07-15   171.28 183.02   171.25 182.99   308.77 320.51   170.71 182.45   176.29 188.04   170.03 181.77
2022-07-16   170.17 181.93   170.14 181.90   307.66 319.41   169.60 181.36   175.19 186.94   168.92 180.68
2022-07-17   169.06 180.83   169.03 180.80   306.55 318.31   168.49 180.26   174.08 185.84   167.81 179.58
2022-07-18   167.95 179.73   167.92 179.70   305.44 317.21   167.38 179.16   172.96 184.74   166.70 178.48
2022-07-19   166.84 178.62   166.81 178.60   304.32 316.11   166.27 178.05   171.85 183.64   165.58 177.37
2022-07-20   165.72 177.52   165.69 177.49   303.21 315.01   165.15 176.95   170.74 182.53   164.47 176.27
2022-07-21   164.61 176.41   164.58 176.38   302.09 313.90   164.04 175.84   169.62 181.43   163.36 175.16
2022-07-22   163.49 175.30   163.46 175.27   300.98 312.79   162.92 174.73   168.51 180.32   162.24 174.05
2022-07-23   162.37 174.19   162.35 174.16   299.86 311.68   161.80 173.62   167.39 179.21   161.12 172.94
2022-07-24   161.26 173.08   161.23 173.05   298.74 310.57   160.69 172.51   166.27 178.09   160.01 171.83
2022-07-25   160.14 171.96   160.11 171.94   297.63 309.45   159.57 171.39   165.16 176.98   158.89 170.71
2022-07-26   159.02 170.85   159.00 170.82   296.51 308.34   158.45 170.28   164.04 175.87   157.77 169.60
2022-07-27   157.91 169.73   157.88 169.71   295.40 307.22   157.34 169.16   162.92 174.75   156.66 168.48
2022-07-28   156.79 168.62   156.77 168.59   294.28 306.11   156.22 168.05   161.81 173.63   155.54 167.37
2022-07-29   155.68 167.50   155.65 167.48   293.17 304.99   155.11 166.93   160.69 172.52   154.43 166.25
2022-07-30   154.57 166.39   154.54 166.36   292.05 303.87   154.00 165.82   159.58 171.40   153.31 165.14
2022-07-31   153.45 165.27   153.43 165.24   290.94 302.76   152.88 164.70   158.47 170.29   152.20 164.02
2022-08-01   152.34 164.16   152.32 164.13   289.83 301.64   151.77 163.59   157.36 169.17   151.09 162.90
2022-08-02   151.23 163.04   151.21 163.01   288.72 300.53   150.66 162.47   156.25 168.06   149.98 161.79
2022-08-03   150.13 161.93   150.10 161.90   287.61 299.41   149.56 161.36   155.14 166.94   148.88 160.67
2022-08-04   149.02 160.81   149.00 160.79   286.51 298.30   148.45 160.24   154.04 165.83   147.77 159.56
2022-08-05   147.92 159.70   147.89 159.67   285.41 297.19   147.35 159.13   152.93 164.72   146.67 158.45
2022-08-06   146.82 158.59   146.79 158.56   284.31 296.08   146.25 158.02   151.83 163.60   145.57 157.34
2022-08-07   145.72 157.48   145.69 157.45   283.21 294.97   145.15 156.91   150.74 162.50   144.47 156.23
2022-08-08   144.63 156.37   144.60 156.35   282.11 293.86   144.06 155.80   149.64 161.39   143.37 155.12
2022-08-09   143.53 155.27   143.51 155.24   281.02 292.75   142.96 154.70   148.55 160.28   142.28 154.02
2022-08-10   142.44 154.16   142.42 154.14   279.93 291.65   141.87 153.59   147.46 159.18   141.19 152.91
2022-08-11   141.36 153.06   141.33 153.04   278.85 290.55   140.79 152.49   146.37 158.08   140.11 151.81
2022-08-12   140.28 151.96   140.25 151.94   277.76 289.45   139.71 151.39   145.29 156.98   139.03 150.71
2022-08-13   139.20 150.87   139.17 150.84   276.69 288.36   138.63 150.30   144.21 155.88   137.95 149.62
2022-08-14   138.12 149.77   138.10 149.75   275.61 287.26   137.55 149.20   143.14 154.79   136.87 148.52
2022-08-15   137.05 148.68   137.03 148.66   274.54 286.17   136.48 148.11   142.07 153.70   135.80 147.43
2022-08-16   135.99 147.60   135.96 147.57   273.47 285.09   135.42 147.03   141.00 152.61   134.73 146.35
2022-08-17   134.92 146.51   134.90 146.49   272.41 284.00   134.35 145.94   139.94 151.53   133.67 145.26
2022-08-18   133.86 145.43   133.84 145.41   271.35 282.92   133.29 144.86   138.88 150.45   132.61 144.18
2022-08-19   132.81 144.36   132.78 144.33   270.30 281.84   132.24 143.79   137.82 149.37   131.56 143.11
2022-08-20   131.76 143.28   131.73 143.26   269.25 280.77   131.19 142.71   136.77 148.30   130.51 142.03
2022-08-21   130.71 142.22   130.69 142.19   268.20 279.70   130.14 141.65   135.73 147.23   129.46 140.96
2022-08-22   129.67 141.15   129.64 141.12   267.16 278.64   129.10 140.58   134.69 146.17   128.42 139.90
2022-08-23   128.63 140.09   128.61 140.06   266.12 277.58   128.06 139.52   133.65 145.10   127.38 138.84
2022-08-24   127.60 139.03   127.57 139.00   265.09 276.52   127.03 138.46   132.62 144.05   126.35 137.78
2022-08-25   126.57 137.98   126.55 137.95   264.06 275.47   126.00 137.41   131.59 142.99   125.32 136.73
2022-08-26   125.55 136.93   125.52 136.90   263.04 274.42   124.98 136.36   130.56 141.94   124.30 135.68
2022-08-27   124.53 135.89   124.50 135.86   262.02 273.37   123.96 135.32   129.55 140.90   123.28 134.63
2022-08-28   123.52 134.85   123.49 134.82   261.00 272.33   122.95 134.28   128.53 139.86   122.27 133.59
2022-08-29   122.51 133.81   122.48 133.78   260.00 271.30   121.94 133.24   127.52 138.82   121.26 132.56
2022-08-30   121.50 132.78   121.48 132.75   258.99 270.27   120.93 132.21   126.52 137.79   120.25 131.53
2022-08-31   120.50 131.75   120.48 131.73   257.99 269.24   119.93 131.18   125.52 136.77   119.25 130.50
2022-09-01   119.51 130.73   119.48 130.70   257.00 268.22   118.94 130.16   124.52 135.75   118.26 129.48
2022-09-02   118.52 129.71   118.49 129.69   256.01 267.20   117.95 129.14   123.53 134.73   117.27 128.46
2022-09-03   117.53 128.70   117.51 128.67   255.02 266.19   116.96 128.13   122.55 133.72   116.28 127.45
2022-09-04   116.55 127.69   116.53 127.67   254.04 265.18   115.98 127.12   121.57 132.71   115.30 126.44
2022-09-05   115.58 126.69   115.55 126.66   253.07 264.18   115.01 126.12   120.59 131.70   114.33 125.44
2022-09-06   114.61 125.69   114.58 125.66   252.09 263.18   114.04 125.12   119.62 130.70   113.36 124.44
2022-09-07   113.64 124.70   113.61 124.67   251.13 262.18   113.07 124.13   118.66 129.71   112.39 123.44
2022-09-08   112.68 123.71   112.65 123.68   250.17 261.19   112.11 123.14   117.69 128.72   111.43 122.46
2022-09-09   111.72 122.72   111.69 122.69   249.21 260.21   111.15 122.15   116.74 127.74   110.47 121.47
2022-09-10   110.77 121.74   110.74 121.71   248.26 259.23   110.20 121.17   115.78 126.76   109.52 120.49
2022-09-11   109.82 120.77   109.79 120.74   247.31 258.25   109.25 120.20   114.83 125.78   108.57 119.51
2022-09-12   108.87 119.79   108.85 119.77   246.36 257.28   108.30 119.22   113.89 124.81   107.62 118.54
2022-09-13   107.94 118.83   107.91 118.80   245.42 256.31   107.37 118.26   112.95 123.84   106.68 117.58
2022-09-14   107.00 117.86   106.97 117.84   244.49 255.35   106.43 117.29   112.01 122.88   105.75 116.61
2022-09-15   106.07 116.91   106.04 116.88   243.56 254.39   105.50 116.34   111.08 121.92   104.82 115.66
2022-09-16   105.14 115.95   105.11 115.93   242.63 253.44   104.57 115.38   110.16 120.97   103.89 114.70
2022-09-17   104.22 115.00   104.19 114.98   241.70 252.49   103.65 114.43   109.23 120.02   102.97 113.75
2022-09-18   103.30 114.06   103.27 114.03   240.78 251.55   102.73 113.49   108.31 119.07   102.05 112.81
2022-09-19   102.38 113.12   102.36 113.09   239.87 250.61   101.81 112.55   107.40 118.13   101.13 111.87
2022-09-20   101.47 112.18   101.44 112.16   238.96 249.67   100.90 111.61   106.48 117.20   100.22 110.93
2022-09-21   100.56 111.25   100.53 111.22   238.05 248.74    99.99 110.68   105.58 116.26    99.31 110.00
2022-09-22    99.66 110.32    99.63 110.29   237.14 247.81    99.09 109.75   104.67 115.34    98.41 109.07
2022-09-23    98.76 109.40    98.73 109.37   236.24 246.88    98.19 108.83   103.77 114.41    97.50 108.14
2022-09-24    97.86 108.47    97.83 108.45   235.34 245.96    97.29 107.90   102.87 113.49    96.61 107.22
2022-09-25    96.96 107.56    96.94 107.53   234.45 245.04    96.39 106.99   101.98 112.57    95.71 106.31
2022-09-26    96.07 106.64    96.04 106.62   233.56 244.13    95.50 106.07   101.09 111.66    94.82 105.39
2022-09-27    95.18 105.73    95.16 105.71   232.67 243.22    94.61 105.16   100.20 110.75    93.93 104.48
2022-09-28    94.30 104.83    94.27 104.80   231.78 242.31    93.73 104.26    99.31 109.84    93.05 103.57
2022-09-29    93.41 103.92    93.39 103.90   230.90 241.41    92.84 103.35    98.43 108.94    92.16 102.67
2022-09-30    92.53 103.02    92.51 103.00   230.02 240.51    91.96 102.45    97.55 108.04    91.28 101.77
2022-10-01    91.65 102.12    91.63 102.10   229.14 239.61    91.08 101.55    96.67 107.14    90.40 100.87
2022-10-02    90.78 101.23    90.75 101.20   228.27 238.72    90.21 100.66    95.79 106.25    89.53  99.98
2022-10-03    89.91 100.34    89.88 100.31   227.39 237.83    89.34  99.77    94.92 105.35    88.66  99.09
2022-10-04    89.04  99.45    89.01  99.42   226.52 236.94    88.47  98.88    94.05 104.47    87.78  98.20
2022-10-05    88.17  98.56    88.14  98.54   225.65 236.05    87.60  97.99    93.18 103.58    86.92  97.31
2022-10-06    87.30  97.68    87.27  97.66   224.79 235.17    86.73  97.11    92.31 102.70    86.05  96.43
2022-10-07    86.43  96.80    86.41  96.77   223.92 234.29    85.86  96.23    91.45 101.82    85.18  95.55
2022-10-08    85.57  95.92    85.54  95.90   223.06 233.41    85.00  95.35    90.59 100.94    84.32  94.67
2022-10-09    84.71  95.05    84.68  95.02   222.20 232.53    84.14  94.48    89.72 100.06    83.46  93.80
2022-10-10    83.85  94.17    83.82  94.15   221.34 231.66    83.28  93.60    88.86  99.19    82.60  92.92
2022-10-11    82.99  93.30    82.96  93.27   220.48 230.79    82.42  92.73    88.01  98.32    81.74  92.05
2022-10-12    82.13  92.43    82.11  92.40   219.62 229.92    81.56  91.86    87.15  97.45    80.88  91.18
2022-10-13    81.28  91.56    81.25  91.54   218.76 229.05    80.71  90.99    86.29  96.58    80.02  90.31
2022-10-14    80.42  90.70    80.39  90.67   217.91 228.18    79.85  90.13    85.44  95.71    79.17  89.44
2022-10-15    79.57  89.83    79.54  89.80   217.05 227.32    79.00  89.26    84.58  94.85    78.31  88.58
2022-10-16    78.71  88.97    78.68  88.94   216.20 226.45    78.14  88.40    83.73  93.98    77.46  87.72
2022-10-17    77.86  88.10    77.83  88.08   215.34 225.59    77.29  87.53    82.87  93.12    76.61  86.85
2022-10-18    77.00  87.24    76.98  87.22   214.49 224.73    76.43  86.67    82.02  92.26    75.75  85.99
2022-10-19    76.15  86.38    76.12  86.36   213.64 223.87    75.58  85.81    81.17  91.40    74.90  85.13
2022-10-20    75.30  85.52    75.27  85.50   212.79 223.01    74.73  84.95    80.31  90.54    74.05  84.27
2022-10-21    74.44  84.66    74.42  84.64   211.93 222.15    73.87  84.09    79.46  89.68    73.19  83.41
2022-10-22    73.59  83.81    73.57  83.78   211.08 221.29    73.02  83.24    78.61  88.82    72.34  82.56
2022-10-23    72.74  82.95    72.71  82.92   210.23 220.44    72.17  82.38    77.75  87.96    71.49  81.70
2022-10-24    71.89  82.09    71.86  82.07   209.37 219.58    71.32  81.52    76.90  87.11    70.63  80.84
2022-10-25    71.03  81.23    71.00  81.21   208.52 218.72    70.46  80.66    76.05  86.25    69.78  79.98
2022-10-26    70.18  80.38    70.15  80.35   207.66 217.87    69.61  79.81    75.19  85.39    68.93  79.13
2022-10-27    69.32  79.52    69.29  79.49   206.81 217.01    68.75  78.95    74.34  84.54    68.07  78.27
2022-10-28    68.46  78.66    68.44  78.64   205.95 216.15    67.89  78.09    73.48  83.68    67.21  77.41
2022-10-29    67.61  77.81    67.58  77.78   205.09 215.29    67.04  77.24    72.62  82.82    66.36  76.56
2022-10-30    66.75  76.95    66.72  76.92   204.24 214.44    66.18  76.38    71.76  81.96    65.50  75.70
2022-10-31    65.89  76.09    65.86  76.07   203.38 213.58    65.32  75.52    70.90  81.11    64.64  74.84
2022-11-01    65.03  75.23    65.00  75.21   202.51 212.72    64.46  74.66    70.04  80.25    63.78  73.98
2022-11-02    64.16  74.37    64.14  74.35   201.65 211.86    63.59  73.80    69.18  79.39    62.91  73.12
2022-11-03    63.58  73.23    63.56  73.20   201.07 210.72    63.01  72.66    68.60  78.25    62.33  71.98
2022-11-04    63.03  72.05    63.00  72.03   200.52 209.54    62.46  71.48    68.04  77.07    61.78  70.80
2022-11-05    62.47  70.88    62.45  70.85   199.96 208.37    61.90  70.31    67.49  75.89    61.22  69.63
2022-11-06    61.92  69.70    61.89  69.67   199.41 207.19    61.35  69.13    66.93  74.71    60.67  68.45
2022-11-07    61.36  68.52    61.33  68.49   198.85 206.01    60.79  67.95    66.37  73.54    60.11  67.27

2023-04-15   258.41 265.32   258.38 265.30    35.90  42.81   257.84 264.75   263.43 270.34   257.16 264.07
2023-04-16   257.26 264.79   257.24 264.76    34.75  42.27   256.69 264.22   262.28 269.80   256.01 263.53
2023-04-17   256.12 264.25   256.09 264.22    33.60  41.74   255.55 263.68   261.13 269.26   254.87 263.00
2023-04-18   254.97 263.71   254.94 263.69    32.46  41.20   254.40 263.14   259.98 268.73   253.72 262.46
2023-04-19   253.82 263.18   253.80 263.15    31.31  40.67   253.25 262.61   258.84 268.20   252.57 261.93
2023-04-20   252.68 262.65   252.65 262.62    30.17  40.14   252.11 262.08   257.69 267.66   251.43 261.40
2023-04-21   251.72 261.93   251.70 261.90    29.21  39.42   251.15 261.36   256.74 266.95   250.47 260.68
2023-04-22   250.89 261.09   250.86 261.07    28.38  38.58   250.32 260.52   255.90 266.11   249.64 259.84
2023-04-23   250.05 260.26   250.03 260.23    27.54  37.74   249.48 259.69   255.07 265.27   248.80 259.00
2023-04-24   249.22 259.42   249.19 259.39    26.71  36.91   248.65 258.85   254.23 264.44   247.97 258.17
2023-04-25   248.39 258.59   248.36 258.56    25.87  36.07   247.82 258.02   253.40 263.60   247.13 257.33
2023-04-26   247.55 257.75   247.52 257.72    25.04  35.24   246.98 257.18   252.57 262.77   246.30 256.50
2023-04-27   246.72 256.92   246.69 256.89    24.20  34.40   246.15 256.35   251.73 261.93   245.47 255.67
2023-04-28   245.88 256.08   245.86 256.06    23.37  33.57   245.31 255.51   250.90 261.10   244.63 254.83
2023-04-29   245.05 255.25   245.02 255.23    22.53  32.74   244.48 254.68   250.06 260.27   243.80 254.00
2023-04-30   244.21 254.42   244.18 254.39    21.70  31.91   243.64 253.85   249.23 259.43   242.96 253.17
2023-05-01   243.38 253.59   243.35 253.56    20.86  31.07   242.81 253.02   248.39 258.60   242.12 252.34
2023-05-02   242.54 252.75   242.51 252.73    20.03  30.24   241.97 252.18   247.55 257.77   241.29 251.50
2023-05-03   241.70 251.92   241.67 251.89    19.19  29.41   241.13 251.35   246.72 256.94   240.45 250.67
2023-05-04   240.86 251.09   240.83 251.06    18.35  28.58   240.29 250.52   245.88 256.10   239.61 249.84
2023-05-05   240.02 250.25   239.99 250.23    17.51  27.74   239.45 249.68   245.04 255.27   238.77 249.00
2023-05-06   239.18 249.42   239.15 249.39    16.67  26.91   238.61 248.85   244.19 254.44   237.93 248.17
2023-05-07   238.34 248.59   238.31 248.56    15.82  26.07   237.77 248.02   243.35 253.60   237.08 247.33
2023-05-08   237.49 247.75   237.46 247.72    14.98  25.24   236.92 247.18   242.51 252.76   236.24 246.50
2023-05-09   236.64 246.91   236.62 246.89    14.13  24.40   236.07 246.34   241.66 251.93   235.39 245.66
2023-05-10   235.80 246.07   235.77 246.05    13.28  23.56   235.23 245.50   240.81 251.09   234.55 244.82
2023-05-11   234.95 245.24   234.92 245.21    12.43  22.72   234.38 244.67   239.96 250.25   233.70 243.98
2023-05-12   234.09 244.40   234.07 244.37    11.58  21.88   233.52 243.83   239.11 249.41   232.84 243.14
2023-05-13   233.24 243.55   233.21 243.53    10.73  21.04   232.67 242.98   238.25 248.57   231.99 242.30
2023-05-14   232.38 242.71   232.36 242.68     9.87  20.20   231.81 242.14   237.40 247.72   231.13 241.46
2023-05-15   231.52 241.86   231.50 241.84     9.01  19.35   230.95 241.29   236.54 246.88   230.27 240.61
2023-05-16   230.66 241.02   230.64 240.99     8.15  18.50   230.09 240.45   235.68 246.03   229.41 239.77
2023-05-17   229.80 240.17   229.77 240.14     7.28  17.65   229.23 239.60   234.81 245.18   228.55 238.92
2023-05-18   228.93 239.32   228.90 239.29     6.42  16.80   228.36 238.75   233.95 244.33   227.68 238.07
2023-05-19   228.06 238.46   228.03 238.44     5.55  15.95   227.49 237.89   233.08 243.48   226.81 237.21
2023-05-20   227.19 237.61   227.16 237.58     4.67  15.09   226.62 237.04   232.20 242.62   225.94 236.36
2023-05-21   226.31 236.75   226.28 236.72     3.80  14.24   225.74 236.18   231.33 241.76   225.06 235.50
2023-05-22   225.43 235.89   225.40 235.86     2.92  13.37   224.86 235.32   230.45 240.90   224.18 234.64
2023-05-23   224.55 235.02   224.52 235.00     2.04  12.51   223.98 234.45   229.56 240.04   223.30 233.77
2023-05-24   223.66 234.16   223.64 234.13     1.15  11.64   223.09 233.59   228.68 239.17   222.41 232.91
2023-05-25   222.77 233.29   222.75 233.26     0.26  10.77   222.20 232.72   227.79 238.30   221.52 232.04
2023-05-26   221.88 232.41   221.85 232.39   359.37   9.90   221.31 231.84   226.89 237.43   220.63 231.16
2023-05-27   220.98 231.54   220.96 231.51   358.47   9.02   220.41 230.97   226.00 236.55   219.73 230.29
2023-05-28   220.08 230.66   220.05 230.63   357.57   8.15   219.51 230.09   225.10 235.67   218.83 229.41
2023-05-29   219.18 229.78   219.15 229.75   356.66   7.26   218.61 229.21   224.19 234.79   217.92 228.52
2023-05-30   218.27 228.89   218.24 228.86   355.75   6.38   217.70 228.32   223.28 233.90   217.02 227.64
2023-05-31   217.35 228.00   217.33 227.97   354.84   5.49   216.78 227.43   222.37 233.01   216.10 226.75
2023-06-01   216.44 227.10   216.41 227.08   353.92   4.59   215.87 226.53   221.45 232.12   215.18 225.85
2023-06-02   215.51 226.21   215.49 226.18   353.00   3.69   214.94 225.64   220.53 231.22   214.26 224.96
2023-06-03   214.59 225.31   214.56 225.28   352.08   2.79   214.02 224.74   219.60 230.32   213.34 224.05
2023-06-04   213.66 224.40   213.63 224.37   351.14   1.89   213.09 223.83   218.67 229.42   212.41 223.15
2023-06-05   212.72 223.49   212.70 223.46   350.21   0.98   212.15 222.92   217.74 228.51   211.47 222.24
2023-06-06   211.78 222.58   211.76 222.55   349.27   0.06   211.21 222.01   216.80 227.59   210.53 221.33
2023-06-07   210.84 221.66   210.81 221.63   348.33 359.15   210.27 221.09   215.85 226.67   209.59 220.41
2023-06-08   209.89 220.74   209.86 220.71   347.38 358.22   209.32 220.17   214.90 225.75   208.64 219.48
2023-06-09   208.94 219.81   208.91 219.78   346.42 357.30   208.37 219.24   213.95 224.82   207.68 218.56
2023-06-10   207.98 218.88   207.95 218.85   345.46 356.36   207.41 218.31   212.99 223.89   206.73 217.63
2023-06-11   207.01 217.94   206.99 217.91   344.50 355.43   206.44 217.37   212.03 222.96   205.76 216.69
2023-06-12   206.04 217.00   206.02 216.97   343.53 354.49   205.47 216.43   211.06 222.01   204.79 215.75
2023-06-13   205.07 216.05   205.05 216.03   342.56 353.54   204.50 215.48   210.09 221.07   203.82 214.80
2023-06-14   204.09 215.10   204.07 215.08   341.58 352.59   203.52 214.53   209.11 220.12   202.84 213.85
2023-06-15   203.11 214.15   203.08 214.12   340.60 351.63   202.54 213.58   208.13 219.16   201.86 212.90
2023-06-16   202.12 213.19   202.10 213.16   339.61 350.67   201.55 212.62   207.14 218.20   200.87 211.94
2023-06-17   201.13 212.22   201.10 212.19   338.62 349.71   200.56 211.65   206.14 217.24   199.88 210.97
2023-06-18   200.13 211.25   200.10 211.22   337.62 348.74   199.56 210.68   205.15 216.27   198.88 210.00
2023-06-19   199.13 210.28   199.10 210.25   336.61 347.76   198.56 209.71   204.14 215.29   197.88 209.02
2023-06-20   198.12 209.30   198.09 209.27   335.61 346.78   197.55 208.73   203.13 214.31   196.87 208.04
2023-06-21   197.11 208.31   197.08 208.28   334.59 345.80   196.54 207.74   202.12 213.32   195.86 207.06
2023-06-22   196.09 207.32   196.06 207.29   333.58 344.81   195.52 206.75   201.10 212.33   194.84 206.07
2023-06-23   195.07 206.32   195.04 206.30   332.55 343.81   194.50 205.75   200.08 211.34   193.81 205.07
2023-06-24   194.04 205.32   194.01 205.30   331.52 342.81   193.47 204.75   199.05 210.34   192.79 204.07
2023-06-25   193.00 204.32   192.98 204.29   330.49 341.80   192.43 203.75   198.02 209.33   191.75 203.07
2023-06-26   191.97 203.31   191.94 203.28   329.46 340.79   191.40 202.74   196.98 208.32   190.72 202.06
2023-06-27   190.93 202.29   190.90 202.26   328.41 339.78   190.36 201.72   195.94 207.31   189.68 201.04
2023-06-28   189.88 201.27   189.85 201.24   327.37 338.76   189.31 200.70   194.89 206.29   188.63 200.02
2023-06-29   188.83 200.25   188.80 200.22   326.32 337.73   188.26 199.68   193.84 205.26   187.58 198.99
2023-06-30   187.77 199.21   187.75 199.19   325.26 336.70   187.20 198.64   192.79 204.23   186.52 197.96
2023-07-01   186.71 198.18   186.69 198.15   324.20 335.67   186.14 197.61   191.73 203.20   185.46 196.93
2023-07-02   185.65 197.14   185.62 197.11   323.14 334.63   185.08 196.57   190.66 202.16   184.40 195.89
2023-07-03   184.58 196.10   184.56 196.07   322.07 333.58   184.01 195.53   189.60 201.11   183.33 194.84
2023-07-04   183.51 195.05   183.48 195.02   321.00 332.53   182.94 194.48   188.53 200.06   182.26 193.80
2023-07-05   182.43 193.99   182.41 193.97   319.92 331.48   181.86 193.42   187.45 199.01   181.18 192.74
2023-07-06   181.35 192.94   181.33 192.91   318.84 330.42   180.78 192.37   186.37 197.95   180.10 191.69
2023-07-07   180.27 191.87   180.25 191.85   317.76 329.36   179.70 191.30   185.29 196.89   179.02 190.62
2023-07-08   179.19 190.81   179.16 190.78   316.67 328.30   178.62 190.24   184.20 195.82   177.94 189.56
2023-07-09   178.10 189.74   178.07 189.71   315.58 327.23   177.53 189.17   183.11 194.75   176.85 188.49
2023-07-10   177.00 188.66   176.98 188.64   314.49 326.15   176.43 188.09   182.02 193.68   175.75 187.41
2023-07-11   175.91 187.59   175.88 187.56   313.40 325.07   175.34 187.02   180.92 192.60   174.66 186.34
2023-07-12   174.81 186.51   174.78 186.48   312.30 323.99   174.24 185.94   179.83 191.52   173.56 185.25
2023-07-13   173.71 185.42   173.68 185.39   311.20 322.91   173.14 184.85   178.73 190.44   172.46 184.17
2023-07-14   172.61 184.33   172.58 184.31   310.10 321.82   172.04 183.76   177.62 189.35   171.36 183.08
2023-07-15   171.50 183.24   171.48 183.22   308.99 320.73   170.93 182.67   176.52 188.26   170.25 181.99
2023-07-16   170.40 182.15   170.37 182.12   307.88 319.64   169.83 181.58   175.41 187.16   169.15 180.90
2023-07-17   169.29 181.05   169.26 181.03   306.78 318.54   168.72 180.48   174.30 186.07   168.04 179.80
2023-07-18   168.18 179.95   168.15 179.93   305.67 317.44   167.61 179.38   173.19 184.97   166.93 178.70
2023-07-19   167.07 178.85   167.04 178.83   304.55 316.34   166.50 178.28   172.08 183.87   165.82 177.60
2023-07-20   165.95 177.75   165.93 177.72   303.44 315.24   165.38 177.18   170.97 182.76   164.70 176.50
2023-07-21   164.84 176.64   164.81 176.62   302.33 314.13   164.27 176.07   169.86 181.66   163.59 175.39
2023-07-22   163.73 175.54   163.70 175.51   301.21 313.02   163.16 174.97   168.74 180.55   162.48 174.29
2023-07-23   162.61 174.43   162.59 174.40   300.10 311.91   162.04 173.86   167.63 179.44   161.36 173.18
2023-07-24   161.50 173.32   161.47 173.29   298.99 310.80   160.93 172.75   166.51 178.33   160.25 172.07
2023-07-25   160.38 172.21   160.36 172.18   297.87 309.69   159.81 171.64   165.40 177.22   159.13 170.95
2023-07-26   159.27 171.09   159.24 171.07   296.76 308.58   158.70 170.52   164.28 176.11   158.02 169.84
2023-07-27   158.16 169.98   158.13 169.95   295.64 307.47   157.59 169.41   163.17 175.00   156.90 168.73
2023-07-28   157.04 168.87   157.02 168.84   294.53 306.35   156.47 168.30   162.06 173.88   155.79 167.62
2023-07-29   155.93 167.75   155.90 167.73   293.42 305.24   155.36 167.18   160.95 172.77   154.68 166.50
2023-07-30   154.82 166.64   154.79 166.61   292.31 304.13   154.25 166.07   159.83 171.65   153.57 165.39
2023-07-31   153.71 165.52   153.68 165.50   291.20 303.01   153.14 164.95   158.72 170.54   152.46 164.27
2023-08-01   152.60 164.41   152.57 164.38   290.09 301.90   152.03 163.84   157.61 169.43   151.35 163.16
2023-08-02   151.49 163.30   151.47 163.27   288.98 300.79   150.92 162.73   156.51 168.31   150.24 162.05
2023-08-03   150.39 162.19   150.36 162.16   287.87 299.67   149.82 161.62   155.40 167.20   149.14 160.94
2023-08-04   149.28 161.07   149.26 161.05   286.77 298.56   148.71 160.50   154.30 166.09   148.03 159.82
2023-08-05   148.18 159.96   148.16 159.94   285.67 297.45   147.61 159.39   153.20 164.98   146.93 158.71
2023-08-06   147.08 158.86   147.06 158.83   284.57 296.34   146.51 158.29   152.10 163.87   145.83 157.60
2023-08-07   145.99 157.75   145.96 157.72   283.48 295.24   145.42 157.18   151.00 162.76   144.74 156.50
2023-08-08   144.89 156.64   144.87 156.62   282.38 294.13   144.32 156.07   149.91 161.66   143.64 155.39
2023-08-09   143.80 155.54   143.78 155.51   281.29 293.03   143.23 154.97   148.82 160.55   142.55 154.29
2023-08-10   142.72 154.44   142.69 154.41   280.20 291.92   142.15 153.87   147.73 159.45   141.47 153.19
2023-08-11   141.63 153.34   141.61 153.31   279.12 290.83   141.06 152.77   146.65 158.35   140.38 152.09
2023-08-12   140.55 152.24   140.53 152.21   278.04 289.73   139.98 151.67   145.57 157.26   139.30 150.99
2023-08-13   139.48 151.15   139.45 151.12   276.96 288.63   138.91 150.58   144.49 156.16   138.22 149.90
2023-08-14   138.40 150.06   138.38 150.03   275.89 287.54   137.83 149.49   143.42 155.07   137.15 148.80
2023-08-15   137.33 148.97   137.31 148.94   274.82 286.45   136.76 148.40   142.35 153.98   136.08 147.72
2023-08-16   136.27 147.88   136.24 147.85   273.75 285.37   135.70 147.31   141.28 152.90   135.01 146.63
2023-08-17   135.20 146.80   135.18 146.77   272.69 284.29   134.63 146.23   140.22 151.81   133.95 145.55
2023-08-18   134.15 145.72   134.12 145.69   271.63 283.21   133.58 145.15   139.16 150.74   132.89 144.47
2023-08-19   133.09 144.64   133.07 144.62   270.58 282.13   132.52 144.07   138.11 149.66   131.84 143.39
2023-08-20   132.04 143.57   132.02 143.55   269.53 281.06   131.47 143.00   137.06 148.59   130.79 142.32
2023-08-21   131.00 142.51   130.97 142.48   268.48 279.99   130.43 141.94   136.01 147.52   129.75 141.25
2023-08-22   129.96 141.44   129.93 141.41   267.44 278.93   129.39 140.87   134.97 146.46   128.71 140.19
2023-08-23   128.92 140.38   128.89 140.35   266.41 277.87   128.35 139.81   133.94 145.40   127.67 139.13
2023-08-24   127.89 139.32   127.86 139.30   265.38 276.81   127.32 138.75   132.90 144.34   126.64 138.07
2023-08-25   126.86 138.27   126.83 138.25   264.35 275.76   126.29 137.70   131.88 143.29   125.61 137.02
2023-08-26   125.84 137.22   125.81 137.20   263.33 274.71   125.27 136.65   130.85 142.24   124.59 135.97
2023-08-27   124.82 136.18   124.79 136.15   262.31 273.67   124.25 135.61   129.84 141.20   123.57 134.93
2023-08-28   123.81 135.14   123.78 135.11   261.29 272.63   123.24 134.57   128.82 140.16   122.56 133.89
2023-08-29   122.80 134.11   122.77 134.08   260.29 271.59   122.23 133.54   127.81 139.12   121.55 132.86
2023-08-30   121.79 133.08   121.77 133.05   259.28 270.56   121.22 132.51   126.81 138.09   120.54 131.82
2023-08-31   120.80 132.05   120.77 132.02   258.28 269.54   120.23 131.48   125.81 137.06   119.54 130.80
2023-09-01   119.80 131.03   119.77 131.00   257.29 268.52   119.23 130.46   124.82 136.04   118.55 129.78
2023-09-02   118.81 130.01   118.78 129.98   256.30 267.50   118.24 129.44   123.83 135.03   117.56 128.76
2023-09-03   117.83 129.00   117.80 128.97   255.31 266.49   117.26 128.43   122.84 134.01   116.58 127.75
2023-09-04   116.85 127.99   116.82 127.96   254.33 265.48   116.28 127.42   121.86 133.01   115.59 126.74
2023-09-05   115.87 126.99   115.84 126.96   253.36 264.47   115.30 126.42   120.88 132.00   114.62 125.74
2023-09-06   114.90 125.99   114.87 125.96   252.39 263.48   114.33 125.42   119.91 131.00   113.65 124.74
2023-09-07   113.93 124.99   113.91 124.97   251.42 262.48   113.36 124.42   118.95 130.01   112.68 123.74
2023-09-08   112.97 124.00   112.94 123.98   250.46 261.49   112.40 123.43   117.98 129.02   111.72 122.75
2023-09-09   112.01 123.02   111.99 122.99   249.50 260.51   111.44 122.45   117.03 128.03   110.76 121.77
2023-09-10   111.06 122.04   111.03 122.01   248.55 259.53   110.49 121.47   116.07 127.05   109.81 120.79
2023-09-11   110.11 121.06   110.08 121.04   247.60 258.55   109.54 120.49   115.13 126.08   108.86 119.81
2023-09-12   109.17 120.09   109.14 120.07   246.65 257.58   108.60 119.52   114.18 125.11   107.91 118.84
2023-09-13   108.23 119.12   108.20 119.10   245.71 256.61   107.66 118.55   113.24 124.14   106.97 117.87
2023-09-14   107.29 118.16   107.26 118.14   244.78 255.65   106.72 117.59   112.30 123.18   106.04 116.91
2023-09-15   106.36 117.20   106.33 117.18   243.84 254.69   105.79 116.63   111.37 122.22   105.11 115.95
2023-09-16   105.43 116.25   105.40 116.22   242.92 253.74   104.86 115.68   110.44 121.26   104.18 115.00
2023-09-17   104.51 115.30   104.48 115.27   241.99 252.79   103.94 114.73   109.52 120.31   103.25 114.05
2023-09-18   103.59 114.35   103.56 114.33   241.07 251.84   103.02 113.78   108.60 119.37   102.33 113.10
2023-09-19   102.67 113.41   102.64 113.39   240.16 250.90   102.10 112.84   107.68 118.43   101.42 112.16
2023-09-20   101.76 112.47   101.73 112.45   239.24 249.96   101.19 111.90   106.77 117.49   100.51 111.22
2023-09-21   100.85 111.54   100.82 111.51   238.33 249.03   100.28 110.97   105.86 116.56    99.60 110.29
2023-09-22    99.94 110.61    99.92 110.59   237.43 248.10    99.37 110.04   104.96 115.63    98.69 109.36
2023-09-23    99.04 109.69    99.01 109.66   236.53 247.17    98.47 109.12   104.05 114.70    97.79 108.44
2023-09-24    98.14 108.76    98.11 108.74   235.63 246.25    97.57 108.19   103.16 113.78    96.89 107.51
2023-09-25    97.24 107.85    97.22 107.82   234.73 245.33    96.67 107.28   102.26 112.86    95.99 106.59
2023-09-26    96.35 106.93    96.33 106.90   233.84 244.42    95.78 106.36   101.37 111.95    95.10 105.68
2023-09-27    95.46 106.02    95.44 105.99   232.95 243.51    94.89 105.45   100.48 111.03    94.21 104.77
2023-09-28    94.58 105.11    94.55 105.09   232.06 242.60    94.01 104.54    99.59 110.13    93.32 103.86
2023-09-29    93.69 104.21    93.67 104.18   231.18 241.69    93.12 103.64    98.71 109.22    92.44 102.96
2023-09-30    92.81 103.31    92.78 103.28   230.30 240.79    92.24 102.74    97.83 108.32    91.56 102.05
2023-10-01    91.93 102.41    91.91 102.38   229.42 239.89    91.36 101.84    96.95 107.42    90.68 101.16
2023-10-02    91.06 101.51    91.03 101.49   228.54 239.00    90.49 100.94    96.07 106.53    89.80 100.26
2023-10-03    90.18 100.62    90.15 100.59   227.67 238.11    89.61 100.05    95.20 105.63    88.93  99.37
2023-10-04    89.31  99.73    89.28  99.70   226.80 237.22    88.74  99.16    94.32 104.74    88.06  98.48
2023-10-05    88.44  98.84    88.41  98.82   225.93 236.33    87.87  98.27    93.45 103.86    87.19  97.59
2023-10-06    87.57  97.96    87.54  97.93   225.06 235.45    87.00  97.39    92.59 102.97    86.32  96.71
2023-10-07    86.71  97.08    86.68  97.05   224.19 234.56    86.14  96.51    91.72 102.09    85.45  95.83
2023-10-08    85.84  96.20    85.81  96.17   223.33 233.68    85.27  95.63    90.86 101.21    84.59  94.95
2023-10-09    84.98  95.32    84.95  95.29   222.47 232.81    84.41  94.75    89.99 100.33    83.73  94.07
2023-10-10    84.12  94.44    84.09  94.42   221.60 231.93    83.55  93.87    89.13  99.46    82.87  93.19
2023-10-11    83.26  93.57    83.23  93.54   220.74 231.06    82.69  93.00    88.27  98.59    82.01  92.32
2023-10-12    82.40  92.70    82.37  92.67   219.88 230.19    81.83  92.13    87.41  97.71    81.15  91.45
2023-10-13    81.54  91.83    81.51  91.80   219.03 229.32    80.97  91.26    86.55  96.84    80.29  90.58
2023-10-14    80.68  90.96    80.66  90.93   218.17 228.45    80.11  90.39    85.70  95.98    79.43  89.71
2023-10-15    79.83  90.09    79.80  90.07   217.31 227.58    79.26  89.52    84.84  95.11    78.58  88.84
2023-10-16    78.97  89.23    78.94  89.20   216.46 226.72    78.40  88.66    83.99  94.24    77.72  87.98
2023-10-17    78.12  88.37    78.09  88.34   215.60 225.85    77.55  87.80    83.13  93.38    76.86  87.11
2023-10-18    77.26  87.50    77.23  87.48   214.75 224.99    76.69  86.93    82.28  92.52    76.01  86.25
2023-10-19    76.41  86.64    76.38  86.61   213.89 224.13    75.84  86.07    81.42  91.66    75.16  85.39
2023-10-20    75.55  85.78    75.53  85.75   213.04 223.27    74.98  85.21    80.57  90.80    74.30  84.53
2023-10-21    74.70  84.92    74.67  84.89   212.19 222.41    74.13  84.35    79.71  89.93    73.45  83.67
2023-10-22    73.84  84.06    73.82  84.03   211.33 221.55    73.27  83.49    78.86  89.08    72.59  82.81
2023-10-23    72.99  83.20    72.96  83.17   210.48 220.69    72.42  82.63    78.01  88.22    71.74  81.95
2023-10-24    72.14  82.34    72.11  82.32   209.62 219.83    71.57  81.77    77.15  87.36    70.88  81.09
2023-10-25    71.28  81.48    71.25  81.46   208.77 218.97    70.71  80.91    76.30  86.50    70.03  80.23
2023-10-26    70.42  80.63    70.40  80.60   207.91 218.11    69.85  80.06    75.44  85.64    69.17  79.38
2023-10-27    69.57  79.77    69.54  79.74   207.05 217.26    69.00  79.20    74.58  84.78    68.32  78.52
2023-10-28    68.71  78.91    68.68  78.88   206.20 216.40    68.14  78.34    73.72  83.92    67.46  77.66
2023-10-29    67.85  78.05    67.82  78.02   205.34 215.54    67.28  77.48    72.87  83.07    66.60  76.80
2023-10-30    66.99  77.19    66.96  77.17   204.48 214.68    66.42  76.62    72.01  82.21    65.74  75.94
2023-10-31    66.13  76.33    66.10  76.31   203.62 213.82    65.56  75.76    71.14  81.35    64.88  75.08
2023-11-01    65.27  75.47    65.24  75.45   202.75 212.96    64.70  74.90    70.28  80.49    64.02  74.22
2023-11-02    64.40  74.61    64.38  74.58   201.89 212.10    63.83  74.04    69.42  79.63    63.15  73.36
2023-11-03    63.72  73.56    63.70  73.54   201.21 211.05    63.15  72.99    68.74  78.58    62.47  72.31
2023-11-04    63.17  72.38    63.14  72.36   200.66 209.87    62.60  71.81    68.19  77.40    61.92  71.13
2023-11-05    62.62  71.21    62.59  71.18   200.10 208.69    62.05  70.64    67.63  76.22    61.36  69.96
2023-11-06    62.06  70.03    62.03  70.00   199.55 207.51    61.49  69.46    67.07  75.04    60.81  68.78
2023-11-07    61.50  68.85    61.47  68.82   198.99 206.33    60.93  68.28    66.51  73.86    60.25  67.59
