
       Target
                ecliptic
RA      Dec     latitude
299.222  44.694  63.134

Checked interval [2020-01-01, 2023-12-31]
|           Window [days]                 |    Normal V3 PA [deg]    |
   Start           End         Duration         Start         End         RA            Dec     
 2020-04-29      2020-11-24       209.00     253.94773      53.52459     299.22167      44.69390 
 2021-04-29      2021-11-24       209.00     254.20738      53.75431     299.22167      44.69390 
 2022-04-29      2022-11-24       209.00     254.46185      53.97476     299.22167      44.69390 
 2023-04-29      2023-11-24       209.03     254.71853      54.15621     299.22167      44.69390 


                V3PA          NIRCam           NIRSpec         NIRISS           MIRI          FGS
   Date      min    max      min    max       min    max     min    max      min    max      min    max

2020-04-30   250.20 257.52   250.17 257.50    27.69  35.01   249.63 256.95   255.21 262.54   248.95 256.27
2020-05-01   249.07 256.93   249.04 256.90    26.55  34.42   248.50 256.36   254.08 261.94   247.82 255.68
2020-05-02   247.93 256.34   247.91 256.31    25.42  33.83   247.36 255.77   252.95 261.35   246.68 255.09
2020-05-03   246.80 255.75   246.78 255.72    24.29  33.24   246.23 255.18   251.82 260.76   245.55 254.50
2020-05-04   245.67 255.16   245.64 255.13    23.16  32.65   245.10 254.59   250.69 260.18   244.42 253.91
2020-05-05   244.54 254.57   244.51 254.55    22.03  32.06   243.97 254.00   249.55 259.59   243.29 253.32
2020-05-06   243.60 253.80   243.57 253.78    21.08  31.29   243.03 253.23   248.61 258.82   242.34 252.55
2020-05-07   242.74 252.94   242.71 252.92    20.23  30.43   242.17 252.37   247.75 257.96   241.49 251.69
2020-05-08   241.88 252.09   241.86 252.06    19.37  29.57   241.31 251.52   246.90 257.10   240.63 250.84
2020-05-09   241.03 251.23   241.00 251.20    18.52  28.72   240.46 250.66   246.04 256.25   239.78 249.98
2020-05-10   240.17 250.37   240.15 250.35    17.66  27.86   239.60 249.80   245.19 255.39   238.92 249.12
2020-05-11   239.32 249.52   239.29 249.49    16.81  27.01   238.75 248.95   244.33 254.53   238.07 248.27
2020-05-12   238.46 248.66   238.44 248.64    15.95  26.15   237.89 248.09   243.48 253.68   237.21 247.41
2020-05-13   237.61 247.81   237.58 247.78    15.10  25.30   237.04 247.24   242.62 252.82   236.36 246.56
2020-05-14   236.75 246.96   236.73 246.93    14.24  24.44   236.18 246.39   241.77 251.97   235.50 245.70
2020-05-15   235.90 246.10   235.87 246.07    13.38  23.59   235.33 245.53   240.91 251.12   234.65 244.85
2020-05-16   235.04 245.25   235.01 245.22    12.53  22.73   234.47 244.68   240.06 250.26   233.79 244.00
2020-05-17   234.18 244.39   234.16 244.37    11.67  21.88   233.61 243.82   239.20 249.41   232.93 243.14
2020-05-18   233.33 243.54   233.30 243.51    10.81  21.03   232.76 242.97   238.34 248.55   232.07 242.29
2020-05-19   232.47 242.69   232.44 242.66     9.95  20.17   231.90 242.12   237.48 247.70   231.22 241.43
2020-05-20   231.61 241.83   231.58 241.80     9.09  19.32   231.04 241.26   236.62 246.85   230.36 240.58
2020-05-21   230.75 240.98   230.72 240.95     8.23  18.46   230.18 240.41   235.76 245.99   229.50 239.72
2020-05-22   229.88 240.12   229.86 240.09     7.37  17.61   229.31 239.55   234.90 245.13   228.63 238.87
2020-05-23   229.02 239.26   228.99 239.24     6.51  16.75   228.45 238.69   234.04 244.28   227.77 238.01
2020-05-24   228.16 238.41   228.13 238.38     5.64  15.89   227.59 237.84   233.17 243.42   226.91 237.15
2020-05-25   227.29 237.55   227.26 237.52     4.78  15.03   226.72 236.98   232.31 242.56   226.04 236.30
2020-05-26   226.42 236.69   226.40 236.66     3.91  14.18   225.85 236.12   231.44 241.70   225.17 235.44
2020-05-27   225.55 235.83   225.53 235.80     3.04  13.31   224.98 235.26   230.57 240.84   224.30 234.58
2020-05-28   224.68 234.97   224.66 234.94     2.17  12.45   224.11 234.40   229.70 239.98   223.43 233.71
2020-05-29   223.81 234.10   223.78 234.08     1.30  11.59   223.24 233.53   228.82 239.12   222.56 232.85
2020-05-30   222.93 233.24   222.91 233.21     0.42  10.73   222.36 232.67   227.95 238.25   221.68 231.99
2020-05-31   222.06 232.37   222.03 232.35   359.54   9.86   221.49 231.80   227.07 237.39   220.81 231.12
2020-06-01   221.18 231.50   221.15 231.48   358.66   8.99   220.61 230.93   226.19 236.52   219.93 230.25
2020-06-02   220.30 230.63   220.27 230.61   357.78   8.12   219.73 230.06   225.31 235.65   219.04 229.38
2020-06-03   219.41 229.76   219.39 229.74   356.90   7.25   218.84 229.19   224.43 234.78   218.16 228.51
2020-06-04   218.53 228.89   218.50 228.86   356.01   6.38   217.96 228.32   223.54 233.91   217.27 227.64
2020-06-05   217.64 228.01   217.61 227.99   355.12   5.50   217.07 227.44   222.65 233.03   216.39 226.76
2020-06-06   216.74 227.14   216.72 227.11   354.23   4.62   216.17 226.57   221.76 232.15   215.49 225.89
2020-06-07   215.85 226.26   215.82 226.23   353.34   3.75   215.28 225.69   220.87 231.27   214.60 225.01
2020-06-08   214.95 225.38   214.93 225.35   352.44   2.86   214.38 224.81   219.97 230.39   213.70 224.12
2020-06-09   214.05 224.49   214.03 224.46   351.54   1.98   213.48 223.92   219.07 229.51   212.80 223.24
2020-06-10   213.15 223.60   213.12 223.58   350.64   1.09   212.58 223.03   218.17 228.62   211.90 222.35
2020-06-11   212.24 222.71   212.22 222.69   349.73   0.20   211.67 222.14   217.26 227.73   210.99 221.46
2020-06-12   211.34 221.82   211.31 221.80   348.82 359.31   210.77 221.25   216.35 226.84   210.08 220.57
2020-06-13   210.42 220.93   210.40 220.90   347.91 358.41   209.85 220.36   215.44 225.94   209.17 219.68
2020-06-14   209.51 220.03   209.48 220.00   346.99 357.52   208.94 219.46   214.52 225.04   208.26 218.78
2020-06-15   208.59 219.13   208.56 219.10   346.08 356.61   208.02 218.56   213.60 224.14   207.34 217.88
2020-06-16   207.67 218.22   207.64 218.20   345.15 355.71   207.10 217.65   212.68 223.24   206.42 216.97
2020-06-17   206.74 217.32   206.71 217.29   344.23 354.80   206.17 216.75   211.76 222.33   205.49 216.06
2020-06-18   205.81 216.40   205.78 216.38   343.30 353.89   205.24 215.83   210.83 221.42   204.56 215.15
2020-06-19   204.88 215.49   204.85 215.46   342.37 352.98   204.31 214.92   209.89 220.51   203.63 214.24
2020-06-20   203.94 214.57   203.91 214.55   341.43 352.06   203.37 214.00   208.96 219.59   202.69 213.32
2020-06-21   203.00 213.65   202.97 213.63   340.49 351.14   202.43 213.08   208.02 218.67   201.75 212.40
2020-06-22   202.06 212.73   202.03 212.70   339.54 350.22   201.49 212.16   207.07 217.74   200.81 211.48
2020-06-23   201.11 211.80   201.08 211.77   338.60 349.29   200.54 211.23   206.12 216.82   199.86 210.55
2020-06-24   200.16 210.87   200.13 210.84   337.64 348.36   199.59 210.30   205.17 215.88   198.91 209.62
2020-06-25   199.20 209.93   199.17 209.91   336.69 347.42   198.63 209.36   204.22 214.95   197.95 208.68
2020-06-26   198.24 208.99   198.21 208.97   335.73 346.48   197.67 208.42   203.26 214.01   196.99 207.74
2020-06-27   197.28 208.05   197.25 208.03   334.77 345.54   196.71 207.48   202.29 213.07   196.03 206.80
2020-06-28   196.31 207.11   196.28 207.08   333.80 344.59   195.74 206.54   201.33 212.12   195.06 205.85
2020-06-29   195.34 206.16   195.31 206.13   332.83 343.64   194.77 205.59   200.35 211.17   194.09 204.90
2020-06-30   194.36 205.20   194.34 205.17   331.85 342.69   193.79 204.63   199.38 210.22   193.11 203.95
2020-07-01   193.38 204.24   193.36 204.22   330.87 341.73   192.81 203.67   198.40 209.26   192.13 202.99
2020-07-02   192.40 203.28   192.37 203.25   329.89 340.77   191.83 202.71   197.42 208.30   191.15 202.03
2020-07-03   191.41 202.31   191.39 202.29   328.90 339.80   190.84 201.74   196.43 207.33   190.16 201.06
2020-07-04   190.42 201.34   190.40 201.32   327.91 338.83   189.85 200.77   195.44 206.36   189.17 200.09
2020-07-05   189.43 200.37   189.40 200.34   326.91 337.86   188.86 199.80   194.44 205.38   188.18 199.12
2020-07-06   188.43 199.39   188.40 199.36   325.91 336.88   187.86 198.82   193.44 204.41   187.18 198.14
2020-07-07   187.42 198.41   187.40 198.38   324.91 335.90   186.85 197.84   192.44 203.42   186.17 197.16
2020-07-08   186.42 197.42   186.39 197.40   323.90 334.91   185.85 196.85   191.43 202.44   185.17 196.17
2020-07-09   185.41 196.43   185.38 196.41   322.89 333.92   184.84 195.86   190.42 201.45   184.15 195.18
2020-07-10   184.39 195.44   184.36 195.41   321.88 332.92   183.82 194.87   189.41 200.45   183.14 194.19
2020-07-11   183.37 194.44   183.35 194.41   320.86 331.93   182.80 193.87   188.39 199.45   182.12 193.19
2020-07-12   182.35 193.44   182.32 193.41   319.84 330.92   181.78 192.87   187.36 198.45   181.10 192.19
2020-07-13   181.32 192.43   181.30 192.40   318.81 329.92   180.75 191.86   186.34 197.44   180.07 191.18
2020-07-14   180.29 191.42   180.27 191.39   317.78 328.91   179.72 190.85   185.31 196.43   179.04 190.17
2020-07-15   179.26 190.41   179.23 190.38   316.75 327.89   178.69 189.84   184.28 195.42   178.01 189.15
2020-07-16   178.22 189.39   178.20 189.36   315.71 326.87   177.65 188.82   183.24 194.40   176.97 188.14
2020-07-17   177.18 188.37   177.16 188.34   314.67 325.85   176.61 187.80   182.20 193.38   175.93 187.11
2020-07-18   176.14 187.34   176.11 187.31   313.63 324.83   175.57 186.77   181.16 192.36   174.89 186.09
2020-07-19   175.09 186.31   175.07 186.28   312.58 323.80   174.52 185.74   180.11 191.33   173.84 185.06
2020-07-20   174.05 185.28   174.02 185.25   311.53 322.77   173.48 184.71   179.06 190.29   172.79 184.03
2020-07-21   172.99 184.24   172.97 184.22   310.48 321.73   172.42 183.67   178.01 189.26   171.74 182.99
2020-07-22   171.94 183.20   171.91 183.18   309.43 320.69   171.37 182.63   176.95 188.22   170.69 181.95
2020-07-23   170.88 182.16   170.85 182.13   308.37 319.65   170.31 181.59   175.90 187.18   169.63 180.91
2020-07-24   169.82 181.12   169.79 181.09   307.31 318.60   169.25 180.55   174.83 186.13   168.57 179.86
2020-07-25   168.76 180.07   168.73 180.04   306.24 317.55   168.19 179.50   173.77 185.08   167.51 178.82
2020-07-26   167.69 179.01   167.66 178.99   305.18 316.50   167.12 178.44   172.71 184.03   166.44 177.76
2020-07-27   166.62 177.96   166.60 177.93   304.11 315.45   166.05 177.39   171.64 182.98   165.37 176.71
2020-07-28   165.55 176.90   165.53 176.88   303.04 314.39   164.98 176.33   170.57 181.92   164.30 175.65
2020-07-29   164.48 175.84   164.46 175.82   301.97 313.33   163.91 175.27   169.50 180.86   163.23 174.59
2020-07-30   163.41 174.78   163.38 174.75   300.90 312.27   162.84 174.21   168.42 179.80   162.16 173.53
2020-07-31   162.33 173.72   162.31 173.69   299.82 311.20   161.76 173.15   167.35 178.73   161.08 172.46
2020-08-01   161.26 172.65   161.23 172.62   298.75 310.14   160.69 172.08   166.27 177.66   160.01 171.40
2020-08-02   160.18 171.58   160.15 171.55   297.67 309.07   159.61 171.01   165.20 176.59   158.93 170.33
2020-08-03   159.10 170.51   159.07 170.48   296.59 308.00   158.53 169.94   164.12 175.52   157.85 169.26
2020-08-04   158.02 169.44   157.99 169.41   295.51 306.92   157.45 168.87   163.04 174.45   156.77 168.18
2020-08-05   156.94 168.36   156.91 168.33   294.43 305.85   156.37 167.79   161.96 173.38   155.69 167.11
2020-08-06   155.86 167.28   155.83 167.26   293.35 304.77   155.29 166.71   160.87 172.30   154.61 166.03
2020-08-07   154.78 166.21   154.75 166.18   292.26 303.69   154.21 165.64   159.79 171.22   153.53 164.96
2020-08-08   153.69 165.13   153.67 165.10   291.18 302.62   153.12 164.56   158.71 170.14   152.44 163.88
2020-08-09   152.61 164.05   152.58 164.02   290.10 301.54   152.04 163.48   157.63 169.06   151.36 162.80
2020-08-10   151.53 162.97   151.50 162.94   289.02 300.45   150.96 162.40   156.54 167.98   150.28 161.72
2020-08-11   150.44 161.89   150.42 161.86   287.93 299.37   149.87 161.32   155.46 166.90   149.19 160.63
2020-08-12   149.36 160.80   149.34 160.78   286.85 298.29   148.79 160.23   154.38 165.82   148.11 159.55
2020-08-13   148.28 159.72   148.25 159.69   285.77 297.21   147.71 159.15   153.29 164.74   147.03 158.47
2020-08-14   147.20 158.64   147.17 158.61   284.69 296.13   146.63 158.07   152.21 163.65   145.95 157.39
2020-08-15   146.12 157.55   146.09 157.53   283.60 295.04   145.55 156.98   151.13 162.57   144.87 156.30
2020-08-16   145.04 156.47   145.01 156.44   282.52 293.96   144.47 155.90   150.05 161.49   143.79 155.22
2020-08-17   143.96 155.39   143.93 155.36   281.44 292.88   143.39 154.82   148.97 160.40   142.71 154.14
2020-08-18   142.88 154.31   142.85 154.28   280.37 291.79   142.31 153.74   147.89 159.32   141.63 153.05
2020-08-19   141.80 153.22   141.78 153.20   279.29 290.71   141.23 152.65   146.82 158.24   140.55 151.97
2020-08-20   140.73 152.14   140.70 152.12   278.21 289.63   140.16 151.57   145.74 157.16   139.48 150.89
2020-08-21   139.65 151.06   139.63 151.03   277.14 288.55   139.08 150.49   144.67 156.08   138.40 149.81
2020-08-22   138.58 149.98   138.55 149.95   276.07 287.47   138.01 149.41   143.60 155.00   137.33 148.73
2020-08-23   137.51 148.90   137.48 148.88   275.00 286.39   136.94 148.33   142.53 153.92   136.26 147.65
2020-08-24   136.44 147.82   136.41 147.80   273.93 285.31   135.87 147.25   141.46 152.84   135.19 146.57
2020-08-25   135.38 146.75   135.35 146.72   272.86 284.24   134.81 146.18   140.39 151.76   134.12 145.50
2020-08-26   134.31 145.67   134.28 145.65   271.80 283.16   133.74 145.10   139.33 150.69   133.06 144.42
2020-08-27   133.25 144.60   133.22 144.57   270.74 282.09   132.68 144.03   138.26 149.61   132.00 143.35
2020-08-28   132.19 143.53   132.16 143.50   269.68 281.02   131.62 142.96   137.20 148.54   130.94 142.28
2020-08-29   131.13 142.46   131.11 142.43   268.62 279.95   130.56 141.89   136.15 147.47   129.88 141.21
2020-08-30   130.08 141.39   130.05 141.36   267.57 278.88   129.51 140.82   135.09 146.41   128.83 140.14
2020-08-31   129.03 140.33   129.00 140.30   266.51 277.81   128.46 139.76   134.04 145.34   127.78 139.07
2020-09-01   127.98 139.26   127.95 139.24   265.47 276.75   127.41 138.69   132.99 144.28   126.73 138.01
2020-09-02   126.93 138.20   126.91 138.17   264.42 275.69   126.36 137.63   131.95 143.22   125.68 136.95
2020-09-03   125.89 137.14   125.86 137.12   263.38 274.63   125.32 136.57   130.90 142.16   124.64 135.89
2020-09-04   124.85 136.09   124.82 136.06   262.34 273.57   124.28 135.52   129.86 141.10   123.60 134.84
2020-09-05   123.81 135.03   123.79 135.01   261.30 272.52   123.24 134.46   128.83 140.05   122.56 133.78
2020-09-06   122.78 133.98   122.75 133.96   260.27 271.47   122.21 133.41   127.79 139.00   121.53 132.73
2020-09-07   121.75 132.93   121.72 132.91   259.24 270.42   121.18 132.36   126.76 137.95   120.50 131.68
2020-09-08   120.72 131.89   120.70 131.86   258.21 269.38   120.15 131.32   125.74 136.90   119.47 130.64
2020-09-09   119.70 130.85   119.67 130.82   257.19 268.33   119.13 130.28   124.71 135.86   118.45 129.60
2020-09-10   118.68 129.81   118.65 129.78   256.17 267.29   118.11 129.24   123.69 134.82   117.43 128.56
2020-09-11   117.66 128.77   117.63 128.75   255.15 266.26   117.09 128.20   122.68 133.79   116.41 127.52
2020-09-12   116.65 127.74   116.62 127.71   254.13 265.23   116.08 127.17   121.66 132.75   115.40 126.49
2020-09-13   115.64 126.71   115.61 126.68   253.13 264.20   115.07 126.14   120.65 131.72   114.39 125.46
2020-09-14   114.63 125.68   114.60 125.66   252.12 263.17   114.06 125.11   119.65 130.70   113.38 124.43
2020-09-15   113.63 124.66   113.60 124.63   251.12 262.15   113.06 124.09   118.64 129.67   112.38 123.41
2020-09-16   112.63 123.64   112.60 123.61   250.12 261.13   112.06 123.07   117.64 128.66   111.38 122.39
2020-09-17   111.63 122.62   111.61 122.60   249.12 260.11   111.06 122.05   116.65 127.64   110.38 121.37
2020-09-18   110.64 121.61   110.62 121.58   248.13 259.10   110.07 121.04   115.66 126.63   109.39 120.36
2020-09-19   109.65 120.60   109.63 120.57   247.14 258.09   109.08 120.03   114.67 125.62   108.40 119.35
2020-09-20   108.67 119.60   108.64 119.57   246.16 257.08   108.10 119.03   113.68 124.61   107.42 118.34
2020-09-21   107.69 118.59   107.66 118.57   245.17 256.08   107.12 118.02   112.70 123.61   106.44 117.34
2020-09-22   106.71 117.59   106.68 117.57   244.20 255.08   106.14 117.02   111.72 122.61   105.46 116.34
2020-09-23   105.73 116.60   105.71 116.57   243.22 254.09   105.16 116.03   110.75 121.61   104.48 115.35
2020-09-24   104.76 115.61   104.74 115.58   242.25 253.09   104.19 115.04   109.78 120.62   103.51 114.36
2020-09-25   103.80 114.62   103.77 114.59   241.28 252.10   103.23 114.05   108.81 119.63   102.54 113.37
2020-09-26   102.83 113.63   102.80 113.61   240.32 251.12   102.26 113.06   107.85 118.65   101.58 112.38
2020-09-27   101.87 112.65   101.84 112.62   239.36 250.14   101.30 112.08   106.89 117.67   100.62 111.40
2020-09-28   100.91 111.67   100.89 111.65   238.40 249.16   100.34 111.10   105.93 116.69    99.66 110.42
2020-09-29    99.96 110.70    99.93 110.67   237.45 248.18    99.39 110.13   104.97 115.71    98.71 109.45
2020-09-30    99.01 109.72    98.98 109.70   236.49 247.21    98.44 109.15   104.02 114.74    97.76 108.47
2020-10-01    98.06 108.76    98.03 108.73   235.55 246.24    97.49 108.19   103.07 113.77    96.81 107.51
2020-10-02    97.11 107.79    97.09 107.77   234.60 245.28    96.54 107.22   102.13 112.81    95.86 106.54
2020-10-03    96.17 106.83    96.15 106.80   233.66 244.32    95.60 106.26   101.19 111.85    94.92 105.58
2020-10-04    95.23 105.87    95.21 105.84   232.72 243.36    94.66 105.30   100.25 110.89    93.98 104.62
2020-10-05    94.30 104.92    94.27 104.89   231.79 242.40    93.73 104.35    99.31 109.93    93.05 103.67
2020-10-06    93.37 103.96    93.34 103.94   230.85 241.45    92.80 103.39    98.38 108.98    92.11 102.71
2020-10-07    92.44 103.01    92.41 102.99   229.92 240.50    91.87 102.44    97.45 108.03    91.18 101.76
2020-10-08    91.51 102.07    91.48 102.04   229.00 239.56    90.94 101.50    96.52 107.08    90.26 100.82
2020-10-09    90.58 101.13    90.56 101.10   228.07 238.61    90.01 100.56    95.60 106.14    89.33  99.87
2020-10-10    89.66 100.19    89.63 100.16   227.15 237.67    89.09  99.62    94.68 105.20    88.41  98.93
2020-10-11    88.74  99.25    88.71  99.22   226.23 236.73    88.17  98.68    93.76 104.26    87.49  98.00
2020-10-12    87.82  98.31    87.80  98.29   225.31 235.80    87.25  97.74    92.84 103.33    86.57  97.06
2020-10-13    86.91  97.38    86.88  97.35   224.40 234.87    86.34  96.81    91.92 102.40    85.66  96.13
2020-10-14    86.00  96.45    85.97  96.42   223.48 233.94    85.43  95.88    91.01 101.47    84.74  95.20
2020-10-15    85.08  95.52    85.06  95.50   222.57 233.01    84.51  94.95    90.10 100.54    83.83  94.27
2020-10-16    84.18  94.60    84.15  94.57   221.66 232.09    83.61  94.03    89.19  99.62    82.93  93.35
2020-10-17    83.27  93.68    83.24  93.65   220.76 231.17    82.70  93.11    88.28  98.69    82.02  92.43
2020-10-18    82.36  92.76    82.34  92.73   219.85 230.25    81.79  92.19    87.38  97.77    81.11  91.51
2020-10-19    81.46  91.84    81.43  91.81   218.95 229.33    80.89  91.27    86.48  96.86    80.21  90.59
2020-10-20    80.56  90.93    80.53  90.90   218.05 228.41    79.99  90.36    85.57  95.94    79.31  89.67
2020-10-21    79.66  90.01    79.63  89.99   217.15 227.50    79.09  89.44    84.67  95.03    78.41  88.76
2020-10-22    78.76  89.10    78.73  89.07   216.25 226.59    78.19  88.53    83.78  94.12    77.51  87.85
2020-10-23    77.86  88.19    77.84  88.16   215.35 225.68    77.29  87.62    82.88  93.21    76.61  86.94
2020-10-24    76.97  87.28    76.94  87.26   214.45 224.77    76.40  86.71    81.98  92.30    75.72  86.03
2020-10-25    76.07  86.38    76.05  86.35   213.56 223.86    75.50  85.81    81.09  91.39    74.82  85.13
2020-10-26    75.18  85.47    75.15  85.45   212.67 222.96    74.61  84.90    80.19  90.49    73.93  84.22
2020-10-27    74.29  84.57    74.26  84.54   211.77 222.06    73.72  84.00    79.30  89.58    73.04  83.32
2020-10-28    73.39  83.67    73.37  83.64   210.88 221.16    72.82  83.10    78.41  88.68    72.14  82.42
2020-10-29    72.50  82.77    72.48  82.74   209.99 220.25    71.93  82.20    77.52  87.78    71.25  81.52
2020-10-30    71.61  81.87    71.59  81.84   209.10 219.36    71.04  81.30    76.63  86.88    70.36  80.62
2020-10-31    70.72  80.97    70.70  80.94   208.21 218.46    70.15  80.40    75.74  85.99    69.47  79.72
2020-11-01    69.83  80.07    69.81  80.05   207.32 217.56    69.26  79.50    74.85  85.09    68.58  78.82
2020-11-02    68.94  79.18    68.92  79.15   206.43 216.66    68.37  78.61    73.96  84.19    67.69  77.93
2020-11-03    68.05  78.28    68.03  78.25   205.54 215.77    67.48  77.71    73.07  83.30    66.80  77.03
2020-11-04    67.16  77.39    67.14  77.36   204.65 214.87    66.59  76.82    72.18  82.40    65.91  76.14
2020-11-05    66.27  76.49    66.25  76.47   203.76 213.98    65.70  75.92    71.29  81.51    65.02  75.24
2020-11-06    65.39  75.60    65.36  75.57   202.87 213.09    64.82  75.03    70.40  80.61    64.13  74.35
2020-11-07    64.50  74.70    64.47  74.68   201.98 212.19    63.93  74.13    69.51  79.72    63.24  73.45
2020-11-08    63.61  73.81    63.58  73.78   201.09 211.30    63.04  73.24    68.62  78.83    62.35  72.56
2020-11-09    62.71  72.92    62.69  72.89   200.20 210.41    62.14  72.35    67.73  77.93    61.46  71.67
2020-11-10    61.82  72.03    61.80  72.00   199.31 209.51    61.25  71.46    66.84  77.04    60.57  70.77
2020-11-11    60.93  71.13    60.91  71.11   198.42 208.62    60.36  70.56    65.95  76.15    59.68  69.88
2020-11-12    60.04  70.24    60.01  70.21   197.53 207.73    59.47  69.67    65.05  75.25    58.79  68.99
2020-11-13    59.15  69.35    59.12  69.32   196.63 206.83    58.58  68.78    64.16  74.36    57.89  68.09
2020-11-14    58.25  68.45    58.22  68.42   195.74 205.94    57.68  67.88    63.27  73.47    57.00  67.20
2020-11-15    57.35  67.56    57.33  67.53   194.84 205.04    56.78  66.99    62.37  72.57    56.10  66.31
2020-11-16    56.46  66.66    56.43  66.64   193.95 204.15    55.89  66.09    61.47  71.68    55.21  65.41
2020-11-17    55.56  65.77    55.53  65.74   193.05 203.25    54.99  65.20    60.57  70.78    54.31  64.51
2020-11-18    54.66  64.87    54.63  64.84   192.15 202.36    54.09  64.30    59.67  69.88    53.41  63.62
2020-11-19    54.04  63.69    54.01  63.67   191.52 201.18    53.47  63.12    59.05  68.71    52.79  62.44
2020-11-20    53.42  62.51    53.39  62.48   190.90 200.00    52.85  61.94    58.43  67.52    52.17  61.26
2020-11-21    52.79  61.33    52.77  61.30   190.28 198.81    52.22  60.76    57.81  66.34    51.54  60.08
2020-11-22    52.17  60.14    52.14  60.12   189.66 197.63    51.60  59.57    57.19  65.16    50.92  58.89
2020-11-23    51.54  58.96    51.52  58.93   189.03 196.44    50.97  58.39    56.56  63.97    50.29  57.71
2020-11-24    50.92  57.77    50.89  57.74   188.40 195.26    50.35  57.20    55.93  62.79    49.67  56.52

2021-04-30   250.54 257.70   250.51 257.68    28.02  35.19   249.97 257.13   255.55 262.72   249.29 256.45
2021-05-01   249.40 257.11   249.38 257.08    26.89  34.60   248.83 256.54   254.42 262.13   248.15 255.86
2021-05-02   248.27 256.52   248.24 256.49    25.76  34.01   247.70 255.95   253.28 261.53   247.02 255.27
2021-05-03   247.14 255.93   247.11 255.90    24.62  33.42   246.57 255.36   252.15 260.94   245.88 254.68
2021-05-04   246.00 255.34   245.98 255.31    23.49  32.83   245.43 254.77   251.02 260.35   244.75 254.09
2021-05-05   244.87 254.75   244.84 254.73    22.36  32.24   244.30 254.18   249.89 259.77   243.62 253.50
2021-05-06   243.85 254.06   243.82 254.03    21.34  31.54   243.28 253.49   248.86 259.07   242.60 252.81
2021-05-07   242.99 253.20   242.97 253.17    20.48  30.68   242.42 252.63   248.01 258.21   241.74 251.95
2021-05-08   242.14 252.34   242.11 252.31    19.62  29.83   241.57 251.77   247.15 257.35   240.88 251.09
2021-05-09   241.28 251.48   241.25 251.45    18.77  28.97   240.71 250.91   246.29 256.50   240.03 250.23
2021-05-10   240.42 250.62   240.40 250.60    17.91  28.11   239.85 250.05   245.44 255.64   239.17 249.37
2021-05-11   239.57 249.77   239.54 249.74    17.06  27.26   239.00 249.20   244.58 254.78   238.32 248.52
2021-05-12   238.71 248.91   238.69 248.89    16.20  26.40   238.14 248.34   243.73 253.93   237.46 247.66
2021-05-13   237.86 248.06   237.83 248.03    15.34  25.54   237.29 247.49   242.87 253.07   236.60 246.81
2021-05-14   237.00 247.20   236.97 247.17    14.49  24.69   236.43 246.63   242.01 252.22   235.75 245.95
2021-05-15   236.14 246.35   236.12 246.32    13.63  23.83   235.57 245.78   241.16 251.36   234.89 245.10
2021-05-16   235.29 245.49   235.26 245.47    12.77  22.98   234.72 244.92   240.30 250.51   234.03 244.24
2021-05-17   234.43 244.64   234.40 244.61    11.91  22.12   233.86 244.07   239.44 249.65   233.18 243.39
2021-05-18   233.57 243.78   233.54 243.76    11.06  21.27   233.00 243.21   238.58 248.80   232.32 242.53
2021-05-19   232.71 242.93   232.68 242.90    10.20  20.41   232.14 242.36   237.72 247.94   231.46 241.68
2021-05-20   231.85 242.07   231.82 242.04     9.34  19.56   231.28 241.50   236.86 247.09   230.60 240.82
2021-05-21   230.99 241.21   230.96 241.19     8.47  18.70   230.42 240.64   236.00 246.23   229.74 239.96
2021-05-22   230.12 240.36   230.10 240.33     7.61  17.84   229.55 239.79   235.14 245.37   228.87 239.11
2021-05-23   229.26 239.50   229.23 239.47     6.75  16.99   228.69 238.93   234.27 244.52   228.01 238.25
2021-05-24   228.39 238.64   228.37 238.62     5.88  16.13   227.82 238.07   233.41 243.66   227.14 237.39
2021-05-25   227.53 237.78   227.50 237.76     5.01  15.27   226.96 237.21   232.54 242.80   226.28 236.53
2021-05-26   226.66 236.92   226.63 236.90     4.15  14.41   226.09 236.35   231.67 241.94   225.41 235.67
2021-05-27   225.79 236.06   225.76 236.03     3.28  13.55   225.22 235.49   230.80 241.08   224.54 234.81
2021-05-28   224.92 235.20   224.89 235.17     2.40  12.69   224.35 234.63   229.93 240.21   223.67 233.95
2021-05-29   224.04 234.33   224.02 234.31     1.53  11.82   223.47 233.76   229.06 239.35   222.79 233.08
2021-05-30   223.17 233.47   223.14 233.44     0.65  10.96   222.60 232.90   228.18 238.48   221.92 232.22
2021-05-31   222.29 232.60   222.26 232.58   359.78  10.09   221.72 232.03   227.30 237.62   221.04 231.35
2021-06-01   221.41 231.73   221.38 231.71   358.90   9.22   220.84 231.16   226.42 236.75   220.16 230.48
2021-06-02   220.53 230.86   220.50 230.84   358.01   8.35   219.96 230.29   225.54 235.88   219.28 229.61
2021-06-03   219.64 229.99   219.61 229.96   357.13   7.48   219.07 229.42   224.66 235.01   218.39 228.74
2021-06-04   218.75 229.12   218.73 229.09   356.24   6.60   218.18 228.55   223.77 234.13   217.50 227.87
2021-06-05   217.86 228.24   217.84 228.21   355.35   5.73   217.29 227.67   222.88 233.26   216.61 226.99
2021-06-06   216.97 227.36   216.95 227.34   354.46   4.85   216.40 226.79   221.99 232.38   215.72 226.11
2021-06-07   216.08 226.48   216.05 226.45   353.56   3.97   215.51 225.91   221.09 231.50   214.83 225.23
2021-06-08   215.18 225.60   215.15 225.57   352.67   3.09   214.61 225.03   220.19 230.61   213.93 224.35
2021-06-09   214.28 224.71   214.25 224.69   351.77   2.20   213.71 224.14   219.29 229.73   213.03 223.46
2021-06-10   213.37 223.82   213.35 223.80   350.86   1.31   212.80 223.25   218.39 228.84   212.12 222.57
2021-06-11   212.47 222.93   212.44 222.91   349.96   0.42   211.90 222.36   217.48 227.95   211.22 221.68
2021-06-12   211.56 222.04   211.53 222.01   349.05 359.53   210.99 221.47   216.57 227.06   210.31 220.79
2021-06-13   210.64 221.14   210.62 221.12   348.13 358.63   210.07 220.57   215.66 226.16   209.39 219.89
2021-06-14   209.73 220.25   209.70 220.22   347.22 357.73   209.16 219.68   214.74 225.26   208.48 218.99
2021-06-15   208.81 219.34   208.78 219.32   346.30 356.83   208.24 218.77   213.82 224.36   207.56 218.09
2021-06-16   207.89 218.44   207.86 218.41   345.37 355.93   207.32 217.87   212.90 223.45   206.63 217.19
2021-06-17   206.96 217.53   206.93 217.50   344.45 355.02   206.39 216.96   211.97 222.55   205.71 216.28
2021-06-18   206.03 216.62   206.00 216.59   343.52 354.11   205.46 216.05   211.04 221.63   204.78 215.37
2021-06-19   205.09 215.70   205.07 215.68   342.58 353.19   204.52 215.13   210.11 220.72   203.84 214.45
2021-06-20   204.16 214.79   204.13 214.76   341.64 352.27   203.59 214.22   209.17 219.80   202.91 213.54
2021-06-21   203.22 213.86   203.19 213.84   340.70 351.35   202.65 213.29   208.23 218.88   201.97 212.61
2021-06-22   202.27 212.94   202.24 212.91   339.76 350.43   201.70 212.37   207.29 217.95   201.02 211.69
2021-06-23   201.32 212.01   201.30 211.98   338.81 349.50   200.75 211.44   206.34 217.03   200.07 210.76
2021-06-24   200.37 211.08   200.34 211.05   337.86 348.57   199.80 210.51   205.39 216.09   199.12 209.83
2021-06-25   199.41 210.14   199.39 210.12   336.90 347.63   198.84 209.57   204.43 215.16   198.16 208.89
2021-06-26   198.45 209.20   198.43 209.18   335.94 346.69   197.88 208.63   203.47 214.22   197.20 207.95
2021-06-27   197.49 208.26   197.46 208.23   334.98 345.75   196.92 207.69   202.51 213.28   196.24 207.01
2021-06-28   196.52 207.31   196.50 207.29   334.01 344.80   195.95 206.74   201.54 212.33   195.27 206.06
2021-06-29   195.55 206.36   195.52 206.34   333.04 343.85   194.98 205.79   200.57 211.38   194.30 205.11
2021-06-30   194.57 205.41   194.55 205.38   332.06 342.90   194.00 204.84   199.59 210.42   193.32 204.16
2021-07-01   193.59 204.45   193.57 204.42   331.08 341.94   193.02 203.88   198.61 209.46   192.34 203.20
2021-07-02   192.61 203.49   192.58 203.46   330.10 340.97   192.04 202.92   197.63 208.50   191.36 202.24
2021-07-03   191.62 202.52   191.60 202.49   329.11 340.01   191.05 201.95   196.64 207.54   190.37 201.27
2021-07-04   190.63 201.55   190.60 201.52   328.12 339.04   190.06 200.98   195.65 206.56   189.38 200.30
2021-07-05   189.64 200.57   189.61 200.55   327.12 338.06   189.07 200.00   194.65 205.59   188.38 199.32
2021-07-06   188.64 199.60   188.61 199.57   326.12 337.08   188.07 199.03   193.65 204.61   187.39 198.35
2021-07-07   187.63 198.61   187.61 198.59   325.12 336.10   187.06 198.04   192.65 203.63   186.38 197.36
2021-07-08   186.63 197.63   186.60 197.60   324.11 335.11   186.06 197.06   191.64 202.64   185.37 196.38
2021-07-09   185.61 196.64   185.59 196.61   323.10 334.12   185.04 196.07   190.63 201.65   184.36 195.39
2021-07-10   184.60 195.64   184.57 195.62   322.09 333.13   184.03 195.07   189.62 200.66   183.35 194.39
2021-07-11   183.58 194.64   183.56 194.62   321.07 332.13   183.01 194.07   188.60 199.66   182.33 193.39
2021-07-12   182.56 193.64   182.53 193.62   320.05 331.13   181.99 193.07   187.57 198.66   181.31 192.39
2021-07-13   181.53 192.64   181.51 192.61   319.02 330.12   180.96 192.07   186.55 197.65   180.28 191.39
2021-07-14   180.51 191.63   180.48 191.60   317.99 329.11   179.94 191.06   185.52 196.64   179.25 190.38
2021-07-15   179.47 190.61   179.45 190.59   316.96 328.10   178.90 190.04   184.49 195.63   178.22 189.36
2021-07-16   178.44 189.60   178.41 189.57   315.92 327.08   177.87 189.03   183.45 194.61   177.19 188.35
2021-07-17   177.40 188.58   177.37 188.55   314.88 326.06   176.83 188.01   182.41 193.59   176.15 187.32
2021-07-18   176.36 187.55   176.33 187.52   313.84 325.04   175.79 186.98   181.37 192.57   175.10 186.30
2021-07-19   175.31 186.52   175.28 186.50   312.80 324.01   174.74 185.95   180.33 191.54   174.06 185.27
2021-07-20   174.26 185.49   174.23 185.46   311.75 322.98   173.69 184.92   179.28 190.51   173.01 184.24
2021-07-21   173.21 184.46   173.18 184.43   310.70 321.94   172.64 183.89   178.23 189.47   171.96 183.21
2021-07-22   172.16 183.42   172.13 183.39   309.64 320.91   171.59 182.85   177.17 188.43   170.91 182.17
2021-07-23   171.10 182.38   171.07 182.35   308.59 319.86   170.53 181.81   176.11 187.39   169.85 181.13
2021-07-24   170.04 181.33   170.01 181.31   307.53 318.82   169.47 180.76   175.06 186.35   168.79 180.08
2021-07-25   168.98 180.29   168.95 180.26   306.47 317.77   168.41 179.72   173.99 185.30   167.73 179.03
2021-07-26   167.92 179.24   167.89 179.21   305.40 316.72   167.35 178.67   172.93 184.25   166.66 177.98
2021-07-27   166.85 178.18   166.82 178.16   304.34 315.67   166.28 177.61   171.86 183.20   165.60 176.93
2021-07-28   165.78 177.13   165.75 177.10   303.27 314.61   165.21 176.56   170.80 182.14   164.53 175.88
2021-07-29   164.71 176.07   164.68 176.04   302.20 313.56   164.14 175.50   169.73 181.08   163.46 174.82
2021-07-30   163.64 175.01   163.61 174.98   301.13 312.49   163.07 174.44   168.65 180.02   162.39 173.76
2021-07-31   162.57 173.94   162.54 173.92   300.05 311.43   162.00 173.37   167.58 178.96   161.32 172.69
2021-08-01   161.49 172.88   161.46 172.85   298.98 310.37   160.92 172.31   166.51 177.89   160.24 171.63
2021-08-02   160.42 171.81   160.39 171.79   297.90 309.30   159.85 171.24   165.43 176.83   159.16 170.56
2021-08-03   159.34 170.74   159.31 170.72   296.83 308.23   158.77 170.17   164.35 175.76   158.09 169.49
2021-08-04   158.26 169.67   158.23 169.64   295.75 307.16   157.69 169.10   163.28 174.69   157.01 168.42
2021-08-05   157.18 168.60   157.15 168.57   294.67 306.09   156.61 168.03   162.20 173.61   155.93 167.35
2021-08-06   156.10 167.52   156.07 167.50   293.59 305.01   155.53 166.95   161.12 172.54   154.85 166.27
2021-08-07   155.02 166.45   154.99 166.42   292.51 303.94   154.45 165.88   160.04 171.46   153.77 165.20
2021-08-08   153.94 165.37   153.91 165.35   291.43 302.86   153.37 164.80   158.96 170.39   152.69 164.12
2021-08-09   152.86 164.29   152.83 164.27   290.35 301.78   152.29 163.72   157.87 169.31   151.61 163.04
2021-08-10   151.78 163.22   151.75 163.19   289.27 300.70   151.21 162.65   156.79 168.23   150.53 161.96
2021-08-11   150.70 162.14   150.67 162.11   288.18 299.62   150.13 161.57   155.71 167.15   149.45 160.88
2021-08-12   149.62 161.06   149.59 161.03   287.10 298.54   149.05 160.49   154.63 166.07   148.36 159.80
2021-08-13   148.54 159.97   148.51 159.95   286.02 297.46   147.97 159.40   153.55 164.99   147.28 158.72
2021-08-14   147.46 158.89   147.43 158.87   284.94 296.38   146.89 158.32   152.47 163.91   146.20 157.64
2021-08-15   146.38 157.81   146.35 157.79   283.86 295.30   145.81 157.24   151.39 162.83   145.13 156.56
2021-08-16   145.30 156.73   145.27 156.70   282.78 294.22   144.73 156.16   150.31 161.75   144.05 155.48
2021-08-17   144.22 155.65   144.19 155.62   281.71 293.14   143.65 155.08   149.23 160.67   142.97 154.40
2021-08-18   143.14 154.57   143.12 154.54   280.63 292.06   142.57 154.00   148.16 159.58   141.89 153.32
2021-08-19   142.07 153.49   142.04 153.46   279.56 290.98   141.50 152.92   147.08 158.50   140.82 152.24
2021-08-20   140.99 152.41   140.97 152.38   278.48 289.90   140.42 151.84   146.01 157.42   139.74 151.16
2021-08-21   139.92 151.33   139.90 151.30   277.41 288.82   139.35 150.76   144.94 156.35   138.67 150.08
2021-08-22   138.85 150.25   138.82 150.23   276.34 287.74   138.28 149.68   143.87 155.27   137.60 149.00
2021-08-23   137.78 149.17   137.76 149.15   275.27 286.66   137.21 148.60   142.80 154.19   136.53 147.92
2021-08-24   136.72 148.10   136.69 148.07   274.20 285.59   136.15 147.53   141.73 153.11   135.46 146.85
2021-08-25   135.65 147.02   135.62 147.00   273.14 284.51   135.08 146.45   140.67 152.04   134.40 145.77
2021-08-26   134.59 145.95   134.56 145.92   272.07 283.44   134.02 145.38   139.60 150.97   133.34 144.70
2021-08-27   133.53 144.88   133.50 144.85   271.01 282.37   132.96 144.31   138.54 149.89   132.28 143.63
2021-08-28   132.47 143.81   132.44 143.78   269.96 281.30   131.90 143.24   137.48 148.82   131.22 142.56
2021-08-29   131.41 142.74   131.39 142.71   268.90 280.23   130.84 142.17   136.43 147.76   130.16 141.49
2021-08-30   130.36 141.67   130.33 141.65   267.85 279.16   129.79 141.10   135.37 146.69   129.11 140.42
2021-08-31   129.31 140.61   129.28 140.58   266.80 278.10   128.74 140.04   134.32 145.62   128.06 139.36
2021-09-01   128.26 139.55   128.23 139.52   265.75 277.03   127.69 138.98   133.28 144.56   127.01 138.30
2021-09-02   127.22 138.49   127.19 138.46   264.70 275.97   126.65 137.92   132.23 143.50   125.97 137.24
2021-09-03   126.17 137.43   126.15 137.40   263.66 274.92   125.60 136.86   131.19 142.45   124.92 136.18
2021-09-04   125.14 136.38   125.11 136.35   262.62 273.86   124.57 135.81   130.15 141.39   123.88 135.12
2021-09-05   124.10 135.32   124.07 135.30   261.59 272.81   123.53 134.75   129.11 140.34   122.85 134.07
2021-09-06   123.07 134.27   123.04 134.25   260.55 271.76   122.50 133.70   128.08 139.29   121.82 133.02
2021-09-07   122.04 133.23   122.01 133.20   259.52 270.71   121.47 132.66   127.05 138.24   120.79 131.97
2021-09-08   121.01 132.18   120.98 132.16   258.50 269.67   120.44 131.61   126.03 137.20   119.76 130.93
2021-09-09   119.99 131.14   119.96 131.11   257.48 268.63   119.42 130.57   125.00 136.16   118.74 129.89
2021-09-10   118.97 130.10   118.94 130.08   256.46 267.59   118.40 129.53   123.98 135.12   117.72 128.85
2021-09-11   117.95 129.07   117.93 129.04   255.44 266.55   117.38 128.50   122.97 134.08   116.70 127.82
2021-09-12   116.94 128.03   116.91 128.01   254.43 265.52   116.37 127.46   121.95 133.05   115.69 126.78
2021-09-13   115.93 127.01   115.90 126.98   253.42 264.49   115.36 126.44   120.94 132.02   114.68 125.75
2021-09-14   114.92 125.98   114.90 125.95   252.41 263.47   114.35 125.41   119.94 130.99   113.67 124.73
2021-09-15   113.92 124.96   113.89 124.93   251.41 262.44   113.35 124.39   118.94 129.97   112.67 123.71
2021-09-16   112.92 123.94   112.90 123.91   250.41 261.42   112.35 123.37   117.94 128.95   111.67 122.69
2021-09-17   111.93 122.92   111.90 122.89   249.41 260.41   111.36 122.35   116.94 127.94   110.68 121.67
2021-09-18   110.93 121.91   110.91 121.88   248.42 259.40   110.36 121.34   115.95 126.92   109.68 120.66
2021-09-19   109.95 120.90   109.92 120.87   247.43 258.39   109.38 120.33   114.96 125.91   108.70 119.65
2021-09-20   108.96 119.89   108.93 119.87   246.45 257.38   108.39 119.32   113.98 124.91   107.71 118.64
2021-09-21   107.98 118.89   107.95 118.86   245.47 256.38   107.41 118.32   112.99 123.91   106.73 117.64
2021-09-22   107.00 117.89   106.97 117.87   244.49 255.38   106.43 117.32   112.02 122.91   105.75 116.64
2021-09-23   106.03 116.90   106.00 116.87   243.51 254.38   105.46 116.33   111.04 121.91   104.78 115.65
2021-09-24   105.06 115.90   105.03 115.88   242.54 253.39   104.49 115.33   110.07 120.92   103.80 114.65
2021-09-25   104.09 114.91   104.06 114.89   241.58 252.40   103.52 114.34   109.10 119.93   102.84 113.66
2021-09-26   103.12 113.93   103.10 113.90   240.61 251.42   102.55 113.36   108.14 118.94   101.87 112.68
2021-09-27   102.16 112.95   102.14 112.92   239.65 250.43   101.59 112.38   107.18 117.96   100.91 111.70
2021-09-28   101.20 111.97   101.18 111.94   238.69 249.46   100.63 111.40   106.22 116.98    99.95 110.72
2021-09-29   100.25 110.99   100.22 110.97   237.74 248.48    99.68 110.42   105.26 116.01    99.00 109.74
2021-09-30    99.30 110.02    99.27 109.99   236.79 247.51    98.73 109.45   104.31 115.04    98.05 108.77
2021-10-01    98.35 109.05    98.32 109.03   235.84 246.54    97.78 108.48   103.36 114.07    97.10 107.80
2021-10-02    97.40 108.09    97.38 108.06   234.89 245.57    96.83 107.52   102.42 113.10    96.15 106.84
2021-10-03    96.46 107.12    96.44 107.10   233.95 244.61    95.89 106.55   101.48 112.14    95.21 105.87
2021-10-04    95.52 106.16    95.50 106.14   233.01 243.65    94.95 105.59   100.54 111.18    94.27 104.91
2021-10-05    94.59 105.21    94.56 105.18   232.07 242.70    94.02 104.64    99.60 110.22    93.33 103.96
2021-10-06    93.65 104.26    93.63 104.23   231.14 241.74    93.08 103.69    98.67 109.27    92.40 103.00
2021-10-07    92.72 103.31    92.69 103.28   230.21 240.79    92.15 102.74    97.74 108.32    91.47 102.05
2021-10-08    91.79 102.36    91.77 102.33   229.28 239.85    91.22 101.79    96.81 107.37    90.54 101.11
2021-10-09    90.87 101.41    90.84 101.39   228.35 238.90    90.30 100.84    95.88 106.43    89.62 100.16
2021-10-10    89.94 100.47    89.92 100.45   227.43 237.96    89.37  99.90    94.96 105.49    88.69  99.22
2021-10-11    89.02  99.53    89.00  99.51   226.51 237.02    88.45  98.96    94.04 104.55    87.77  98.28
2021-10-12    88.10  98.60    88.08  98.57   225.59 236.09    87.53  98.03    93.12 103.61    86.85  97.35
2021-10-13    87.19  97.67    87.16  97.64   224.68 235.15    86.62  97.10    92.20 102.68    85.94  96.42
2021-10-14    86.27  96.74    86.25  96.71   223.76 234.22    85.70  96.17    91.29 101.75    85.02  95.48
2021-10-15    85.36  95.81    85.34  95.78   222.85 233.29    84.79  95.24    90.38 100.82    84.11  94.56
2021-10-16    84.45  94.88    84.43  94.86   221.94 232.37    83.88  94.31    89.47  99.90    83.20  93.63
2021-10-17    83.55  93.96    83.52  93.93   221.03 231.45    82.98  93.39    88.56  98.97    82.29  92.71
2021-10-18    82.64  93.04    82.61  93.01   220.13 230.53    82.07  92.47    87.65  98.05    81.39  91.79
2021-10-19    81.74  92.12    81.71  92.09   219.22 229.61    81.17  91.55    86.75  97.13    80.48  90.87
2021-10-20    80.83  91.20    80.81  91.18   218.32 228.69    80.26  90.63    85.85  96.22    79.58  89.95
2021-10-21    79.93  90.29    79.90  90.26   217.42 227.77    79.36  89.72    84.95  95.30    78.68  89.04
2021-10-22    79.03  89.37    79.00  89.35   216.52 226.86    78.46  88.80    84.05  94.39    77.78  88.12
2021-10-23    78.13  88.46    78.11  88.44   215.62 225.95    77.56  87.89    83.15  93.48    76.88  87.21
2021-10-24    77.24  87.55    77.21  87.53   214.72 225.04    76.67  86.98    82.25  92.57    75.98  86.30
2021-10-25    76.34  86.65    76.31  86.62   213.83 224.13    75.77  86.08    81.35  91.66    75.09  85.40
2021-10-26    75.44  85.74    75.42  85.71   212.93 223.23    74.87  85.17    80.46  90.76    74.19  84.49
2021-10-27    74.55  84.84    74.52  84.81   212.04 222.32    73.98  84.27    79.57  89.85    73.30  83.59
2021-10-28    73.66  83.93    73.63  83.91   211.14 221.42    73.09  83.36    78.67  88.95    72.41  82.68
2021-10-29    72.76  83.03    72.74  83.01   210.25 220.52    72.19  82.46    77.78  88.05    71.51  81.78
2021-10-30    71.87  82.13    71.85  82.11   209.36 219.62    71.30  81.56    76.89  87.15    70.62  80.88
2021-10-31    70.98  81.23    70.95  81.21   208.47 218.72    70.41  80.66    76.00  86.25    69.73  79.98
2021-11-01    70.09  80.33    70.06  80.31   207.58 217.82    69.52  79.76    75.11  85.35    68.84  79.08
2021-11-02    69.20  79.44    69.17  79.41   206.69 216.92    68.63  78.87    74.21  84.45    67.95  78.18
2021-11-03    68.31  78.54    68.28  78.51   205.80 216.03    67.74  77.97    73.32  83.55    67.06  77.29
2021-11-04    67.42  77.64    67.39  77.62   204.91 215.13    66.85  77.07    72.43  82.66    66.17  76.39
2021-11-05    66.53  76.75    66.50  76.72   204.02 214.23    65.96  76.18    71.54  81.76    65.28  75.50
2021-11-06    65.64  75.85    65.61  75.83   203.12 213.34    65.07  75.28    70.65  80.87    64.39  74.60
2021-11-07    64.75  74.96    64.72  74.93   202.23 212.44    64.18  74.39    69.76  79.97    63.50  73.71
2021-11-08    63.85  74.06    63.83  74.04   201.34 211.55    63.28  73.49    68.87  79.08    62.60  72.81
2021-11-09    62.96  73.17    62.94  73.14   200.45 210.66    62.39  72.60    67.98  78.18    61.71  71.92
2021-11-10    62.07  72.27    62.04  72.25   199.56 209.76    61.50  71.70    67.09  77.29    60.82  71.02
2021-11-11    61.18  71.38    61.15  71.35   198.67 208.87    60.61  70.81    66.19  76.39    59.93  70.13
2021-11-12    60.28  70.48    60.26  70.46   197.77 207.97    59.71  69.91    65.30  75.50    59.03  69.23
2021-11-13    59.39  69.59    59.36  69.56   196.88 207.08    58.82  69.02    64.40  74.60    58.14  68.34
2021-11-14    58.49  68.69    58.47  68.67   195.98 206.18    57.92  68.12    63.51  73.71    57.24  67.44
2021-11-15    57.60  67.80    57.57  67.77   195.08 205.29    57.03  67.23    62.61  72.81    56.35  66.55
2021-11-16    56.70  66.90    56.67  66.87   194.19 204.39    56.13  66.33    61.71  71.92    55.45  65.65
2021-11-17    55.80  66.00    55.77  65.98   193.29 203.49    55.23  65.43    60.81  71.02    54.55  64.75
2021-11-18    54.90  65.11    54.87  65.08   192.38 202.59    54.33  64.54    59.91  70.12    53.65  63.86
2021-11-19    54.19  64.01    54.16  63.99   191.68 201.50    53.62  63.44    59.20  69.03    52.94  62.76
2021-11-20    53.57  62.83    53.54  62.80   191.06 200.32    53.00  62.26    58.58  67.84    52.32  61.58
2021-11-21    52.95  61.64    52.92  61.62   190.43 199.13    52.38  61.07    57.96  66.66    51.69  60.39
2021-11-22    52.32  60.46    52.29  60.43   189.81 197.95    51.75  59.89    57.34  65.47    51.07  59.21
2021-11-23    51.69  59.27    51.67  59.25   189.18 196.76    51.12  58.70    56.71  64.29    50.44  58.02
2021-11-24    51.06  58.08    51.04  58.06   188.55 195.57    50.49  57.51    56.08  63.10    49.81  56.83

2022-04-30   250.87 257.88   250.84 257.86    28.35  35.37   250.30 257.31   255.88 262.90   249.61 256.63
2022-05-01   249.73 257.29   249.70 257.26    27.22  34.78   249.16 256.72   254.74 262.31   248.48 256.04
2022-05-02   248.59 256.70   248.57 256.67    26.08  34.18   248.02 256.13   253.61 261.71   247.34 255.45
2022-05-03   247.46 256.11   247.43 256.08    24.95  33.59   246.89 255.54   252.47 261.12   246.21 254.86
2022-05-04   246.32 255.52   246.30 255.49    23.81  33.00   245.75 254.95   251.34 260.53   245.07 254.27
2022-05-05   245.19 254.93   245.16 254.90    22.68  32.42   244.62 254.36   250.21 259.94   243.94 253.68
2022-05-06   244.09 254.30   244.07 254.28    21.58  31.79   243.52 253.73   249.11 259.32   242.84 253.05
2022-05-07   243.24 253.44   243.21 253.42    20.72  30.93   242.67 252.87   248.25 258.46   241.99 252.19
2022-05-08   242.38 252.58   242.35 252.56    19.87  30.07   241.81 252.01   247.39 257.60   241.13 251.33
2022-05-09   241.52 251.72   241.50 251.70    19.01  29.21   240.95 251.15   246.54 256.74   240.27 250.47
2022-05-10   240.67 250.87   240.64 250.84    18.15  28.35   240.10 250.30   245.68 255.88   239.41 249.62
2022-05-11   239.81 250.01   239.78 249.98    17.30  27.50   239.24 249.44   244.82 255.02   238.56 248.76
2022-05-12   238.95 249.15   238.92 249.12    16.44  26.64   238.38 248.58   243.97 254.17   237.70 247.90
2022-05-13   238.09 248.29   238.07 248.27    15.58  25.78   237.52 247.72   243.11 253.31   236.84 247.04
2022-05-14   237.24 247.44   237.21 247.41    14.72  24.93   236.67 246.87   242.25 252.45   235.99 246.19
2022-05-15   236.38 246.58   236.35 246.56    13.87  24.07   235.81 246.01   241.39 251.60   235.13 245.33
2022-05-16   235.52 245.73   235.49 245.70    13.01  23.21   234.95 245.16   240.53 250.74   234.27 244.47
2022-05-17   234.66 244.87   234.63 244.84    12.15  22.36   234.09 244.30   239.68 249.88   233.41 243.62
2022-05-18   233.80 244.01   233.77 243.99    11.29  21.50   233.23 243.44   238.82 249.03   232.55 242.76
2022-05-19   232.94 243.16   232.91 243.13    10.43  20.64   232.37 242.59   237.96 248.17   231.69 241.91
2022-05-20   232.08 242.30   232.05 242.27     9.57  19.79   231.51 241.73   237.09 247.31   230.83 241.05
2022-05-21   231.22 241.44   231.19 241.42     8.70  18.93   230.65 240.87   236.23 246.46   229.96 240.19
2022-05-22   230.35 240.58   230.32 240.56     7.84  18.07   229.78 240.01   235.37 245.60   229.10 239.33
2022-05-23   229.49 239.73   229.46 239.70     6.97  17.21   228.92 239.16   234.50 244.74   228.24 238.47
2022-05-24   228.62 238.87   228.59 238.84     6.11  16.35   228.05 238.30   233.63 243.88   227.37 237.61
2022-05-25   227.75 238.01   227.73 237.98     5.24  15.49   227.18 237.44   232.77 243.02   226.50 236.75
2022-05-26   226.88 237.14   226.86 237.12     4.37  14.63   226.31 236.57   231.90 242.16   225.63 235.89
2022-05-27   226.01 236.28   225.98 236.25     3.50  13.77   225.44 235.71   231.03 241.30   224.76 235.03
2022-05-28   225.14 235.42   225.11 235.39     2.62  12.90   224.57 234.85   230.15 240.43   223.89 234.17
2022-05-29   224.26 234.55   224.24 234.53     1.75  12.04   223.69 233.98   229.28 239.57   223.01 233.30
2022-05-30   223.39 233.69   223.36 233.66     0.87  11.17   222.82 233.12   228.40 238.70   222.13 232.43
2022-05-31   222.51 232.82   222.48 232.79   359.99  10.30   221.94 232.25   227.52 237.83   221.26 231.57
2022-06-01   221.63 231.95   221.60 231.92   359.11   9.44   221.06 231.38   226.64 236.96   220.37 230.70
2022-06-02   220.74 231.08   220.72 231.05   358.23   8.56   220.17 230.51   225.76 236.09   219.49 229.83
2022-06-03   219.86 230.20   219.83 230.18   357.34   7.69   219.29 229.63   224.87 235.22   218.61 228.95
2022-06-04   218.97 229.33   218.94 229.30   356.46   6.82   218.40 228.76   223.98 234.34   217.72 228.08
2022-06-05   218.08 228.45   218.05 228.42   355.56   5.94   217.51 227.88   223.09 233.47   216.83 227.20
2022-06-06   217.18 227.57   217.16 227.54   354.67   5.06   216.61 227.00   222.20 232.59   215.93 226.32
2022-06-07   216.29 226.69   216.26 226.66   353.78   4.18   215.72 226.12   221.30 231.70   215.04 225.44
2022-06-08   215.39 225.81   215.36 225.78   352.88   3.29   214.82 225.24   220.40 230.82   214.14 224.55
2022-06-09   214.49 224.92   214.46 224.89   351.97   2.41   213.92 224.35   219.50 229.93   213.24 223.67
2022-06-10   213.58 224.03   213.56 224.00   351.07   1.52   213.01 223.46   218.60 229.04   212.33 222.78
2022-06-11   212.67 223.14   212.65 223.11   350.16   0.63   212.10 222.57   217.69 228.15   211.42 221.89
2022-06-12   211.76 222.24   211.74 222.22   349.25 359.73   211.19 221.67   216.78 227.26   210.51 220.99
2022-06-13   210.85 221.35   210.82 221.32   348.34 358.83   210.28 220.78   215.86 226.36   209.60 220.10
2022-06-14   209.93 220.45   209.91 220.42   347.42 357.93   209.36 219.88   214.95 225.46   208.68 219.20
2022-06-15   209.01 219.54   208.98 219.52   346.50 357.03   208.44 218.97   214.03 224.56   207.76 218.29
2022-06-16   208.09 218.64   208.06 218.61   345.57 356.13   207.52 218.07   213.10 223.65   206.84 217.39
2022-06-17   207.16 217.73   207.13 217.70   344.65 355.22   206.59 217.16   212.18 222.74   205.91 216.48
2022-06-18   206.23 216.82   206.20 216.79   343.72 354.30   205.66 216.25   211.24 221.83   204.98 215.57
2022-06-19   205.29 215.90   205.27 215.87   342.78 353.39   204.72 215.33   210.31 220.92   204.04 214.65
2022-06-20   204.36 214.98   204.33 214.96   341.84 352.47   203.79 214.41   209.37 220.00   203.11 213.73
2022-06-21   203.41 214.06   203.39 214.03   340.90 351.55   202.84 213.49   208.43 219.07   202.16 212.81
2022-06-22   202.47 213.13   202.44 213.11   339.96 350.62   201.90 212.56   207.48 218.15   201.22 211.88
2022-06-23   201.52 212.20   201.49 212.18   339.01 349.69   200.95 211.63   206.53 217.22   200.27 210.95
2022-06-24   200.57 211.27   200.54 211.25   338.05 348.76   200.00 210.70   205.58 216.29   199.32 210.02
2022-06-25   199.61 210.34   199.58 210.31   337.10 347.82   199.04 209.77   204.63 215.35   198.36 209.09
2022-06-26   198.65 209.40   198.62 209.37   336.14 346.88   198.08 208.83   203.66 214.41   197.40 208.14
2022-06-27   197.68 208.45   197.66 208.43   335.17 345.94   197.11 207.88   202.70 213.47   196.43 207.20
2022-06-28   196.72 207.50   196.69 207.48   334.20 344.99   196.15 206.93   201.73 212.52   195.47 206.25
2022-06-29   195.74 206.55   195.72 206.53   333.23 344.04   195.17 205.98   200.76 211.57   194.49 205.30
2022-06-30   194.77 205.60   194.74 205.57   332.26 343.09   194.20 205.03   199.78 210.61   193.52 204.35
2022-07-01   193.79 204.64   193.76 204.61   331.28 342.13   193.22 204.07   198.80 209.65   192.54 203.39
2022-07-02   192.80 203.68   192.78 203.65   330.29 341.16   192.23 203.11   197.82 208.69   191.55 202.43
2022-07-03   191.82 202.71   191.79 202.68   329.30 340.20   191.25 202.14   196.83 207.73   190.57 201.46
2022-07-04   190.82 201.74   190.80 201.71   328.31 339.23   190.25 201.17   195.84 206.75   189.57 200.49
2022-07-05   189.83 200.77   189.80 200.74   327.32 338.25   189.26 200.20   194.84 205.78   188.58 199.51
2022-07-06   188.83 199.79   188.80 199.76   326.32 337.27   188.26 199.22   193.85 204.80   187.58 198.54
2022-07-07   187.83 198.80   187.80 198.78   325.31 336.29   187.26 198.23   192.84 203.82   186.58 197.55
2022-07-08   186.82 197.82   186.79 197.79   324.31 335.31   186.25 197.25   191.84 202.83   185.57 196.57
2022-07-09   185.81 196.83   185.78 196.80   323.30 334.32   185.24 196.26   190.83 201.84   184.56 195.58
2022-07-10   184.80 195.83   184.77 195.81   322.28 333.32   184.23 195.26   189.81 200.85   183.55 194.58
2022-07-11   183.78 194.84   183.75 194.81   321.27 332.32   183.21 194.27   188.79 199.85   182.53 193.59
2022-07-12   182.76 193.84   182.73 193.81   320.24 331.32   182.19 193.27   187.77 198.85   181.51 192.59
2022-07-13   181.73 192.83   181.71 192.80   319.22 330.32   181.16 192.26   186.75 197.85   180.48 191.58
2022-07-14   180.70 191.82   180.68 191.80   318.19 329.31   180.13 191.25   185.72 196.84   179.45 190.57
2022-07-15   179.67 190.81   179.65 190.78   317.16 328.30   179.10 190.24   184.69 195.82   178.42 189.56
2022-07-16   178.64 189.79   178.61 189.77   316.13 327.28   178.07 189.22   183.65 194.81   177.39 188.54
2022-07-17   177.60 188.77   177.57 188.75   315.09 326.26   177.03 188.20   182.62 193.79   176.35 187.52
2022-07-18   176.56 187.75   176.53 187.72   314.05 325.24   175.99 187.18   181.57 192.77   175.31 186.50
2022-07-19   175.52 186.72   175.49 186.70   313.00 324.21   174.95 186.15   180.53 191.74   174.26 185.47
2022-07-20   174.47 185.69   174.44 185.67   311.96 323.18   173.90 185.12   179.48 190.71   173.22 184.44
2022-07-21   173.42 184.66   173.39 184.63   310.91 322.15   172.85 184.09   178.43 189.68   172.17 183.41
2022-07-22   172.37 183.62   172.34 183.60   309.85 321.11   171.80 183.05   177.38 188.64   171.12 182.37
2022-07-23   171.31 182.59   171.29 182.56   308.80 320.07   170.74 182.02   176.33 187.60   170.06 181.33
2022-07-24   170.25 181.54   170.23 181.52   307.74 319.03   169.68 180.97   175.27 186.56   169.00 180.29
2022-07-25   169.19 180.50   169.17 180.47   306.68 317.98   168.62 179.93   174.21 185.51   167.94 179.25
2022-07-26   168.13 179.45   168.11 179.42   305.62 316.94   167.56 178.88   173.15 184.46   166.88 178.20
2022-07-27   167.07 178.40   167.04 178.37   304.56 315.89   166.50 177.83   172.08 183.41   165.82 177.15
2022-07-28   166.00 177.34   165.98 177.32   303.49 314.83   165.43 176.77   171.02 182.36   164.75 176.09
2022-07-29   164.93 176.29   164.91 176.26   302.42 313.78   164.36 175.72   169.95 181.30   163.68 175.04
2022-07-30   163.87 175.23   163.84 175.20   301.35 312.72   163.30 174.66   168.88 180.24   162.61 173.98
2022-07-31   162.79 174.17   162.77 174.14   300.28 311.66   162.22 173.60   167.81 179.18   161.54 172.92
2022-08-01   161.72 173.11   161.70 173.08   299.21 310.59   161.15 172.54   166.74 178.12   160.47 171.85
2022-08-02   160.65 172.04   160.62 172.01   298.14 309.53   160.08 171.47   165.66 177.06   159.40 170.79
2022-08-03   159.57 170.97   159.55 170.95   297.06 308.46   159.00 170.40   164.59 175.99   158.32 169.72
2022-08-04   158.50 169.90   158.47 169.88   295.98 307.39   157.93 169.33   163.51 174.92   157.25 168.65
2022-08-05   157.42 168.83   157.39 168.81   294.91 306.32   156.85 168.26   162.43 173.85   156.17 167.58
2022-08-06   156.34 167.76   156.32 167.74   293.83 305.25   155.77 167.19   161.36 172.78   155.09 166.51
2022-08-07   155.26 166.69   155.24 166.66   292.75 304.18   154.69 166.12   160.28 171.70   154.01 165.44
2022-08-08   154.19 165.61   154.16 165.59   291.67 303.10   153.62 165.04   159.20 170.63   152.93 164.36
2022-08-09   153.11 164.54   153.08 164.51   290.59 302.03   152.54 163.97   158.12 169.55   151.86 163.29
2022-08-10   152.03 163.46   152.00 163.44   289.51 300.95   151.46 162.89   157.04 168.48   150.78 162.21
2022-08-11   150.95 162.39   150.92 162.36   288.44 299.87   150.38 161.82   155.96 167.40   149.70 161.13
2022-08-12   149.87 161.31   149.84 161.28   287.36 298.79   149.30 160.74   154.89 166.32   148.62 160.06
2022-08-13   148.79 160.23   148.76 160.20   286.28 297.72   148.22 159.66   153.81 165.24   147.54 158.98
2022-08-14   147.71 159.15   147.69 159.12   285.20 296.64   147.14 158.58   152.73 164.17   146.46 157.90
2022-08-15   146.64 158.07   146.61 158.04   284.12 295.56   146.07 157.50   151.65 163.09   145.39 156.82
2022-08-16   145.56 156.99   145.53 156.97   283.05 294.48   144.99 156.42   150.57 162.01   144.31 155.74
2022-08-17   144.48 155.91   144.46 155.89   281.97 293.40   143.91 155.34   149.50 160.93   143.23 154.66
2022-08-18   143.41 154.83   143.38 154.81   280.90 292.32   142.84 154.26   148.42 159.85   142.16 153.58
2022-08-19   142.34 153.76   142.31 153.73   279.82 291.24   141.77 153.19   147.35 158.77   141.09 152.51
2022-08-20   141.26 152.68   141.24 152.65   278.75 290.17   140.69 152.11   146.28 157.69   140.01 151.43
2022-08-21   140.19 151.60   140.17 151.57   277.68 289.09   139.62 151.03   145.21 156.62   138.94 150.35
2022-08-22   139.12 150.53   139.10 150.50   276.61 288.01   138.55 149.96   144.14 155.54   137.87 149.27
2022-08-23   138.06 149.45   138.03 149.42   275.54 286.94   137.49 148.88   143.07 154.46   136.81 148.20
2022-08-24   136.99 148.38   136.97 148.35   274.48 285.86   136.42 147.81   142.01 153.39   135.74 147.12
2022-08-25   135.93 147.30   135.90 147.28   273.42 284.79   135.36 146.73   140.94 152.32   134.68 146.05
2022-08-26   134.87 146.23   134.84 146.20   272.35 283.72   134.30 145.66   139.88 151.25   133.62 144.98
2022-08-27   133.81 145.16   133.78 145.13   271.30 282.65   133.24 144.59   138.82 150.18   132.56 143.91
2022-08-28   132.75 144.09   132.72 144.07   270.24 281.58   132.18 143.52   137.77 149.11   131.50 142.84
2022-08-29   131.70 143.03   131.67 143.00   269.18 280.51   131.13 142.46   136.71 148.04   130.45 141.77
2022-08-30   130.64 141.96   130.62 141.93   268.13 279.45   130.07 141.39   135.66 146.98   129.39 140.71
2022-08-31   129.60 140.90   129.57 140.87   267.08 278.39   129.03 140.33   134.61 145.91   128.34 139.65
2022-09-01   128.55 139.84   128.52 139.81   266.04 277.32   127.98 139.27   133.56 144.85   127.30 138.59
2022-09-02   127.51 138.78   127.48 138.75   264.99 276.27   126.94 138.21   132.52 143.79   126.25 137.53
2022-09-03   126.46 137.72   126.44 137.70   263.95 275.21   125.89 137.15   131.48 142.74   125.21 136.47
2022-09-04   125.43 136.67   125.40 136.64   262.91 274.16   124.86 136.10   130.44 141.68   124.18 135.42
2022-09-05   124.39 135.62   124.36 135.59   261.88 273.10   123.82 135.05   129.41 140.63   123.14 134.37
2022-09-06   123.36 134.57   123.33 134.54   260.85 272.06   122.79 134.00   128.37 139.58   122.11 133.32
2022-09-07   122.33 133.52   122.30 133.50   259.82 271.01   121.76 132.95   127.35 138.54   121.08 132.27
2022-09-08   121.30 132.48   121.28 132.45   258.79 269.97   120.73 131.91   126.32 137.49   120.05 131.23
2022-09-09   120.28 131.44   120.26 131.41   257.77 268.93   119.71 130.87   125.30 136.45   119.03 130.19
2022-09-10   119.26 130.40   119.24 130.37   256.75 267.89   118.69 129.83   124.28 135.42   118.01 129.15
2022-09-11   118.25 129.37   118.22 129.34   255.73 266.85   117.68 128.80   123.26 134.38   117.00 128.12
2022-09-12   117.23 128.33   117.21 128.31   254.72 265.82   116.66 127.76   122.25 133.35   115.98 127.08
2022-09-13   116.23 127.31   116.20 127.28   253.71 264.79   115.66 126.74   121.24 132.32   114.98 126.05
2022-09-14   115.22 126.28   115.19 126.25   252.71 263.77   114.65 125.71   120.24 131.30   113.97 125.03
2022-09-15   114.22 125.26   114.19 125.23   251.71 262.75   113.65 124.69   119.23 130.27   112.97 124.01
2022-09-16   113.22 124.24   113.19 124.21   250.71 261.73   112.65 123.67   118.23 129.25   111.97 122.99
2022-09-17   112.22 123.22   112.20 123.20   249.71 260.71   111.65 122.65   117.24 128.24   110.97 121.97
2022-09-18   111.23 122.21   111.20 122.18   248.72 259.70   110.66 121.64   116.25 127.23   109.98 120.96
2022-09-19   110.24 121.20   110.22 121.17   247.73 258.69   109.67 120.63   115.26 126.22   108.99 119.95
2022-09-20   109.26 120.20   109.23 120.17   246.75 257.68   108.69 119.63   114.27 125.21   108.01 118.94
2022-09-21   108.28 119.19   108.25 119.17   245.76 256.68   107.71 118.62   113.29 124.21   107.03 117.94
2022-09-22   107.30 118.19   107.27 118.17   244.79 255.68   106.73 117.62   112.31 123.21   106.05 116.94
2022-09-23   106.32 117.20   106.30 117.17   243.81 254.68   105.75 116.63   111.34 122.21   105.07 115.95
2022-09-24   105.35 116.20   105.32 116.18   242.84 253.69   104.78 115.63   110.37 121.22   104.10 114.95
2022-09-25   104.38 115.22   104.36 115.19   241.87 252.70   103.81 114.65   109.40 120.23   103.13 113.96
2022-09-26   103.42 114.23   103.39 114.20   240.91 251.72   102.85 113.66   108.43 119.24   102.17 112.98
2022-09-27   102.46 113.25   102.43 113.22   239.94 250.73   101.89 112.68   107.47 118.26   101.21 112.00
2022-09-28   101.50 112.27   101.47 112.24   238.99 249.75   100.93 111.70   106.51 117.28   100.25 111.02
2022-09-29   100.54 111.29   100.52 111.26   238.03 248.78    99.97 110.72   105.56 116.31    99.29 110.04
2022-09-30    99.59 110.32    99.56 110.29   237.08 247.81    99.02 109.75   104.61 115.33    98.34 109.07
2022-10-01    98.64 109.35    98.61 109.32   236.13 246.84    98.07 108.78   103.66 114.36    97.39 108.10
2022-10-02    97.69 108.38    97.67 108.36   235.18 245.87    97.12 107.81   102.71 113.40    96.44 107.13
2022-10-03    96.75 107.42    96.73 107.39   234.24 244.91    96.18 106.85   101.77 112.43    95.50 106.17
2022-10-04    95.81 106.46    95.78 106.43   233.30 243.95    95.24 105.89   100.83 111.47    94.56 105.21
2022-10-05    94.87 105.50    94.85 105.48   232.36 242.99    94.30 104.93    99.89 110.52    93.62 104.25
2022-10-06    93.94 104.55    93.91 104.52   231.43 242.04    93.37 103.98    98.95 109.56    92.69 103.30
2022-10-07    93.01 103.60    92.98 103.57   230.49 241.08    92.44 103.03    98.02 108.61    91.76 102.35
2022-10-08    92.08 102.65    92.05 102.62   229.57 240.14    91.51 102.08    97.09 107.66    90.83 101.40
2022-10-09    91.15 101.70    91.12 101.68   228.64 239.19    90.58 101.13    96.17 106.72    89.90 100.45
2022-10-10    90.23 100.76    90.20 100.74   227.71 238.25    89.66 100.19    95.24 105.78    88.98  99.51
2022-10-11    89.31  99.82    89.28  99.80   226.79 237.31    88.74  99.25    94.32 104.84    88.05  98.57
2022-10-12    88.39  98.88    88.36  98.86   225.87 236.37    87.82  98.31    93.40 103.90    87.14  97.63
2022-10-13    87.47  97.95    87.44  97.92   224.96 235.44    86.90  97.38    92.48 102.97    86.22  96.70
2022-10-14    86.55  97.02    86.53  96.99   224.04 234.51    85.98  96.45    91.57 102.03    85.30  95.77
2022-10-15    85.64  96.09    85.61  96.06   223.13 233.58    85.07  95.52    90.66 101.10    84.39  94.84
2022-10-16    84.73  95.16    84.70  95.14   222.22 232.65    84.16  94.59    89.74 100.18    83.48  93.91
2022-10-17    83.82  94.24    83.79  94.21   221.31 231.73    83.25  93.67    88.84  99.25    82.57  92.99
2022-10-18    82.91  93.32    82.89  93.29   220.40 230.80    82.34  92.75    87.93  98.33    81.66  92.06
2022-10-19    82.01  92.40    81.98  92.37   219.49 229.88    81.44  91.83    87.02  97.41    80.76  91.14
2022-10-20    81.10  91.48    81.08  91.45   218.59 228.96    80.53  90.91    86.12  96.49    79.85  90.23
2022-10-21    80.20  90.56    80.17  90.53   217.69 228.05    79.63  89.99    85.22  95.58    78.95  89.31
2022-10-22    79.30  89.65    79.27  89.62   216.79 227.13    78.73  89.08    84.31  94.66    78.05  88.40
2022-10-23    78.40  88.73    78.37  88.71   215.89 226.22    77.83  88.16    83.41  93.75    77.15  87.48
2022-10-24    77.50  87.82    77.47  87.80   214.99 225.31    76.93  87.25    82.52  92.84    76.25  86.57
2022-10-25    76.60  86.91    76.58  86.89   214.09 224.40    76.03  86.34    81.62  91.93    75.35  85.66
2022-10-26    75.71  86.01    75.68  85.98   213.19 223.49    75.14  85.44    80.72  91.02    74.46  84.76
2022-10-27    74.81  85.10    74.78  85.07   212.30 222.59    74.24  84.53    79.83  90.12    73.56  83.85
2022-10-28    73.92  84.20    73.89  84.17   211.40 221.68    73.35  83.63    78.93  89.21    72.67  82.95
2022-10-29    73.02  83.29    73.00  83.27   210.51 220.78    72.45  82.72    78.04  88.31    71.77  82.04
2022-10-30    72.13  82.39    72.10  82.36   209.62 219.88    71.56  81.82    77.14  87.41    70.88  81.14
2022-10-31    71.24  81.49    71.21  81.46   208.72 218.98    70.67  80.92    76.25  86.50    69.99  80.24
2022-11-01    70.34  80.59    70.32  80.56   207.83 218.08    69.77  80.02    75.36  85.60    69.09  79.34
2022-11-02    69.45  79.69    69.43  79.66   206.94 217.18    68.88  79.12    74.47  84.70    68.20  78.44
2022-11-03    68.56  78.79    68.53  78.76   206.05 216.28    67.99  78.22    73.57  83.81    67.31  77.54
2022-11-04    67.67  77.89    67.64  77.87   205.15 215.38    67.10  77.32    72.68  82.91    66.42  76.64
2022-11-05    66.78  77.00    66.75  76.97   204.26 214.48    66.21  76.43    71.79  82.01    65.52  75.75
2022-11-06    65.88  76.10    65.86  76.07   203.37 213.59    65.31  75.53    70.90  81.11    64.63  74.85
2022-11-07    64.99  75.20    64.96  75.18   202.48 212.69    64.42  74.63    70.01  80.22    63.74  73.95
2022-11-08    64.10  74.31    64.07  74.28   201.59 211.79    63.53  73.74    69.11  79.32    62.85  73.06
2022-11-09    63.21  73.41    63.18  73.38   200.69 210.90    62.64  72.84    68.22  78.43    61.95  72.16
2022-11-10    62.31  72.51    62.28  72.49   199.80 210.00    61.74  71.94    67.33  77.53    61.06  71.26
2022-11-11    61.42  71.62    61.39  71.59   198.90 209.11    60.85  71.05    66.43  76.63    60.17  70.37
2022-11-12    60.52  70.72    60.49  70.70   198.01 208.21    59.95  70.15    65.54  75.74    59.27  69.47
2022-11-13    59.63  69.83    59.60  69.80   197.11 207.31    59.06  69.26    64.64  74.84    58.37  68.57
2022-11-14    58.73  68.93    58.70  68.90   196.22 206.42    58.16  68.36    63.74  73.94    57.48  67.68
2022-11-15    57.83  68.03    57.80  68.00   195.32 205.52    57.26  67.46    62.84  73.05    56.58  66.78
2022-11-16    56.93  67.13    56.90  67.11   194.42 204.62    56.36  66.56    61.95  72.15    55.68  65.88
2022-11-17    56.03  66.23    56.00  66.21   193.52 203.72    55.46  65.66    61.04  71.25    54.78  64.98
2022-11-18    55.13  65.33    55.10  65.31   192.61 202.82    54.56  64.76    60.14  70.35    53.88  64.08
2022-11-19    54.33  64.32    54.31  64.30   191.82 201.81    53.76  63.75    59.35  69.34    53.08  63.07
2022-11-20    53.71  63.14    53.69  63.11   191.20 200.63    53.14  62.57    58.73  68.15    52.46  61.89
2022-11-21    53.09  61.95    53.06  61.93   190.58 199.44    52.52  61.38    58.10  66.97    51.84  60.70
2022-11-22    52.46  60.76    52.44  60.74   189.95 198.25    51.89  60.19    57.48  65.78    51.21  59.51
2022-11-23    51.83  59.58    51.81  59.55   189.32 197.06    51.26  59.01    56.85  64.59    50.58  58.33
2022-11-24    51.20  58.39    51.18  58.36   188.69 195.87    50.63  57.82    56.22  63.40    49.95  57.14

2023-04-30   251.20 258.07   251.17 258.04    28.68  35.56   250.63 257.50   256.21 263.08   249.94 256.82
2023-05-01   250.06 257.47   250.03 257.45    27.54  34.96   249.49 256.90   255.07 262.49   248.81 256.22
2023-05-02   248.92 256.88   248.89 256.85    26.41  34.37   248.35 256.31   253.93 261.89   247.67 255.63
2023-05-03   247.78 256.29   247.76 256.26    25.27  33.77   247.21 255.72   252.80 261.30   246.53 255.04
2023-05-04   246.65 255.70   246.62 255.67    24.13  33.18   246.08 255.13   251.66 260.71   245.40 254.45
2023-05-05   245.51 255.11   245.48 255.08    23.00  32.60   244.94 254.54   250.52 260.12   244.26 253.86
2023-05-06   244.37 254.52   244.35 254.49    21.86  32.01   243.80 253.95   249.39 259.54   243.12 253.27
2023-05-07   243.48 253.69   243.46 253.66    20.97  31.18   242.91 253.12   248.50 258.71   242.23 252.44
2023-05-08   242.62 252.83   242.60 252.80    20.11  30.32   242.05 252.26   247.64 257.84   241.37 251.58
2023-05-09   241.77 251.97   241.74 251.94    19.25  29.46   241.20 251.40   246.78 256.98   240.52 250.72
2023-05-10   240.91 251.11   240.88 251.08    18.40  28.60   240.34 250.54   245.92 256.12   239.66 249.86
2023-05-11   240.05 250.25   240.02 250.22    17.54  27.74   239.48 249.68   245.06 255.26   238.80 249.00
2023-05-12   239.19 249.39   239.16 249.36    16.68  26.88   238.62 248.82   244.21 254.41   237.94 248.14
2023-05-13   238.33 248.53   238.31 248.51    15.82  26.02   237.76 247.96   243.35 253.55   237.08 247.28
2023-05-14   237.47 247.67   237.45 247.65    14.96  25.16   236.90 247.10   242.49 252.69   236.22 246.42
2023-05-15   236.61 246.82   236.59 246.79    14.10  24.30   236.04 246.25   241.63 251.83   235.36 245.57
2023-05-16   235.75 245.96   235.73 245.93    13.24  23.45   235.18 245.39   240.77 250.97   234.50 244.71
2023-05-17   234.89 245.10   234.87 245.08    12.38  22.59   234.32 244.53   239.91 250.12   233.64 243.85
2023-05-18   234.03 244.24   234.01 244.22    11.52  21.73   233.46 243.67   239.05 249.26   232.78 242.99
2023-05-19   233.17 243.39   233.14 243.36    10.66  20.87   232.60 242.82   238.19 248.40   231.92 242.14
2023-05-20   232.31 242.53   232.28 242.50     9.79  20.02   231.74 241.96   237.32 247.54   231.06 241.28
2023-05-21   231.44 241.67   231.42 241.64     8.93  19.16   230.87 241.10   236.46 246.68   230.19 240.42
2023-05-22   230.58 240.81   230.55 240.78     8.07  18.30   230.01 240.24   235.59 245.82   229.33 239.56
2023-05-23   229.71 239.95   229.69 239.92     7.20  17.44   229.14 239.38   234.73 244.96   228.46 238.70
2023-05-24   228.84 239.09   228.82 239.06     6.33  16.58   228.27 238.52   233.86 244.10   227.59 237.84
2023-05-25   227.97 238.23   227.95 238.20     5.46  15.71   227.40 237.66   232.99 243.24   226.72 236.98
2023-05-26   227.10 237.36   227.08 237.34     4.59  14.85   226.53 236.79   232.12 242.38   225.85 236.11
2023-05-27   226.23 236.50   226.21 236.47     3.72  13.99   225.66 235.93   231.25 241.52   224.98 235.25
2023-05-28   225.36 235.64   225.33 235.61     2.84  13.12   224.79 235.07   230.37 240.65   224.11 234.38
2023-05-29   224.48 234.77   224.45 234.74     1.97  12.26   223.91 234.20   229.50 239.78   223.23 233.52
2023-05-30   223.60 233.90   223.58 233.87     1.09  11.39   223.03 233.33   228.62 238.92   222.35 232.65
2023-05-31   222.72 233.03   222.70 233.01     0.21  10.52   222.15 232.46   227.74 238.05   221.47 231.78
2023-06-01   221.84 232.16   221.81 232.13   359.33   9.65   221.27 231.59   226.86 237.18   220.59 230.91
2023-06-02   220.96 231.29   220.93 231.26   358.44   8.78   220.39 230.72   225.97 236.30   219.71 230.04
2023-06-03   220.07 230.41   220.04 230.39   357.56   7.90   219.50 229.84   225.08 235.43   218.82 229.16
2023-06-04   219.18 229.54   219.15 229.51   356.67   7.02   218.61 228.97   224.19 234.55   217.93 228.29
2023-06-05   218.29 228.66   218.26 228.63   355.78   6.15   217.72 228.09   223.30 233.67   217.04 227.41
2023-06-06   217.39 227.78   217.37 227.75   354.88   5.27   216.82 227.21   222.41 232.79   216.14 226.53
2023-06-07   216.50 226.89   216.47 226.87   353.98   4.38   215.93 226.32   221.51 231.91   215.25 225.64
2023-06-08   215.60 226.01   215.57 225.98   353.08   3.50   215.03 225.44   220.61 231.02   214.35 224.76
2023-06-09   214.69 225.12   214.67 225.10   352.18   2.61   214.12 224.55   219.71 230.14   213.44 223.87
2023-06-10   213.79 224.23   213.76 224.21   351.28   1.72   213.22 223.66   218.80 229.25   212.54 222.98
2023-06-11   212.88 223.34   212.85 223.31   350.37   0.83   212.31 222.77   217.89 228.35   211.63 222.09
2023-06-12   211.97 222.44   211.94 222.42   349.45 359.93   211.40 221.87   216.98 227.46   210.72 221.19
2023-06-13   211.05 221.55   211.03 221.52   348.54 359.03   210.48 220.98   216.07 226.56   209.80 220.30
2023-06-14   210.13 220.65   210.11 220.62   347.62 358.13   209.56 220.08   215.15 225.66   208.88 219.39
2023-06-15   209.21 219.74   209.19 219.71   346.70 357.23   208.64 219.17   214.23 224.76   207.96 218.49
2023-06-16   208.29 218.83   208.26 218.81   345.77 356.32   207.72 218.26   213.30 223.85   207.04 217.58
2023-06-17   207.36 217.92   207.33 217.90   344.85 355.41   206.79 217.35   212.37 222.94   206.11 216.67
2023-06-18   206.43 217.01   206.40 216.99   343.91 354.50   205.86 216.44   211.44 222.03   205.18 215.76
2023-06-19   205.49 216.10   205.47 216.07   342.98 353.58   204.92 215.53   210.51 221.11   204.24 214.84
2023-06-20   204.55 215.18   204.53 215.15   342.04 352.66   203.98 214.61   209.57 220.19   203.30 213.93
2023-06-21   203.61 214.25   203.58 214.23   341.10 351.74   203.04 213.68   208.63 219.27   202.36 213.00
2023-06-22   202.67 213.33   202.64 213.30   340.15 350.81   202.10 212.76   207.68 218.34   201.41 212.08
2023-06-23   201.72 212.40   201.69 212.37   339.20 349.88   201.15 211.83   206.73 217.41   200.46 211.15
2023-06-24   200.76 211.46   200.74 211.44   338.25 348.95   200.19 210.89   205.78 216.48   199.51 210.21
2023-06-25   199.80 210.53   199.78 210.50   337.29 348.01   199.23 209.96   204.82 215.54   198.55 209.28
2023-06-26   198.84 209.59   198.82 209.56   336.33 347.07   198.27 209.02   203.86 214.60   197.59 208.34
2023-06-27   197.88 208.64   197.85 208.62   335.37 346.13   197.31 208.07   202.89 213.66   196.63 207.39
2023-06-28   196.91 207.70   196.88 207.67   334.40 345.18   196.34 207.13   201.93 212.71   195.66 206.44
2023-06-29   195.94 206.74   195.91 206.72   333.43 344.23   195.37 206.17   200.95 211.76   194.69 205.49
2023-06-30   194.96 205.79   194.94 205.76   332.45 343.28   194.39 205.22   199.98 210.80   193.71 204.54
2023-07-01   193.98 204.83   193.96 204.80   331.47 342.32   193.41 204.26   199.00 209.85   192.73 203.58
2023-07-02   193.00 203.87   192.97 203.84   330.49 341.36   192.43 203.30   198.01 208.88   191.75 202.62
2023-07-03   192.01 202.90   191.99 202.88   329.50 340.39   191.44 202.33   197.03 207.92   190.76 201.65
2023-07-04   191.02 201.93   190.99 201.91   328.51 339.42   190.45 201.36   196.04 206.95   189.77 200.68
2023-07-05   190.03 200.96   190.00 200.93   327.51 338.45   189.46 200.39   195.04 205.97   188.78 199.71
2023-07-06   189.03 199.98   189.00 199.95   326.52 337.47   188.46 199.41   194.04 205.00   187.78 198.73
2023-07-07   188.03 199.00   188.00 198.97   325.51 336.49   187.46 198.43   193.04 204.01   186.77 197.75
2023-07-08   187.02 198.01   186.99 197.99   324.51 335.50   186.45 197.44   192.04 203.03   185.77 196.76
2023-07-09   186.01 197.03   185.98 197.00   323.50 334.51   185.44 196.46   191.03 202.04   184.76 195.77
2023-07-10   185.00 196.03   184.97 196.01   322.48 333.52   184.43 195.46   190.01 201.05   183.75 194.78
2023-07-11   183.98 195.04   183.95 195.01   321.47 332.52   183.41 194.47   189.00 200.05   182.73 193.79
2023-07-12   182.96 194.04   182.93 194.01   320.45 331.52   182.39 193.47   187.98 199.05   181.71 192.79
2023-07-13   181.94 193.03   181.91 193.01   319.43 330.52   181.37 192.46   186.95 198.05   180.69 191.78
2023-07-14   180.91 192.02   180.88 192.00   318.40 329.51   180.34 191.45   185.93 197.04   179.66 190.77
2023-07-15   179.88 191.01   179.86 190.99   317.37 328.50   179.31 190.44   184.90 196.03   178.63 189.76
2023-07-16   178.85 190.00   178.82 189.97   316.34 327.49   178.28 189.43   183.86 195.01   177.60 188.75
2023-07-17   177.81 188.98   177.79 188.96   315.30 326.47   177.24 188.41   182.83 194.00   176.56 187.73
2023-07-18   176.77 187.96   176.75 187.93   314.26 325.45   176.20 187.39   181.79 192.98   175.52 186.71
2023-07-19   175.73 186.94   175.70 186.91   313.22 324.42   175.16 186.37   180.75 191.95   174.48 185.69
2023-07-20   174.69 185.91   174.66 185.88   312.17 323.40   174.12 185.34   179.70 190.92   173.44 184.66
2023-07-21   173.64 184.88   173.61 184.85   311.13 322.36   173.07 184.31   178.65 189.89   172.39 183.63
2023-07-22   172.59 183.84   172.56 183.82   310.08 321.33   172.02 183.27   177.60 188.86   171.34 182.59
2023-07-23   171.54 182.81   171.51 182.78   309.02 320.29   170.97 182.24   176.55 187.82   170.29 181.55
2023-07-24   170.48 181.77   170.45 181.74   307.97 319.25   169.91 181.20   175.50 186.78   169.23 180.51
2023-07-25   169.42 180.72   169.40 180.70   306.91 318.21   168.85 180.15   174.44 185.74   168.17 179.47
2023-07-26   168.36 179.68   168.34 179.65   305.85 317.16   167.79 179.11   173.38 184.69   167.11 178.43
2023-07-27   167.30 178.63   167.28 178.60   304.79 316.11   166.73 178.06   172.32 183.64   166.05 177.38
2023-07-28   166.24 177.58   166.21 177.55   303.73 315.06   165.67 177.01   171.25 182.59   164.99 176.33
2023-07-29   165.17 176.52   165.15 176.50   302.66 314.01   164.60 175.95   170.19 181.54   163.92 175.27
2023-07-30   164.11 175.47   164.08 175.44   301.59 312.95   163.54 174.90   169.12 180.48   162.86 174.22
2023-07-31   163.04 174.41   163.01 174.38   300.52 311.90   162.47 173.84   168.05 179.42   161.79 173.16
2023-08-01   161.97 173.35   161.94 173.32   299.45 310.83   161.40 172.78   166.98 178.36   160.72 172.10
2023-08-02   160.90 172.28   160.87 172.26   298.38 309.77   160.33 171.71   165.91 177.30   159.64 171.03
2023-08-03   159.82 171.22   159.80 171.19   297.31 308.71   159.25 170.65   164.84 176.24   158.57 169.97
2023-08-04   158.75 170.15   158.72 170.13   296.24 307.64   158.18 169.58   163.76 175.17   157.50 168.90
2023-08-05   157.67 169.09   157.65 169.06   295.16 306.57   157.10 168.52   162.69 174.10   156.42 167.84
2023-08-06   156.60 168.02   156.57 167.99   294.09 305.50   156.03 167.45   161.61 173.03   155.35 166.77
2023-08-07   155.52 166.95   155.50 166.92   293.01 304.43   154.95 166.38   160.54 171.96   154.27 165.70
2023-08-08   154.45 165.87   154.42 165.85   291.93 303.36   153.88 165.30   159.46 170.89   153.20 164.62
2023-08-09   153.37 164.80   153.34 164.77   290.86 302.29   152.80 164.23   158.39 169.82   152.12 163.55
2023-08-10   152.29 163.73   152.27 163.70   289.78 301.21   151.72 163.16   157.31 168.74   151.04 162.48
2023-08-11   151.22 162.65   151.19 162.63   288.70 300.14   150.65 162.08   156.23 167.67   149.97 161.40
2023-08-12   150.14 161.58   150.11 161.55   287.63 299.06   149.57 161.01   155.16 166.59   148.89 160.33
2023-08-13   149.06 160.50   149.04 160.47   286.55 297.99   148.49 159.93   154.08 165.52   147.81 159.25
2023-08-14   147.99 159.42   147.96 159.40   285.48 296.91   147.42 158.85   153.00 164.44   146.74 158.17
2023-08-15   146.91 158.35   146.89 158.32   284.40 295.83   146.34 157.78   151.93 163.36   145.66 157.10
2023-08-16   145.84 157.27   145.81 157.24   283.33 294.76   145.27 156.70   150.85 162.29   144.59 156.02
2023-08-17   144.77 156.19   144.74 156.17   282.25 293.68   144.20 155.62   149.78 161.21   143.51 154.94
2023-08-18   143.69 155.12   143.67 155.09   281.18 292.60   143.12 154.55   148.71 160.13   142.44 153.87
2023-08-19   142.62 154.04   142.59 154.01   280.11 291.53   142.05 153.47   147.64 159.06   141.37 152.79
2023-08-20   141.55 152.97   141.52 152.94   279.04 290.45   140.98 152.40   146.57 157.98   140.30 151.71
2023-08-21   140.48 151.89   140.46 151.86   277.97 289.38   139.91 151.32   145.50 156.91   139.23 150.64
2023-08-22   139.42 150.82   139.39 150.79   276.90 288.30   138.85 150.25   144.43 155.83   138.16 149.57
2023-08-23   138.35 149.74   138.32 149.72   275.84 287.23   137.78 149.17   143.36 154.76   137.10 148.49
2023-08-24   137.29 148.67   137.26 148.64   274.77 286.16   136.72 148.10   142.30 153.69   136.03 147.42
2023-08-25   136.22 147.60   136.20 147.57   273.71 285.09   135.65 147.03   141.24 152.61   134.97 146.35
2023-08-26   135.16 146.53   135.14 146.50   272.65 284.02   134.59 145.96   140.18 151.54   133.91 145.28
2023-08-27   134.11 145.46   134.08 145.43   271.59 282.95   133.54 144.89   139.12 150.48   132.86 144.21
2023-08-28   133.05 144.39   133.02 144.37   270.54 281.88   132.48 143.82   138.07 149.41   131.80 143.14
2023-08-29   132.00 143.33   131.97 143.30   269.48 280.82   131.43 142.76   137.01 148.34   130.75 142.08
2023-08-30   130.95 142.26   130.92 142.24   268.43 279.75   130.38 141.69   135.96 147.28   129.70 141.01
2023-08-31   129.90 141.20   129.87 141.18   267.39 278.69   129.33 140.63   134.91 146.22   128.65 139.95
2023-09-01   128.85 140.14   128.83 140.12   266.34 277.63   128.28 139.57   133.87 145.16   127.60 138.89
2023-09-02   127.81 139.09   127.78 139.06   265.30 276.57   127.24 138.52   132.82 144.10   126.56 137.84
2023-09-03   126.77 138.03   126.74 138.00   264.26 275.52   126.20 137.46   131.78 143.05   125.52 136.78
2023-09-04   125.73 136.98   125.71 136.95   263.22 274.47   125.16 136.41   130.75 141.99   124.48 135.73
2023-09-05   124.70 135.93   124.67 135.90   262.19 273.41   124.13 135.36   129.71 140.94   123.45 134.68
2023-09-06   123.67 134.88   123.64 134.85   261.15 272.37   123.10 134.31   128.68 139.89   122.42 133.63
2023-09-07   122.64 133.83   122.61 133.81   260.13 271.32   122.07 133.26   127.65 138.85   121.39 132.58
2023-09-08   121.61 132.79   121.59 132.76   259.10 270.28   121.04 132.22   126.63 137.81   120.36 131.54
2023-09-09   120.59 131.75   120.56 131.72   258.08 269.24   120.02 131.18   125.61 136.77   119.34 130.50
2023-09-10   119.57 130.71   119.55 130.69   257.06 268.20   119.00 130.14   124.59 135.73   118.32 129.46
2023-09-11   118.56 129.68   118.53 129.65   256.04 267.17   117.99 129.11   123.57 134.69   117.31 128.43
2023-09-12   117.54 128.65   117.52 128.62   255.03 266.14   116.97 128.08   122.56 133.66   116.29 127.40
2023-09-13   116.54 127.62   116.51 127.59   254.02 265.11   115.97 127.05   121.55 132.64   115.28 126.37
2023-09-14   115.53 126.59   115.50 126.57   253.02 264.08   114.96 126.02   120.54 131.61   114.28 125.34
2023-09-15   114.53 125.57   114.50 125.55   252.01 263.06   113.96 125.00   119.54 130.59   113.28 124.32
2023-09-16   113.53 124.55   113.50 124.53   251.02 262.04   112.96 123.98   118.54 129.57   112.28 123.30
2023-09-17   112.53 123.54   112.51 123.51   250.02 261.02   111.96 122.97   117.55 128.55   111.28 122.29
2023-09-18   111.54 122.52   111.51 122.50   249.03 260.01   110.97 121.95   116.56 127.54   110.29 121.27
2023-09-19   110.55 121.51   110.52 121.49   248.04 259.00   109.98 120.94   115.57 126.53   109.30 120.26
2023-09-20   109.57 120.51   109.54 120.48   247.05 258.00   109.00 119.94   114.58 125.52   108.31 119.26
2023-09-21   108.58 119.51   108.56 119.48   246.07 256.99   108.01 118.94   113.60 124.52   107.33 118.25
2023-09-22   107.60 118.51   107.58 118.48   245.09 255.99   107.03 117.94   112.62 123.52   106.35 117.25
2023-09-23   106.63 117.51   106.60 117.48   244.12 255.00   106.06 116.94   111.64 122.52   105.38 116.26
2023-09-24   105.66 116.52   105.63 116.49   243.14 254.00   105.09 115.95   110.67 121.53   104.41 115.27
2023-09-25   104.69 115.53   104.66 115.50   242.17 253.01   104.12 114.96   109.70 120.54   103.44 114.28
2023-09-26   103.72 114.54   103.70 114.51   241.21 252.03   103.15 113.97   108.74 119.55   102.47 113.29
2023-09-27   102.76 113.56   102.73 113.53   240.25 251.04   102.19 112.99   107.77 118.57   101.51 112.30
2023-09-28   101.80 112.58   101.77 112.55   239.29 250.06   101.23 112.01   106.81 117.59   100.55 111.32
2023-09-29   100.84 111.60   100.82 111.57   238.33 249.09   100.27 111.03   105.86 116.61    99.59 110.35
2023-09-30    99.89 110.62    99.86 110.60   237.38 248.11    99.32 110.05   104.91 115.64    98.64 109.37
2023-10-01    98.94 109.65    98.91 109.63   236.43 247.14    98.37 109.08   103.95 114.67    97.69 108.40
2023-10-02    97.99 108.69    97.97 108.66   235.48 246.17    97.42 108.12   103.01 113.70    96.74 107.44
2023-10-03    97.05 107.72    97.02 107.70   234.54 245.21    96.48 107.15   102.06 112.74    95.80 106.47
2023-10-04    96.11 106.76    96.08 106.73   233.59 244.25    95.54 106.19   101.12 111.78    94.86 105.51
2023-10-05    95.17 105.80    95.14 105.78   232.66 243.29    94.60 105.23   100.18 110.82    93.92 104.55
2023-10-06    94.23 104.85    94.21 104.82   231.72 242.33    93.66 104.28    99.25 109.86    92.98 103.60
2023-10-07    93.30 103.89    93.27 103.87   230.79 241.38    92.73 103.32    98.31 108.91    92.05 102.64
2023-10-08    92.37 102.94    92.34 102.92   229.86 240.43    91.80 102.37    97.38 107.96    91.12 101.69
2023-10-09    91.44 102.00    91.41 101.97   228.93 239.49    90.87 101.43    96.45 107.01    90.19 100.75
2023-10-10    90.51 101.05    90.49 101.03   228.00 238.54    89.94 100.48    95.53 106.07    89.26  99.80
2023-10-11    89.59 100.11    89.56 100.09   227.08 237.60    89.02  99.54    94.61 105.13    88.34  98.86
2023-10-12    88.67  99.17    88.64  99.15   226.16 236.66    88.10  98.60    93.68 104.19    87.42  97.92
2023-10-13    87.75  98.24    87.72  98.21   225.24 235.73    87.18  97.67    92.77 103.25    86.50  96.99
2023-10-14    86.83  97.30    86.81  97.28   224.32 234.79    86.26  96.73    91.85 102.32    85.58  96.05
2023-10-15    85.92  96.37    85.89  96.35   223.41 233.86    85.35  95.80    90.93 101.39    84.67  95.12
2023-10-16    85.01  95.44    84.98  95.42   222.49 232.93    84.44  94.87    90.02 100.46    83.76  94.19
2023-10-17    84.10  94.52    84.07  94.49   221.58 232.01    83.53  93.95    89.11  99.53    82.84  93.27
2023-10-18    83.19  93.59    83.16  93.57   220.67 231.08    82.62  93.02    88.20  98.61    81.94  92.34
2023-10-19    82.28  92.67    82.25  92.65   219.77 230.16    81.71  92.10    87.29  97.69    81.03  91.42
2023-10-20    81.37  91.75    81.35  91.73   218.86 229.24    80.80  91.18    86.39  96.77    80.12  90.50
2023-10-21    80.47  90.83    80.44  90.81   217.96 228.32    79.90  90.26    85.48  95.85    79.22  89.58
2023-10-22    79.57  89.92    79.54  89.89   217.05 227.41    79.00  89.35    84.58  94.93    78.32  88.67
2023-10-23    78.66  89.00    78.64  88.98   216.15 226.49    78.09  88.43    83.68  94.02    77.41  87.75
2023-10-24    77.76  88.09    77.74  88.06   215.25 225.58    77.19  87.52    82.78  93.11    76.51  86.84
2023-10-25    76.87  87.18    76.84  87.15   214.35 224.67    76.30  86.61    81.88  92.20    75.61  85.93
2023-10-26    75.97  86.27    75.94  86.24   213.45 223.76    75.40  85.70    80.98  91.29    74.72  85.02
2023-10-27    75.07  85.36    75.04  85.34   212.56 222.85    74.50  84.79    80.08  90.38    73.82  84.11
2023-10-28    74.17  84.46    74.15  84.43   211.66 221.94    73.60  83.89    79.19  89.47    72.92  83.20
2023-10-29    73.28  83.55    73.25  83.52   210.76 221.04    72.71  82.98    78.29  88.57    72.03  82.30
2023-10-30    72.38  82.65    72.36  82.62   209.87 220.13    71.81  82.08    77.40  87.66    71.13  81.40
2023-10-31    71.49  81.74    71.46  81.72   208.98 219.23    70.92  81.17    76.50  86.76    70.24  80.49
2023-11-01    70.59  80.84    70.57  80.81   208.08 218.33    70.02  80.27    75.61  85.86    69.34  79.59
2023-11-02    69.70  79.94    69.67  79.91   207.19 217.43    69.13  79.37    74.71  84.95    68.45  78.69
2023-11-03    68.81  79.04    68.78  79.01   206.29 216.53    68.24  78.47    73.82  84.05    67.55  77.79
2023-11-04    67.91  78.14    67.89  78.11   205.40 215.63    67.34  77.57    72.93  83.15    66.66  76.89
2023-11-05    67.02  77.24    66.99  77.21   204.51 214.73    66.45  76.67    72.03  82.26    65.77  75.99
2023-11-06    66.12  76.34    66.10  76.31   203.61 213.83    65.55  75.77    71.14  81.36    64.87  75.09
2023-11-07    65.23  75.44    65.20  75.42   202.72 212.93    64.66  74.87    70.25  80.46    63.98  74.19
2023-11-08    64.34  74.54    64.31  74.52   201.82 212.03    63.77  73.97    69.35  79.56    63.08  73.29
2023-11-09    63.44  73.65    63.41  73.62   200.93 211.13    62.87  73.08    68.46  78.66    62.19  72.40
2023-11-10    62.55  72.75    62.52  72.72   200.03 210.24    61.98  72.18    67.56  77.76    61.29  71.50
2023-11-11    61.65  71.85    61.62  71.82   199.14 209.34    61.08  71.28    66.66  76.87    60.40  70.60
2023-11-12    60.75  70.95    60.73  70.93   198.24 208.44    60.18  70.38    65.77  75.97    59.50  69.70
2023-11-13    59.85  70.05    59.83  70.03   197.34 207.54    59.28  69.48    64.87  75.07    58.60  68.80
2023-11-14    58.96  69.16    58.93  69.13   196.44 206.64    58.39  68.59    63.97  74.17    57.70  67.91
2023-11-15    58.06  68.26    58.03  68.23   195.54 205.74    57.49  67.69    63.07  73.27    56.81  67.01
2023-11-16    57.15  67.36    57.13  67.33   194.64 204.84    56.58  66.79    62.17  72.37    55.90  66.11
2023-11-17    56.25  66.46    56.23  66.43   193.74 203.94    55.68  65.89    61.27  71.47    55.00  65.21
2023-11-18    55.35  65.56    55.32  65.53   192.84 203.04    54.78  64.99    60.36  70.57    54.10  64.30
2023-11-19    54.47  64.62    54.45  64.60   191.96 202.11    53.90  64.05    59.49  69.64    53.22  63.37
2023-11-20    53.85  63.44    53.82  63.41   191.34 200.92    53.28  62.87    58.86  68.45    52.60  62.19
2023-11-21    53.22  62.25    53.20  62.22   190.71 199.74    52.65  61.68    58.24  67.26    51.97  61.00
2023-11-22    52.60  61.06    52.57  61.03   190.09 198.55    52.03  60.49    57.61  66.07    51.35  59.81
2023-11-23    51.97  59.87    51.94  59.84   189.46 197.36    51.40  59.30    56.98  64.88    50.72  58.62
2023-11-24    51.34  58.68    51.31  58.65   188.83 196.16    50.77  58.11    56.35  63.69    50.09  57.43
