
       Target
                ecliptic
RA      Dec     latitude
293.885  39.520  59.815

Checked interval [2020-01-01, 2023-12-31]
|           Window [days]                 |    Normal V3 PA [deg]    |
   Start           End         Duration         Start         End         RA            Dec     
 2020-04-18      2020-11-11       207.00     259.41353      61.77837     293.88536      39.51983 
 2021-04-18      2021-11-11       207.00     259.66935      62.01747     293.88536      39.51983 
 2022-04-18      2022-11-11       207.00     259.92397      62.24929     293.88536      39.51983 
 2023-04-19      2023-11-11       206.10     259.33925      62.38761     293.88536      39.51983 


                V3PA          NIRCam           NIRSpec         NIRISS           MIRI          FGS
   Date      min    max      min    max       min    max     min    max      min    max      min    max

2020-04-19   255.65 263.01   255.62 262.98    33.14  40.50   255.08 262.44   260.66 268.03   254.40 261.76
2020-04-20   254.51 262.47   254.48 262.45    31.99  39.96   253.94 261.90   259.52 267.49   253.25 261.22
2020-04-21   253.36 261.93   253.34 261.91    30.85  39.42   252.79 261.36   258.38 266.95   252.11 260.68
2020-04-22   252.22 261.40   252.20 261.37    29.71  38.89   251.65 260.83   257.24 266.42   250.97 260.15
2020-04-23   251.08 260.87   251.06 260.84    28.57  38.35   250.51 260.30   256.10 265.88   249.83 259.62
2020-04-24   250.03 260.24   250.01 260.22    27.52  37.73   249.46 259.67   255.05 265.26   248.78 258.99
2020-04-25   249.20 259.41   249.18 259.38    26.69  36.89   248.63 258.84   254.22 264.42   247.95 258.16
2020-04-26   248.37 258.57   248.34 258.55    25.86  36.06   247.80 258.00   253.38 263.59   247.12 257.32
2020-04-27   247.54 257.74   247.51 257.71    25.02  35.23   246.97 257.17   252.55 262.75   246.29 256.49
2020-04-28   246.71 256.91   246.68 256.88    24.19  34.39   246.14 256.34   251.72 261.92   245.45 255.65
2020-04-29   245.87 256.07   245.85 256.05    23.36  33.56   245.30 255.50   250.89 261.09   244.62 254.82
2020-04-30   245.04 255.24   245.02 255.22    22.53  32.73   244.47 254.67   250.06 260.26   243.79 253.99
2020-05-01   244.21 254.41   244.18 254.38    21.70  31.90   243.64 253.84   249.22 259.43   242.96 253.16
2020-05-02   243.38 253.58   243.35 253.55    20.86  31.07   242.81 253.01   248.39 258.60   242.13 252.33
2020-05-03   242.54 252.75   242.52 252.72    20.03  30.24   241.97 252.18   247.56 257.77   241.29 251.50
2020-05-04   241.71 251.92   241.68 251.89    19.20  29.41   241.14 251.35   246.73 256.94   240.46 250.67
2020-05-05   240.88 251.09   240.85 251.06    18.36  28.58   240.31 250.52   245.89 256.11   239.63 249.84
2020-05-06   240.04 250.26   240.02 250.23    17.53  27.75   239.47 249.69   245.06 255.28   238.79 249.01
2020-05-07   239.21 249.43   239.18 249.40    16.69  26.92   238.64 248.86   244.22 254.45   237.96 248.18
2020-05-08   238.37 248.60   238.34 248.57    15.86  26.09   237.80 248.03   243.38 253.62   237.12 247.35
2020-05-09   237.53 247.77   237.50 247.74    15.02  25.26   236.96 247.20   242.55 252.78   236.28 246.52
2020-05-10   236.69 246.94   236.67 246.91    14.18  24.42   236.12 246.37   241.71 251.95   235.44 245.69
2020-05-11   235.85 246.10   235.82 246.08    13.34  23.59   235.28 245.53   240.87 251.12   234.60 244.85
2020-05-12   235.01 245.27   234.98 245.24    12.50  22.76   234.44 244.70   240.02 250.29   233.76 244.02
2020-05-13   234.16 244.44   234.14 244.41    11.65  21.92   233.59 243.87   239.18 249.45   232.91 243.19
2020-05-14   233.32 243.60   233.29 243.58    10.81  21.09   232.75 243.03   238.33 248.62   232.07 242.35
2020-05-15   232.47 242.76   232.44 242.74     9.96  20.25   231.90 242.19   237.49 247.78   231.22 241.51
2020-05-16   231.62 241.93   231.59 241.90     9.11  19.41   231.05 241.36   236.64 246.94   230.37 240.68
2020-05-17   230.77 241.09   230.74 241.06     8.26  18.57   230.20 240.52   235.78 246.10   229.52 239.84
2020-05-18   229.91 240.25   229.89 240.22     7.40  17.73   229.34 239.68   234.93 245.26   228.66 239.00
2020-05-19   229.06 239.40   229.03 239.38     6.54  16.89   228.49 238.83   234.07 244.42   227.81 238.15
2020-05-20   228.20 238.56   228.17 238.53     5.68  16.05   227.63 237.99   233.21 243.57   226.95 237.31
2020-05-21   227.33 237.71   227.31 237.68     4.82  15.20   226.76 237.14   232.35 242.73   226.08 236.46
2020-05-22   226.47 236.86   226.44 236.84     3.96  14.35   225.90 236.29   231.48 241.88   225.22 235.61
2020-05-23   225.60 236.01   225.58 235.98     3.09  13.50   225.03 235.44   230.62 241.03   224.35 234.76
2020-05-24   224.73 235.16   224.70 235.13     2.22  12.64   224.16 234.59   229.75 240.17   223.48 233.91
2020-05-25   223.86 234.30   223.83 234.27     1.34  11.79   223.29 233.73   228.87 239.32   222.61 233.05
2020-05-26   222.98 233.44   222.95 233.41     0.47  10.93   222.41 232.87   227.99 238.46   221.73 232.19
2020-05-27   222.10 232.58   222.07 232.55   359.59  10.07   221.53 232.01   227.11 237.59   220.85 231.33
2020-05-28   221.21 231.72   221.19 231.69   358.70   9.20   220.64 231.15   226.23 236.73   219.96 230.46
2020-05-29   220.33 230.85   220.30 230.82   357.81   8.33   219.76 230.28   225.34 235.86   219.08 229.60
2020-05-30   219.44 229.98   219.41 229.95   356.92   7.46   218.87 229.41   224.45 234.99   218.19 228.73
2020-05-31   218.54 229.10   218.51 229.08   356.03   6.59   217.97 228.53   223.56 234.12   217.29 227.85
2020-06-01   217.64 228.23   217.62 228.20   355.13   5.71   217.07 227.66   222.66 233.24   216.39 226.98
2020-06-02   216.74 227.35   216.71 227.32   354.23   4.83   216.17 226.78   221.76 232.36   215.49 226.09
2020-06-03   215.83 226.46   215.81 226.43   353.32   3.95   215.26 225.89   220.85 231.48   214.58 225.21
2020-06-04   214.92 225.57   214.90 225.55   352.41   3.06   214.35 225.00   219.94 230.59   213.67 224.32
2020-06-05   214.01 224.68   213.98 224.66   351.49   2.17   213.44 224.11   219.02 229.70   212.76 223.43
2020-06-06   213.09 223.79   213.06 223.76   350.58   1.27   212.52 223.22   218.10 228.80   211.84 222.54
2020-06-07   212.16 222.89   212.14 222.86   349.65   0.37   211.59 222.32   217.18 227.90   210.91 221.64
2020-06-08   211.24 221.98   211.21 221.96   348.72 359.47   210.67 221.41   216.25 227.00   209.99 220.73
2020-06-09   210.30 221.08   210.28 221.05   347.79 358.56   209.73 220.51   215.32 226.09   209.05 219.83
2020-06-10   209.37 220.16   209.34 220.14   346.85 357.65   208.80 219.59   214.38 225.18   208.12 218.91
2020-06-11   208.42 219.25   208.40 219.22   345.91 356.74   207.85 218.68   213.44 224.26   207.17 218.00
2020-06-12   207.48 218.33   207.45 218.30   344.97 355.82   206.91 217.76   212.49 223.34   206.23 217.08
2020-06-13   206.53 217.40   206.50 217.38   344.01 354.89   205.96 216.83   211.54 222.42   205.28 216.15
2020-06-14   205.57 216.47   205.54 216.45   343.06 353.96   205.00 215.90   210.59 221.49   204.32 215.22
2020-06-15   204.61 215.54   204.58 215.51   342.10 353.03   204.04 214.97   209.63 220.55   203.36 214.29
2020-06-16   203.64 214.60   203.62 214.57   341.13 352.09   203.07 214.03   208.66 219.62   202.39 213.35
2020-06-17   202.67 213.66   202.65 213.63   340.16 351.14   202.10 213.09   207.69 218.67   201.42 212.41
2020-06-18   201.70 212.71   201.67 212.68   339.18 350.20   201.13 212.14   206.71 217.72   200.45 211.46
2020-06-19   200.72 211.75   200.69 211.73   338.20 349.24   200.15 211.18   205.73 216.77   199.47 210.50
2020-06-20   199.73 210.80   199.70 210.77   337.22 348.28   199.16 210.23   204.75 215.81   198.48 209.55
2020-06-21   198.74 209.83   198.71 209.81   336.23 347.32   198.17 209.26   203.76 214.85   197.49 208.58
2020-06-22   197.74 208.86   197.72 208.84   335.23 346.35   197.17 208.29   202.76 213.88   196.49 207.61
2020-06-23   196.74 207.89   196.72 207.87   334.23 345.38   196.17 207.32   201.76 212.91   195.49 206.64
2020-06-24   195.74 206.91   195.71 206.89   333.22 344.40   195.17 206.34   200.75 211.93   194.49 205.66
2020-06-25   194.73 205.93   194.70 205.90   332.21 343.42   194.16 205.36   199.74 210.94   193.48 204.68
2020-06-26   193.71 204.94   193.68 204.91   331.20 342.43   193.14 204.37   198.73 209.96   192.46 203.69
2020-06-27   192.69 203.95   192.66 203.92   330.18 341.43   192.12 203.38   197.70 208.96   191.44 202.70
2020-06-28   191.66 202.95   191.64 202.92   329.15 340.44   191.09 202.38   196.68 207.96   190.41 201.70
2020-06-29   190.63 201.94   190.61 201.92   328.12 339.43   190.06 201.37   195.65 206.96   189.38 200.69
2020-06-30   189.60 200.93   189.57 200.91   327.09 338.42   189.03 200.36   194.61 205.95   188.35 199.68
2020-07-01   188.56 199.92   188.53 199.89   326.04 337.41   187.99 199.35   193.57 204.94   187.31 198.67
2020-07-02   187.51 198.90   187.49 198.87   325.00 336.39   186.94 198.33   192.53 203.92   186.26 197.65
2020-07-03   186.46 197.88   186.44 197.85   323.95 335.36   185.89 197.31   191.48 202.89   185.21 196.63
2020-07-04   185.41 196.85   185.38 196.82   322.90 334.33   184.84 196.28   190.42 201.86   184.16 195.60
2020-07-05   184.35 195.81   184.32 195.79   321.84 333.30   183.78 195.24   189.36 200.83   183.10 194.56
2020-07-06   183.29 194.77   183.26 194.75   320.77 332.26   182.72 194.20   188.30 199.79   182.04 193.52
2020-07-07   182.22 193.73   182.19 193.70   319.71 331.22   181.65 193.16   187.23 198.74   180.97 192.48
2020-07-08   181.15 192.68   181.12 192.65   318.64 330.17   180.58 192.11   186.16 197.70   179.90 191.43
2020-07-09   180.07 191.63   180.05 191.60   317.56 329.11   179.50 191.06   185.09 196.64   178.82 190.38
2020-07-10   178.99 190.57   178.97 190.54   316.48 328.06   178.42 190.00   184.01 195.58   177.74 189.32
2020-07-11   177.91 189.51   177.88 189.48   315.40 326.99   177.34 188.94   182.93 194.52   176.66 188.26
2020-07-12   176.82 188.44   176.80 188.41   314.31 325.93   176.25 187.87   181.84 193.45   175.57 187.19
2020-07-13   175.73 187.37   175.71 187.34   313.22 324.86   175.16 186.80   180.75 192.38   174.48 186.12
2020-07-14   174.64 186.29   174.61 186.27   312.13 323.78   174.07 185.72   179.66 191.31   173.39 185.04
2020-07-15   173.54 185.22   173.52 185.19   311.03 322.70   172.97 184.65   178.56 190.23   172.29 183.96
2020-07-16   172.44 184.13   172.42 184.11   309.93 321.62   171.87 183.56   177.46 189.15   171.19 182.88
2020-07-17   171.34 183.05   171.32 183.02   308.83 320.53   170.77 182.48   176.36 188.06   170.09 181.80
2020-07-18   170.24 181.96   170.21 181.93   307.73 319.44   169.67 181.39   175.25 186.97   168.99 180.71
2020-07-19   169.13 180.86   169.11 180.84   306.62 318.35   168.56 180.29   174.15 185.88   167.88 179.61
2020-07-20   168.02 179.77   168.00 179.74   305.51 317.25   167.45 179.20   173.04 184.78   166.77 178.52
2020-07-21   166.91 178.67   166.89 178.64   304.40 316.16   166.34 178.10   171.93 183.68   165.66 177.42
2020-07-22   165.80 177.57   165.77 177.54   303.29 315.05   165.23 177.00   170.81 182.58   164.55 176.32
2020-07-23   164.69 176.46   164.66 176.44   302.17 313.95   164.12 175.89   169.70 181.48   163.43 175.21
2020-07-24   163.57 175.36   163.54 175.33   301.06 312.84   163.00 174.79   168.59 180.37   162.32 174.11
2020-07-25   162.45 174.25   162.43 174.22   299.94 311.73   161.88 173.68   167.47 179.26   161.20 173.00
2020-07-26   161.34 173.14   161.31 173.11   298.82 310.62   160.77 172.57   166.35 178.15   160.09 171.89
2020-07-27   160.22 172.02   160.19 172.00   297.71 309.51   159.65 171.45   165.24 177.04   158.97 170.77
2020-07-28   159.10 170.91   159.08 170.88   296.59 308.40   158.53 170.34   164.12 175.93   157.85 169.66
2020-07-29   157.98 169.80   157.96 169.77   295.47 307.28   157.41 169.23   163.00 174.81   156.73 168.54
2020-07-30   156.87 168.68   156.84 168.65   294.35 306.17   156.30 168.11   161.88 173.69   155.62 167.43
2020-07-31   155.75 167.56   155.72 167.54   293.24 305.05   155.18 166.99   160.76 172.58   154.50 166.31
2020-08-01   154.63 166.44   154.61 166.42   292.12 303.93   154.06 165.87   159.65 171.46   153.38 165.19
2020-08-02   153.52 165.33   153.49 165.30   291.00 302.81   152.95 164.76   158.53 170.34   152.26 164.08
2020-08-03   152.40 164.21   152.37 164.18   289.89 301.70   151.83 163.64   157.42 169.22   151.15 162.96
2020-08-04   151.29 163.09   151.26 163.06   288.77 300.58   150.72 162.52   156.30 168.11   150.04 161.84
2020-08-05   150.17 161.97   150.15 161.95   287.66 299.46   149.60 161.40   155.19 166.99   148.92 160.72
2020-08-06   149.06 160.86   149.04 160.83   286.55 298.34   148.49 160.29   154.08 165.87   147.81 159.60
2020-08-07   147.95 159.74   147.93 159.71   285.44 297.23   147.38 159.17   152.97 164.75   146.70 158.49
2020-08-08   146.85 158.62   146.82 158.60   284.33 296.11   146.28 158.05   151.86 163.64   145.59 157.37
2020-08-09   145.74 157.51   145.71 157.48   283.23 295.00   145.17 156.94   150.76 162.52   144.49 156.26
2020-08-10   144.64 156.40   144.61 156.37   282.13 293.88   144.07 155.83   149.65 161.41   143.39 155.14
2020-08-11   143.54 155.28   143.51 155.26   281.03 292.77   142.97 154.71   148.55 160.30   142.29 154.03
2020-08-12   142.44 154.17   142.41 154.15   279.93 291.66   141.87 153.60   147.46 159.19   141.19 152.92
2020-08-13   141.35 153.07   141.32 153.04   278.83 290.55   140.78 152.50   146.36 158.08   140.10 151.81
2020-08-14   140.25 151.96   140.23 151.93   277.74 289.45   139.68 151.39   145.27 156.97   139.00 150.71
2020-08-15   139.17 150.86   139.14 150.83   276.65 288.34   138.60 150.29   144.18 155.87   137.92 149.61
2020-08-16   138.08 149.75   138.06 149.73   275.57 287.24   137.51 149.18   143.10 154.77   136.83 148.50
2020-08-17   137.00 148.66   136.97 148.63   274.49 286.14   136.43 148.09   142.02 153.67   135.75 147.41
2020-08-18   135.92 147.56   135.90 147.53   273.41 285.05   135.35 146.99   140.94 152.58   134.67 146.31
2020-08-19   134.85 146.47   134.82 146.44   272.34 283.96   134.28 145.90   139.86 151.48   133.60 145.22
2020-08-20   133.78 145.38   133.75 145.35   271.27 282.87   133.21 144.81   138.80 150.39   132.53 144.13
2020-08-21   132.71 144.29   132.69 144.27   270.20 281.78   132.14 143.72   137.73 149.31   131.46 143.04
2020-08-22   131.65 143.21   131.63 143.18   269.14 280.70   131.08 142.64   136.67 148.22   130.40 141.96
2020-08-23   130.60 142.13   130.57 142.10   268.08 279.62   130.03 141.56   135.61 147.15   129.34 140.88
2020-08-24   129.54 141.05   129.52 141.03   267.03 278.54   128.97 140.48   134.56 146.07   128.29 139.80
2020-08-25   128.49 139.98   128.47 139.96   265.98 277.47   127.92 139.41   133.51 145.00   127.24 138.73
2020-08-26   127.45 138.92   127.42 138.89   264.94 276.40   126.88 138.35   132.46 143.93   126.20 137.66
2020-08-27   126.41 137.85   126.38 137.83   263.90 275.34   125.84 137.28   131.43 142.87   125.16 136.60
2020-08-28   125.37 136.79   125.35 136.77   262.86 274.28   124.80 136.22   130.39 141.81   124.12 135.54
2020-08-29   124.34 135.74   124.32 135.71   261.83 273.22   123.77 135.17   129.36 140.75   123.09 134.49
2020-08-30   123.32 134.68   123.29 134.66   260.81 272.17   122.75 134.11   128.33 139.70   122.07 133.43
2020-08-31   122.30 133.64   122.27 133.61   259.79 271.13   121.73 133.07   127.31 138.65   121.05 132.39
2020-09-01   121.28 132.60   121.25 132.57   258.77 270.08   120.71 132.03   126.30 137.61   120.03 131.34
2020-09-02   120.27 131.56   120.24 131.53   257.76 269.04   119.70 130.99   125.29 136.57   119.02 130.31
2020-09-03   119.26 130.52   119.24 130.50   256.75 268.01   118.69 129.95   124.28 135.54   118.01 129.27
2020-09-04   118.26 129.50   118.23 129.47   255.75 266.98   117.69 128.93   123.28 134.51   117.01 128.24
2020-09-05   117.26 128.47   117.24 128.44   254.75 265.96   116.69 127.90   122.28 133.49   116.01 127.22
2020-09-06   116.27 127.45   116.24 127.42   253.76 264.94   115.70 126.88   121.29 132.47   115.02 126.20
2020-09-07   115.28 126.44   115.26 126.41   252.77 263.92   114.71 125.87   120.30 131.45   114.03 125.19
2020-09-08   114.30 125.43   114.27 125.40   251.79 262.91   113.73 124.86   119.32 130.44   113.05 124.17
2020-09-09   113.32 124.42   113.30 124.39   250.81 261.91   112.75 123.85   118.34 129.43   112.07 123.17
2020-09-10   112.35 123.42   112.32 123.39   249.84 260.91   111.78 122.85   117.36 128.43   111.10 122.17
2020-09-11   111.38 122.42   111.35 122.40   248.87 259.91   110.81 121.85   116.40 127.44   110.13 121.17
2020-09-12   110.42 121.43   110.39 121.40   247.90 258.92   109.85 120.86   115.43 126.45   109.17 120.18
2020-09-13   109.46 120.44   109.43 120.42   246.94 257.93   108.89 119.87   114.47 125.46   108.21 119.19
2020-09-14   108.50 119.46   108.47 119.43   245.99 256.95   107.93 118.89   113.52 124.48   107.25 118.21
2020-09-15   107.55 118.48   107.52 118.46   245.04 255.97   106.98 117.91   112.57 123.50   106.30 117.23
2020-09-16   106.60 117.51   106.58 117.48   244.09 255.00   106.03 116.94   111.62 122.52   105.35 116.26
2020-09-17   105.66 116.54   105.64 116.51   243.15 254.03   105.09 115.97   110.68 121.56   104.41 115.29
2020-09-18   104.72 115.58   104.70 115.55   242.21 253.06   104.15 115.01   109.74 120.59   103.47 114.33
2020-09-19   103.79 114.62   103.76 114.59   241.28 252.10   103.22 114.05   108.81 119.63   102.54 113.37
2020-09-20   102.86 113.66   102.83 113.63   240.35 251.15   102.29 113.09   107.88 118.68   101.61 112.41
2020-09-21   101.93 112.71   101.91 112.68   239.42 250.20   101.36 112.14   106.95 117.72   100.68 111.46
2020-09-22   101.01 111.76   100.99 111.74   238.50 249.25   100.44 111.19   106.03 116.78    99.76 110.51
2020-09-23   100.10 110.82   100.07 110.79   237.58 248.31    99.53 110.25   105.11 115.84    98.84 109.57
2020-09-24    99.18 109.88    99.15 109.85   236.67 247.37    98.61 109.31   104.20 114.90    97.93 108.63
2020-09-25    98.27 108.95    98.24 108.92   235.76 246.43    97.70 108.38   103.29 113.96    97.02 107.70
2020-09-26    97.36 108.02    97.34 107.99   234.85 245.50    96.79 107.45   102.38 113.03    96.11 106.77
2020-09-27    96.46 107.09    96.43 107.06   233.95 244.58    95.89 106.52   101.48 112.10    95.21 105.84
2020-09-28    95.56 106.17    95.53 106.14   233.05 243.65    94.99 105.60   100.58 111.18    94.31 104.92
2020-09-29    94.66 105.25    94.64 105.22   232.15 242.73    94.09 104.68    99.68 110.26    93.41 104.00
2020-09-30    93.77 104.33    93.74 104.31   231.26 241.82    93.20 103.76    98.78 109.35    92.52 103.08
2020-10-01    92.88 103.42    92.85 103.39   230.37 240.91    92.31 102.85    97.89 108.43    91.63 102.17
2020-10-02    91.99 102.51    91.96 102.48   229.48 240.00    91.42 101.94    97.01 107.53    90.74 101.26
2020-10-03    91.11 101.61    91.08 101.58   228.59 239.09    90.54 101.04    96.12 106.62    89.86 100.36
2020-10-04    90.22 100.70    90.20 100.68   227.71 238.19    89.65 100.13    95.24 105.72    88.97  99.45
2020-10-05    89.34  99.81    89.32  99.78   226.83 237.29    88.77  99.24    94.36 104.82    88.09  98.55
2020-10-06    88.47  98.91    88.44  98.88   225.95 236.40    87.90  98.34    93.48 103.92    87.22  97.66
2020-10-07    87.59  98.02    87.57  97.99   225.08 235.50    87.02  97.45    92.61 103.03    86.34  96.77
2020-10-08    86.72  97.13    86.69  97.10   224.21 234.61    86.15  96.56    91.73 102.14    85.47  95.88
2020-10-09    85.85  96.24    85.82  96.21   223.34 233.73    85.28  95.67    90.86 101.25    84.60  94.99
2020-10-10    84.98  95.35    84.95  95.33   222.47 232.84    84.41  94.78    90.00 100.37    83.73  94.10
2020-10-11    84.11  94.47    84.09  94.45   221.60 231.96    83.54  93.90    89.13  99.49    82.86  93.22
2020-10-12    83.25  93.59    83.22  93.57   220.74 231.08    82.68  93.02    88.26  98.61    82.00  92.34
2020-10-13    82.38  92.71    82.36  92.69   219.87 230.20    81.81  92.14    87.40  97.73    81.13  91.46
2020-10-14    81.52  91.84    81.50  91.81   219.01 229.33    80.95  91.27    86.54  96.85    80.27  90.59
2020-10-15    80.66  90.97    80.64  90.94   218.15 228.45    80.09  90.40    85.68  95.98    79.41  89.72
2020-10-16    79.80  90.09    79.78  90.07   217.29 227.58    79.23  89.52    84.82  95.11    78.55  88.84
2020-10-17    78.94  89.22    78.92  89.20   216.43 226.71    78.37  88.65    83.96  94.24    77.69  87.97
2020-10-18    78.09  88.36    78.06  88.33   215.57 225.84    77.52  87.79    83.10  93.37    76.84  87.11
2020-10-19    77.23  87.49    77.20  87.46   214.72 224.98    76.66  86.92    82.24  92.51    75.98  86.24
2020-10-20    76.37  86.62    76.35  86.60   213.86 224.11    75.80  86.05    81.39  91.64    75.12  85.37
2020-10-21    75.52  85.76    75.49  85.73   213.01 223.25    74.95  85.19    80.53  90.78    74.27  84.51
2020-10-22    74.66  84.90    74.64  84.87   212.15 222.39    74.09  84.33    79.68  89.91    73.41  83.65
2020-10-23    73.81  84.04    73.78  84.01   211.30 221.52    73.24  83.47    78.82  89.05    72.56  82.79
2020-10-24    72.95  83.18    72.93  83.15   210.44 220.66    72.38  82.61    77.97  88.19    71.70  81.92
2020-10-25    72.10  82.32    72.07  82.29   209.59 219.80    71.53  81.75    77.11  87.33    70.85  81.06
2020-10-26    71.24  81.46    71.22  81.43   208.73 218.94    70.67  80.89    76.26  86.47    69.99  80.21
2020-10-27    70.39  80.60    70.36  80.57   207.88 218.08    69.82  80.03    75.40  85.61    69.14  79.35
2020-10-28    69.53  79.74    69.51  79.71   207.02 217.23    68.96  79.17    74.55  84.75    68.28  78.49
2020-10-29    68.68  78.88    68.65  78.85   206.17 216.37    68.11  78.31    73.69  83.90    67.43  77.63
2020-10-30    67.82  78.02    67.79  78.00   205.31 215.51    67.25  77.45    72.84  83.04    66.57  76.77
2020-10-31    66.96  77.16    66.94  77.14   204.45 214.65    66.39  76.59    71.98  82.18    65.71  75.91
2020-11-01    66.11  76.31    66.08  76.28   203.59 213.79    65.54  75.74    71.12  81.32    64.85  75.05
2020-11-02    65.25  75.45    65.22  75.42   202.73 212.93    64.68  74.88    70.26  80.46    64.00  74.20
2020-11-03    64.39  74.59    64.36  74.56   201.87 212.08    63.82  74.02    69.40  79.60    63.14  73.34
2020-11-04    63.52  73.73    63.50  73.70   201.01 211.22    62.95  73.16    68.54  78.74    62.27  72.48
2020-11-05    62.66  72.87    62.63  72.84   200.15 210.36    62.09  72.30    67.68  77.88    61.41  71.62
2020-11-06    61.91  71.89    61.88  71.87   199.40 209.38    61.34  71.32    66.92  76.91    60.66  70.64
2020-11-07    61.36  70.72    61.33  70.69   198.84 208.21    60.79  70.15    66.37  75.73    60.10  69.47
2020-11-08    60.80  69.54    60.77  69.52   198.29 207.03    60.23  68.97    65.82  74.56    59.55  68.29
2020-11-09    60.24  68.36    60.22  68.34   197.73 205.85    59.67  67.79    65.26  73.38    58.99  67.11
2020-11-10    59.68  67.19    59.66  67.16   197.17 204.67    59.11  66.62    64.70  72.20    58.43  65.93
2020-11-11    59.12  66.01    59.10  65.98   196.61 203.49    58.55  65.44    64.14  71.02    57.87  64.75

2021-04-19   256.00 263.17   255.97 263.15    33.48  40.66   255.43 262.60   261.01 268.19   254.75 261.92
2021-04-20   254.85 262.63   254.83 262.61    32.34  40.12   254.28 262.06   259.87 267.65   253.60 261.38
2021-04-21   253.71 262.10   253.68 262.07    31.20  39.58   253.14 261.53   258.73 267.11   252.46 260.85
2021-04-22   252.57 261.56   252.54 261.54    30.06  39.05   252.00 260.99   257.58 266.58   251.32 260.31
2021-04-23   251.43 261.03   251.40 261.00    28.92  38.52   250.86 260.46   256.44 266.04   250.18 259.78
2021-04-24   250.29 260.50   250.26 260.47    27.77  37.98   249.72 259.93   255.30 265.51   249.04 259.25
2021-04-25   249.45 259.66   249.43 259.63    26.94  37.15   248.88 259.09   254.47 264.68   248.20 258.41
2021-04-26   248.62 258.82   248.59 258.80    26.11  36.31   248.05 258.25   253.64 263.84   247.37 257.57
2021-04-27   247.79 257.99   247.76 257.96    25.28  35.48   247.22 257.42   252.80 263.01   246.54 256.74
2021-04-28   246.96 257.16   246.93 257.13    24.44  34.64   246.39 256.59   251.97 262.17   245.71 255.91
2021-04-29   246.12 256.32   246.10 256.30    23.61  33.81   245.55 255.75   251.14 261.34   244.87 255.07
2021-04-30   245.29 255.49   245.27 255.47    22.78  32.98   244.72 254.92   250.31 260.51   244.04 254.24
2021-05-01   244.46 254.66   244.43 254.63    21.95  32.15   243.89 254.09   249.47 259.68   243.21 253.41
2021-05-02   243.63 253.83   243.60 253.80    21.11  31.32   243.06 253.26   248.64 258.84   242.38 252.58
2021-05-03   242.79 253.00   242.77 252.97    20.28  30.49   242.22 252.43   247.81 258.01   241.54 251.75
2021-05-04   241.96 252.17   241.93 252.14    19.45  29.66   241.39 251.60   246.97 257.18   240.71 250.92
2021-05-05   241.13 251.34   241.10 251.31    18.61  28.83   240.56 250.77   246.14 256.35   239.87 250.09
2021-05-06   240.29 250.51   240.26 250.48    17.78  27.99   239.72 249.94   245.30 255.52   239.04 249.26
2021-05-07   239.45 249.68   239.43 249.65    16.94  27.16   238.88 249.11   244.47 254.69   238.20 248.43
2021-05-08   238.62 248.85   238.59 248.82    16.10  26.33   238.05 248.28   243.63 253.86   237.37 247.59
2021-05-09   237.78 248.01   237.75 247.99    15.27  25.50   237.21 247.44   242.79 253.03   236.53 246.76
2021-05-10   236.94 247.18   236.91 247.15    14.43  24.67   236.37 246.61   241.95 252.20   235.69 245.93
2021-05-11   236.10 246.35   236.07 246.32    13.58  23.84   235.53 245.78   241.11 251.36   234.85 245.10
2021-05-12   235.25 245.51   235.23 245.49    12.74  23.00   234.68 244.94   240.27 250.53   234.00 244.26
2021-05-13   234.41 244.68   234.38 244.65    11.90  22.17   233.84 244.11   239.42 249.69   233.16 243.43
2021-05-14   233.56 243.84   233.54 243.82    11.05  21.33   232.99 243.27   238.58 248.86   232.31 242.59
2021-05-15   232.71 243.01   232.69 242.98    10.20  20.49   232.14 242.44   237.73 248.02   231.46 241.76
2021-05-16   231.86 242.17   231.84 242.14     9.35  19.65   231.29 241.60   236.88 247.18   230.61 240.92
2021-05-17   231.01 241.33   230.98 241.30     8.50  18.81   230.44 240.76   236.03 246.34   229.76 240.08
2021-05-18   230.16 240.49   230.13 240.46     7.64  17.97   229.59 239.92   235.17 245.50   228.91 239.23
2021-05-19   229.30 239.64   229.27 239.62     6.79  17.13   228.73 239.07   234.31 244.66   228.05 238.39
2021-05-20   228.44 238.80   228.41 238.77     5.93  16.28   227.87 238.23   233.45 243.81   227.19 237.55
2021-05-21   227.58 237.95   227.55 237.92     5.06  15.44   227.01 237.38   232.59 242.96   226.33 236.70
2021-05-22   226.71 237.10   226.68 237.07     4.20  14.59   226.14 236.53   231.73 242.11   225.46 235.85
2021-05-23   225.84 236.25   225.82 236.22     3.33  13.73   225.27 235.68   230.86 241.26   224.59 235.00
2021-05-24   224.97 235.39   224.94 235.37     2.46  12.88   224.40 234.82   229.99 240.41   223.72 234.14
2021-05-25   224.10 234.54   224.07 234.51     1.58  12.02   223.53 233.97   229.11 239.55   222.85 233.28
2021-05-26   223.22 233.68   223.19 233.65     0.71  11.16   222.65 233.11   228.23 238.69   221.97 232.43
2021-05-27   222.34 232.81   222.31 232.79   359.83  10.30   221.77 232.24   227.35 237.83   221.09 231.56
2021-05-28   221.45 231.95   221.43 231.92   358.94   9.44   220.88 231.38   226.47 236.96   220.20 230.70
2021-05-29   220.57 231.08   220.54 231.05   358.05   8.57   220.00 230.51   225.58 236.10   219.31 229.83
2021-05-30   219.67 230.21   219.65 230.18   357.16   7.70   219.10 229.64   224.69 235.23   218.42 228.96
2021-05-31   218.78 229.34   218.75 229.31   356.27   6.82   218.21 228.77   223.79 234.35   217.53 228.08
2021-06-01   217.88 228.46   217.85 228.43   355.37   5.95   217.31 227.89   222.89 233.47   216.63 227.21
2021-06-02   216.98 227.58   216.95 227.55   354.46   5.06   216.41 227.01   221.99 232.59   215.73 226.33
2021-06-03   216.07 226.69   216.04 226.67   353.56   4.18   215.50 226.12   221.08 231.71   214.82 225.44
2021-06-04   215.16 225.80   215.13 225.78   352.65   3.29   214.59 225.23   220.17 230.82   213.91 224.55
2021-06-05   214.24 224.91   214.22 224.89   351.73   2.40   213.67 224.34   219.26 229.93   212.99 223.66
2021-06-06   213.32 224.02   213.30 223.99   350.81   1.50   212.75 223.45   218.34 229.03   212.07 222.77
2021-06-07   212.40 223.12   212.37 223.09   349.89   0.60   211.83 222.55   217.41 228.13   211.15 221.87
2021-06-08   211.47 222.21   211.44 222.19   348.96 359.70   210.90 221.64   216.48 227.23   210.22 220.96
2021-06-09   210.54 221.30   210.51 221.28   348.02 358.79   209.97 220.73   215.55 226.32   209.29 220.05
2021-06-10   209.60 220.39   209.57 220.37   347.09 357.88   209.03 219.82   214.61 225.41   208.35 219.14
2021-06-11   208.66 219.48   208.63 219.45   346.14 356.96   208.09 218.91   213.67 224.49   207.41 218.22
2021-06-12   207.71 218.55   207.68 218.53   345.20 356.04   207.14 217.98   212.72 223.57   206.46 217.30
2021-06-13   206.76 217.63   206.73 217.60   344.25 355.12   206.19 217.06   211.77 222.64   205.51 216.38
2021-06-14   205.80 216.70   205.77 216.67   343.29 354.19   205.23 216.13   210.82 221.71   204.55 215.45
2021-06-15   204.84 215.76   204.81 215.74   342.33 353.25   204.27 215.19   209.85 220.78   203.59 214.51
2021-06-16   203.87 214.82   203.85 214.80   341.36 352.31   203.30 214.25   208.89 219.84   202.62 213.57
2021-06-17   202.90 213.88   202.88 213.85   340.39 351.37   202.33 213.31   207.92 218.90   201.65 212.63
2021-06-18   201.93 212.93   201.90 212.91   339.41 350.42   201.36 212.36   206.94 217.95   200.67 211.68
2021-06-19   200.94 211.98   200.92 211.95   338.43 349.47   200.37 211.41   205.96 216.99   199.69 210.73
2021-06-20   199.96 211.02   199.93 210.99   337.45 348.51   199.39 210.45   204.97 216.03   198.71 209.77
2021-06-21   198.97 210.06   198.94 210.03   336.45 347.54   198.40 209.49   203.98 215.07   197.72 208.80
2021-06-22   197.97 209.09   197.94 209.06   335.46 346.57   197.40 208.52   202.99 214.10   196.72 207.84
2021-06-23   196.97 208.11   196.94 208.09   334.46 345.60   196.40 207.54   201.98 213.13   195.72 206.86
2021-06-24   195.96 207.13   195.94 207.11   333.45 344.62   195.39 206.56   200.98 212.15   194.71 205.88
2021-06-25   194.95 206.15   194.92 206.12   332.44 343.64   194.38 205.58   199.97 211.16   193.70 204.90
2021-06-26   193.93 205.16   193.91 205.13   331.42 342.65   193.36 204.59   198.95 210.18   192.68 203.91
2021-06-27   192.91 204.17   192.89 204.14   330.40 341.65   192.34 203.60   197.93 209.18   191.66 202.92
2021-06-28   191.89 203.17   191.86 203.14   329.37 340.65   191.32 202.60   196.90 208.18   190.64 201.92
2021-06-29   190.86 202.16   190.83 202.14   328.34 339.65   190.29 201.59   195.87 207.18   189.61 200.91
2021-06-30   189.82 201.15   189.79 201.13   327.31 338.64   189.25 200.58   194.84 206.17   188.57 199.90
2021-07-01   188.78 200.14   188.75 200.11   326.27 337.63   188.21 199.57   193.79 205.15   187.53 198.89
2021-07-02   187.73 199.12   187.71 199.09   325.22 336.61   187.16 198.55   192.75 204.13   186.48 197.87
2021-07-03   186.68 198.09   186.66 198.07   324.17 335.58   186.11 197.52   191.70 203.11   185.43 196.84
2021-07-04   185.63 197.06   185.60 197.04   323.12 334.55   185.06 196.49   190.65 202.08   184.38 195.81
2021-07-05   184.57 196.03   184.54 196.00   322.06 333.52   184.00 195.46   189.59 201.05   183.32 194.78
2021-07-06   183.51 194.99   183.48 194.96   321.00 332.48   182.94 194.42   188.52 200.01   182.26 193.74
2021-07-07   182.44 193.95   182.41 193.92   319.93 331.43   181.87 193.38   187.46 198.96   181.19 192.70
2021-07-08   181.37 192.90   181.34 192.87   318.86 330.39   180.80 192.33   186.38 197.91   180.12 191.65
2021-07-09   180.29 191.84   180.27 191.82   317.78 329.33   179.72 191.27   185.31 196.86   179.04 190.59
2021-07-10   179.22 190.79   179.19 190.76   316.70 328.27   178.65 190.22   184.23 195.80   177.96 189.54
2021-07-11   178.13 189.73   178.11 189.70   315.62 327.21   177.56 189.16   183.15 194.74   176.88 188.47
2021-07-12   177.05 188.66   177.02 188.63   314.53 326.15   176.48 188.09   182.06 193.67   175.80 187.41
2021-07-13   175.96 187.59   175.93 187.56   313.44 325.08   175.39 187.02   180.97 192.60   174.71 186.34
2021-07-14   174.86 186.51   174.84 186.49   312.35 324.00   174.29 185.94   179.88 191.53   173.61 185.26
2021-07-15   173.77 185.44   173.74 185.41   311.26 322.92   173.20 184.87   178.78 190.45   172.52 184.19
2021-07-16   172.67 184.35   172.64 184.33   310.16 321.84   172.10 183.78   177.68 189.37   171.42 183.10
2021-07-17   171.57 183.27   171.54 183.24   309.06 320.76   171.00 182.70   176.58 188.28   170.32 182.02
2021-07-18   170.46 182.18   170.44 182.15   307.95 319.67   169.89 181.61   175.48 187.20   169.21 180.93
2021-07-19   169.36 181.09   169.33 181.06   306.85 318.58   168.79 180.52   174.37 186.10   168.11 179.84
2021-07-20   168.25 179.99   168.22 179.97   305.74 317.48   167.68 179.42   173.27 185.01   167.00 178.74
2021-07-21   167.14 178.90   167.11 178.87   304.63 316.38   166.57 178.33   172.16 183.91   165.89 177.64
2021-07-22   166.03 177.79   166.00 177.77   303.52 315.28   165.46 177.22   171.05 182.81   164.78 176.54
2021-07-23   164.92 176.69   164.89 176.67   302.40 314.18   164.35 176.12   169.93 181.71   163.67 175.44
2021-07-24   163.80 175.59   163.78 175.56   301.29 313.07   163.23 175.02   168.82 180.60   162.55 174.34
2021-07-25   162.69 174.48   162.66 174.45   300.18 311.97   162.12 173.91   167.70 179.49   161.44 173.23
2021-07-26   161.57 173.37   161.55 173.34   299.06 310.86   161.00 172.80   166.59 178.39   160.32 172.12
2021-07-27   160.46 172.26   160.43 172.23   297.94 309.75   159.89 171.69   165.47 177.27   159.21 171.01
2021-07-28   159.34 171.15   159.31 171.12   296.83 308.63   158.77 170.58   164.36 176.16   158.09 169.90
2021-07-29   158.22 170.03   158.20 170.01   295.71 307.52   157.65 169.46   163.24 175.05   156.97 168.78
2021-07-30   157.11 168.92   157.08 168.89   294.59 306.41   156.54 168.35   162.12 173.93   155.86 167.67
2021-07-31   155.99 167.80   155.96 167.78   293.48 305.29   155.42 167.23   161.01 172.82   154.74 166.55
2021-08-01   154.88 166.69   154.85 166.66   292.36 304.17   154.31 166.12   159.89 171.70   153.62 165.44
2021-08-02   153.76 165.57   153.73 165.54   291.25 303.06   153.19 165.00   158.78 170.59   152.51 164.32
2021-08-03   152.65 164.45   152.62 164.43   290.13 301.94   152.08 163.88   157.66 169.47   151.40 163.20
2021-08-04   151.53 163.34   151.51 163.31   289.02 300.83   150.96 162.77   156.55 168.35   150.28 162.09
2021-08-05   150.42 162.22   150.40 162.20   287.91 299.71   149.85 161.65   155.44 167.24   149.17 160.97
2021-08-06   149.31 161.11   149.29 161.08   286.80 298.59   148.74 160.54   154.33 166.12   148.06 159.86
2021-08-07   148.21 159.99   148.18 159.96   285.69 297.48   147.64 159.42   153.22 165.01   146.95 158.74
2021-08-08   147.10 158.88   147.07 158.85   284.59 296.36   146.53 158.31   152.11 163.89   145.85 157.63
2021-08-09   146.00 157.76   145.97 157.74   283.48 295.25   145.43 157.19   151.01 162.78   144.74 156.51
2021-08-10   144.89 156.65   144.87 156.63   282.38 294.14   144.32 156.08   149.91 161.67   143.64 155.40
2021-08-11   143.80 155.54   143.77 155.52   281.28 293.03   143.23 154.97   148.81 160.56   142.54 154.29
2021-08-12   142.70 154.43   142.67 154.41   280.19 291.92   142.13 153.86   147.71 159.45   141.45 153.18
2021-08-13   141.61 153.33   141.58 153.30   279.09 290.81   141.04 152.76   146.62 158.34   140.36 152.08
2021-08-14   140.52 152.22   140.49 152.20   278.00 289.71   139.95 151.65   145.53 157.24   139.27 150.97
2021-08-15   139.43 151.12   139.40 151.09   276.92 288.61   138.86 150.55   144.44 156.14   138.18 149.87
2021-08-16   138.35 150.02   138.32 149.99   275.83 287.51   137.78 149.45   143.36 155.04   137.10 148.77
2021-08-17   137.27 148.92   137.24 148.90   274.75 286.41   136.70 148.35   142.28 153.94   136.02 147.67
2021-08-18   136.19 147.83   136.16 147.80   273.68 285.32   135.62 147.26   141.21 152.85   134.94 146.58
2021-08-19   135.12 146.74   135.09 146.71   272.60 284.23   134.55 146.17   140.13 151.75   133.87 145.49
2021-08-20   134.05 145.65   134.02 145.62   271.54 283.14   133.48 145.08   139.06 150.67   132.80 144.40
2021-08-21   132.98 144.57   132.96 144.54   270.47 282.05   132.41 144.00   138.00 149.58   131.73 143.31
2021-08-22   131.92 143.48   131.90 143.46   269.41 280.97   131.35 142.91   136.94 148.50   130.67 142.23
2021-08-23   130.87 142.41   130.84 142.38   268.35 279.89   130.30 141.84   135.88 147.42   129.62 141.15
2021-08-24   129.81 141.33   129.79 141.30   267.30 278.82   129.24 140.76   134.83 146.35   128.56 140.08
2021-08-25   128.77 140.26   128.74 140.23   266.25 277.75   128.20 139.69   133.78 145.28   127.52 139.01
2021-08-26   127.72 139.19   127.70 139.17   265.21 276.68   127.15 138.62   132.74 144.21   126.47 137.94
2021-08-27   126.68 138.13   126.66 138.10   264.17 275.62   126.11 137.56   131.70 143.15   125.43 136.88
2021-08-28   125.65 137.07   125.62 137.05   263.14 274.56   125.08 136.50   130.67 142.09   124.40 135.82
2021-08-29   124.62 136.02   124.59 135.99   262.11 273.50   124.05 135.45   129.64 141.03   123.37 134.77
2021-08-30   123.60 134.97   123.57 134.94   261.08 272.45   123.03 134.40   128.61 139.98   122.34 133.72
2021-08-31   122.57 133.92   122.55 133.89   260.06 271.41   122.00 133.35   127.59 138.94   121.32 132.67
2021-09-01   121.56 132.88   121.53 132.85   259.05 270.37   120.99 132.31   126.57 137.89   120.31 131.63
2021-09-02   120.55 131.84   120.52 131.81   258.04 269.33   119.98 131.27   125.56 136.86   119.30 130.59
2021-09-03   119.54 130.81   119.51 130.78   257.03 268.30   118.97 130.24   124.56 135.82   118.29 129.56
2021-09-04   118.54 129.78   118.51 129.75   256.03 267.27   117.97 129.21   123.56 134.79   117.29 128.53
2021-09-05   117.54 128.76   117.52 128.73   255.03 266.24   116.97 128.19   122.56 133.77   116.29 127.50
2021-09-06   116.55 127.74   116.52 127.71   254.04 265.22   115.98 127.17   121.57 132.75   115.30 126.49
2021-09-07   115.56 126.72   115.54 126.69   253.05 264.21   114.99 126.15   120.58 131.74   114.31 125.47
2021-09-08   114.58 125.71   114.55 125.68   252.07 263.20   114.01 125.14   119.60 130.73   113.33 124.46
2021-09-09   113.60 124.71   113.58 124.68   251.09 262.19   113.03 124.14   118.62 129.72   112.35 123.45
2021-09-10   112.63 123.70   112.60 123.68   250.12 261.19   112.06 123.13   117.64 128.72   111.38 122.45
2021-09-11   111.66 122.71   111.63 122.68   249.15 260.20   111.09 122.14   116.68 127.72   110.41 121.46
2021-09-12   110.70 121.72   110.67 121.69   248.18 259.20   110.13 121.15   115.71 126.73   109.45 120.47
2021-09-13   109.74 120.73   109.71 120.70   247.22 258.22   109.17 120.16   114.75 125.74   108.49 119.48
2021-09-14   108.78 119.75   108.75 119.72   246.27 257.23   108.21 119.18   113.80 124.76   107.53 118.50
2021-09-15   107.83 118.77   107.80 118.74   245.32 256.26   107.26 118.20   112.85 123.78   106.58 117.52
2021-09-16   106.88 117.80   106.86 117.77   244.37 255.28   106.31 117.23   111.90 122.81   105.63 116.54
2021-09-17   105.94 116.83   105.91 116.80   243.43 254.31   105.37 116.26   110.96 121.84   104.69 115.58
2021-09-18   105.00 115.86   104.98 115.84   242.49 253.35   104.43 115.29   110.02 120.88   103.75 114.61
2021-09-19   104.07 114.90   104.04 114.88   241.56 252.39   103.50 114.33   109.08 119.92   102.82 113.65
2021-09-20   103.14 113.95   103.11 113.92   240.63 251.43   102.57 113.38   108.15 118.96   101.89 112.70
2021-09-21   102.21 112.99   102.19 112.97   239.70 250.48   101.64 112.42   107.23 118.01   100.96 111.74
2021-09-22   101.29 112.05   101.26 112.02   238.78 249.53   100.72 111.48   106.31 117.06   100.04 110.80
2021-09-23   100.37 111.10   100.35 111.08   237.86 248.59    99.80 110.53   105.39 116.12    99.12 109.85
2021-09-24    99.46 110.16    99.43 110.14   236.95 247.65    98.89 109.59   104.47 115.18    98.21 108.91
2021-09-25    98.55 109.23    98.52 109.20   236.03 246.72    97.98 108.66   103.56 114.24    97.30 107.98
2021-09-26    97.64 108.30    97.61 108.27   235.13 245.79    97.07 107.73   102.66 113.31    96.39 107.05
2021-09-27    96.74 107.37    96.71 107.34   234.22 244.86    96.17 106.80   101.75 112.39    95.49 106.12
2021-09-28    95.84 106.45    95.81 106.42   233.32 243.94    95.27 105.88   100.85 111.46    94.58 105.20
2021-09-29    94.94 105.53    94.91 105.50   232.43 243.02    94.37 104.96    99.95 110.54    93.69 104.28
2021-09-30    94.04 104.61    94.02 104.59   231.53 242.10    93.47 104.04    99.06 109.63    92.79 103.36
2021-10-01    93.15 103.70    93.13 103.67   230.64 241.19    92.58 103.13    98.17 108.71    91.90 102.45
2021-10-02    92.26 102.79    92.24 102.76   229.75 240.28    91.69 102.22    97.28 107.80    91.01 101.54
2021-10-03    91.38 101.88    91.35 101.86   228.87 239.37    90.81 101.31    96.39 106.90    90.13 100.63
2021-10-04    90.50 100.98    90.47 100.95   227.98 238.47    89.93 100.41    95.51 106.00    89.24  99.73
2021-10-05    89.62 100.08    89.59 100.05   227.10 237.57    89.05  99.51    94.63 105.10    88.36  98.83
2021-10-06    88.74  99.18    88.71  99.16   226.22 236.67    88.17  98.61    93.75 104.20    87.49  97.93
2021-10-07    87.86  98.29    87.84  98.26   225.35 235.78    87.29  97.72    92.88 103.31    86.61  97.04
2021-10-08    86.99  97.40    86.96  97.37   224.48 234.89    86.42  96.83    92.00 102.42    85.74  96.15
2021-10-09    86.12  96.51    86.09  96.49   223.60 234.00    85.55  95.94    91.13 101.53    84.87  95.26
2021-10-10    85.25  95.63    85.22  95.60   222.73 233.11    84.68  95.06    90.26 100.64    84.00  94.38
2021-10-11    84.38  94.74    84.35  94.72   221.87 232.23    83.81  94.17    89.39  99.76    83.13  93.49
2021-10-12    83.51  93.86    83.49  93.84   221.00 231.35    82.94  93.29    88.53  98.88    82.26  92.61
2021-10-13    82.65  92.98    82.62  92.96   220.14 230.47    82.08  92.41    87.66  98.00    81.40  91.73
2021-10-14    81.79  92.11    81.76  92.08   219.27 229.59    81.22  91.54    86.80  97.12    80.54  90.86
2021-10-15    80.93  91.23    80.90  91.21   218.41 228.72    80.36  90.66    85.94  96.25    79.67  89.98
2021-10-16    80.06  90.36    80.04  90.33   217.55 227.85    79.49  89.79    85.08  95.38    78.81  89.11
2021-10-17    79.21  89.49    79.18  89.46   216.69 226.98    78.64  88.92    84.22  94.50    77.95  88.24
2021-10-18    78.35  88.62    78.32  88.59   215.83 226.11    77.78  88.05    83.36  93.64    77.10  87.37
2021-10-19    77.49  87.75    77.46  87.73   214.98 225.24    76.92  87.18    82.50  92.77    76.24  86.50
2021-10-20    76.63  86.89    76.61  86.86   214.12 224.37    76.06  86.32    81.65  91.90    75.38  85.64
2021-10-21    75.78  86.02    75.75  86.00   213.26 223.51    75.21  85.45    80.79  91.04    74.53  84.77
2021-10-22    74.92  85.16    74.89  85.13   212.41 222.65    74.35  84.59    79.94  90.17    73.67  83.91
2021-10-23    74.06  84.30    74.04  84.27   211.55 221.78    73.49  83.73    79.08  89.31    72.81  83.04
2021-10-24    73.21  83.43    73.18  83.41   210.70 220.92    72.64  82.86    78.22  88.45    71.96  82.18
2021-10-25    72.35  82.57    72.33  82.55   209.84 220.06    71.78  82.00    77.37  87.59    71.10  81.32
2021-10-26    71.50  81.71    71.47  81.69   208.99 219.20    70.93  81.14    76.51  86.73    70.25  80.46
2021-10-27    70.64  80.85    70.62  80.83   208.13 218.34    70.07  80.28    75.66  85.87    69.39  79.60
2021-10-28    69.79  79.99    69.76  79.97   207.27 217.48    69.22  79.42    74.80  85.01    68.54  78.74
2021-10-29    68.93  79.13    68.90  79.11   206.42 216.62    68.36  78.56    73.94  84.15    67.68  77.88
2021-10-30    68.07  78.27    68.05  78.25   205.56 215.76    67.50  77.70    73.09  83.29    66.82  77.02
2021-10-31    67.21  77.41    67.19  77.39   204.70 214.90    66.64  76.84    72.23  82.43    65.96  76.16
2021-11-01    66.35  76.55    66.33  76.53   203.84 214.04    65.78  75.98    71.37  81.57    65.10  75.30
2021-11-02    65.49  75.70    65.47  75.67   202.98 213.18    64.92  75.13    70.51  80.71    64.24  74.44
2021-11-03    64.63  74.83    64.61  74.81   202.12 212.32    64.06  74.26    69.65  79.85    63.38  73.58
2021-11-04    63.77  73.97    63.74  73.95   201.26 211.46    63.20  73.40    68.79  78.99    62.52  72.72
2021-11-05    62.91  73.11    62.88  73.09   200.39 210.60    62.34  72.54    67.92  78.13    61.66  71.86
2021-11-06    62.06  72.23    62.03  72.21   199.55 209.72    61.49  71.66    67.07  77.25    60.81  70.98
2021-11-07    61.51  71.06    61.48  71.03   198.99 208.54    60.94  70.49    66.52  76.07    60.25  69.81
2021-11-08    60.95  69.88    60.92  69.85   198.44 207.37    60.38  69.31    65.96  74.89    59.70  68.63
2021-11-09    60.39  68.70    60.37  68.67   197.88 206.19    59.82  68.13    65.41  73.71    59.14  67.45
2021-11-10    59.83  67.52    59.81  67.49   197.32 205.01    59.26  66.95    64.85  72.53    58.58  66.27
2021-11-11    59.27  66.34    59.24  66.31   196.76 203.83    58.70  65.77    64.28  71.35    58.02  65.09

2022-04-19   256.34 263.34   256.32 263.31    33.83  40.82   255.77 262.77   261.36 268.35   255.09 262.09
2022-04-20   255.20 262.80   255.17 262.77    32.68  40.28   254.63 262.23   260.21 267.81   253.95 261.55
2022-04-21   254.05 262.26   254.03 262.23    31.54  39.75   253.48 261.69   259.07 267.28   252.80 261.01
2022-04-22   252.91 261.72   252.88 261.70    30.40  39.21   252.34 261.15   257.93 266.74   251.66 260.47
2022-04-23   251.77 261.19   251.74 261.16    29.26  38.68   251.20 260.62   256.78 266.21   250.52 259.94
2022-04-24   250.63 260.66   250.60 260.63    28.11  38.15   250.06 260.09   255.64 265.67   249.38 259.41
2022-04-25   249.70 259.91   249.68 259.88    27.19  37.40   249.13 259.34   254.72 264.93   248.45 258.66
2022-04-26   248.87 259.07   248.84 259.05    26.36  36.56   248.30 258.50   253.88 264.09   247.62 257.82
2022-04-27   248.04 258.24   248.01 258.21    25.52  35.73   247.47 257.67   253.05 263.25   246.79 256.99
2022-04-28   247.20 257.40   247.18 257.38    24.69  34.89   246.63 256.83   252.22 262.42   245.95 256.15
2022-04-29   246.37 256.57   246.34 256.54    23.86  34.06   245.80 256.00   251.39 261.59   245.12 255.32
2022-04-30   245.54 255.74   245.51 255.71    23.02  33.22   244.97 255.17   250.55 260.75   244.29 254.49
2022-05-01   244.70 254.90   244.68 254.88    22.19  32.39   244.13 254.33   249.72 259.92   243.45 253.65
2022-05-02   243.87 254.07   243.84 254.05    21.36  31.56   243.30 253.50   248.89 259.09   242.62 252.82
2022-05-03   243.04 253.24   243.01 253.21    20.52  30.73   242.47 252.67   248.05 258.26   241.79 251.99
2022-05-04   242.20 252.41   242.18 252.38    19.69  29.90   241.63 251.84   247.22 257.42   240.95 251.16
2022-05-05   241.37 251.58   241.34 251.55    18.85  29.07   240.80 251.01   246.38 256.59   240.12 250.33
2022-05-06   240.53 250.75   240.50 250.72    18.02  28.23   239.96 250.18   245.55 255.76   239.28 249.50
2022-05-07   239.69 249.91   239.67 249.89    17.18  27.40   239.12 249.34   244.71 254.93   238.44 248.66
2022-05-08   238.86 249.08   238.83 249.06    16.34  26.57   238.29 248.51   243.87 254.10   237.60 247.83
2022-05-09   238.02 248.25   237.99 248.22    15.50  25.74   237.45 247.68   243.03 253.27   236.77 247.00
2022-05-10   237.18 247.42   237.15 247.39    14.66  24.90   236.61 246.85   242.19 252.43   235.92 246.17
2022-05-11   236.33 246.58   236.31 246.56    13.82  24.07   235.76 246.01   241.35 251.60   235.08 245.33
2022-05-12   235.49 245.75   235.46 245.72    12.98  23.24   234.92 245.18   240.51 250.76   234.24 244.50
2022-05-13   234.64 244.91   234.62 244.89    12.13  22.40   234.07 244.34   239.66 249.93   233.39 243.66
2022-05-14   233.80 244.08   233.77 244.05    11.28  21.56   233.23 243.51   238.81 249.09   232.55 242.82
2022-05-15   232.95 243.24   232.92 243.21    10.44  20.72   232.38 242.67   237.96 248.25   231.70 241.99
2022-05-16   232.10 242.40   232.07 242.37     9.58  19.89   231.53 241.83   237.11 247.41   230.85 241.15
2022-05-17   231.24 241.56   231.22 241.53     8.73  19.04   230.67 240.99   236.26 246.57   229.99 240.31
2022-05-18   230.39 240.71   230.36 240.69     7.88  18.20   229.82 240.14   235.40 245.73   229.14 239.46
2022-05-19   229.53 239.87   229.50 239.84     7.02  17.36   228.96 239.30   234.55 244.88   228.28 238.62
2022-05-20   228.67 239.02   228.64 239.00     6.16  16.51   228.10 238.45   233.68 244.04   227.42 237.77
2022-05-21   227.81 238.17   227.78 238.15     5.29  15.66   227.24 237.60   232.82 243.19   226.56 236.92
2022-05-22   226.94 237.32   226.91 237.30     4.43  14.81   226.37 236.75   231.95 242.34   225.69 236.07
2022-05-23   226.07 236.47   226.04 236.45     3.56  13.96   225.50 235.90   231.09 241.49   224.82 235.22
2022-05-24   225.20 235.62   225.17 235.59     2.69  13.10   224.63 235.05   230.21 240.63   223.95 234.37
2022-05-25   224.32 234.76   224.30 234.73     1.81  12.25   223.75 234.19   229.34 239.77   223.07 233.51
2022-05-26   223.45 233.90   223.42 233.87     0.93  11.39   222.88 233.33   228.46 238.91   222.19 232.65
2022-05-27   222.56 233.04   222.54 233.01     0.05  10.52   221.99 232.47   227.58 238.05   221.31 231.78
2022-05-28   221.68 232.17   221.65 232.14   359.17   9.66   221.11 231.60   226.69 237.19   220.43 230.92
2022-05-29   220.79 231.30   220.76 231.27   358.28   8.79   220.22 230.73   225.80 236.32   219.54 230.05
2022-05-30   219.90 230.43   219.87 230.40   357.38   7.92   219.33 229.86   224.91 235.44   218.65 229.18
2022-05-31   219.00 229.55   218.97 229.53   356.49   7.04   218.43 228.98   224.02 234.57   217.75 228.30
2022-06-01   218.10 228.68   218.07 228.65   355.59   6.16   217.53 228.11   223.12 233.69   216.85 227.42
2022-06-02   217.20 227.79   217.17 227.77   354.68   5.28   216.63 227.22   222.21 232.81   215.95 226.54
2022-06-03   216.29 226.91   216.26 226.88   353.78   4.40   215.72 226.34   221.30 231.92   215.04 225.66
2022-06-04   215.38 226.02   215.35 225.99   352.86   3.51   214.81 225.45   220.39 231.03   214.13 224.77
2022-06-05   214.46 225.13   214.43 225.10   351.95   2.61   213.89 224.56   219.48 230.14   213.21 223.88
2022-06-06   213.54 224.23   213.51 224.20   351.03   1.72   212.97 223.66   218.56 229.24   212.29 222.98
2022-06-07   212.62 223.33   212.59 223.30   350.10   0.82   212.05 222.76   217.63 228.34   211.36 222.08
2022-06-08   211.69 222.42   211.66 222.40   349.17 359.91   211.12 221.85   216.70 227.44   210.44 221.17
2022-06-09   210.75 221.52   210.73 221.49   348.24 359.00   210.18 220.95   215.77 226.53   209.50 220.26
2022-06-10   209.81 220.60   209.79 220.58   347.30 358.09   209.24 220.03   214.83 225.62   208.56 219.35
2022-06-11   208.87 219.69   208.84 219.66   346.36 357.17   208.30 219.12   213.89 224.70   207.62 218.43
2022-06-12   207.92 218.76   207.90 218.74   345.41 356.25   207.35 218.19   212.94 223.78   206.67 217.51
2022-06-13   206.97 217.84   206.94 217.81   344.46 355.33   206.40 217.27   211.99 222.85   205.72 216.59
2022-06-14   206.01 216.91   205.99 216.88   343.50 354.39   205.44 216.34   211.03 221.92   204.76 215.66
2022-06-15   205.05 215.97   205.02 215.95   342.54 353.46   204.48 215.40   210.07 220.99   203.80 214.72
2022-06-16   204.08 215.03   204.06 215.01   341.57 352.52   203.51 214.46   209.10 220.05   202.83 213.78
2022-06-17   203.11 214.09   203.09 214.06   340.60 351.57   202.54 213.52   208.13 219.10   201.86 212.84
2022-06-18   202.14 213.14   202.11 213.11   339.62 350.62   201.57 212.57   207.15 218.15   200.88 211.89
2022-06-19   201.15 212.18   201.13 212.16   338.64 349.67   200.58 211.61   206.17 217.20   199.90 210.93
2022-06-20   200.17 211.22   200.14 211.20   337.65 348.71   199.60 210.65   205.18 216.24   198.92 209.97
2022-06-21   199.17 210.26   199.15 210.23   336.66 347.75   198.60 209.69   204.19 215.27   197.92 209.01
2022-06-22   198.18 209.29   198.15 209.26   335.67 346.78   197.61 208.72   203.19 214.30   196.93 208.04
2022-06-23   197.18 208.32   197.15 208.29   334.66 345.80   196.61 207.75   202.19 213.33   195.93 207.06
2022-06-24   196.17 207.34   196.14 207.31   333.66 344.82   195.60 206.77   201.18 212.35   194.92 206.09
2022-06-25   195.16 206.35   195.13 206.33   332.64 343.84   194.59 205.78   200.17 211.37   193.91 205.10
2022-06-26   194.14 205.36   194.11 205.34   331.63 342.85   193.57 204.79   199.16 210.38   192.89 204.11
2022-06-27   193.12 204.37   193.09 204.34   330.61 341.86   192.55 203.80   198.13 209.38   191.87 203.12
2022-06-28   192.09 203.37   192.07 203.34   329.58 340.86   191.52 202.80   197.11 208.38   190.84 202.12
2022-06-29   191.06 202.36   191.03 202.34   328.55 339.85   190.49 201.79   196.08 207.38   189.81 201.11
2022-06-30   190.03 201.35   190.00 201.33   327.51 338.84   189.46 200.78   195.04 206.37   188.77 200.10
2022-07-01   188.98 200.34   188.96 200.31   326.47 337.83   188.41 199.77   194.00 205.35   187.73 199.09
2022-07-02   187.94 199.32   187.91 199.29   325.43 336.81   187.37 198.75   192.95 204.33   186.69 198.07
2022-07-03   186.89 198.30   186.86 198.27   324.38 335.78   186.32 197.73   191.90 203.31   185.64 197.04
2022-07-04   185.84 197.27   185.81 197.24   323.32 334.75   185.27 196.70   190.85 202.28   184.58 196.02
2022-07-05   184.78 196.23   184.75 196.21   322.26 333.72   184.21 195.66   189.79 201.25   183.53 194.98
2022-07-06   183.71 195.19   183.69 195.17   321.20 332.68   183.14 194.62   188.73 200.21   182.46 193.94
2022-07-07   182.65 194.15   182.62 194.12   320.13 331.64   182.08 193.58   187.66 199.16   181.40 192.90
2022-07-08   181.58 193.10   181.55 193.07   319.06 330.59   181.01 192.53   186.59 198.12   180.33 191.85
2022-07-09   180.50 192.05   180.47 192.02   317.99 329.54   179.93 191.48   185.52 197.06   179.25 190.80
2022-07-10   179.42 190.99   179.40 190.96   316.91 328.48   178.85 190.42   184.44 196.01   178.17 189.74
2022-07-11   178.34 189.93   178.31 189.90   315.83 327.42   177.77 189.36   183.36 194.95   177.09 188.68
2022-07-12   177.26 188.86   177.23 188.84   314.74 326.35   176.69 188.29   182.27 193.88   176.00 187.61
2022-07-13   176.17 187.80   176.14 187.77   313.65 325.28   175.60 187.23   181.18 192.81   174.92 186.54
2022-07-14   175.08 186.72   175.05 186.70   312.56 324.21   174.51 186.15   180.09 191.74   173.82 185.47
2022-07-15   173.98 185.65   173.95 185.62   311.47 323.13   173.41 185.08   179.00 190.66   172.73 184.39
2022-07-16   172.88 184.56   172.86 184.54   310.37 322.05   172.31 183.99   177.90 189.58   171.63 183.31
2022-07-17   171.78 183.48   171.76 183.45   309.27 320.97   171.21 182.91   176.80 188.50   170.53 182.23
2022-07-18   170.68 182.39   170.65 182.37   308.17 319.88   170.11 181.82   175.70 187.41   169.43 181.14
2022-07-19   169.58 181.30   169.55 181.28   307.06 318.79   169.01 180.73   174.59 186.32   168.33 180.05
2022-07-20   168.47 180.21   168.44 180.18   305.96 317.70   167.90 179.64   173.49 185.22   167.22 178.96
2022-07-21   167.36 179.11   167.34 179.09   304.85 316.60   166.79 178.54   172.38 184.13   166.11 177.86
2022-07-22   166.25 178.01   166.23 177.99   303.74 315.50   165.68 177.44   171.27 183.03   165.00 176.76
2022-07-23   165.14 176.91   165.11 176.89   302.63 314.40   164.57 176.34   170.16 181.93   163.89 175.66
2022-07-24   164.03 175.81   164.00 175.78   301.52 313.30   163.46 175.24   169.04 180.82   162.78 174.56
2022-07-25   162.92 174.70   162.89 174.68   300.40 312.19   162.35 174.13   167.93 179.72   161.67 173.45
2022-07-26   161.80 173.60   161.78 173.57   299.29 311.08   161.23 173.03   166.82 178.61   160.55 172.35
2022-07-27   160.69 172.49   160.66 172.46   298.17 309.98   160.12 171.92   165.70 177.50   159.44 171.24
2022-07-28   159.57 171.38   159.55 171.35   297.06 308.86   159.00 170.81   164.59 176.39   158.32 170.13
2022-07-29   158.46 170.27   158.43 170.24   295.95 307.75   157.89 169.70   163.47 175.28   157.21 169.02
2022-07-30   157.34 169.15   157.32 169.13   294.83 306.64   156.77 168.58   162.36 174.17   156.09 167.90
2022-07-31   156.23 168.04   156.20 168.01   293.72 305.53   155.66 167.47   161.24 173.06   154.98 166.79
2022-08-01   155.12 166.93   155.09 166.90   292.60 304.41   154.55 166.36   160.13 171.94   153.86 165.68
2022-08-02   154.00 165.81   153.98 165.79   291.49 303.30   153.43 165.24   159.02 170.83   152.75 164.56
2022-08-03   152.89 164.70   152.86 164.67   290.38 302.18   152.32 164.13   157.91 169.71   151.64 163.45
2022-08-04   151.78 163.58   151.75 163.56   289.27 301.07   151.21 163.01   156.80 168.60   150.53 162.33
2022-08-05   150.67 162.47   150.64 162.44   288.16 299.96   150.10 161.90   155.69 167.48   149.42 161.22
2022-08-06   149.56 161.36   149.54 161.33   287.05 298.84   148.99 160.79   154.58 166.37   148.31 160.10
2022-08-07   148.46 160.24   148.43 160.22   285.94 297.73   147.89 159.67   153.47 165.26   147.21 158.99
2022-08-08   147.35 159.13   147.33 159.10   284.84 296.62   146.78 158.56   152.37 164.15   146.10 157.88
2022-08-09   146.25 158.02   146.22 157.99   283.74 295.51   145.68 157.45   151.27 163.03   145.00 156.77
2022-08-10   145.15 156.91   145.12 156.88   282.64 294.40   144.58 156.34   150.17 161.92   143.90 155.66
2022-08-11   144.05 155.80   144.03 155.77   281.54 293.29   143.48 155.23   149.07 160.82   142.80 154.55
2022-08-12   142.96 154.69   142.93 154.67   280.45 292.18   142.39 154.12   147.97 159.71   141.71 153.44
2022-08-13   141.87 153.59   141.84 153.56   279.36 291.08   141.30 153.02   146.88 158.61   140.62 152.34
2022-08-14   140.78 152.49   140.75 152.46   278.27 289.97   140.21 151.92   145.79 157.50   139.53 151.24
2022-08-15   139.69 151.39   139.67 151.36   277.18 288.87   139.12 150.82   144.71 156.40   138.44 150.14
2022-08-16   138.61 150.29   138.59 150.26   276.10 287.78   138.04 149.72   143.63 155.30   137.36 149.04
2022-08-17   137.53 149.19   137.51 149.17   275.02 286.68   136.96 148.62   142.55 154.21   136.28 147.94
2022-08-18   136.46 148.10   136.43 148.07   273.95 285.59   135.89 147.53   141.47 153.12   135.21 146.85
2022-08-19   135.39 147.01   135.36 146.98   272.87 284.50   134.82 146.44   140.40 152.03   134.14 145.76
2022-08-20   134.32 145.92   134.29 145.90   271.81 283.41   133.75 145.35   139.34 150.94   133.07 144.67
2022-08-21   133.26 144.84   133.23 144.81   270.74 282.33   132.69 144.27   138.27 149.86   132.01 143.59
2022-08-22   132.20 143.76   132.17 143.73   269.68 281.25   131.63 143.19   137.21 148.78   130.95 142.51
2022-08-23   131.14 142.68   131.12 142.66   268.63 280.17   130.57 142.11   136.16 147.70   129.89 141.43
2022-08-24   130.09 141.61   130.06 141.58   267.58 279.10   129.52 141.04   135.11 146.63   128.84 140.36
2022-08-25   129.04 140.54   129.02 140.51   266.53 278.03   128.47 139.97   134.06 145.56   127.79 139.29
2022-08-26   128.00 139.48   127.97 139.45   265.49 276.96   127.43 138.91   133.02 144.49   126.75 138.22
2022-08-27   126.96 138.41   126.94 138.39   264.45 275.90   126.39 137.84   131.98 143.43   125.71 137.16
2022-08-28   125.93 137.36   125.90 137.33   263.42 274.84   125.36 136.79   130.94 142.37   124.68 136.10
2022-08-29   124.90 136.30   124.87 136.27   262.39 273.79   124.33 135.73   129.92 141.32   123.65 135.05
2022-08-30   123.88 135.25   123.85 135.23   261.36 272.74   123.31 134.68   128.89 140.27   122.62 134.00
2022-08-31   122.86 134.21   122.83 134.18   260.34 271.69   122.29 133.64   127.87 139.22   121.60 132.96
2022-09-01   121.84 133.17   121.81 133.14   259.33 270.65   121.27 132.60   126.86 138.18   120.59 131.91
2022-09-02   120.83 132.13   120.80 132.10   258.32 269.62   120.26 131.56   125.84 137.14   119.58 130.88
2022-09-03   119.82 131.10   119.80 131.07   257.31 268.58   119.25 130.53   124.84 136.11   118.57 129.84
2022-09-04   118.82 130.07   118.80 130.04   256.31 267.56   118.25 129.50   123.84 135.08   117.57 128.82
2022-09-05   117.83 129.04   117.80 129.02   255.31 266.53   117.26 128.47   122.84 134.06   116.58 127.79
2022-09-06   116.83 128.03   116.81 128.00   254.32 265.51   116.26 127.46   121.85 133.04   115.58 126.77
2022-09-07   115.85 127.01   115.82 126.98   253.33 264.50   115.28 126.44   120.86 132.03   114.60 125.76
2022-09-08   114.86 126.00   114.84 125.97   252.35 263.49   114.29 125.43   119.88 131.02   113.61 124.75
2022-09-09   113.89 125.00   113.86 124.97   251.37 262.48   113.32 124.43   118.90 130.01   112.64 123.74
2022-09-10   112.91 123.99   112.89 123.97   250.40 261.48   112.34 123.42   117.93 129.01   111.66 122.74
2022-09-11   111.94 123.00   111.92 122.97   249.43 260.49   111.37 122.43   116.96 128.01   110.69 121.75
2022-09-12   110.98 122.01   110.95 121.98   248.47 259.49   110.41 121.44   115.99 127.02   109.73 120.76
2022-09-13   110.02 121.02   109.99 120.99   247.51 258.51   109.45 120.45   115.03 126.04   108.77 119.77
2022-09-14   109.06 120.04   109.04 120.01   246.55 257.52   108.49 119.47   114.08 125.05   107.81 118.79
2022-09-15   108.11 119.06   108.09 119.03   245.60 256.55   107.54 118.49   113.13 124.07   106.86 117.81
2022-09-16   107.17 118.09   107.14 118.06   244.65 255.57   106.60 117.52   112.18 123.10   105.92 116.83
2022-09-17   106.22 117.12   106.20 117.09   243.71 254.60   105.65 116.55   111.24 122.13   104.97 115.87
2022-09-18   105.29 116.15   105.26 116.12   242.77 253.64   104.72 115.58   110.30 121.17   104.03 114.90
2022-09-19   104.35 115.19   104.32 115.16   241.84 252.68   103.78 114.62   109.37 120.21   103.10 113.94
2022-09-20   103.42 114.23   103.39 114.21   240.91 251.72   102.85 113.66   108.44 119.25   102.17 112.98
2022-09-21   102.49 113.28   102.47 113.26   239.98 250.77   101.92 112.71   107.51 118.30   101.24 112.03
2022-09-22   101.57 112.33   101.55 112.31   239.06 249.82   101.00 111.76   106.59 117.35   100.32 111.08
2022-09-23   100.65 111.39   100.63 111.36   238.14 248.88   100.08 110.82   105.67 116.41    99.40 110.14
2022-09-24    99.74 110.45    99.71 110.42   237.23 247.94    99.17 109.88   104.75 115.47    98.49 109.20
2022-09-25    98.83 109.52    98.80 109.49   236.31 247.00    98.26 108.95   103.84 114.53    97.58 108.26
2022-09-26    97.92 108.58    97.89 108.56   235.41 246.07    97.35 108.01   102.93 113.60    96.67 107.33
2022-09-27    97.01 107.66    96.99 107.63   234.50 245.14    96.44 107.09   102.03 112.67    95.76 106.40
2022-09-28    96.11 106.73    96.09 106.70   233.60 244.22    95.54 106.16   101.13 111.75    94.86 105.48
2022-09-29    95.21 105.81    95.19 105.78   232.70 243.30    94.64 105.24   100.23 110.83    93.96 104.56
2022-09-30    94.32 104.89    94.29 104.87   231.81 242.38    93.75 104.32    99.34 109.91    93.07 103.64
2022-10-01    93.43 103.98    93.40 103.95   230.92 241.47    92.86 103.41    98.44 109.00    92.18 102.73
2022-10-02    92.54 103.07    92.51 103.04   230.03 240.56    91.97 102.50    97.55 108.09    91.29 101.82
2022-10-03    91.65 102.16    91.63 102.14   229.14 239.65    91.08 101.59    96.67 107.18    90.40 100.91
2022-10-04    90.77 101.26    90.74 101.23   228.26 238.75    90.20 100.69    95.78 106.27    89.52 100.01
2022-10-05    89.89 100.36    89.86 100.33   227.37 237.85    89.32  99.79    94.90 105.37    88.64  99.11
2022-10-06    89.01  99.46    88.98  99.43   226.50 236.95    88.44  98.89    94.02 104.48    87.76  98.21
2022-10-07    88.13  98.57    88.11  98.54   225.62 236.05    87.56  98.00    93.15 103.58    86.88  97.32
2022-10-08    87.26  97.67    87.23  97.65   224.74 235.16    86.69  97.10    92.27 102.69    86.01  96.42
2022-10-09    86.38  96.79    86.36  96.76   223.87 234.27    85.81  96.22    91.40 101.80    85.13  95.53
2022-10-10    85.51  95.90    85.49  95.87   223.00 233.39    84.94  95.33    90.53 100.91    84.26  94.65
2022-10-11    84.65  95.01    84.62  94.99   222.13 232.50    84.08  94.44    89.66 100.03    83.40  93.76
2022-10-12    83.78  94.13    83.75  94.11   221.27 231.62    83.21  93.56    88.79  99.15    82.53  92.88
2022-10-13    82.91  93.25    82.89  93.23   220.40 230.74    82.34  92.68    87.93  98.27    81.66  92.00
2022-10-14    82.05  92.37    82.02  92.35   219.54 229.86    81.48  91.80    87.07  97.39    80.80  91.12
2022-10-15    81.19  91.50    81.16  91.47   218.67 228.99    80.62  90.93    86.20  96.51    79.94  90.25
2022-10-16    80.33  90.63    80.30  90.60   217.81 228.11    79.76  90.06    85.34  95.64    79.08  89.37
2022-10-17    79.47  89.75    79.44  89.73   216.95 227.24    78.90  89.18    84.48  94.77    78.21  88.50
2022-10-18    78.61  88.88    78.58  88.86   216.09 226.37    78.04  88.31    83.62  93.90    77.36  87.63
2022-10-19    77.75  88.01    77.72  87.99   215.23 225.50    77.18  87.44    82.76  93.03    76.50  86.76
2022-10-20    76.89  87.15    76.86  87.12   214.38 224.63    76.32  86.58    81.90  92.16    75.64  85.90
2022-10-21    76.03  86.28    76.01  86.25   213.52 223.77    75.46  85.71    81.05  91.30    74.78  85.03
2022-10-22    75.18  85.41    75.15  85.39   212.66 222.90    74.61  84.84    80.19  90.43    73.92  84.16
2022-10-23    74.32  84.55    74.29  84.52   211.81 222.04    73.75  83.98    79.33  89.57    73.07  83.30
2022-10-24    73.46  83.69    73.44  83.66   210.95 221.18    72.89  83.12    78.48  88.70    72.21  82.44
2022-10-25    72.61  82.83    72.58  82.80   210.09 220.31    72.04  82.26    77.62  87.84    71.35  81.57
2022-10-26    71.75  81.96    71.72  81.94   209.24 219.45    71.18  81.39    76.76  86.98    70.50  80.71
2022-10-27    70.89  81.10    70.87  81.08   208.38 218.59    70.32  80.53    75.91  86.12    69.64  79.85
2022-10-28    70.03  80.24    70.01  80.21   207.52 217.73    69.46  79.67    75.05  85.26    68.78  78.99
2022-10-29    69.18  79.38    69.15  79.35   206.66 216.87    68.61  78.81    74.19  84.40    67.93  78.13
2022-10-30    68.32  78.52    68.29  78.49   205.81 216.01    67.75  77.95    73.33  83.54    67.07  77.27
2022-10-31    67.46  77.66    67.43  77.63   204.95 215.15    66.89  77.09    72.47  82.67    66.21  76.41
2022-11-01    66.60  76.80    66.57  76.77   204.09 214.29    66.03  76.23    71.61  81.81    65.35  75.55
2022-11-02    65.74  75.94    65.71  75.91   203.22 213.43    65.17  75.37    70.75  80.95    64.49  74.69
2022-11-03    64.88  75.08    64.85  75.05   202.36 212.56    64.31  74.51    69.89  80.09    63.62  73.83
2022-11-04    64.01  74.21    63.98  74.19   201.50 211.70    63.44  73.64    69.03  79.23    62.76  72.96
2022-11-05    63.15  73.35    63.12  73.33   200.63 210.84    62.58  72.78    68.16  78.37    61.90  72.10
2022-11-06    62.28  72.49    62.25  72.46   199.77 209.98    61.71  71.92    67.29  77.50    61.03  71.24
2022-11-07    61.65  71.39    61.62  71.36   199.14 208.87    61.08  70.82    66.66  76.40    60.40  70.14
2022-11-08    61.09  70.21    61.07  70.18   198.58 207.70    60.52  69.64    66.11  75.22    59.84  68.96
2022-11-09    60.53  69.03    60.51  69.00   198.02 206.51    59.96  68.46    65.55  74.04    59.28  67.78
2022-11-10    59.97  67.85    59.95  67.82   197.46 205.33    59.40  67.28    64.99  72.86    58.72  66.60
2022-11-11    59.41  66.66    59.38  66.64   196.90 204.15    58.84  66.09    64.43  71.68    58.16  65.41

2023-04-20   255.54 262.97   255.52 262.94    33.03  40.45   254.97 262.40   260.56 267.98   254.29 261.71
2023-04-21   254.40 262.43   254.37 262.40    31.89  39.92   253.83 261.86   259.41 267.44   253.15 261.18
2023-04-22   253.25 261.89   253.23 261.87    30.74  39.38   252.68 261.32   258.27 266.91   252.00 260.64
2023-04-23   252.11 261.36   252.08 261.33    29.60  38.84   251.54 260.79   257.13 266.37   250.86 260.11
2023-04-24   250.97 260.82   250.94 260.80    28.45  38.31   250.40 260.25   255.98 265.84   249.72 259.57
2023-04-25   249.95 260.16   249.93 260.14    27.44  37.65   249.38 259.59   254.97 265.18   248.70 258.91
2023-04-26   249.12 259.33   249.09 259.30    26.61  36.81   248.55 258.76   254.14 264.34   247.87 258.07
2023-04-27   248.29 258.49   248.26 258.46    25.77  35.98   247.72 257.92   253.30 263.50   247.04 257.24
2023-04-28   247.45 257.65   247.43 257.63    24.94  35.14   246.88 257.08   252.47 262.67   246.20 256.40
2023-04-29   246.62 256.82   246.59 256.79    24.11  34.31   246.05 256.25   251.63 261.83   245.37 255.57
2023-04-30   245.78 255.98   245.76 255.96    23.27  33.47   245.21 255.41   250.80 261.00   244.53 254.73
2023-05-01   244.95 255.15   244.92 255.12    22.44  32.64   244.38 254.58   249.97 260.17   243.70 253.90
2023-05-02   244.12 254.32   244.09 254.29    21.60  31.81   243.55 253.75   249.13 259.33   242.86 253.07
2023-05-03   243.28 253.49   243.25 253.46    20.77  30.97   242.71 252.92   248.30 258.50   242.03 252.23
2023-05-04   242.45 252.65   242.42 252.63    19.93  30.14   241.88 252.08   247.46 257.67   241.19 251.40
2023-05-05   241.61 251.82   241.58 251.79    19.10  29.31   241.04 251.25   246.62 256.84   240.36 250.57
2023-05-06   240.77 250.99   240.75 250.96    18.26  28.47   240.20 250.42   245.79 256.00   239.52 249.74
2023-05-07   239.93 250.15   239.91 250.13    17.42  27.64   239.36 249.58   244.95 255.17   238.68 248.90
2023-05-08   239.10 249.32   239.07 249.29    16.58  26.81   238.53 248.75   244.11 254.34   237.84 248.07
2023-05-09   238.26 248.49   238.23 248.46    15.74  25.98   237.69 247.92   243.27 253.50   237.00 247.24
2023-05-10   237.41 247.65   237.39 247.63    14.90  25.14   236.84 247.08   242.43 252.67   236.16 246.40
2023-05-11   236.57 246.82   236.54 246.79    14.06  24.31   236.00 246.25   241.59 251.83   235.32 245.57
2023-05-12   235.73 245.98   235.70 245.96    13.21  23.47   235.16 245.41   240.74 251.00   234.48 244.73
2023-05-13   234.88 245.15   234.85 245.12    12.37  22.63   234.31 244.58   239.90 250.16   233.63 243.90
2023-05-14   234.03 244.31   234.01 244.28    11.52  21.80   233.46 243.74   239.05 249.32   232.78 243.06
2023-05-15   233.18 243.47   233.16 243.44    10.67  20.96   232.61 242.90   238.20 248.48   231.93 242.22
2023-05-16   232.33 242.63   232.30 242.60     9.82  20.12   231.76 242.06   237.35 247.64   231.08 241.38
2023-05-17   231.48 241.79   231.45 241.76     8.96  19.27   230.91 241.22   236.49 246.80   230.23 240.54
2023-05-18   230.62 240.94   230.59 240.92     8.11  18.43   230.05 240.37   235.63 245.96   229.37 239.69
2023-05-19   229.76 240.10   229.73 240.07     7.25  17.58   229.19 239.53   234.78 245.11   228.51 238.85
2023-05-20   228.90 239.25   228.87 239.22     6.39  16.74   228.33 238.68   233.91 244.27   227.65 238.00
2023-05-21   228.03 238.40   228.01 238.37     5.52  15.89   227.46 237.83   233.05 243.42   226.78 237.15
2023-05-22   227.17 237.55   227.14 237.52     4.66  15.04   226.60 236.98   232.18 242.56   225.92 236.30
2023-05-23   226.30 236.70   226.27 236.67     3.79  14.18   225.73 236.13   231.31 241.71   225.05 235.44
2023-05-24   225.43 235.84   225.40 235.81     2.91  13.33   224.86 235.27   230.44 240.85   224.17 234.59
2023-05-25   224.55 234.98   224.52 234.95     2.04  12.47   223.98 234.41   229.56 240.00   223.30 233.73
2023-05-26   223.67 234.12   223.64 234.09     1.16  11.61   223.10 233.55   228.69 239.13   222.42 232.87
2023-05-27   222.79 233.26   222.76 233.23     0.27  10.74   222.22 232.69   227.80 238.27   221.54 232.00
2023-05-28   221.90 232.39   221.87 232.36   359.39   9.88   221.33 231.82   226.92 237.40   220.65 231.14
2023-05-29   221.01 231.52   220.99 231.49   358.50   9.01   220.44 230.95   226.03 236.53   219.76 230.27
2023-05-30   220.12 230.65   220.09 230.62   357.61   8.13   219.55 230.08   225.13 235.66   218.87 229.40
2023-05-31   219.22 229.77   219.20 229.74   356.71   7.26   218.65 229.20   224.24 234.79   217.97 228.52
2023-06-01   218.32 228.89   218.29 228.86   355.81   6.38   217.75 228.32   223.34 233.91   217.07 227.64
2023-06-02   217.42 228.01   217.39 227.98   354.90   5.50   216.85 227.44   222.43 233.02   216.17 226.76
2023-06-03   216.51 227.12   216.48 227.10   354.00   4.61   215.94 226.55   221.52 232.14   215.26 225.87
2023-06-04   215.59 226.23   215.57 226.21   353.08   3.72   215.02 225.66   220.61 231.25   214.34 224.98
2023-06-05   214.68 225.34   214.65 225.31   352.17   2.83   214.11 224.77   219.69 230.35   213.43 224.09
2023-06-06   213.76 224.44   213.73 224.41   351.24   1.93   213.19 223.87   218.77 229.46   212.51 223.19
2023-06-07   212.83 223.54   212.80 223.51   350.32   1.03   212.26 222.97   217.85 228.56   211.58 222.29
2023-06-08   211.90 222.63   211.87 222.61   349.39   0.12   211.33 222.06   216.92 227.65   210.65 221.38
2023-06-09   210.97 221.72   210.94 221.70   348.45 359.21   210.40 221.15   215.98 226.74   209.72 220.47
2023-06-10   210.03 220.81   210.00 220.78   347.51 358.30   209.46 220.24   215.04 225.83   208.78 219.56
2023-06-11   209.08 219.89   209.06 219.87   346.57 357.38   208.51 219.32   214.10 224.91   207.83 218.64
2023-06-12   208.13 218.97   208.11 218.94   345.62 356.46   207.56 218.40   213.15 223.99   206.88 217.72
2023-06-13   207.18 218.04   207.16 218.02   344.67 355.53   206.61 217.47   212.20 223.06   205.93 216.79
2023-06-14   206.22 217.11   206.20 217.09   343.71 354.60   205.65 216.54   211.24 222.13   204.97 215.86
2023-06-15   205.26 216.18   205.23 216.15   342.75 353.66   204.69 215.61   210.28 221.19   204.01 214.93
2023-06-16   204.29 215.24   204.27 215.21   341.78 352.72   203.72 214.67   209.31 220.25   203.04 213.99
2023-06-17   203.32 214.29   203.29 214.26   340.81 351.78   202.75 213.72   208.34 219.31   202.07 213.04
2023-06-18   202.34 213.34   202.32 213.31   339.83 350.83   201.77 212.77   207.36 218.36   201.09 212.09
2023-06-19   201.36 212.39   201.33 212.36   338.85 349.87   200.79 211.82   206.38 217.40   200.11 211.13
2023-06-20   200.37 211.43   200.35 211.40   337.86 348.91   199.80 210.86   205.39 216.44   199.12 210.18
2023-06-21   199.38 210.46   199.36 210.43   336.87 347.95   198.81 209.89   204.40 215.48   198.13 209.21
2023-06-22   198.38 209.49   198.36 209.47   335.87 346.98   197.81 208.92   203.40 214.51   197.13 208.24
2023-06-23   197.38 208.52   197.36 208.49   334.87 346.00   196.81 207.95   202.40 213.53   196.13 207.27
2023-06-24   196.38 207.54   196.35 207.51   333.86 345.03   195.81 206.97   201.39 212.55   195.12 206.29
2023-06-25   195.36 206.55   195.34 206.53   332.85 344.04   194.79 205.98   200.38 211.57   194.11 205.30
2023-06-26   194.35 205.56   194.32 205.54   331.83 343.05   193.78 204.99   199.36 210.58   193.10 204.31
2023-06-27   193.33 204.57   193.30 204.54   330.81 342.06   192.76 204.00   198.34 209.58   192.07 203.32
2023-06-28   192.30 203.57   192.27 203.54   329.79 341.06   191.73 203.00   197.31 208.58   191.05 202.32
2023-06-29   191.27 202.57   191.24 202.54   328.76 340.05   190.70 202.00   196.28 207.58   190.02 201.31
2023-06-30   190.23 201.56   190.21 201.53   327.72 339.04   189.66 200.99   195.25 206.57   188.98 200.31
2023-07-01   189.19 200.54   189.17 200.52   326.68 338.03   188.62 199.97   194.21 205.56   187.94 199.29
2023-07-02   188.15 199.52   188.12 199.50   325.63 337.01   187.58 198.95   193.16 204.54   186.90 198.27
2023-07-03   187.10 198.50   187.07 198.47   324.58 335.99   186.53 197.93   192.11 203.51   185.85 197.25
2023-07-04   186.04 197.47   186.02 197.44   323.53 334.96   185.47 196.90   191.06 202.49   184.79 196.22
2023-07-05   184.99 196.44   184.96 196.41   322.47 333.92   184.42 195.87   190.00 201.45   183.74 195.19
2023-07-06   183.92 195.40   183.90 195.37   321.41 332.89   183.35 194.83   188.94 200.41   182.67 194.15
2023-07-07   182.86 194.36   182.83 194.33   320.35 331.84   182.29 193.79   187.87 199.37   181.61 193.11
2023-07-08   181.79 193.31   181.76 193.28   319.28 330.80   181.22 192.74   186.80 198.32   180.54 192.06
2023-07-09   180.71 192.26   180.69 192.23   318.20 329.74   180.14 191.69   185.73 197.27   179.46 191.01
2023-07-10   179.64 191.20   179.61 191.18   317.13 328.69   179.07 190.63   184.65 196.22   178.39 189.95
2023-07-11   178.56 190.14   178.53 190.12   316.04 327.63   177.99 189.57   183.57 195.16   177.31 188.89
2023-07-12   177.47 189.08   177.45 189.05   314.96 326.57   176.90 188.51   182.49 194.09   176.22 187.83
2023-07-13   176.39 188.01   176.36 187.98   313.87 325.50   175.82 187.44   181.40 193.03   175.14 186.76
2023-07-14   175.30 186.94   175.27 186.91   312.78 324.43   174.73 186.37   180.31 191.95   174.04 185.69
2023-07-15   174.20 185.86   174.18 185.84   311.69 323.35   173.63 185.29   179.22 190.88   172.95 184.61
2023-07-16   173.11 184.78   173.08 184.76   310.59 322.27   172.54 184.21   178.12 189.80   171.86 183.53
2023-07-17   172.01 183.70   171.98 183.68   309.50 321.19   171.44 183.13   177.02 188.72   170.76 182.45
2023-07-18   170.91 182.62   170.88 182.59   308.40 320.10   170.34 182.05   175.92 187.63   169.66 181.37
2023-07-19   169.81 181.53   169.78 181.50   307.29 319.02   169.24 180.96   174.82 186.54   168.56 180.28
2023-07-20   168.70 180.44   168.68 180.41   306.19 317.92   168.13 179.87   173.72 185.45   167.45 179.19
2023-07-21   167.60 179.34   167.57 179.32   305.08 316.83   167.03 178.77   172.61 184.36   166.34 178.09
2023-07-22   166.49 178.25   166.46 178.22   303.98 315.73   165.92 177.68   171.50 183.26   165.24 177.00
2023-07-23   165.38 177.15   165.35 177.12   302.87 314.63   164.81 176.58   170.39 182.16   164.13 175.90
2023-07-24   164.27 176.05   164.24 176.02   301.76 313.53   163.70 175.48   169.28 181.06   163.02 174.80
2023-07-25   163.16 174.94   163.13 174.92   300.65 312.43   162.59 174.37   168.17 179.96   161.91 173.69
2023-07-26   162.05 173.84   162.02 173.81   299.53 311.33   161.48 173.27   167.06 178.85   160.80 172.59
2023-07-27   160.93 172.73   160.91 172.70   298.42 310.22   160.36 172.16   165.95 177.75   159.68 171.48
2023-07-28   159.82 171.62   159.79 171.60   297.31 309.11   159.25 171.05   164.84 176.64   158.57 170.37
2023-07-29   158.71 170.51   158.68 170.49   296.20 308.00   158.14 169.94   163.72 175.53   157.46 169.26
2023-07-30   157.60 169.40   157.57 169.38   295.08 306.89   157.03 168.83   162.61 174.42   156.35 168.15
2023-07-31   156.48 168.29   156.46 168.27   293.97 305.78   155.91 167.72   161.50 173.31   155.23 167.04
2023-08-01   155.37 167.18   155.35 167.15   292.86 304.67   154.80 166.61   160.39 172.20   154.12 165.93
2023-08-02   154.26 166.07   154.23 166.04   291.75 303.56   153.69 165.50   159.28 171.08   153.01 164.82
2023-08-03   153.15 164.96   153.13 164.93   290.64 302.44   152.58 164.39   158.17 169.97   151.90 163.71
2023-08-04   152.04 163.84   152.02 163.82   289.53 301.33   151.47 163.27   157.06 168.86   150.79 162.59
2023-08-05   150.94 162.73   150.91 162.71   288.42 300.22   150.37 162.16   155.95 167.75   149.68 161.48
2023-08-06   149.83 161.62   149.80 161.60   287.32 299.11   149.26 161.05   154.84 166.64   148.58 160.37
2023-08-07   148.73 160.51   148.70 160.48   286.21 298.00   148.16 159.94   153.74 165.53   147.47 159.26
2023-08-08   147.62 159.40   147.60 159.37   285.11 296.89   147.05 158.83   152.64 164.42   146.37 158.15
2023-08-09   146.52 158.29   146.50 158.27   284.01 295.78   145.95 157.72   151.54 163.31   145.27 157.04
2023-08-10   145.43 157.18   145.40 157.16   282.91 294.67   144.86 156.61   150.44 162.20   144.17 155.93
2023-08-11   144.33 156.08   144.30 156.05   281.82 293.57   143.76 155.51   149.35 161.09   143.08 154.83
2023-08-12   143.24 154.97   143.21 154.95   280.72 292.46   142.67 154.40   148.25 159.99   141.99 153.72
2023-08-13   142.15 153.87   142.12 153.84   279.63 291.36   141.58 153.30   147.16 158.89   140.90 152.62
2023-08-14   141.06 152.77   141.03 152.74   278.55 290.26   140.49 152.20   146.08 157.78   139.81 151.52
2023-08-15   139.98 151.67   139.95 151.64   277.46 289.16   139.41 151.10   144.99 156.69   138.73 150.42
2023-08-16   138.90 150.57   138.87 150.55   276.38 288.06   138.33 150.00   143.91 155.59   137.65 149.32
2023-08-17   137.82 149.48   137.79 149.45   275.31 286.97   137.25 148.91   142.83 154.50   136.57 148.23
2023-08-18   136.74 148.39   136.72 148.36   274.23 285.88   136.17 147.82   141.76 153.40   135.49 147.14
2023-08-19   135.67 147.30   135.65 147.27   273.16 284.79   135.10 146.73   140.69 152.32   134.42 146.05
2023-08-20   134.61 146.22   134.58 146.19   272.10 283.70   134.04 145.65   139.62 151.23   133.36 144.97
2023-08-21   133.55 145.13   133.52 145.11   271.03 282.62   132.98 144.56   138.56 150.15   132.30 143.88
2023-08-22   132.49 144.05   132.46 144.03   269.97 281.54   131.92 143.48   137.50 149.07   131.24 142.80
2023-08-23   131.43 142.98   131.41 142.95   268.92 280.47   130.86 142.41   136.45 147.99   130.18 141.73
2023-08-24   130.38 141.91   130.36 141.88   267.87 279.39   129.81 141.34   135.40 146.92   129.13 140.66
2023-08-25   129.34 140.84   129.31 140.81   266.82 278.33   128.77 140.27   134.35 145.85   128.09 139.59
2023-08-26   128.29 139.77   128.27 139.75   265.78 277.26   127.72 139.20   133.31 144.79   127.04 138.52
2023-08-27   127.26 138.71   127.23 138.69   264.74 276.20   126.69 138.14   132.27 143.73   126.01 137.46
2023-08-28   126.22 137.66   126.20 137.63   263.71 275.14   125.65 137.09   131.24 142.67   124.97 136.40
2023-08-29   125.20 136.60   125.17 136.58   262.68 274.09   124.63 136.03   130.21 141.62   123.95 135.35
2023-08-30   124.17 135.55   124.15 135.53   261.66 273.04   123.60 134.98   129.19 140.57   122.92 134.30
2023-08-31   123.15 134.51   123.13 134.48   260.64 272.00   122.58 133.94   128.17 139.52   121.90 133.26
2023-09-01   122.14 133.47   122.11 133.44   259.62 270.96   121.57 132.90   127.15 138.48   120.89 132.22
2023-09-02   121.13 132.43   121.10 132.40   258.61 269.92   120.56 131.86   126.14 137.45   119.88 131.18
2023-09-03   120.12 131.40   120.09 131.37   257.61 268.89   119.55 130.83   125.14 136.41   118.87 130.15
2023-09-04   119.12 130.37   119.09 130.35   256.61 267.86   118.55 129.80   124.14 135.39   117.87 129.12
2023-09-05   118.12 129.35   118.10 129.32   255.61 266.84   117.55 128.78   123.14 134.36   116.87 128.10
2023-09-06   117.13 128.33   117.11 128.30   254.62 265.82   116.56 127.76   122.15 133.34   115.88 127.08
2023-09-07   116.14 127.32   116.12 127.29   253.63 264.80   115.57 126.75   121.16 132.33   114.89 126.06
2023-09-08   115.16 126.31   115.14 126.28   252.65 263.79   114.59 125.74   120.18 131.32   113.91 125.05
2023-09-09   114.18 125.30   114.16 125.27   251.67 262.79   113.61 124.73   119.20 130.32   112.93 124.05
2023-09-10   113.21 124.30   113.18 124.27   250.70 261.79   112.64 123.73   118.23 129.31   111.96 123.05
2023-09-11   112.24 123.30   112.21 123.28   249.73 260.79   111.67 122.73   117.26 128.32   110.99 122.05
2023-09-12   111.28 122.31   111.25 122.28   248.76 259.80   110.71 121.74   116.29 127.33   110.03 121.06
2023-09-13   110.32 121.32   110.29 121.30   247.80 258.81   109.75 120.75   115.33 126.34   109.06 120.07
2023-09-14   109.36 120.34   109.33 120.31   246.85 257.83   108.79 119.77   114.38 125.36   108.11 119.09
2023-09-15   108.41 119.36   108.38 119.33   245.90 256.85   107.84 118.79   113.42 124.38   107.16 118.11
2023-09-16   107.46 118.39   107.43 118.36   244.95 255.87   106.89 117.82   112.48 123.40   106.21 117.14
2023-09-17   106.52 117.42   106.49 117.39   244.01 254.90   105.95 116.85   111.53 122.43   105.27 116.17
2023-09-18   105.58 116.45   105.55 116.43   243.07 253.94   105.01 115.88   110.59 121.47   104.33 115.20
2023-09-19   104.64 115.49   104.62 115.46   242.13 252.98   104.07 114.92   109.66 120.51   103.39 114.24
2023-09-20   103.71 114.53   103.69 114.51   241.20 252.02   103.14 113.96   108.73 119.55   102.46 113.28
2023-09-21   102.79 113.58   102.76 113.55   240.27 251.07   102.22 113.01   107.80 118.60   101.53 112.33
2023-09-22   101.86 112.63   101.84 112.61   239.35 250.12   101.29 112.06   106.88 117.65   100.61 111.38
2023-09-23   100.94 111.69   100.92 111.66   238.43 249.18   100.37 111.12   105.96 116.70    99.69 110.44
2023-09-24   100.03 110.75   100.00 110.72   237.51 248.23    99.46 110.18   105.04 115.76    98.78 109.50
2023-09-25    99.11 109.81    99.09 109.78   236.60 247.30    98.54 109.24   104.13 114.83    97.86 108.56
2023-09-26    98.21 108.88    98.18 108.85   235.69 246.36    97.64 108.31   103.22 113.89    96.95 107.63
2023-09-27    97.30 107.95    97.27 107.92   234.79 245.44    96.73 107.38   102.32 112.96    96.05 106.70
2023-09-28    96.40 107.02    96.37 107.00   233.88 244.51    95.83 106.45   101.41 112.04    95.15 105.77
2023-09-29    95.50 106.10    95.47 106.07   232.99 243.59    94.93 105.53   100.51 111.12    94.25 104.85
2023-09-30    94.60 105.18    94.58 105.16   232.09 242.67    94.03 104.61    99.62 110.20    93.35 103.93
2023-10-01    93.71 104.27    93.68 104.24   231.20 241.76    93.14 103.70    98.72 109.28    92.46 103.02
2023-10-02    92.82 103.36    92.79 103.33   230.31 240.84    92.25 102.79    97.83 108.37    91.57 102.11
2023-10-03    91.93 102.45    91.90 102.42   229.42 239.94    91.36 101.88    96.95 107.46    90.68 101.20
2023-10-04    91.05 101.54    91.02 101.52   228.53 239.03    90.48 100.97    96.06 106.56    89.80 100.29
2023-10-05    90.16 100.64    90.14 100.61   227.65 238.13    89.59 100.07    95.18 105.66    88.91  99.39
2023-10-06    89.28  99.74    89.26  99.72   226.77 237.23    88.71  99.17    94.30 104.76    88.03  98.49
2023-10-07    88.41  98.85    88.38  98.82   225.89 236.33    87.84  98.28    93.42 103.86    87.15  97.60
2023-10-08    87.53  97.95    87.50  97.93   225.02 235.44    86.96  97.38    92.55 102.97    86.28  96.70
2023-10-09    86.66  97.06    86.63  97.04   224.14 234.55    86.09  96.49    91.67 102.08    85.41  95.81
2023-10-10    85.78  96.17    85.76  96.15   223.27 233.66    85.21  95.60    90.80 101.19    84.53  94.92
2023-10-11    84.91  95.29    84.89  95.26   222.40 232.78    84.34  94.72    89.93 100.30    83.66  94.04
2023-10-12    84.05  94.40    84.02  94.38   221.53 231.89    83.48  93.83    89.06  99.42    82.80  93.15
2023-10-13    83.18  93.52    83.15  93.50   220.67 231.01    82.61  92.95    88.20  98.54    81.93  92.27
2023-10-14    82.31  92.64    82.29  92.62   219.80 230.13    81.74  92.07    87.33  97.66    81.06  91.39
2023-10-15    81.45  91.77    81.42  91.74   218.94 229.25    80.88  91.20    86.47  96.78    80.20  90.52
2023-10-16    80.59  90.89    80.56  90.86   218.08 228.38    80.02  90.32    85.60  95.91    79.34  89.64
2023-10-17    79.73  90.02    79.70  89.99   217.21 227.50    79.16  89.45    84.74  95.03    78.48  88.77
2023-10-18    78.87  89.15    78.84  89.12   216.35 226.63    78.30  88.58    83.88  94.16    77.61  87.89
2023-10-19    78.01  88.27    77.98  88.25   215.49 225.76    77.44  87.70    83.02  93.29    76.75  87.02
2023-10-20    77.15  87.41    77.12  87.38   214.63 224.89    76.58  86.84    82.16  92.42    75.90  86.15
2023-10-21    76.29  86.54    76.26  86.51   213.77 224.03    75.72  85.97    81.30  91.55    75.04  85.29
2023-10-22    75.43  85.67    75.40  85.64   212.92 223.16    74.86  85.10    80.44  90.69    74.18  84.42
2023-10-23    74.57  84.81    74.54  84.78   212.06 222.29    74.00  84.24    79.59  89.82    73.32  83.55
2023-10-24    73.71  83.94    73.69  83.91   211.20 221.43    73.14  83.37    78.73  88.96    72.46  82.69
2023-10-25    72.85  83.08    72.83  83.05   210.34 220.56    72.28  82.51    77.87  88.09    71.60  81.83
2023-10-26    72.00  82.21    71.97  82.19   209.48 219.70    71.43  81.64    77.01  87.23    70.75  80.96
2023-10-27    71.14  81.35    71.11  81.32   208.63 218.84    70.57  80.78    76.15  86.37    69.89  80.10
2023-10-28    70.28  80.49    70.25  80.46   207.77 217.97    69.71  79.92    75.29  85.50    69.03  79.24
2023-10-29    69.42  79.63    69.39  79.60   206.91 217.11    68.85  79.06    74.44  84.64    68.17  78.37
2023-10-30    68.56  78.76    68.53  78.74   206.05 216.25    67.99  78.19    73.58  83.78    67.31  77.51
2023-10-31    67.70  77.90    67.67  77.87   205.19 215.39    67.13  77.33    72.72  82.92    66.45  76.65
2023-11-01    66.84  77.04    66.81  77.01   204.33 214.53    66.27  76.47    71.85  82.05    65.59  75.79
2023-11-02    65.98  76.18    65.95  76.15   203.46 213.66    65.41  75.61    70.99  81.19    64.73  74.93
2023-11-03    65.11  75.31    65.09  75.29   202.60 212.80    64.54  74.74    70.13  80.33    63.86  74.06
2023-11-04    64.25  74.45    64.22  74.42   201.73 211.94    63.68  73.88    69.26  79.46    63.00  73.20
2023-11-05    63.38  73.59    63.35  73.56   200.87 211.07    62.81  73.02    68.40  78.60    62.13  72.33
2023-11-06    62.51  72.72    62.49  72.69   200.00 210.21    61.94  72.15    67.53  77.74    61.26  71.47
2023-11-07    61.79  71.71    61.76  71.69   199.27 209.20    61.22  71.14    66.80  76.73    60.54  70.46
2023-11-08    61.23  70.53    61.20  70.50   198.72 208.02    60.66  69.96    66.24  75.55    59.98  69.28
2023-11-09    60.67  69.35    60.64  69.32   198.16 206.84    60.10  68.78    65.69  74.36    59.42  68.10
2023-11-10    60.11  68.17    60.08  68.14   197.60 205.65    59.54  67.60    65.12  73.18    58.86  66.91
2023-11-11    59.54  66.98    59.52  66.95   197.03 204.47    58.97  66.41    64.56  72.00    58.29  65.73
