
       Target
                ecliptic
RA      Dec     latitude
290.147  39.666  60.821

Checked interval [2020-01-01, 2023-12-31]
|           Window [days]                 |    Normal V3 PA [deg]    |
   Start           End         Duration         Start         End         RA            Dec     
 2020-04-12      2020-11-05       207.03     262.16826      64.48841     290.14654      39.66580 
 2021-04-12      2021-11-06       208.00     262.42701      63.88421     290.14654      39.66580 
 2022-04-12      2022-11-06       208.00     262.68653      64.12562     290.14654      39.66580 
 2023-04-13      2023-11-06       207.00     262.09657      64.36130     290.14654      39.66580 


                V3PA          NIRCam           NIRSpec         NIRISS           MIRI          FGS
   Date      min    max      min    max       min    max     min    max      min    max      min    max

2020-04-13   258.42 265.74   258.40 265.72    35.91  43.23   257.85 265.17   263.44 270.76   257.17 264.49
2020-04-14   257.28 265.18   257.25 265.16    34.76  42.67   256.71 264.61   262.29 270.20   256.03 263.93
2020-04-15   256.13 264.63   256.10 264.60    33.62  42.12   255.56 264.06   261.15 269.64   254.88 263.38
2020-04-16   254.99 264.07   254.96 264.05    32.48  41.56   254.42 263.50   260.00 269.09   253.74 262.82
2020-04-17   253.84 263.52   253.82 263.49    31.33  41.01   253.27 262.95   258.86 268.53   252.59 262.27
2020-04-18   252.73 262.94   252.70 262.91    30.22  40.43   252.16 262.37   257.75 267.95   251.48 261.69
2020-04-19   251.89 262.09   251.86 262.07    29.37  39.58   251.32 261.52   256.90 267.11   250.64 260.84
2020-04-20   251.04 261.25   251.02 261.22    28.53  38.73   250.47 260.68   256.06 266.26   249.79 260.00
2020-04-21   250.20 260.40   250.17 260.37    27.69  37.89   249.63 259.83   255.21 265.42   248.95 259.15
2020-04-22   249.36 259.56   249.33 259.53    26.84  37.04   248.79 258.99   254.37 264.57   248.11 258.31
2020-04-23   248.51 258.71   248.49 258.69    26.00  36.20   247.94 258.14   253.53 263.73   247.26 257.46
2020-04-24   247.67 257.87   247.65 257.85    25.16  35.36   247.10 257.30   252.69 262.89   246.42 256.62
2020-04-25   246.83 257.03   246.80 257.00    24.32  34.52   246.26 256.46   251.84 262.05   245.58 255.78
2020-04-26   245.99 256.19   245.96 256.16    23.47  33.68   245.42 255.62   251.00 261.20   244.74 254.94
2020-04-27   245.14 255.35   245.12 255.32    22.63  32.84   244.57 254.78   250.16 260.36   243.89 254.10
2020-04-28   244.30 254.51   244.27 254.48    21.79  32.00   243.73 253.94   249.32 259.52   243.05 253.26
2020-04-29   243.46 253.67   243.43 253.64    20.94  31.16   242.89 253.10   248.47 258.68   242.21 252.42
2020-04-30   242.61 252.83   242.59 252.80    20.10  30.32   242.04 252.26   247.63 257.84   241.36 251.58
2020-05-01   241.77 251.99   241.74 251.96    19.25  29.47   241.20 251.42   246.78 257.00   240.52 250.74
2020-05-02   240.92 251.15   240.89 251.12    18.41  28.63   240.35 250.58   245.94 256.16   239.67 249.90
2020-05-03   240.07 250.31   240.05 250.28    17.56  27.79   239.50 249.74   245.09 255.32   238.82 249.06
2020-05-04   239.22 249.46   239.20 249.44    16.71  26.95   238.65 248.89   244.24 254.48   237.97 248.21
2020-05-05   238.38 248.62   238.35 248.60    15.86  26.11   237.81 248.05   243.39 253.64   237.12 247.37
2020-05-06   237.52 247.78   237.50 247.75    15.01  25.27   236.95 247.21   242.54 252.80   236.27 246.53
2020-05-07   236.67 246.94   236.65 246.91    14.16  24.42   236.10 246.37   241.69 251.95   235.42 245.69
2020-05-08   235.82 246.09   235.79 246.07    13.30  23.58   235.25 245.52   240.83 251.11   234.57 244.84
2020-05-09   234.96 245.25   234.94 245.22    12.45  22.73   234.39 244.68   239.98 250.26   233.71 244.00
2020-05-10   234.10 244.40   234.08 244.37    11.59  21.89   233.53 243.83   239.12 249.42   232.85 243.15
2020-05-11   233.24 243.55   233.22 243.53    10.73  21.04   232.67 242.98   238.26 248.57   231.99 242.30
2020-05-12   232.38 242.70   232.36 242.68     9.87  20.19   231.81 242.13   237.40 247.72   231.13 241.45
2020-05-13   231.52 241.85   231.49 241.82     9.01  19.34   230.95 241.28   236.53 246.87   230.27 240.60
2020-05-14   230.65 241.00   230.63 240.97     8.14  18.49   230.08 240.43   235.67 246.01   229.40 239.75
2020-05-15   229.78 240.14   229.76 240.12     7.27  17.63   229.21 239.57   234.80 245.16   228.53 238.89
2020-05-16   228.91 239.29   228.89 239.26     6.40  16.77   228.34 238.72   233.93 244.30   227.66 238.04
2020-05-17   228.04 238.43   228.01 238.40     5.53  15.92   227.47 237.86   233.05 243.44   226.79 237.18
2020-05-18   227.16 237.57   227.14 237.54     4.65  15.06   226.59 237.00   232.18 242.58   225.91 236.32
2020-05-19   226.28 236.71   226.26 236.68     3.77  14.19   225.71 236.14   231.30 241.72   225.03 235.45
2020-05-20   225.40 235.84   225.37 235.81     2.89  13.33   224.83 235.27   230.42 240.86   224.15 234.59
2020-05-21   224.51 234.97   224.49 234.95     2.00  12.46   223.94 234.40   229.53 239.99   223.26 233.72
2020-05-22   223.63 234.10   223.60 234.07     1.11  11.59   223.06 233.53   228.64 239.12   222.38 232.85
2020-05-23   222.73 233.23   222.71 233.20     0.22  10.72   222.16 232.66   227.75 238.24   221.48 231.98
2020-05-24   221.84 232.35   221.81 232.33   359.33   9.84   221.27 231.78   226.85 237.37   220.59 231.10
2020-05-25   220.94 231.47   220.91 231.45   358.43   8.96   220.37 230.90   225.96 236.49   219.69 230.22
2020-05-26   220.04 230.59   220.01 230.56   357.53   8.08   219.47 230.02   225.05 235.61   218.79 229.34
2020-05-27   219.13 229.71   219.11 229.68   356.62   7.19   218.56 229.14   224.15 234.72   217.88 228.46
2020-05-28   218.22 228.82   218.20 228.79   355.71   6.30   217.65 228.25   223.24 233.83   216.97 227.57
2020-05-29   217.31 227.93   217.28 227.90   354.80   5.41   216.74 227.36   222.33 232.94   216.06 226.68
2020-05-30   216.39 227.03   216.37 227.00   353.88   4.52   215.82 226.46   221.41 232.05   215.14 225.78
2020-05-31   215.47 226.13   215.45 226.11   352.96   3.62   214.90 225.56   220.49 231.15   214.22 224.88
2020-06-01   214.55 225.23   214.52 225.20   352.04   2.72   213.98 224.66   219.56 230.24   213.30 223.98
2020-06-02   213.62 224.32   213.59 224.30   351.11   1.81   213.05 223.75   218.63 229.34   212.37 223.07
2020-06-03   212.69 223.41   212.66 223.39   350.17   0.90   212.12 222.84   217.70 228.43   211.44 222.16
2020-06-04   211.75 222.50   211.72 222.47   349.24 359.99   211.18 221.93   216.76 227.51   210.50 221.25
2020-06-05   210.81 221.58   210.78 221.56   348.29 359.07   210.24 221.01   215.82 226.60   209.56 220.33
2020-06-06   209.86 220.66   209.83 220.63   347.35 358.15   209.29 220.09   214.88 225.68   208.61 219.41
2020-06-07   208.91 219.73   208.88 219.71   346.40 357.22   208.34 219.16   213.93 224.75   207.66 218.48
2020-06-08   207.96 218.80   207.93 218.78   345.44 356.29   207.39 218.23   212.97 223.82   206.71 217.55
2020-06-09   207.00 217.87   206.97 217.84   344.48 355.36   206.43 217.30   212.01 222.88   205.75 216.62
2020-06-10   206.03 216.93   206.01 216.90   343.52 354.42   205.46 216.36   211.05 221.95   204.78 215.68
2020-06-11   205.06 215.99   205.04 215.96   342.55 353.47   204.49 215.42   210.08 221.00   203.81 214.74
2020-06-12   204.09 215.04   204.07 215.01   341.58 352.53   203.52 214.47   209.11 220.06   202.84 213.79
2020-06-13   203.11 214.09   203.09 214.06   340.60 351.58   202.54 213.52   208.13 219.10   201.86 212.84
2020-06-14   202.13 213.13   202.11 213.10   339.62 350.62   201.56 212.56   207.15 218.15   200.88 211.88
2020-06-15   201.15 212.17   201.12 212.14   338.63 349.66   200.58 211.60   206.16 217.18   199.89 210.92
2020-06-16   200.15 211.20   200.13 211.18   337.64 348.69   199.58 210.63   205.17 216.22   198.90 209.95
2020-06-17   199.16 210.23   199.13 210.21   336.65 347.72   198.59 209.66   204.17 215.25   197.91 208.98
2020-06-18   198.16 209.26   198.13 209.23   335.65 346.75   197.59 208.69   203.17 214.27   196.91 208.01
2020-06-19   197.15 208.28   197.13 208.25   334.64 345.77   196.58 207.71   202.17 213.29   195.90 207.03
2020-06-20   196.14 207.29   196.12 207.27   333.63 344.78   195.57 206.72   201.16 212.31   194.89 206.04
2020-06-21   195.13 206.30   195.10 206.28   332.62 343.79   194.56 205.73   200.14 211.32   193.88 205.05
2020-06-22   194.11 205.31   194.08 205.28   331.60 342.80   193.54 204.74   199.12 210.32   192.86 204.06
2020-06-23   193.09 204.31   193.06 204.28   330.57 341.80   192.52 203.74   198.10 209.33   191.83 203.06
2020-06-24   192.06 203.31   192.03 203.28   329.54 340.79   191.49 202.74   197.07 208.32   190.81 202.06
2020-06-25   191.03 202.30   191.00 202.27   328.51 339.79   190.46 201.73   196.04 207.31   189.77 201.05
2020-06-26   189.99 201.29   189.96 201.26   327.48 338.77   189.42 200.72   195.00 206.30   188.74 200.03
2020-06-27   188.95 200.27   188.92 200.24   326.43 337.75   188.38 199.70   193.96 205.28   187.70 199.02
2020-06-28   187.90 199.25   187.88 199.22   325.39 336.73   187.33 198.68   192.92 204.26   186.65 197.99
2020-06-29   186.85 198.22   186.83 198.19   324.34 335.71   186.28 197.65   191.87 203.23   185.60 196.97
2020-06-30   185.80 197.19   185.77 197.16   323.29 334.67   185.23 196.62   190.81 202.20   184.55 195.94
2020-07-01   184.74 196.15   184.71 196.12   322.23 333.64   184.17 195.58   189.76 201.17   183.49 194.90
2020-07-02   183.68 195.11   183.65 195.08   321.17 332.60   183.11 194.54   188.69 200.13   182.43 193.86
2020-07-03   182.61 194.07   182.59 194.04   320.10 331.55   182.04 193.50   187.63 199.08   181.36 192.81
2020-07-04   181.55 193.02   181.52 192.99   319.03 330.50   180.98 192.45   186.56 198.03   180.30 191.77
2020-07-05   180.47 191.96   180.45 191.94   317.96 329.45   179.90 191.39   185.49 196.98   179.22 190.71
2020-07-06   179.40 190.91   179.37 190.88   316.89 328.39   178.83 190.34   184.41 195.92   178.15 189.66
2020-07-07   178.32 189.85   178.29 189.82   315.81 327.33   177.75 189.28   183.33 194.86   177.07 188.59
2020-07-08   177.24 188.78   177.21 188.75   314.72 326.27   176.67 188.21   182.25 193.80   175.99 187.53
2020-07-09   176.15 187.71   176.13 187.69   313.64 325.20   175.58 187.14   181.17 192.73   174.90 186.46
2020-07-10   175.06 186.64   175.04 186.61   312.55 324.13   174.49 186.07   180.08 191.65   173.81 185.39
2020-07-11   173.97 185.56   173.95 185.54   311.46 323.05   173.40 184.99   178.99 190.58   172.72 184.31
2020-07-12   172.88 184.49   172.86 184.46   310.37 321.97   172.31 183.92   177.90 189.50   171.63 183.23
2020-07-13   171.79 183.40   171.76 183.38   309.27 320.89   171.22 182.83   176.80 188.42   170.54 182.15
2020-07-14   170.69 182.32   170.66 182.29   308.18 319.81   170.12 181.75   175.70 187.33   169.44 181.07
2020-07-15   169.59 181.23   169.56 181.20   307.08 318.72   169.02 180.66   174.61 186.25   168.34 179.98
2020-07-16   168.49 180.14   168.46 180.11   305.98 317.63   167.92 179.57   173.51 185.16   167.24 178.89
2020-07-17   167.39 179.05   167.36 179.02   304.88 316.54   166.82 178.48   172.40 184.06   166.14 177.80
2020-07-18   166.28 177.95   166.26 177.93   303.77 315.44   165.71 177.38   171.30 182.97   165.03 176.70
2020-07-19   165.18 176.86   165.15 176.83   302.67 314.34   164.61 176.29   170.20 181.87   163.93 175.60
2020-07-20   164.08 175.76   164.05 175.73   301.56 313.24   163.51 175.19   169.09 180.77   162.82 174.51
2020-07-21   162.97 174.66   162.94 174.63   300.46 312.14   162.40 174.09   167.98 179.67   161.72 173.40
2020-07-22   161.86 173.55   161.84 173.53   299.35 311.04   161.29 172.98   166.88 178.57   160.61 172.30
2020-07-23   160.76 172.45   160.73 172.42   298.24 309.94   160.19 171.88   165.77 177.47   159.51 171.20
2020-07-24   159.65 171.35   159.62 171.32   297.14 308.83   159.08 170.78   164.67 176.36   158.40 170.09
2020-07-25   158.54 170.24   158.52 170.21   296.03 307.73   157.97 169.67   163.56 175.26   157.29 168.99
2020-07-26   157.44 169.13   157.41 169.11   294.92 306.62   156.87 168.56   162.45 174.15   156.19 167.88
2020-07-27   156.33 168.03   156.31 168.00   293.82 305.51   155.76 167.46   161.35 173.04   155.08 166.78
2020-07-28   155.23 166.92   155.20 166.89   292.71 304.41   154.66 166.35   160.24 171.94   153.98 165.67
2020-07-29   154.12 165.81   154.10 165.79   291.61 303.30   153.55 165.24   159.14 170.83   152.87 164.56
2020-07-30   153.02 164.71   152.99 164.68   290.51 302.19   152.45 164.14   158.04 169.72   151.77 163.46
2020-07-31   151.92 163.60   151.89 163.57   289.41 301.09   151.35 163.03   156.94 168.62   150.67 162.35
2020-08-01   150.82 162.49   150.79 162.47   288.31 299.98   150.25 161.92   155.84 167.51   149.57 161.24
2020-08-02   149.72 161.39   149.70 161.36   287.21 298.88   149.15 160.82   154.74 166.40   148.47 160.14
2020-08-03   148.63 160.29   148.60 160.26   286.11 297.77   148.06 159.72   153.64 165.30   147.38 159.03
2020-08-04   147.53 159.18   147.51 159.16   285.02 296.67   146.96 158.61   152.55 164.20   146.28 157.93
2020-08-05   146.44 158.08   146.42 158.05   283.93 295.57   145.87 157.51   151.46 163.10   145.19 156.83
2020-08-06   145.35 156.98   145.33 156.95   282.84 294.47   144.78 156.41   150.37 162.00   144.10 155.73
2020-08-07   144.27 155.88   144.24 155.86   281.75 293.37   143.70 155.31   149.28 160.90   143.02 154.63
2020-08-08   143.18 154.79   143.16 154.76   280.67 292.27   142.61 154.22   148.20 159.80   141.93 153.54
2020-08-09   142.10 153.69   142.08 153.67   279.59 291.18   141.53 153.12   147.12 158.71   140.85 152.44
2020-08-10   141.03 152.60   141.00 152.57   278.51 290.09   140.46 152.03   146.04 157.61   139.77 151.35
2020-08-11   139.95 151.51   139.92 151.48   277.44 289.00   139.38 150.94   144.97 156.52   138.70 150.26
2020-08-12   138.88 150.42   138.85 150.40   276.37 287.91   138.31 149.85   143.90 155.44   137.63 149.17
2020-08-13   137.81 149.34   137.79 149.31   275.30 286.83   137.24 148.77   142.83 154.35   136.56 148.09
2020-08-14   136.75 148.26   136.72 148.23   274.24 285.74   136.18 147.69   141.76 153.27   135.50 147.01
2020-08-15   135.69 147.18   135.66 147.15   273.18 284.67   135.12 146.61   140.70 152.19   134.44 145.93
2020-08-16   134.63 146.10   134.61 146.08   272.12 283.59   134.06 145.53   139.65 151.12   133.38 144.85
2020-08-17   133.58 145.03   133.55 145.00   271.07 282.52   133.01 144.46   138.60 150.05   132.33 143.78
2020-08-18   132.53 143.96   132.51 143.93   270.02 281.45   131.96 143.39   137.55 148.98   131.28 142.71
2020-08-19   131.49 142.90   131.46 142.87   268.98 280.38   130.92 142.33   136.50 147.91   130.24 141.64
2020-08-20   130.45 141.83   130.42 141.81   267.94 279.32   129.88 141.26   135.46 146.85   129.20 140.58
2020-08-21   129.41 140.78   129.39 140.75   266.90 278.26   128.84 140.21   134.43 145.79   128.16 139.52
2020-08-22   128.38 139.72   128.35 139.69   265.87 277.21   127.81 139.15   133.40 144.74   127.13 138.47
2020-08-23   127.35 138.67   127.33 138.64   264.84 276.16   126.78 138.10   132.37 143.69   126.10 137.42
2020-08-24   126.33 137.62   126.30 137.60   263.82 275.11   125.76 137.05   131.34 142.64   125.08 136.37
2020-08-25   125.31 136.58   125.28 136.56   262.80 274.07   124.74 136.01   130.33 141.60   124.06 135.33
2020-08-26   124.30 135.54   124.27 135.52   261.78 273.03   123.73 134.97   129.31 140.56   123.05 134.29
2020-08-27   123.29 134.51   123.26 134.48   260.77 272.00   122.72 133.94   128.30 139.52   122.04 133.26
2020-08-28   122.28 133.48   122.25 133.45   259.77 270.97   121.71 132.91   127.30 138.49   121.03 132.23
2020-08-29   121.28 132.45   121.25 132.43   258.77 269.94   120.71 131.88   126.29 137.47   120.03 131.20
2020-08-30   120.28 131.43   120.26 131.40   257.77 268.92   119.71 130.86   125.30 136.45   119.03 130.18
2020-08-31   119.29 130.41   119.26 130.39   256.78 267.90   118.72 129.84   124.31 135.43   118.04 129.16
2020-09-01   118.30 129.40   118.28 129.37   255.79 266.89   117.73 128.83   123.32 134.42   117.05 128.15
2020-09-02   117.32 128.39   117.29 128.37   254.81 265.88   116.75 127.82   122.34 133.41   116.07 127.14
2020-09-03   116.34 127.39   116.32 127.36   253.83 264.88   115.77 126.82   121.36 132.40   115.09 126.14
2020-09-04   115.37 126.39   115.34 126.36   252.85 263.88   114.80 125.82   120.38 131.40   114.12 125.14
2020-09-05   114.40 125.39   114.37 125.37   251.88 262.88   113.83 124.82   119.41 130.41   113.15 124.14
2020-09-06   113.43 124.40   113.41 124.38   250.92 261.89   112.86 123.83   118.45 129.42   112.18 123.15
2020-09-07   112.47 123.42   112.44 123.39   249.96 260.90   111.90 122.85   117.49 128.43   111.22 122.16
2020-09-08   111.51 122.43   111.49 122.41   249.00 259.92   110.94 121.86   116.53 127.45   110.26 121.18
2020-09-09   110.56 121.45   110.53 121.43   248.05 258.94   109.99 120.88   115.58 126.47   109.31 120.20
2020-09-10   109.61 120.48   109.58 120.45   247.10 257.97   109.04 119.91   114.63 125.50   108.36 119.23
2020-09-11   108.67 119.51   108.64 119.48   246.15 257.00   108.10 118.94   113.68 124.53   107.42 118.26
2020-09-12   107.73 118.55   107.70 118.52   245.21 256.03   107.16 117.98   112.74 123.56   106.48 117.29
2020-09-13   106.79 117.58   106.76 117.56   244.28 255.07   106.22 117.01   111.80 122.60   105.54 116.33
2020-09-14   105.86 116.63   105.83 116.60   243.34 254.11   105.29 116.06   110.87 121.64   104.61 115.38
2020-09-15   104.93 115.67   104.90 115.65   242.41 253.16   104.36 115.10   109.94 120.69   103.68 114.42
2020-09-16   104.00 114.73   103.98 114.70   241.49 252.21   103.43 114.16   109.02 119.74   102.75 113.47
2020-09-17   103.08 113.78   103.05 113.75   240.57 251.27   102.51 113.21   108.10 118.80   101.83 112.53
2020-09-18   102.16 112.84   102.14 112.81   239.65 250.33   101.59 112.27   107.18 117.85   100.91 111.59
2020-09-19   101.25 111.90   101.22 111.88   238.74 249.39   100.68 111.33   106.26 116.92   100.00 110.65
2020-09-20   100.34 110.97   100.31 110.94   237.82 248.46    99.77 110.40   105.35 115.98    99.09 109.72
2020-09-21    99.43 110.04    99.40 110.01   236.92 247.53    98.86 109.47   104.44 115.05    98.18 108.79
2020-09-22    98.52 109.11    98.50 109.09   236.01 246.60    97.95 108.54   103.54 114.13    97.27 107.86
2020-09-23    97.62 108.19    97.60 108.16   235.11 245.68    97.05 107.62   102.64 113.21    96.37 106.94
2020-09-24    96.72 107.27    96.70 107.24   234.21 244.76    96.15 106.70   101.74 112.29    95.47 106.02
2020-09-25    95.83 106.36    95.80 106.33   233.32 243.84    95.26 105.79   100.84 111.37    94.58 105.10
2020-09-26    94.94 105.44    94.91 105.42   232.42 242.93    94.37 104.87    99.95 110.46    93.68 104.19
2020-09-27    94.05 104.53    94.02 104.51   231.53 242.02    93.48 103.96    99.06 109.55    92.79 103.28
2020-09-28    93.16 103.63    93.13 103.60   230.65 241.12    92.59 103.06    98.17 108.64    91.91 102.38
2020-09-29    92.27 102.72    92.25 102.70   229.76 240.21    91.70 102.15    97.29 107.74    91.02 101.47
2020-09-30    91.39 101.82    91.36 101.80   228.88 239.31    90.82 101.25    96.41 106.84    90.14 100.57
2020-10-01    90.51 100.93    90.48 100.90   228.00 238.41    89.94 100.36    95.53 105.94    89.26  99.68
2020-10-02    89.63 100.03    89.61 100.01   227.12 237.52    89.06  99.46    94.65 105.05    88.38  98.78
2020-10-03    88.76  99.14    88.73  99.11   226.24 236.63    88.19  98.57    93.77 104.16    87.50  97.89
2020-10-04    87.88  98.25    87.85  98.22   225.37 235.74    87.31  97.68    92.90 103.27    86.63  97.00
2020-10-05    87.01  97.36    86.98  97.34   224.50 234.85    86.44  96.79    92.02 102.38    85.76  96.11
2020-10-06    86.14  96.48    86.11  96.45   223.63 233.97    85.57  95.91    91.15 101.49    84.89  95.23
2020-10-07    85.27  95.60    85.24  95.57   222.76 233.08    84.70  95.03    90.28 100.61    84.02  94.35
2020-10-08    84.40  94.72    84.37  94.69   221.89 232.20    83.83  94.15    89.42  99.73    83.15  93.47
2020-10-09    83.53  93.84    83.51  93.81   221.02 231.32    82.96  93.27    88.55  98.85    82.28  92.59
2020-10-10    82.67  92.96    82.64  92.93   220.16 230.45    82.10  92.39    87.68  97.98    81.42  91.71
2020-10-11    81.81  92.09    81.78  92.06   219.29 229.57    81.24  91.52    86.82  97.10    80.55  90.84
2020-10-12    80.94  91.21    80.92  91.19   218.43 228.70    80.37  90.64    85.96  96.23    79.69  89.96
2020-10-13    80.08  90.34    80.05  90.31   217.57 227.83    79.51  89.77    85.10  95.36    78.83  89.09
2020-10-14    79.22  89.47    79.19  89.44   216.71 226.96    78.65  88.90    84.23  94.49    77.97  88.22
2020-10-15    78.36  88.60    78.33  88.57   215.84 226.09    77.79  88.03    83.37  93.62    77.11  87.35
2020-10-16    77.50  87.73    77.47  87.71   214.98 225.22    76.93  87.16    82.51  92.75    76.25  86.48
2020-10-17    76.64  86.87    76.61  86.84   214.12 224.35    76.07  86.30    81.65  91.88    75.39  85.62
2020-10-18    75.78  86.00    75.75  85.97   213.26 223.49    75.21  85.43    80.79  91.01    74.53  84.75
2020-10-19    74.92  85.13    74.89  85.11   212.40 222.62    74.35  84.56    79.93  90.15    73.67  83.88
2020-10-20    74.06  84.27    74.03  84.24   211.54 221.76    73.49  83.70    79.07  89.28    72.81  83.02
2020-10-21    73.20  83.41    73.17  83.38   210.68 220.89    72.63  82.84    78.21  88.42    71.95  82.15
2020-10-22    72.34  82.54    72.31  82.52   209.82 220.03    71.77  81.97    77.35  87.56    71.09  81.29
2020-10-23    71.47  81.68    71.45  81.65   208.96 219.17    70.90  81.11    76.49  86.69    70.22  80.43
2020-10-24    70.61  80.82    70.59  80.79   208.10 218.30    70.04  80.25    75.63  85.83    69.36  79.56
2020-10-25    69.75  79.95    69.72  79.93   207.24 217.44    69.18  79.38    74.77  84.97    68.50  78.70
2020-10-26    68.89  79.09    68.86  79.06   206.38 216.58    68.32  78.52    73.90  84.10    67.64  77.84
2020-10-27    68.02  78.22    68.00  78.20   205.51 215.71    67.45  77.65    73.04  83.24    66.77  76.97
2020-10-28    67.16  77.36    67.13  77.33   204.65 214.85    66.59  76.79    72.17  82.38    65.91  76.11
2020-10-29    66.29  76.50    66.27  76.47   203.78 213.98    65.72  75.93    71.31  81.51    65.04  75.25
2020-10-30    65.43  75.63    65.40  75.60   202.91 213.12    64.86  75.06    70.44  80.65    64.18  74.38
2020-10-31    64.56  74.77    64.53  74.74   202.04 212.25    63.99  74.20    69.57  79.78    63.31  73.51
2020-11-01    63.91  73.68    63.88  73.65   201.39 211.17    63.34  73.11    68.92  78.69    62.66  72.43
2020-11-02    63.34  72.51    63.31  72.48   200.82 210.00    62.77  71.94    68.35  77.52    62.09  71.26
2020-11-03    62.77  71.34    62.74  71.31   200.25 208.82    62.20  70.77    67.78  76.35    61.52  70.09
2020-11-04    62.19  70.16    62.17  70.14   199.68 207.65    61.62  69.59    67.21  75.18    60.94  68.91
2020-11-05    61.62  68.99    61.59  68.96   199.10 206.48    61.05  68.42    66.63  74.00    60.37  67.74

2021-04-13   258.77 265.91   258.75 265.88    36.26  43.40   258.20 265.34   263.79 270.93   257.52 264.66
2021-04-14   257.63 265.35   257.60 265.32    35.11  42.84   257.06 264.78   262.64 270.37   256.38 264.10
2021-04-15   256.48 264.79   256.46 264.77    33.97  42.28   255.91 264.22   261.50 269.81   255.23 263.54
2021-04-16   255.34 264.24   255.31 264.21    32.82  41.73   254.77 263.67   260.35 269.25   254.09 262.99
2021-04-17   254.19 263.68   254.17 263.66    31.68  41.17   253.62 263.11   259.21 268.70   252.94 262.43
2021-04-18   253.05 263.13   253.02 263.11    30.54  40.62   252.48 262.56   258.07 268.15   251.80 261.88
2021-04-19   252.14 262.35   252.12 262.32    29.63  39.84   251.57 261.78   257.16 267.36   250.89 261.10
2021-04-20   251.30 261.50   251.27 261.48    28.79  38.99   250.73 260.93   256.31 266.52   250.05 260.25
2021-04-21   250.46 260.66   250.43 260.63    27.94  38.14   249.89 260.09   255.47 265.67   249.20 259.41
2021-04-22   249.61 259.81   249.59 259.79    27.10  37.30   249.04 259.24   254.63 264.83   248.36 258.56
2021-04-23   248.77 258.97   248.74 258.94    26.26  36.46   248.20 258.40   253.78 263.98   247.52 257.72
2021-04-24   247.93 258.13   247.90 258.10    25.41  35.61   247.36 257.56   252.94 263.14   246.68 256.88
2021-04-25   247.08 257.29   247.06 257.26    24.57  34.77   246.51 256.72   252.10 262.30   245.83 256.03
2021-04-26   246.24 256.44   246.21 256.42    23.73  33.93   245.67 255.87   251.26 261.46   244.99 255.19
2021-04-27   245.40 255.60   245.37 255.58    22.89  33.09   244.83 255.03   250.41 260.62   244.15 254.35
2021-04-28   244.55 254.76   244.53 254.74    22.04  32.25   243.98 254.19   249.57 259.78   243.30 253.51
2021-04-29   243.71 253.92   243.68 253.89    21.20  31.41   243.14 253.35   248.73 258.94   242.46 252.67
2021-04-30   242.87 253.08   242.84 253.05    20.35  30.57   242.30 252.51   247.88 258.10   241.61 251.83
2021-05-01   242.02 252.24   241.99 252.21    19.51  29.73   241.45 251.67   247.04 257.25   240.77 250.99
2021-05-02   241.17 251.40   241.15 251.37    18.66  28.89   240.60 250.83   246.19 256.41   239.92 250.15
2021-05-03   240.33 250.56   240.30 250.53    17.81  28.04   239.76 249.99   245.34 255.57   239.08 249.31
2021-05-04   239.48 249.72   239.45 249.69    16.96  27.20   238.91 249.15   244.49 254.73   238.23 248.46
2021-05-05   238.63 248.87   238.60 248.85    16.12  26.36   238.06 248.30   243.64 253.89   237.38 247.62
2021-05-06   237.78 248.03   237.75 248.00    15.26  25.52   237.21 247.46   242.79 253.05   236.53 246.78
2021-05-07   236.92 247.19   236.90 247.16    14.41  24.67   236.35 246.62   241.94 252.20   235.67 245.94
2021-05-08   236.07 246.34   236.04 246.31    13.56  23.83   235.50 245.77   241.08 251.36   234.82 245.09
2021-05-09   235.21 245.50   235.19 245.47    12.70  22.98   234.64 244.93   240.23 250.51   233.96 244.24
2021-05-10   234.35 244.65   234.33 244.62    11.84  22.14   233.78 244.08   239.37 249.66   233.10 243.40
2021-05-11   233.49 243.80   233.47 243.77    10.98  21.29   232.92 243.23   238.51 248.81   232.24 242.55
2021-05-12   232.63 242.95   232.61 242.92    10.12  20.44   232.06 242.38   237.65 247.97   231.38 241.70
2021-05-13   231.77 242.10   231.74 242.07     9.26  19.59   231.20 241.53   236.78 247.11   230.52 240.85
2021-05-14   230.90 241.25   230.88 241.22     8.39  18.73   230.33 240.68   235.92 246.26   229.65 239.99
2021-05-15   230.03 240.39   230.01 240.36     7.52  17.88   229.46 239.82   235.05 245.41   228.78 239.14
2021-05-16   229.16 239.53   229.14 239.51     6.65  17.02   228.59 238.96   234.18 244.55   227.91 238.28
2021-05-17   228.29 238.67   228.26 238.65     5.77  16.16   227.72 238.10   233.30 243.69   227.04 237.42
2021-05-18   227.41 237.81   227.38 237.79     4.90  15.30   226.84 237.24   232.43 242.83   226.16 236.56
2021-05-19   226.53 236.95   226.50 236.92     4.02  14.44   225.96 236.38   231.55 241.96   225.28 235.70
2021-05-20   225.65 236.08   225.62 236.06     3.14  13.57   225.08 235.51   230.66 241.10   224.40 234.83
2021-05-21   224.76 235.22   224.74 235.19     2.25  12.70   224.19 234.65   229.78 240.23   223.51 233.96
2021-05-22   223.87 234.34   223.85 234.32     1.36  11.83   223.30 233.77   228.89 239.36   222.62 233.09
2021-05-23   222.98 233.47   222.95 233.44     0.47  10.96   222.41 232.90   228.00 238.49   221.73 232.22
2021-05-24   222.09 232.59   222.06 232.57   359.57  10.08   221.52 232.02   227.10 237.61   220.83 231.34
2021-05-25   221.19 231.71   221.16 231.69   358.67   9.20   220.62 231.14   226.20 236.73   219.94 230.46
2021-05-26   220.28 230.83   220.26 230.81   357.77   8.32   219.71 230.26   225.30 235.85   219.03 229.58
2021-05-27   219.38 229.95   219.35 229.92   356.87   7.43   218.81 229.38   224.39 234.96   218.13 228.70
2021-05-28   218.47 229.06   218.44 229.03   355.96   6.54   217.90 228.49   223.48 234.07   217.22 227.81
2021-05-29   217.55 228.17   217.53 228.14   355.04   5.65   216.98 227.60   222.57 233.18   216.30 226.91
2021-05-30   216.64 227.27   216.61 227.24   354.12   4.76   216.07 226.70   221.65 232.28   215.39 226.02
2021-05-31   215.72 226.37   215.69 226.34   353.20   3.86   215.15 225.80   220.73 231.39   214.47 225.12
2021-06-01   214.79 225.47   214.76 225.44   352.28   2.95   214.22 224.90   219.81 230.48   213.54 224.22
2021-06-02   213.86 224.56   213.83 224.53   351.35   2.05   213.29 223.99   218.88 229.58   212.61 223.31
2021-06-03   212.93 223.65   212.90 223.62   350.41   1.14   212.36 223.08   217.94 228.67   211.68 222.40
2021-06-04   211.99 222.74   211.96 222.71   349.48   0.22   211.42 222.17   217.00 227.75   210.74 221.49
2021-06-05   211.05 221.82   211.02 221.79   348.53 359.31   210.48 221.25   216.06 226.83   209.80 220.57
2021-06-06   210.10 220.90   210.07 220.87   347.59 358.38   209.53 220.33   215.12 225.91   208.85 219.64
2021-06-07   209.15 219.97   209.12 219.94   346.64 357.46   208.58 219.40   214.17 224.98   207.90 218.72
2021-06-08   208.19 219.04   208.17 219.01   345.68 356.53   207.62 218.47   213.21 224.05   206.94 217.79
2021-06-09   207.24 218.10   207.21 218.08   344.72 355.59   206.67 217.53   212.25 223.12   205.98 216.85
2021-06-10   206.27 217.16   206.24 217.14   343.76 354.65   205.70 216.59   211.29 222.18   205.02 215.91
2021-06-11   205.30 216.22   205.28 216.19   342.79 353.71   204.73 215.65   210.32 221.24   204.05 214.97
2021-06-12   204.33 215.27   204.30 215.25   341.82 352.76   203.76 214.70   209.34 220.29   203.08 214.02
2021-06-13   203.35 214.32   203.32 214.29   340.84 351.81   202.78 213.75   208.37 219.33   202.10 213.07
2021-06-14   202.37 213.36   202.34 213.34   339.86 350.85   201.80 212.79   207.38 218.38   201.12 212.11
2021-06-15   201.38 212.40   201.35 212.37   338.87 349.89   200.81 211.83   206.40 217.42   200.13 211.15
2021-06-16   200.39 211.43   200.36 211.41   337.88 348.92   199.82 210.86   205.40 216.45   199.14 210.18
2021-06-17   199.39 210.46   199.37 210.44   336.88 347.95   198.82 209.89   204.41 215.48   198.14 209.21
2021-06-18   198.39 209.49   198.36 209.46   335.88 346.97   197.82 208.92   203.41 214.50   197.14 208.24
2021-06-19   197.38 208.51   197.36 208.48   334.87 345.99   196.81 207.94   202.40 213.52   196.13 207.25
2021-06-20   196.37 207.52   196.35 207.49   333.86 345.01   195.80 206.95   201.39 212.54   195.12 206.27
2021-06-21   195.36 206.53   195.33 206.50   332.85 344.02   194.79 205.96   200.37 211.55   194.11 205.28
2021-06-22   194.34 205.54   194.31 205.51   331.83 343.02   193.77 204.97   199.35 210.55   193.09 204.28
2021-06-23   193.32 204.54   193.29 204.51   330.80 342.02   192.75 203.97   198.33 209.55   192.06 203.29
2021-06-24   192.29 203.53   192.26 203.51   329.77 341.02   191.72 202.96   197.30 208.55   191.04 202.28
2021-06-25   191.25 202.52   191.23 202.50   328.74 340.01   190.68 201.95   196.27 207.54   190.00 201.27
2021-06-26   190.22 201.51   190.19 201.48   327.70 339.00   189.65 200.94   195.23 206.52   188.97 200.26
2021-06-27   189.17 200.49   189.15 200.46   326.66 337.98   188.60 199.92   194.19 205.51   187.92 199.24
2021-06-28   188.13 199.47   188.10 199.44   325.62 336.96   187.56 198.90   193.14 204.48   186.88 198.22
2021-06-29   187.08 198.44   187.05 198.41   324.57 335.93   186.51 197.87   192.09 203.46   185.83 197.19
2021-06-30   186.02 197.41   186.00 197.38   323.51 334.90   185.45 196.84   191.04 202.42   184.77 196.16
2021-07-01   184.97 196.37   184.94 196.35   322.45 333.86   184.40 195.80   189.98 201.39   183.72 195.12
2021-07-02   183.90 195.33   183.88 195.31   321.39 332.82   183.33 194.76   188.92 200.35   182.65 194.08
2021-07-03   182.84 194.29   182.81 194.26   320.33 331.77   182.27 193.72   187.85 199.30   181.59 193.04
2021-07-04   181.77 193.24   181.74 193.21   319.26 330.73   181.20 192.67   186.78 198.25   180.52 191.99
2021-07-05   180.70 192.18   180.67 192.16   318.18 329.67   180.13 191.61   185.71 197.20   179.45 190.93
2021-07-06   179.62 191.13   179.59 191.10   317.11 328.61   179.05 190.56   184.64 196.14   178.37 189.88
2021-07-07   178.54 190.07   178.52 190.04   316.03 327.55   177.97 189.50   183.56 195.08   177.29 188.82
2021-07-08   177.46 189.00   177.43 188.97   314.95 326.49   176.89 188.43   182.48 194.02   176.21 187.75
2021-07-09   176.38 187.93   176.35 187.91   313.86 325.42   175.81 187.36   181.39 192.95   175.12 186.68
2021-07-10   175.29 186.86   175.26 186.83   312.77 324.35   174.72 186.29   180.30 191.88   174.04 185.61
2021-07-11   174.20 185.79   174.17 185.76   311.68 323.27   173.63 185.22   179.21 190.80   172.95 184.53
2021-07-12   173.10 184.71   173.08 184.68   310.59 322.19   172.53 184.14   178.12 189.72   171.85 183.46
2021-07-13   172.01 183.63   171.98 183.60   309.50 321.11   171.44 183.06   177.03 188.64   170.76 182.37
2021-07-14   170.91 182.54   170.89 182.51   308.40 320.03   170.34 181.97   175.93 187.56   169.66 181.29
2021-07-15   169.82 181.45   169.79 181.43   307.30 318.94   169.25 180.88   174.83 186.47   168.56 180.20
2021-07-16   168.72 180.36   168.69 180.34   306.20 317.85   168.15 179.79   173.73 185.38   167.46 179.11
2021-07-17   167.61 179.27   167.59 179.24   305.10 316.76   167.04 178.70   172.63 184.29   166.36 178.02
2021-07-18   166.51 178.18   166.48 178.15   304.00 315.66   165.94 177.61   171.53 183.19   165.26 176.93
2021-07-19   165.41 177.08   165.38 177.05   302.89 314.57   164.84 176.51   170.42 182.10   164.16 175.83
2021-07-20   164.30 175.98   164.28 175.96   301.79 313.47   163.73 175.41   169.32 181.00   163.05 174.73
2021-07-21   163.20 174.88   163.17 174.86   300.68 312.37   162.63 174.31   168.21 179.90   161.95 173.63
2021-07-22   162.09 173.78   162.07 173.75   299.58 311.27   161.52 173.21   167.11 178.80   160.84 172.53
2021-07-23   160.99 172.68   160.96 172.65   298.47 310.17   160.42 172.11   166.00 177.69   159.74 171.43
2021-07-24   159.88 171.58   159.85 171.55   297.37 309.06   159.31 171.01   164.90 176.59   158.63 170.32
2021-07-25   158.78 170.47   158.75 170.44   296.26 307.96   158.21 169.90   163.79 175.49   157.52 169.22
2021-07-26   157.67 169.37   157.64 169.34   295.16 306.85   157.10 168.80   162.69 174.38   156.42 168.12
2021-07-27   156.57 168.26   156.54 168.23   294.05 305.75   156.00 167.69   161.58 173.28   155.32 167.01
2021-07-28   155.46 167.16   155.44 167.13   292.95 304.64   154.89 166.59   160.48 172.17   154.21 165.90
2021-07-29   154.36 166.05   154.33 166.02   291.85 303.54   153.79 165.48   159.38 171.07   153.11 164.80
2021-07-30   153.26 164.94   153.23 164.92   290.75 302.43   152.69 164.37   158.27 169.96   152.01 163.69
2021-07-31   152.16 163.84   152.13 163.81   289.65 301.33   151.59 163.27   157.17 168.85   150.91 162.59
2021-08-01   151.06 162.74   151.03 162.71   288.55 300.22   150.49 162.17   156.08 167.75   149.81 161.48
2021-08-02   149.96 161.63   149.94 161.60   287.45 299.12   149.39 161.06   154.98 166.65   148.71 160.38
2021-08-03   148.87 160.53   148.84 160.50   286.36 298.02   148.30 159.96   153.88 165.54   147.62 159.28
2021-08-04   147.78 159.43   147.75 159.40   285.26 296.91   147.21 158.86   152.79 164.44   146.53 158.18
2021-08-05   146.69 158.33   146.66 158.30   284.17 295.81   146.12 157.76   151.70 163.34   145.44 157.08
2021-08-06   145.60 157.23   145.57 157.20   283.09 294.72   145.03 156.66   150.61 162.24   144.35 155.98
2021-08-07   144.51 156.13   144.49 156.10   282.00 293.62   143.94 155.56   149.53 161.15   143.26 154.88
2021-08-08   143.43 155.04   143.41 155.01   280.92 292.52   142.86 154.47   148.45 160.05   142.18 153.79
2021-08-09   142.35 153.94   142.33 153.92   279.84 291.43   141.78 153.37   147.37 158.96   141.10 152.69
2021-08-10   141.28 152.85   141.25 152.83   278.76 290.34   140.71 152.28   146.29 157.87   140.03 151.60
2021-08-11   140.20 151.76   140.18 151.74   277.69 289.25   139.63 151.19   145.22 156.78   138.95 150.51
2021-08-12   139.13 150.68   139.11 150.65   276.62 288.17   138.56 150.11   144.15 155.69   137.88 149.43
2021-08-13   138.07 149.60   138.04 149.57   275.56 287.08   137.50 149.03   143.08 154.61   136.82 148.34
2021-08-14   137.01 148.51   136.98 148.49   274.49 286.00   136.44 147.94   142.02 153.53   135.75 147.26
2021-08-15   135.95 147.44   135.92 147.41   273.43 284.92   135.38 146.87   140.96 152.45   134.70 146.19
2021-08-16   134.89 146.36   134.86 146.34   272.38 283.85   134.32 145.79   139.91 151.38   133.64 145.11
2021-08-17   133.84 145.29   133.81 145.27   271.33 282.78   133.27 144.72   138.86 150.31   132.59 144.04
2021-08-18   132.79 144.22   132.77 144.20   270.28 281.71   132.22 143.65   137.81 149.24   131.54 142.97
2021-08-19   131.75 143.16   131.72 143.13   269.24 280.65   131.18 142.59   136.76 148.18   130.50 141.91
2021-08-20   130.71 142.10   130.68 142.07   268.20 279.59   130.14 141.53   135.72 147.11   129.46 140.85
2021-08-21   129.67 141.04   129.65 141.02   267.16 278.53   129.10 140.47   134.69 146.06   128.42 139.79
2021-08-22   128.64 139.99   128.62 139.96   266.13 277.48   128.07 139.42   133.66 145.00   127.39 138.74
2021-08-23   127.62 138.94   127.59 138.91   265.10 276.43   127.05 138.37   132.63 143.95   126.37 137.69
2021-08-24   126.59 137.89   126.57 137.87   264.08 275.38   126.02 137.32   131.61 142.91   125.34 136.64
2021-08-25   125.58 136.85   125.55 136.83   263.06 274.34   125.01 136.28   130.59 141.87   124.33 135.60
2021-08-26   124.56 135.81   124.54 135.79   262.05 273.30   123.99 135.24   129.58 140.83   123.31 134.56
2021-08-27   123.55 134.78   123.53 134.75   261.04 272.27   122.98 134.21   128.57 139.80   122.30 133.53
2021-08-28   122.55 133.75   122.52 133.73   260.04 271.24   121.98 133.18   127.56 138.77   121.30 132.50
2021-08-29   121.55 132.73   121.52 132.70   259.04 270.21   120.98 132.16   126.56 137.74   120.30 131.48
2021-08-30   120.55 131.71   120.53 131.68   258.04 269.19   119.98 131.14   125.57 136.72   119.30 130.45
2021-08-31   119.56 130.69   119.53 130.66   257.05 268.18   118.99 130.12   124.58 135.70   118.31 129.44
2021-09-01   118.57 129.68   118.55 129.65   256.06 267.16   118.00 129.11   123.59 134.69   117.32 128.43
2021-09-02   117.59 128.67   117.56 128.64   255.08 266.16   117.02 128.10   122.61 133.68   116.34 127.42
2021-09-03   116.61 127.66   116.59 127.64   254.10 265.15   116.04 127.09   121.63 132.68   115.36 126.41
2021-09-04   115.64 126.67   115.61 126.64   253.13 264.15   115.07 126.10   120.65 131.68   114.39 125.41
2021-09-05   114.67 125.67   114.64 125.64   252.16 263.16   114.10 125.10   119.68 130.69   113.42 124.42
2021-09-06   113.70 124.68   113.68 124.65   251.19 262.17   113.13 124.11   118.72 129.69   112.45 123.43
2021-09-07   112.74 123.69   112.72 123.67   250.23 261.18   112.17 123.12   117.76 128.71   111.49 122.44
2021-09-08   111.79 122.71   111.76 122.68   249.27 260.20   111.22 122.14   116.80 127.73   110.54 121.46
2021-09-09   110.83 121.73   110.81 121.71   248.32 259.22   110.26 121.16   115.85 126.75   109.58 120.48
2021-09-10   109.88 120.76   109.86 120.73   247.37 258.25   109.31 120.19   114.90 125.77   108.63 119.51
2021-09-11   108.94 119.79   108.91 119.76   246.43 257.28   108.37 119.22   113.96 124.81   107.69 118.54
2021-09-12   108.00 118.82   107.97 118.80   245.49 256.31   107.43 118.25   113.01 123.84   106.75 117.57
2021-09-13   107.06 117.86   107.04 117.84   244.55 255.35   106.49 117.29   112.08 122.88   105.81 116.61
2021-09-14   106.13 116.91   106.10 116.88   243.62 254.39   105.56 116.34   111.15 121.92   104.88 115.66
2021-09-15   105.20 115.95   105.17 115.93   242.69 253.44   104.63 115.38   110.22 120.97   103.95 114.70
2021-09-16   104.28 115.00   104.25 114.98   241.76 252.49   103.71 114.43   109.29 120.02   103.02 113.75
2021-09-17   103.35 114.06   103.33 114.03   240.84 251.55   102.78 113.49   108.37 119.08   102.10 112.81
2021-09-18   102.44 113.12   102.41 113.09   239.92 250.61   101.87 112.55   107.45 118.13   101.19 111.87
2021-09-19   101.52 112.18   101.49 112.15   239.01 249.67   100.95 111.61   106.54 117.20   100.27 110.93
2021-09-20   100.61 111.25   100.58 111.22   238.10 248.74   100.04 110.68   105.63 116.26    99.36 110.00
2021-09-21    99.70 110.32    99.68 110.29   237.19 247.81    99.13 109.75   104.72 115.33    98.45 109.07
2021-09-22    98.80 109.39    98.77 109.36   236.28 246.88    98.23 108.82   103.81 114.41    97.55 108.14
2021-09-23    97.90 108.47    97.87 108.44   235.38 245.96    97.33 107.90   102.91 113.48    96.64 107.22
2021-09-24    97.00 107.55    96.97 107.52   234.48 245.04    96.43 106.98   102.01 112.56    95.75 106.30
2021-09-25    96.10 106.63    96.07 106.61   233.59 244.12    95.53 106.06   101.12 111.65    94.85 105.38
2021-09-26    95.21 105.72    95.18 105.69   232.70 243.21    94.64 105.15   100.22 110.74    93.96 104.47
2021-09-27    94.32 104.81    94.29 104.78   231.80 242.30    93.75 104.24    99.33 109.83    93.07 103.56
2021-09-28    93.43 103.90    93.40 103.88   230.92 241.39    92.86 103.33    98.44 108.92    92.18 102.65
2021-09-29    92.54 103.00    92.52 102.97   230.03 240.49    91.97 102.43    97.56 108.02    91.29 101.75
2021-09-30    91.66 102.10    91.63 102.07   229.15 239.59    91.09 101.53    96.68 107.12    90.41 100.85
2021-10-01    90.78 101.20    90.75 101.18   228.27 238.69    90.21 100.63    95.80 106.22    89.53  99.95
2021-10-02    89.90 100.31    89.88 100.28   227.39 237.79    89.33  99.74    94.92 105.32    88.65  99.06
2021-10-03    89.03  99.41    89.00  99.39   226.51 236.90    88.46  98.84    94.04 104.43    87.77  98.16
2021-10-04    88.15  98.52    88.12  98.50   225.64 236.01    87.58  97.95    93.17 103.54    86.90  97.27
2021-10-05    87.28  97.64    87.25  97.61   224.77 235.12    86.71  97.07    92.29 102.65    86.03  96.39
2021-10-06    86.41  96.75    86.38  96.73   223.89 234.24    85.84  96.18    91.42 101.77    85.16  95.50
2021-10-07    85.54  95.87    85.51  95.84   223.02 233.36    84.97  95.30    90.55 100.88    84.29  94.62
2021-10-08    84.67  94.99    84.64  94.96   222.16 232.47    84.10  94.42    89.68 100.00    83.42  93.74
2021-10-09    83.80  94.11    83.78  94.08   221.29 231.60    83.23  93.54    88.82  99.12    82.55  92.86
2021-10-10    82.94  93.23    82.91  93.20   220.42 230.72    82.37  92.66    87.95  98.25    81.69  91.98
2021-10-11    82.07  92.35    82.04  92.33   219.56 229.84    81.50  91.78    87.09  97.37    80.82  91.10
2021-10-12    81.21  91.48    81.18  91.45   218.69 228.97    80.64  90.91    86.22  96.50    79.96  90.23
2021-10-13    80.34  90.61    80.32  90.58   217.83 228.10    79.77  90.04    85.36  95.62    79.09  89.36
2021-10-14    79.48  89.74    79.46  89.71   216.97 227.22    78.91  89.17    84.50  94.75    78.23  88.49
2021-10-15    78.62  88.87    78.59  88.84   216.11 226.35    78.05  88.30    83.64  93.88    77.37  87.62
2021-10-16    77.76  88.00    77.73  87.97   215.25 225.49    77.19  87.43    82.77  93.01    76.51  86.75
2021-10-17    76.90  87.13    76.87  87.10   214.39 224.62    76.33  86.56    81.91  92.15    75.65  85.88
2021-10-18    76.04  86.26    76.01  86.24   213.53 223.75    75.47  85.69    81.05  91.28    74.79  85.01
2021-10-19    75.18  85.40    75.15  85.37   212.67 222.88    74.61  84.83    80.19  90.41    73.93  84.15
2021-10-20    74.32  84.53    74.29  84.51   211.80 222.02    73.75  83.96    79.33  89.55    73.07  83.28
2021-10-21    73.46  83.67    73.43  83.64   210.94 221.15    72.89  83.10    78.47  88.68    72.21  82.42
2021-10-22    72.60  82.80    72.57  82.78   210.08 220.29    72.03  82.23    77.61  87.82    71.34  81.55
2021-10-23    71.73  81.94    71.71  81.91   209.22 219.43    71.16  81.37    76.75  86.95    70.48  80.69
2021-10-24    70.87  81.07    70.85  81.05   208.36 218.56    70.30  80.50    75.89  86.09    69.62  79.82
2021-10-25    70.01  80.21    69.98  80.18   207.50 217.70    69.44  79.64    75.02  85.22    68.76  78.96
2021-10-26    69.15  79.35    69.12  79.32   206.63 216.83    68.58  78.78    74.16  84.36    67.89  78.09
2021-10-27    68.28  78.48    68.25  78.45   205.77 215.97    67.71  77.91    73.30  83.50    67.03  77.23
2021-10-28    67.42  77.62    67.39  77.59   204.90 215.10    66.85  77.05    72.43  82.63    66.16  76.37
2021-10-29    66.55  76.75    66.52  76.72   204.04 214.24    65.98  76.18    71.56  81.77    65.30  75.50
2021-10-30    65.68  75.88    65.65  75.86   203.17 213.37    65.11  75.31    70.70  80.90    64.43  74.63
2021-10-31    64.81  75.02    64.78  74.99   202.30 212.51    64.24  74.45    69.83  80.03    63.56  73.77
2021-11-01    64.07  74.02    64.04  74.00   201.56 211.51    63.50  73.45    69.08  79.04    62.82  72.77
2021-11-02    63.50  72.85    63.47  72.82   200.99 210.34    62.93  72.28    68.51  77.87    62.25  71.60
2021-11-03    62.93  71.68    62.90  71.65   200.41 209.17    62.36  71.11    67.94  76.69    61.68  70.43
2021-11-04    62.35  70.50    62.33  70.48   199.84 207.99    61.78  69.93    67.37  75.52    61.10  69.25
2021-11-05    61.78  69.33    61.75  69.30   199.26 206.82    61.21  68.76    66.79  74.34    60.53  68.08
2021-11-06    61.20  68.15    61.17  68.13   198.69 205.64    60.63  67.58    66.21  73.17    59.95  66.90

2022-04-13   259.12 266.08   259.10 266.05    36.61  43.57   258.55 265.51   264.14 271.09   257.87 264.83
2022-04-14   257.98 265.52   257.95 265.49    35.46  43.01   257.41 264.95   262.99 270.53   256.73 264.27
2022-04-15   256.83 264.96   256.80 264.93    34.32  42.45   256.26 264.39   261.85 269.98   255.58 263.71
2022-04-16   255.69 264.41   255.66 264.38    33.17  41.89   255.12 263.84   260.70 269.42   254.43 263.15
2022-04-17   254.54 263.85   254.51 263.83    32.03  41.34   253.97 263.28   259.56 268.87   253.29 262.60
2022-04-18   253.40 263.30   253.37 263.27    30.88  40.79   252.83 262.73   258.41 268.32   252.15 262.05
2022-04-19   252.40 262.61   252.37 262.58    29.89  40.09   251.83 262.04   257.41 267.62   251.15 261.35
2022-04-20   251.55 261.76   251.53 261.73    29.04  39.25   250.98 261.19   256.57 266.77   250.30 260.51
2022-04-21   250.71 260.91   250.68 260.89    28.20  38.40   250.14 260.34   255.72 265.93   249.46 259.66
2022-04-22   249.87 260.07   249.84 260.04    27.35  37.55   249.30 259.50   254.88 265.08   248.62 258.82
2022-04-23   249.02 259.22   249.00 259.20    26.51  36.71   248.45 258.65   254.04 264.24   247.77 257.97
2022-04-24   248.18 258.38   248.15 258.35    25.67  35.87   247.61 257.81   253.19 263.39   246.93 257.13
2022-04-25   247.34 257.54   247.31 257.51    24.82  35.02   246.77 256.97   252.35 262.55   246.09 256.29
2022-04-26   246.49 256.69   246.47 256.67    23.98  34.18   245.92 256.12   251.51 261.71   245.24 255.44
2022-04-27   245.65 255.85   245.62 255.83    23.14  33.34   245.08 255.28   250.66 260.87   244.40 254.60
2022-04-28   244.80 255.01   244.78 254.98    22.29  32.50   244.23 254.44   249.82 260.03   243.55 253.76
2022-04-29   243.96 254.17   243.93 254.14    21.45  31.66   243.39 253.60   248.98 259.18   242.71 252.92
2022-04-30   243.11 253.33   243.09 253.30    20.60  30.82   242.54 252.76   248.13 258.34   241.86 252.08
2022-05-01   242.27 252.49   242.24 252.46    19.76  29.97   241.70 251.92   247.28 257.50   241.02 251.24
2022-05-02   241.42 251.64   241.39 251.62    18.91  29.13   240.85 251.07   246.44 256.66   240.17 250.39
2022-05-03   240.57 250.80   240.55 250.78    18.06  28.29   240.00 250.23   245.59 255.82   239.32 249.55
2022-05-04   239.72 249.96   239.70 249.93    17.21  27.45   239.15 249.39   244.74 254.98   238.47 248.71
2022-05-05   238.87 249.12   238.85 249.09    16.36  26.60   238.30 248.55   243.89 254.13   237.62 247.87
2022-05-06   238.02 248.27   237.99 248.25    15.51  25.76   237.45 247.70   243.04 253.29   236.77 247.02
2022-05-07   237.17 247.43   237.14 247.40    14.66  24.92   236.60 246.86   242.18 252.44   235.92 246.18
2022-05-08   236.31 246.58   236.29 246.56    13.80  24.07   235.74 246.01   241.33 251.60   235.06 245.33
2022-05-09   235.46 245.74   235.43 245.71    12.94  23.22   234.89 245.17   240.47 250.75   234.21 244.49
2022-05-10   234.60 244.89   234.57 244.86    12.08  22.38   234.03 244.32   239.61 249.90   233.35 243.64
2022-05-11   233.74 244.04   233.71 244.01    11.22  21.53   233.17 243.47   238.75 249.05   232.49 242.79
2022-05-12   232.87 243.19   232.85 243.16    10.36  20.68   232.30 242.62   237.89 248.20   231.62 241.94
2022-05-13   232.01 242.34   231.98 242.31     9.50  19.82   231.44 241.77   237.02 247.35   230.76 241.08
2022-05-14   231.14 241.48   231.12 241.46     8.63  18.97   230.57 240.91   236.16 246.50   229.89 240.23
2022-05-15   230.27 240.63   230.25 240.60     7.76  18.11   229.70 240.06   235.29 245.64   229.02 239.38
2022-05-16   229.40 239.77   229.37 239.74     6.89  17.26   228.83 239.20   234.42 244.78   228.15 238.52
2022-05-17   228.53 238.91   228.50 238.88     6.01  16.40   227.96 238.34   233.54 243.92   227.27 237.66
2022-05-18   227.65 238.05   227.62 238.02     5.14  15.53   227.08 237.48   232.66 243.06   226.40 236.80
2022-05-19   226.77 237.18   226.74 237.16     4.25  14.67   226.20 236.61   231.78 242.20   225.52 235.93
2022-05-20   225.88 236.32   225.86 236.29     3.37  13.80   225.31 235.75   230.90 241.33   224.63 235.06
2022-05-21   225.00 235.45   224.97 235.42     2.48  12.93   224.43 234.88   230.01 240.46   223.75 234.20
2022-05-22   224.11 234.57   224.08 234.55     1.60  12.06   223.54 234.00   229.12 239.59   222.86 233.32
2022-05-23   223.22 233.70   223.19 233.67     0.70  11.19   222.65 233.13   228.23 238.72   221.96 232.45
2022-05-24   222.32 232.82   222.29 232.80   359.81  10.31   221.75 232.25   227.33 237.84   221.07 231.57
2022-05-25   221.42 231.94   221.39 231.92   358.91   9.43   220.85 231.37   226.43 236.96   220.17 230.69
2022-05-26   220.52 231.06   220.49 231.03   358.00   8.55   219.95 230.49   225.53 236.07   219.27 229.81
2022-05-27   219.61 230.17   219.58 230.15   357.10   7.66   219.04 229.60   224.62 235.19   218.36 228.92
2022-05-28   218.70 229.28   218.67 229.26   356.19   6.77   218.13 228.71   223.71 234.30   217.45 228.03
2022-05-29   217.78 228.39   217.76 228.36   355.27   5.88   217.21 227.82   222.80 233.41   216.53 227.14
2022-05-30   216.87 227.49   216.84 227.47   354.35   4.98   216.30 226.92   221.88 232.51   215.62 226.24
2022-05-31   215.94 226.59   215.92 226.57   353.43   4.08   215.37 226.02   220.96 231.61   214.69 225.34
2022-06-01   215.02 225.69   214.99 225.66   352.51   3.18   214.45 225.12   220.03 230.71   213.77 224.44
2022-06-02   214.09 224.78   214.06 224.76   351.58   2.27   213.52 224.21   219.10 229.80   212.84 223.53
2022-06-03   213.15 223.87   213.13 223.85   350.64   1.36   212.58 223.30   218.17 228.89   211.90 222.62
2022-06-04   212.21 222.96   212.19 222.93   349.70   0.44   211.64 222.39   217.23 227.97   210.96 221.71
2022-06-05   211.27 222.04   211.25 222.01   348.76 359.52   210.70 221.47   216.29 227.05   210.02 220.79
2022-06-06   210.32 221.11   210.30 221.09   347.81 358.60   209.75 220.54   215.34 226.13   209.07 219.86
2022-06-07   209.37 220.19   209.35 220.16   346.86 357.67   208.80 219.62   214.39 225.20   208.12 218.94
2022-06-08   208.42 219.26   208.39 219.23   345.90 356.74   207.85 218.69   213.43 224.27   207.17 218.00
2022-06-09   207.46 218.32   207.43 218.29   344.94 355.81   206.89 217.75   212.47 223.34   206.21 217.07
2022-06-10   206.49 217.38   206.46 217.35   343.98 354.87   205.92 216.81   211.51 222.40   205.24 216.13
2022-06-11   205.52 216.44   205.49 216.41   343.01 353.92   204.95 215.87   210.54 221.45   204.27 215.18
2022-06-12   204.55 215.49   204.52 215.46   342.03 352.97   203.98 214.92   209.56 220.50   203.30 214.24
2022-06-13   203.57 214.53   203.54 214.51   341.06 352.02   203.00 213.96   208.58 219.55   202.32 213.28
2022-06-14   202.58 213.57   202.56 213.55   340.07 351.06   202.01 213.00   207.60 218.59   201.33 212.32
2022-06-15   201.60 212.61   201.57 212.59   339.08 350.10   201.03 212.04   206.61 217.63   200.35 211.36
2022-06-16   200.60 211.65   200.58 211.62   338.09 349.13   200.03 211.08   205.62 216.66   199.35 210.39
2022-06-17   199.61 210.67   199.58 210.65   337.09 348.16   199.04 210.10   204.62 215.69   198.36 209.42
2022-06-18   198.60 209.70   198.58 209.67   336.09 347.18   198.03 209.13   203.62 214.71   197.35 208.45
2022-06-19   197.60 208.72   197.57 208.69   335.09 346.20   197.03 208.15   202.61 213.73   196.35 207.46
2022-06-20   196.59 207.73   196.56 207.70   334.07 345.22   196.02 207.16   201.60 212.74   195.34 206.48
2022-06-21   195.57 206.74   195.54 206.71   333.06 344.23   195.00 206.17   200.59 211.75   194.32 205.49
2022-06-22   194.55 205.74   194.52 205.72   332.04 343.23   193.98 205.17   199.57 210.76   193.30 204.49
2022-06-23   193.53 204.74   193.50 204.72   331.01 342.23   192.96 204.17   198.54 209.76   192.28 203.49
2022-06-24   192.50 203.74   192.47 203.71   329.98 341.23   191.93 203.17   197.51 208.75   191.25 202.49
2022-06-25   191.46 202.73   191.44 202.70   328.95 340.22   190.89 202.16   196.48 207.74   190.21 201.48
2022-06-26   190.43 201.72   190.40 201.69   327.91 339.20   189.86 201.15   195.44 206.73   189.17 200.46
2022-06-27   189.38 200.70   189.36 200.67   326.87 338.18   188.81 200.13   194.40 205.71   188.13 199.45
2022-06-28   188.34 199.67   188.31 199.65   325.82 337.16   187.77 199.10   193.35 204.69   187.09 198.42
2022-06-29   187.29 198.65   187.26 198.62   324.77 336.13   186.72 198.08   192.30 203.66   186.04 197.39
2022-06-30   186.23 197.61   186.21 197.59   323.72 335.10   185.66 197.04   191.25 202.63   184.98 196.36
2022-07-01   185.17 196.58   185.15 196.55   322.66 334.06   184.60 196.01   190.19 201.59   183.92 195.33
2022-07-02   184.11 195.54   184.09 195.51   321.60 333.02   183.54 194.97   189.13 200.55   182.86 194.29
2022-07-03   183.05 194.49   183.02 194.46   320.53 331.98   182.48 193.92   188.06 199.51   181.80 193.24
2022-07-04   181.98 193.44   181.95 193.42   319.46 330.93   181.41 192.87   186.99 198.46   180.73 192.19
2022-07-05   180.90 192.39   180.88 192.36   318.39 329.88   180.33 191.82   185.92 197.40   179.65 191.14
2022-07-06   179.83 191.33   179.80 191.31   317.32 328.82   179.26 190.76   184.84 196.35   178.58 190.08
2022-07-07   178.75 190.27   178.72 190.24   316.24 327.76   178.18 189.70   183.77 195.29   177.50 189.02
2022-07-08   177.67 189.21   177.64 189.18   315.16 326.69   177.10 188.64   182.68 194.22   176.42 187.96
2022-07-09   176.58 188.14   176.56 188.11   314.07 325.63   176.01 187.57   181.60 193.15   175.33 186.89
2022-07-10   175.50 187.07   175.47 187.04   312.98 324.55   174.93 186.50   180.51 192.08   174.25 185.82
2022-07-11   174.41 185.99   174.38 185.97   311.89 323.48   173.84 185.42   179.42 191.01   173.16 184.74
2022-07-12   173.32 184.91   173.29 184.89   310.80 322.40   172.75 184.34   178.33 189.93   172.06 183.66
2022-07-13   172.22 183.83   172.20 183.81   309.71 321.32   171.65 183.26   177.24 188.85   170.97 182.58
2022-07-14   171.13 182.75   171.10 182.72   308.61 320.24   170.56 182.18   176.14 187.77   169.87 181.50
2022-07-15   170.03 181.66   170.00 181.64   307.52 319.15   169.46 181.09   175.04 186.68   168.78 180.41
2022-07-16   168.93 180.58   168.90 180.55   306.42 318.06   168.36 180.01   173.94 185.59   167.68 179.32
2022-07-17   167.83 179.48   167.80 179.46   305.32 316.97   167.26 178.91   172.84 184.50   166.58 178.23
2022-07-18   166.73 178.39   166.70 178.36   304.21 315.88   166.16 177.82   171.74 183.41   165.48 177.14
2022-07-19   165.62 177.30   165.60 177.27   303.11 314.78   165.05 176.73   170.64 182.31   164.37 176.05
2022-07-20   164.52 176.20   164.50 176.17   302.01 313.69   163.95 175.63   169.54 181.21   163.27 174.95
2022-07-21   163.42 175.10   163.39 175.07   300.91 312.59   162.85 174.53   168.43 180.12   162.17 173.85
2022-07-22   162.31 174.00   162.29 173.98   299.80 311.49   161.74 173.43   167.33 179.02   161.06 172.75
2022-07-23   161.21 172.90   161.18 172.87   298.70 310.39   160.64 172.33   166.22 177.92   159.96 171.65
2022-07-24   160.11 171.80   160.08 171.77   297.59 309.29   159.54 171.23   165.12 176.81   158.85 170.55
2022-07-25   159.00 170.70   158.97 170.67   296.49 308.18   158.43 170.13   164.02 175.71   157.75 169.45
2022-07-26   157.90 169.59   157.87 169.57   295.39 307.08   157.33 169.02   162.91 174.61   156.65 168.34
2022-07-27   156.80 168.49   156.77 168.46   294.28 305.98   156.23 167.92   161.81 173.50   155.54 167.24
2022-07-28   155.69 167.39   155.67 167.36   293.18 304.87   155.12 166.82   160.71 172.40   154.44 166.13
2022-07-29   154.59 166.28   154.57 166.26   292.08 303.77   154.02 165.71   159.61 171.30   153.34 165.03
2022-07-30   153.49 165.18   153.47 165.15   290.98 302.67   152.92 164.61   158.51 170.19   152.24 163.93
2022-07-31   152.39 164.07   152.37 164.05   289.88 301.56   151.82 163.50   157.41 169.09   151.14 162.82
2022-08-01   151.30 162.97   151.27 162.95   288.79 300.46   150.73 162.40   156.31 167.99   150.05 161.72
2022-08-02   150.20 161.87   150.18 161.84   287.69 299.36   149.63 161.30   155.22 166.89   148.95 160.62
2022-08-03   149.11 160.77   149.08 160.74   286.60 298.26   148.54 160.20   154.13 165.78   147.86 159.52
2022-08-04   148.02 159.67   147.99 159.64   285.51 297.16   147.45 159.10   153.03 164.69   146.77 158.42
2022-08-05   146.93 158.57   146.90 158.55   284.42 296.06   146.36 158.00   151.95 163.59   145.68 157.32
2022-08-06   145.85 157.47   145.82 157.45   283.33 294.96   145.28 156.90   150.86 162.49   144.59 156.22
2022-08-07   144.76 156.38   144.74 156.35   282.25 293.87   144.19 155.81   149.78 161.39   143.51 155.13
2022-08-08   143.68 155.29   143.65 155.26   281.17 292.77   143.11 154.72   148.70 160.30   142.43 154.04
2022-08-09   142.60 154.19   142.58 154.17   280.09 291.68   142.03 153.62   147.62 159.21   141.35 152.94
2022-08-10   141.53 153.11   141.50 153.08   279.02 290.59   140.96 152.54   146.54 158.12   140.28 151.86
2022-08-11   140.46 152.02   140.43 151.99   277.94 289.51   139.89 151.45   145.47 157.03   139.21 150.77
2022-08-12   139.39 150.93   139.36 150.91   276.88 288.42   138.82 150.36   144.40 155.95   138.14 149.68
2022-08-13   138.32 149.85   138.30 149.83   275.81 287.34   137.75 149.28   143.34 154.87   137.07 148.60
2022-08-14   137.26 148.77   137.24 148.75   274.75 286.26   136.69 148.20   142.28 153.79   136.01 147.52
2022-08-15   136.21 147.70   136.18 147.67   273.69 285.19   135.64 147.13   141.22 152.71   134.95 146.45
2022-08-16   135.15 146.63   135.12 146.60   272.64 284.11   134.58 146.06   140.17 151.64   133.90 145.38
2022-08-17   134.10 145.56   134.07 145.53   271.59 283.04   133.53 144.99   139.12 150.57   132.85 144.31
2022-08-18   133.05 144.49   133.03 144.46   270.54 281.98   132.48 143.92   138.07 149.51   131.80 143.24
2022-08-19   132.01 143.43   131.99 143.40   269.50 280.91   131.44 142.86   137.03 148.44   130.76 142.18
2022-08-20   130.97 142.37   130.95 142.34   268.46 279.85   130.40 141.80   135.99 147.38   129.72 141.12
2022-08-21   129.94 141.31   129.91 141.29   267.43 278.80   129.37 140.74   134.96 146.33   128.69 140.06
2022-08-22   128.91 140.26   128.88 140.23   266.40 277.75   128.34 139.69   133.93 145.27   127.66 139.01
2022-08-23   127.88 139.21   127.86 139.18   265.37 276.70   127.31 138.64   132.90 144.23   126.63 137.96
2022-08-24   126.86 138.17   126.84 138.14   264.35 275.65   126.29 137.60   131.88 143.18   125.61 136.92
2022-08-25   125.85 137.13   125.82 137.10   263.33 274.61   125.28 136.56   130.86 142.14   124.60 135.88
2022-08-26   124.83 136.09   124.81 136.06   262.32 273.58   124.26 135.52   129.85 141.10   123.58 134.84
2022-08-27   123.82 135.06   123.80 135.03   261.31 272.54   123.25 134.49   128.84 140.07   122.57 133.81
2022-08-28   122.82 134.03   122.79 134.00   260.31 271.52   122.25 133.46   127.84 139.04   121.57 132.78
2022-08-29   121.82 133.00   121.79 132.98   259.31 270.49   121.25 132.43   126.84 138.02   120.57 131.75
2022-08-30   120.83 131.98   120.80 131.96   258.31 269.47   120.26 131.41   125.84 137.00   119.57 130.73
2022-08-31   119.83 130.97   119.81 130.94   257.32 268.46   119.26 130.40   124.85 135.98   118.58 129.72
2022-09-01   118.85 129.96   118.82 129.93   256.34 267.44   118.28 129.39   123.86 134.97   117.60 128.71
2022-09-02   117.87 128.95   117.84 128.92   255.35 266.44   117.30 128.38   122.88 133.96   116.61 127.70
2022-09-03   116.89 127.95   116.86 127.92   254.38 265.43   116.32 127.38   121.90 132.96   115.64 126.69
2022-09-04   115.91 126.95   115.89 126.92   253.40 264.43   115.34 126.38   120.93 131.96   114.66 125.70
2022-09-05   114.94 125.95   114.92 125.93   252.43 263.44   114.37 125.38   119.96 130.97   113.69 124.70
2022-09-06   113.98 124.96   113.95 124.93   251.47 262.45   113.41 124.39   119.00 129.98   112.73 123.71
2022-09-07   113.02 123.98   112.99 123.95   250.51 261.46   112.45 123.41   118.03 128.99   111.77 122.72
2022-09-08   112.06 122.99   112.04 122.97   249.55 260.48   111.49 122.42   117.08 128.01   110.81 121.74
2022-09-09   111.11 122.02   111.08 121.99   248.60 259.50   110.54 121.45   116.13 127.03   109.86 120.77
2022-09-10   110.16 121.04   110.13 121.02   247.65 258.53   109.59 120.47   115.18 126.06   108.91 119.79
2022-09-11   109.22 120.07   109.19 120.05   246.70 257.56   108.65 119.50   114.23 125.09   107.97 118.82
2022-09-12   108.28 119.11   108.25 119.08   245.76 256.60   107.71 118.54   113.29 124.12   107.03 117.86
2022-09-13   107.34 118.15   107.31 118.12   244.83 255.63   106.77 117.58   112.36 123.16   106.09 116.90
2022-09-14   106.41 117.19   106.38 117.16   243.89 254.68   105.84 116.62   111.42 122.21   105.16 115.94
2022-09-15   105.48 116.24   105.45 116.21   242.97 253.72   104.91 115.67   110.49 121.25   104.23 114.99
2022-09-16   104.55 115.29   104.53 115.26   242.04 252.78   103.98 114.72   109.57 120.30   103.30 114.04
2022-09-17   103.63 114.34   103.60 114.32   241.12 251.83   103.06 113.77   108.65 119.36   102.38 113.09
2022-09-18   102.71 113.40   102.69 113.37   240.20 250.89   102.14 112.83   107.73 118.42   101.46 112.15
2022-09-19   101.80 112.46   101.77 112.44   239.29 249.95   101.23 111.89   106.81 117.48   100.55 111.21
2022-09-20   100.89 111.53   100.86 111.50   238.37 249.02   100.32 110.96   105.90 116.55    99.64 110.28
2022-09-21    99.98 110.60    99.95 110.57   237.47 248.09    99.41 110.03   104.99 115.61    98.73 109.35
2022-09-22    99.07 109.67    99.05 109.65   236.56 247.16    98.50 109.10   104.09 114.69    97.82 108.42
2022-09-23    98.17 108.75    98.14 108.72   235.66 246.24    97.60 108.18   103.19 113.77    96.92 107.50
2022-09-24    97.27 107.83    97.25 107.80   234.76 245.32    96.70 107.26   102.29 112.85    96.02 106.58
2022-09-25    96.38 106.91    96.35 106.89   233.86 244.40    95.81 106.34   101.39 111.93    95.12 105.66
2022-09-26    95.48 106.00    95.46 105.97   232.97 243.49    94.91 105.43   100.50 111.02    94.23 104.75
2022-09-27    94.59 105.09    94.56 105.06   232.08 242.58    94.02 104.52    99.61 110.11    93.34 103.84
2022-09-28    93.70 104.18    93.68 104.16   231.19 241.67    93.13 103.61    98.72 109.20    92.45 102.93
2022-09-29    92.82 103.28    92.79 103.25   230.30 240.77    92.25 102.71    97.83 108.29    91.57 102.03
2022-09-30    91.93 102.38    91.91 102.35   229.42 239.87    91.36 101.81    96.95 107.39    90.68 101.13
2022-10-01    91.05 101.48    91.03 101.45   228.54 238.97    90.48 100.91    96.07 106.49    89.80 100.23
2022-10-02    90.17 100.58    90.15 100.56   227.66 238.07    89.60 100.01    95.19 105.60    88.92  99.33
2022-10-03    89.30  99.69    89.27  99.66   226.78 237.18    88.73  99.12    94.31 104.71    88.05  98.44
2022-10-04    88.42  98.80    88.39  98.77   225.91 236.29    87.85  98.23    93.44 103.81    87.17  97.55
2022-10-05    87.55  97.91    87.52  97.88   225.03 235.40    86.98  97.34    92.56 102.93    86.30  96.66
2022-10-06    86.68  97.02    86.65  97.00   224.16 234.51    86.11  96.45    91.69 102.04    85.42  95.77
2022-10-07    85.80  96.14    85.78  96.11   223.29 233.63    85.23  95.57    90.82 101.16    84.55  94.89
2022-10-08    84.94  95.26    84.91  95.23   222.42 232.75    84.37  94.69    89.95 100.27    83.69  94.01
2022-10-09    84.07  94.38    84.04  94.35   221.56 231.87    83.50  93.81    89.08  99.39    82.82  93.13
2022-10-10    83.20  93.50    83.18  93.47   220.69 230.99    82.63  92.93    88.22  98.52    81.95  92.25
2022-10-11    82.34  92.62    82.31  92.60   219.82 230.11    81.77  92.05    87.35  97.64    81.09  91.37
2022-10-12    81.47  91.75    81.45  91.72   218.96 229.24    80.90  91.18    86.49  96.76    80.22  90.50
2022-10-13    80.61  90.87    80.58  90.85   218.10 228.36    80.04  90.30    85.62  95.89    79.36  89.62
2022-10-14    79.75  90.00    79.72  89.98   217.23 227.49    79.18  89.43    84.76  95.02    78.49  88.75
2022-10-15    78.88  89.13    78.86  89.11   216.37 226.62    78.31  88.56    83.90  94.15    77.63  87.88
2022-10-16    78.02  88.26    77.99  88.24   215.51 225.75    77.45  87.69    83.04  93.28    76.77  87.01
2022-10-17    77.16  87.39    77.13  87.37   214.65 224.88    76.59  86.82    82.17  92.41    75.91  86.14
2022-10-18    76.30  86.52    76.27  86.50   213.79 224.01    75.73  85.95    81.31  91.54    75.05  85.27
2022-10-19    75.44  85.66    75.41  85.63   212.92 223.15    74.87  85.09    80.45  90.67    74.19  84.41
2022-10-20    74.58  84.79    74.55  84.76   212.06 222.28    74.01  84.22    79.59  89.81    73.32  83.54
2022-10-21    73.71  83.93    73.69  83.90   211.20 221.41    73.14  83.36    78.73  88.94    72.46  82.67
2022-10-22    72.85  83.06    72.83  83.03   210.34 220.55    72.28  82.49    77.87  88.07    71.60  81.81
2022-10-23    71.99  82.19    71.96  82.17   209.48 219.68    71.42  81.62    77.00  87.21    70.74  80.94
2022-10-24    71.13  81.33    71.10  81.30   208.61 218.82    70.56  80.76    76.14  86.34    69.88  80.08
2022-10-25    70.26  80.46    70.24  80.44   207.75 217.95    69.69  79.89    75.28  85.48    69.01  79.21
2022-10-26    69.40  79.60    69.37  79.57   206.89 217.09    68.83  79.03    74.41  84.61    68.15  78.35
2022-10-27    68.53  78.73    68.51  78.71   206.02 216.22    67.96  78.16    73.55  83.75    67.28  77.48
2022-10-28    67.67  77.87    67.64  77.84   205.15 215.35    67.10  77.30    72.68  82.88    66.42  76.62
2022-10-29    66.80  77.00    66.77  76.97   204.29 214.49    66.23  76.43    71.81  82.02    65.55  75.75
2022-10-30    65.93  76.13    65.90  76.11   203.42 213.62    65.36  75.56    70.94  81.15    64.68  74.88
2022-10-31    65.06  75.27    65.03  75.24   202.55 212.75    64.49  74.70    70.07  80.28    63.81  74.01
2022-11-01    64.22  74.36    64.20  74.33   201.71 211.85    63.65  73.79    69.24  79.38    62.97  73.11
2022-11-02    63.65  73.19    63.63  73.16   201.14 210.68    63.08  72.62    68.67  78.20    62.40  71.94
2022-11-03    63.08  72.01    63.05  71.99   200.57 209.50    62.51  71.44    68.10  77.03    61.83  70.76
2022-11-04    62.51  70.84    62.48  70.81   199.99 208.33    61.94  70.27    67.52  75.85    61.25  69.59
2022-11-05    61.93  69.66    61.90  69.64   199.42 207.15    61.36  69.09    66.94  74.68    60.68  68.41
2022-11-06    61.35  68.49    61.32  68.46   198.84 205.97    60.78  67.92    66.37  73.50    60.10  67.23

2023-04-14   258.33 265.69   258.30 265.67    35.82  43.18   257.76 265.12   263.35 270.71   257.08 264.44
2023-04-15   257.18 265.13   257.16 265.11    34.67  42.62   256.61 264.56   262.20 270.15   255.93 263.88
2023-04-16   256.04 264.58   256.01 264.55    33.52  42.07   255.47 264.01   261.05 269.59   254.79 263.33
2023-04-17   254.89 264.02   254.86 264.00    32.38  41.51   254.32 263.45   259.91 269.04   253.64 262.77
2023-04-18   253.75 263.47   253.72 263.45    31.23  40.96   253.18 262.90   258.76 268.49   252.49 262.22
2023-04-19   252.66 262.87   252.63 262.84    30.14  40.35   252.09 262.30   257.67 267.88   251.41 261.61
2023-04-20   251.81 262.02   251.79 261.99    29.30  39.50   251.24 261.45   256.83 267.03   250.56 260.77
2023-04-21   250.97 261.17   250.94 261.14    28.45  38.66   250.40 260.60   255.98 266.19   249.72 259.92
2023-04-22   250.12 260.32   250.10 260.30    27.61  37.81   249.55 259.75   255.14 265.34   248.87 259.07
2023-04-23   249.28 259.48   249.25 259.45    26.77  36.97   248.71 258.91   254.29 264.49   248.03 258.23
2023-04-24   248.43 258.63   248.41 258.61    25.92  36.12   247.86 258.06   253.45 263.65   247.18 257.38
2023-04-25   247.59 257.79   247.56 257.76    25.08  35.28   247.02 257.22   252.61 262.81   246.34 256.54
2023-04-26   246.75 256.95   246.72 256.92    24.23  34.44   246.18 256.38   251.76 261.96   245.50 255.70
2023-04-27   245.90 256.10   245.88 256.08    23.39  33.59   245.33 255.53   250.92 261.12   244.65 254.85
2023-04-28   245.06 255.26   245.03 255.24    22.54  32.75   244.49 254.69   250.07 260.28   243.81 254.01
2023-04-29   244.21 254.42   244.18 254.39    21.70  31.91   243.64 253.85   249.23 259.44   242.96 253.17
2023-04-30   243.37 253.58   243.34 253.55    20.85  31.07   242.80 253.01   248.38 258.59   242.11 252.33
2023-05-01   242.52 252.74   242.49 252.71    20.01  30.22   241.95 252.17   247.53 257.75   241.27 251.48
2023-05-02   241.67 251.89   241.64 251.87    19.16  29.38   241.10 251.32   246.69 256.91   240.42 250.64
2023-05-03   240.82 251.05   240.80 251.02    18.31  28.54   240.25 250.48   245.84 256.06   239.57 249.80
2023-05-04   239.97 250.21   239.95 250.18    17.46  27.69   239.40 249.64   244.99 255.22   238.72 248.96
2023-05-05   239.12 249.36   239.09 249.34    16.61  26.85   238.55 248.79   244.14 254.38   237.87 248.11
2023-05-06   238.27 248.52   238.24 248.49    15.76  26.00   237.70 247.95   243.28 253.53   237.02 247.27
2023-05-07   237.41 247.67   237.39 247.65    14.90  25.16   236.84 247.10   242.43 252.69   236.16 246.42
2023-05-08   236.56 246.83   236.53 246.80    14.05  24.31   235.99 246.26   241.57 251.84   235.31 245.57
2023-05-09   235.70 245.98   235.67 245.95    13.19  23.46   235.13 245.41   240.72 250.99   234.45 244.73
2023-05-10   234.84 245.13   234.81 245.10    12.33  22.62   234.27 244.56   239.86 250.14   233.59 243.88
2023-05-11   233.98 244.28   233.95 244.25    11.47  21.77   233.41 243.71   238.99 249.29   232.73 243.03
2023-05-12   233.12 243.43   233.09 243.40    10.60  20.91   232.55 242.86   238.13 248.44   231.86 242.18
2023-05-13   232.25 242.57   232.22 242.55     9.74  20.06   231.68 242.00   237.27 247.59   231.00 241.32
2023-05-14   231.38 241.72   231.36 241.69     8.87  19.21   230.81 241.15   236.40 246.73   230.13 240.47
2023-05-15   230.51 240.86   230.49 240.84     8.00  18.35   229.94 240.29   235.53 245.88   229.26 239.61
2023-05-16   229.64 240.00   229.61 239.98     7.13  17.49   229.07 239.43   234.65 245.02   228.39 238.75
2023-05-17   228.76 239.14   228.74 239.12     6.25  16.63   228.19 238.57   233.78 244.16   227.51 237.89
2023-05-18   227.88 238.28   227.86 238.25     5.37  15.77   227.31 237.71   232.90 243.29   226.63 237.03
2023-05-19   227.00 237.41   226.98 237.39     4.49  14.90   226.43 236.84   232.02 242.43   225.75 236.16
2023-05-20   226.12 236.55   226.09 236.52     3.61  14.03   225.55 235.98   231.13 241.56   224.87 235.30
2023-05-21   225.23 235.68   225.21 235.65     2.72  13.16   224.66 235.11   230.25 240.69   223.98 234.43
2023-05-22   224.34 234.80   224.32 234.78     1.83  12.29   223.77 234.23   229.36 239.82   223.09 233.55
2023-05-23   223.45 233.93   223.42 233.90     0.94  11.42   222.88 233.36   228.46 238.94   222.20 232.68
2023-05-24   222.55 233.05   222.52 233.02     0.04  10.54   221.98 232.48   227.57 238.07   221.30 231.80
2023-05-25   221.65 232.17   221.62 232.14   359.14   9.66   221.08 231.60   226.67 237.19   220.40 230.92
2023-05-26   220.75 231.29   220.72 231.26   358.23   8.77   220.18 230.72   225.76 236.30   219.50 230.03
2023-05-27   219.84 230.40   219.81 230.37   357.33   7.89   219.27 229.83   224.85 235.41   218.59 229.15
2023-05-28   218.93 229.51   218.90 229.48   356.41   7.00   218.36 228.94   223.94 234.52   217.68 228.26
2023-05-29   218.01 228.61   217.99 228.59   355.50   6.10   217.44 228.04   223.03 233.63   216.76 227.36
2023-05-30   217.09 227.72   217.07 227.69   354.58   5.20   216.52 227.15   222.11 232.73   215.84 226.47
2023-05-31   216.17 226.82   216.14 226.79   353.66   4.30   215.60 226.25   221.19 231.83   214.92 225.57
2023-06-01   215.24 225.91   215.22 225.88   352.73   3.40   214.67 225.34   220.26 230.93   213.99 224.66
2023-06-02   214.31 225.00   214.29 224.98   351.80   2.49   213.74 224.43   219.33 230.02   213.06 223.75
2023-06-03   213.38 224.09   213.35 224.06   350.86   1.58   212.81 223.52   218.39 229.11   212.13 222.84
2023-06-04   212.44 223.18   212.41 223.15   349.92   0.66   211.87 222.61   217.45 228.19   211.19 221.92
2023-06-05   211.49 222.26   211.47 222.23   348.98 359.74   210.92 221.69   216.51 227.27   210.24 221.00
2023-06-06   210.55 221.33   210.52 221.30   348.03 358.82   209.98 220.76   215.56 226.35   209.29 220.08
2023-06-07   209.59 220.40   209.57 220.38   347.08 357.89   209.02 219.83   214.61 225.42   208.34 219.15
2023-06-08   208.64 219.47   208.61 219.44   346.12 356.96   208.07 218.90   213.65 224.49   207.39 218.22
2023-06-09   207.67 218.53   207.65 218.51   345.16 356.02   207.10 217.96   212.69 223.55   206.42 217.28
2023-06-10   206.71 217.59   206.68 217.57   344.20 355.08   206.14 217.02   211.72 222.61   205.46 216.34
2023-06-11   205.74 216.65   205.71 216.62   343.23 354.14   205.17 216.08   210.75 221.66   204.49 215.40
2023-06-12   204.76 215.70   204.74 215.67   342.25 353.19   204.19 215.13   209.78 220.71   203.51 214.45
2023-06-13   203.78 214.74   203.76 214.72   341.27 352.23   203.21 214.17   208.80 219.76   202.53 213.49
2023-06-14   202.80 213.79   202.77 213.76   340.29 351.27   202.23 213.22   207.82 218.80   201.55 212.53
2023-06-15   201.81 212.82   201.78 212.80   339.30 350.31   201.24 212.25   206.83 217.84   200.56 211.57
2023-06-16   200.82 211.85   200.79 211.83   338.31 349.34   200.25 211.28   205.83 216.87   199.57 210.60
2023-06-17   199.82 210.88   199.79 210.86   337.31 348.37   199.25 210.31   204.83 215.90   198.57 209.63
2023-06-18   198.82 209.91   198.79 209.88   336.30 347.39   198.25 209.34   203.83 214.92   197.57 208.65
2023-06-19   197.81 208.92   197.78 208.90   335.30 346.41   197.24 208.35   202.83 213.94   196.56 207.67
2023-06-20   196.80 207.94   196.77 207.91   334.29 345.42   196.23 207.37   201.81 212.95   195.55 206.69
2023-06-21   195.78 206.95   195.76 206.92   333.27 344.43   195.21 206.38   200.80 211.96   194.53 205.70
2023-06-22   194.76 205.95   194.73 205.92   332.25 343.44   194.19 205.38   199.78 210.97   193.51 204.70
2023-06-23   193.74 204.95   193.71 204.92   331.22 342.44   193.17 204.38   198.75 209.96   192.49 203.70
2023-06-24   192.71 203.94   192.68 203.92   330.19 341.43   192.14 203.37   197.72 208.96   191.46 202.69
2023-06-25   191.67 202.94   191.65 202.91   329.16 340.42   191.10 202.37   196.69 207.95   190.42 201.68
2023-06-26   190.63 201.92   190.61 201.89   328.12 339.41   190.06 201.35   195.65 206.94   189.38 200.67
2023-06-27   189.59 200.90   189.57 200.88   327.08 338.39   189.02 200.33   194.61 205.92   188.34 199.65
2023-06-28   188.55 199.88   188.52 199.85   326.03 337.37   187.98 199.31   193.56 204.89   187.30 198.63
2023-06-29   187.50 198.85   187.47 198.82   324.98 336.34   186.93 198.28   192.51 203.87   186.25 197.60
2023-06-30   186.44 197.82   186.42 197.79   323.93 335.31   185.87 197.25   191.46 202.83   185.19 196.57
2023-07-01   185.38 196.78   185.36 196.76   322.87 334.27   184.81 196.21   190.40 201.80   184.13 195.53
2023-07-02   184.32 195.74   184.30 195.72   321.81 333.23   183.75 195.17   189.34 200.76   183.07 194.49
2023-07-03   183.26 194.70   183.23 194.67   320.74 332.19   182.69 194.13   188.27 199.71   182.01 193.45
2023-07-04   182.19 193.65   182.16 193.62   319.68 331.14   181.62 193.08   187.20 198.67   180.94 192.40
2023-07-05   181.12 192.60   181.09 192.57   318.60 330.08   180.55 192.03   186.13 197.61   179.87 191.35
2023-07-06   180.04 191.54   180.02 191.51   317.53 329.03   179.47 190.97   185.06 196.56   178.79 190.29
2023-07-07   178.96 190.48   178.94 190.45   316.45 327.97   178.39 189.91   183.98 195.50   177.71 189.23
2023-07-08   177.88 189.42   177.86 189.39   315.37 326.91   177.31 188.85   182.90 194.43   176.63 188.17
2023-07-09   176.80 188.35   176.77 188.32   314.29 325.84   176.23 187.78   181.81 193.37   175.55 187.10
2023-07-10   175.71 187.28   175.69 187.25   313.20 324.77   175.14 186.71   180.73 192.30   174.46 186.03
2023-07-11   174.62 186.21   174.60 186.18   312.11 323.69   174.05 185.64   179.64 191.22   173.37 184.96
2023-07-12   173.53 185.13   173.51 185.10   311.02 322.62   172.96 184.56   178.55 190.15   172.28 183.88
2023-07-13   172.44 184.05   172.42 184.02   309.93 321.54   171.87 183.48   177.46 189.07   171.19 182.80
2023-07-14   171.35 182.97   171.32 182.94   308.83 320.46   170.78 182.40   176.36 187.98   170.10 181.72
2023-07-15   170.25 181.88   170.22 181.86   307.74 319.37   169.68 181.31   175.27 186.90   169.00 180.63
2023-07-16   169.15 180.80   169.13 180.77   306.64 318.28   168.58 180.23   174.17 185.81   167.90 179.55
2023-07-17   168.06 179.71   168.03 179.68   305.54 317.20   167.49 179.14   173.07 184.72   166.80 178.46
2023-07-18   166.96 178.62   166.93 178.59   304.44 316.10   166.39 178.05   171.97 183.63   165.70 177.37
2023-07-19   165.85 177.52   165.83 177.50   303.34 315.01   165.28 176.95   170.87 182.54   164.60 176.27
2023-07-20   164.75 176.43   164.73 176.40   302.24 313.92   164.18 175.86   169.77 181.44   163.50 175.18
2023-07-21   163.65 175.33   163.62 175.31   301.14 312.82   163.08 174.76   168.67 180.35   162.40 174.08
2023-07-22   162.55 174.23   162.52 174.21   300.04 311.72   161.98 173.66   167.56 179.25   161.30 172.98
2023-07-23   161.45 173.14   161.42 173.11   298.93 310.62   160.88 172.57   166.46 178.15   160.20 171.88
2023-07-24   160.34 172.04   160.32 172.01   297.83 309.52   159.77 171.47   165.36 177.05   159.09 170.78
2023-07-25   159.24 170.94   159.22 170.91   296.73 308.42   158.67 170.37   164.26 175.95   157.99 169.68
2023-07-26   158.14 169.83   158.11 169.81   295.63 307.32   157.57 169.26   163.16 174.85   156.89 168.58
2023-07-27   157.04 168.73   157.01 168.71   294.53 306.22   156.47 168.16   162.05 173.75   155.79 167.48
2023-07-28   155.94 167.63   155.91 167.60   293.43 305.12   155.37 167.06   160.95 172.65   154.69 166.38
2023-07-29   154.84 166.53   154.81 166.50   292.33 304.02   154.27 165.96   159.86 171.54   153.59 165.28
2023-07-30   153.74 165.43   153.72 165.40   291.23 302.91   153.17 164.86   158.76 170.44   152.49 164.18
2023-07-31   152.65 164.33   152.62 164.30   290.13 301.81   152.08 163.76   157.66 169.34   151.40 163.08
2023-08-01   151.55 163.23   151.53 163.20   289.04 300.71   150.98 162.66   156.57 168.24   150.30 161.97
2023-08-02   150.46 162.13   150.43 162.10   287.95 299.61   149.89 161.56   155.47 167.14   149.21 160.88
2023-08-03   149.37 161.03   149.34 161.00   286.86 298.51   148.80 160.46   154.38 166.04   148.12 159.78
2023-08-04   148.28 159.93   148.25 159.90   285.77 297.42   147.71 159.36   153.29 164.94   147.03 158.68
2023-08-05   147.19 158.83   147.17 158.81   284.68 296.32   146.62 158.26   152.21 163.85   145.94 157.58
2023-08-06   146.11 157.74   146.08 157.71   283.60 295.23   145.54 157.17   151.12 162.75   144.86 156.49
2023-08-07   145.03 156.64   145.00 156.62   282.51 294.13   144.46 156.07   150.04 161.66   143.78 155.39
2023-08-08   143.95 155.55   143.92 155.53   281.43 293.04   143.38 154.98   148.96 160.57   142.70 154.30
2023-08-09   142.87 154.46   142.84 154.44   280.36 291.95   142.30 153.89   147.89 159.48   141.62 153.21
2023-08-10   141.80 153.38   141.77 153.35   279.29 290.86   141.23 152.81   146.81 158.39   140.55 152.13
2023-08-11   140.73 152.29   140.70 152.26   278.21 289.78   140.16 151.72   145.74 157.31   139.48 151.04
2023-08-12   139.66 151.21   139.63 151.18   277.15 288.70   139.09 150.64   144.68 156.22   138.41 149.96
2023-08-13   138.60 150.13   138.57 150.10   276.08 287.62   138.03 149.56   143.61 155.14   137.35 148.88
2023-08-14   137.54 149.05   137.51 149.03   275.02 286.54   136.97 148.48   142.55 154.07   136.29 147.80
2023-08-15   136.48 147.98   136.45 147.95   273.97 285.46   135.91 147.41   141.50 152.99   135.23 146.73
2023-08-16   135.43 146.91   135.40 146.88   272.92 284.39   134.86 146.34   140.44 151.92   134.18 145.66
2023-08-17   134.38 145.84   134.35 145.81   271.87 283.32   133.81 145.27   139.39 150.85   133.13 144.59
2023-08-18   133.33 144.77   133.31 144.75   270.82 282.26   132.76 144.20   138.35 149.79   132.08 143.52
2023-08-19   132.29 143.71   132.27 143.68   269.78 281.20   131.72 143.14   137.31 148.73   131.04 142.46
2023-08-20   131.26 142.65   131.23 142.63   268.74 280.14   130.69 142.08   136.27 147.67   130.00 141.40
2023-08-21   130.22 141.60   130.20 141.57   267.71 279.09   129.65 141.03   135.24 146.61   128.97 140.35
2023-08-22   129.19 140.55   129.17 140.52   266.68 278.03   128.62 139.98   134.21 145.56   127.94 139.30
2023-08-23   128.17 139.50   128.14 139.47   265.66 276.99   127.60 138.93   133.18 144.51   126.92 138.25
2023-08-24   127.15 138.46   127.12 138.43   264.64 275.94   126.58 137.89   132.16 143.47   125.90 137.21
2023-08-25   126.13 137.42   126.11 137.39   263.62 274.90   125.56 136.85   131.15 142.43   124.88 136.17
2023-08-26   125.12 136.38   125.09 136.35   262.61 273.87   124.55 135.81   130.13 141.40   123.87 135.13
2023-08-27   124.11 135.35   124.09 135.32   261.60 272.84   123.54 134.78   129.13 140.36   122.86 134.10
2023-08-28   123.11 134.32   123.08 134.29   260.60 271.81   122.54 133.75   128.12 139.34   121.86 133.07
2023-08-29   122.11 133.30   122.08 133.27   259.60 270.78   121.54 132.73   127.12 138.31   120.86 132.05
2023-08-30   121.11 132.28   121.09 132.25   258.60 269.77   120.54 131.71   126.13 137.29   119.86 131.03
2023-08-31   120.12 131.26   120.10 131.24   257.61 268.75   119.55 130.69   125.14 136.28   118.87 130.01
2023-09-01   119.14 130.25   119.11 130.22   256.62 267.74   118.57 129.68   124.15 135.27   117.89 129.00
2023-09-02   118.16 129.24   118.13 129.22   255.64 266.73   117.59 128.67   123.17 134.26   116.90 127.99
2023-09-03   117.18 128.24   117.15 128.21   254.66 265.73   116.61 127.67   122.19 133.26   115.93 126.99
2023-09-04   116.20 127.24   116.18 127.22   253.69 264.73   115.63 126.67   121.22 132.26   114.95 125.99
2023-09-05   115.23 126.25   115.21 126.22   252.72 263.74   114.66 125.68   120.25 131.26   113.98 125.00
2023-09-06   114.27 125.26   114.24 125.23   251.76 262.75   113.70 124.69   119.29 130.27   113.02 124.01
2023-09-07   113.31 124.27   113.28 124.25   250.80 261.76   112.74 123.70   118.32 129.29   112.06 123.02
2023-09-08   112.35 123.29   112.33 123.26   249.84 260.78   111.78 122.72   117.37 128.31   111.10 122.04
2023-09-09   111.40 122.31   111.37 122.29   248.89 259.80   110.83 121.74   116.42 127.33   110.15 121.06
2023-09-10   110.45 121.34   110.42 121.31   247.94 258.83   109.88 120.77   115.47 126.35   109.20 120.09
2023-09-11   109.51 120.37   109.48 120.34   246.99 257.86   108.94 119.80   114.52 125.38   108.26 119.12
2023-09-12   108.57 119.40   108.54 119.38   246.05 256.89   108.00 118.83   113.58 124.42   107.32 118.15
2023-09-13   107.63 118.44   107.60 118.42   245.12 255.93   107.06 117.87   112.64 123.46   106.38 117.19
2023-09-14   106.70 117.49   106.67 117.46   244.18 254.97   106.13 116.92   111.71 122.50   105.45 116.23
2023-09-15   105.77 116.53   105.74 116.51   243.25 254.02   105.20 115.96   110.78 121.55   104.52 115.28
2023-09-16   104.84 115.58   104.81 115.56   242.33 253.07   104.27 115.01   109.86 120.60   103.59 114.33
2023-09-17   103.92 114.64   103.89 114.61   241.41 252.12   103.35 114.07   108.93 119.65   102.67 113.39
2023-09-18   103.00 113.70   102.97 113.67   240.49 251.18   102.43 113.13   108.02 118.71   101.75 112.44
2023-09-19   102.08 112.76   102.06 112.73   239.57 250.24   101.51 112.19   107.10 117.77   100.83 111.51
2023-09-20   101.17 111.82   101.15 111.80   238.66 249.31   100.60 111.25   106.19 116.84    99.92 110.57
2023-09-21   100.26 110.89   100.24 110.87   237.75 248.38    99.69 110.32   105.28 115.91    99.01 109.64
2023-09-22    99.36 109.96    99.33 109.94   236.85 247.45    98.79 109.39   104.37 114.98    98.11 108.71
2023-09-23    98.46 109.04    98.43 109.01   235.94 246.53    97.89 108.47   103.47 114.06    97.20 107.79
2023-09-24    97.56 108.12    97.53 108.09   235.04 245.61    96.99 107.55   102.57 113.13    96.30 106.87
2023-09-25    96.66 107.20    96.63 107.18   234.15 244.69    96.09 106.63   101.67 112.22    95.41 105.95
2023-09-26    95.76 106.29    95.74 106.26   233.25 243.78    95.19 105.72   100.78 111.30    94.51 105.04
2023-09-27    94.87 105.38    94.85 105.35   232.36 242.86    94.30 104.81    99.89 110.39    93.62 104.13
2023-09-28    93.98 104.47    93.96 104.44   231.47 241.96    93.41 103.90    99.00 109.48    92.73 103.22
2023-09-29    93.10 103.56    93.07 103.54   230.58 241.05    92.53 102.99    98.11 108.58    91.85 102.31
2023-09-30    92.21 102.66    92.19 102.64   229.70 240.15    91.64 102.09    97.23 107.68    90.96 101.41
2023-10-01    91.33 101.76    91.30 101.74   228.82 239.25    90.76 101.19    96.35 106.78    90.08 100.51
2023-10-02    90.45 100.87    90.42 100.84   227.94 238.35    89.88 100.30    95.47 105.88    89.20  99.61
2023-10-03    89.57  99.97    89.55  99.94   227.06 237.46    89.00  99.40    94.59 104.99    88.32  98.72
2023-10-04    88.70  99.08    88.67  99.05   226.18 236.57    88.13  98.51    93.71 104.09    87.45  97.83
2023-10-05    87.82  98.19    87.79  98.16   225.31 235.68    87.25  97.62    92.84 103.20    86.57  96.94
2023-10-06    86.95  97.30    86.92  97.28   224.44 234.79    86.38  96.73    91.96 102.32    85.70  96.05
2023-10-07    86.08  96.42    86.05  96.39   223.56 233.90    85.51  95.85    91.09 101.43    84.83  95.17
2023-10-08    85.21  95.53    85.18  95.51   222.69 233.02    84.64  94.96    90.22 100.55    83.96  94.28
2023-10-09    84.34  94.65    84.31  94.63   221.83 232.14    83.77  94.08    89.35  99.67    83.09  93.40
2023-10-10    83.47  93.77    83.44  93.75   220.96 231.26    82.90  93.20    88.49  98.79    82.22  92.52
2023-10-11    82.60  92.89    82.58  92.87   220.09 230.38    82.03  92.32    87.62  97.91    81.35  91.64
2023-10-12    81.74  92.02    81.71  91.99   219.23 229.51    81.17  91.45    86.75  97.03    80.49  90.77
2023-10-13    80.87  91.14    80.85  91.12   218.36 228.63    80.30  90.57    85.89  96.16    79.62  89.89
2023-10-14    80.01  90.27    79.98  90.24   217.50 227.76    79.44  89.70    85.03  95.29    78.76  89.02
2023-10-15    79.15  89.40    79.12  89.37   216.63 226.89    78.58  88.83    84.16  94.41    77.90  88.15
2023-10-16    78.28  88.53    78.26  88.50   215.77 226.01    77.71  87.96    83.30  93.54    77.03  87.28
2023-10-17    77.42  87.66    77.39  87.63   214.91 225.14    76.85  87.09    82.44  92.67    76.17  86.41
2023-10-18    76.56  86.79    76.53  86.76   214.05 224.27    75.99  86.22    81.57  91.80    75.31  85.54
2023-10-19    75.70  85.92    75.67  85.89   213.18 223.41    75.13  85.35    80.71  90.93    74.44  84.67
2023-10-20    74.83  85.05    74.81  85.02   212.32 222.54    74.26  84.48    79.85  90.07    73.58  83.80
2023-10-21    73.97  84.18    73.94  84.16   211.46 221.67    73.40  83.61    78.99  89.20    72.72  82.93
2023-10-22    73.11  83.32    73.08  83.29   210.59 220.80    72.54  82.75    78.12  88.33    71.86  82.07
2023-10-23    72.24  82.45    72.22  82.42   209.73 219.94    71.67  81.88    77.26  87.46    70.99  81.20
2023-10-24    71.38  81.58    71.35  81.56   208.87 219.07    70.81  81.01    76.39  86.60    70.13  80.33
2023-10-25    70.51  80.72    70.49  80.69   208.00 218.20    69.94  80.15    75.53  85.73    69.26  79.46
2023-10-26    69.65  79.85    69.62  79.82   207.14 217.34    69.08  79.28    74.66  84.86    68.40  78.60
2023-10-27    68.78  78.98    68.76  78.96   206.27 216.47    68.21  78.41    73.80  84.00    67.53  77.73
2023-10-28    67.91  78.11    67.89  78.09   205.40 215.60    67.34  77.54    72.93  83.13    66.66  76.86
2023-10-29    67.05  77.25    67.02  77.22   204.53 214.73    66.48  76.68    72.06  82.26    65.79  76.00
2023-10-30    66.18  76.38    66.15  76.35   203.66 213.87    65.61  75.81    71.19  81.39    64.92  75.13
2023-10-31    65.30  75.51    65.28  75.48   202.79 213.00    64.73  74.94    70.32  80.52    64.05  74.26
2023-11-01    64.43  74.64    64.40  74.61   201.92 212.13    63.86  74.07    69.45  79.65    63.18  73.39
2023-11-02    63.80  73.52    63.78  73.50   201.29 211.01    63.23  72.95    68.82  78.54    62.55  72.27
2023-11-03    63.23  72.35    63.20  72.32   200.72 209.83    62.66  71.78    68.24  77.36    61.98  71.10
2023-11-04    62.65  71.17    62.63  71.14   200.14 208.66    62.08  70.60    67.67  76.18    61.40  69.92
2023-11-05    62.08  69.99    62.05  69.97   199.56 207.48    61.51  69.42    67.09  75.01    60.83  68.74
2023-11-06    61.50  68.81    61.47  68.79   198.98 206.30    60.93  68.24    66.51  73.83    60.25  67.56
