
       Target
                ecliptic
RA      Dec     latitude
293.282  45.310  65.398

Checked interval [2020-01-01, 2023-12-31]
|           Window [days]                 |    Normal V3 PA [deg]    |
   Start           End         Duration         Start         End         RA            Dec     
 2020-04-19      2020-11-16       211.00     258.63733      56.37791     293.28153      45.30966 
 2021-04-19      2021-11-17       212.00     258.90659      55.70051     293.28153      45.30966 
 2022-04-20      2022-11-17       211.00     258.28751      55.93692     293.28153      45.30966 
 2023-04-20      2023-11-17       211.00     258.55742      56.16503     293.28153      45.30966 


                V3PA          NIRCam           NIRSpec         NIRISS           MIRI          FGS
   Date      min    max      min    max       min    max     min    max      min    max      min    max

2020-04-20   255.01 262.08   254.99 262.06    32.50  39.57   254.44 261.51   260.03 267.10   253.76 260.83
2020-04-21   253.88 261.45   253.85 261.42    31.37  38.93   253.31 260.88   258.90 266.46   252.63 260.20
2020-04-22   252.75 260.81   252.72 260.79    30.24  38.30   252.18 260.24   257.76 265.83   251.50 259.56
2020-04-23   251.62 260.18   251.59 260.15    29.10  37.67   251.05 259.61   256.63 265.20   250.37 258.93
2020-04-24   250.49 259.55   250.46 259.52    27.97  37.04   249.92 258.98   255.50 264.56   249.24 258.30
2020-04-25   249.36 258.92   249.33 258.89    26.84  36.41   248.79 258.35   254.37 263.94   248.11 257.67
2020-04-26   248.23 258.29   248.20 258.27    25.71  35.78   247.66 257.72   253.24 263.31   246.98 257.04
2020-04-27   247.28 257.49   247.25 257.46    24.77  34.97   246.71 256.92   252.29 262.50   246.03 256.24
2020-04-28   246.40 256.61   246.38 256.58    23.89  34.10   245.83 256.04   251.42 261.62   245.15 255.36
2020-04-29   245.53 255.73   245.50 255.71    23.02  33.22   244.96 255.16   250.54 260.75   244.28 254.48
2020-04-30   244.65 254.86   244.63 254.83    22.14  32.34   244.08 254.29   249.67 259.87   243.40 253.60
2020-05-01   243.78 253.98   243.75 253.95    21.27  31.47   243.21 253.41   248.80 259.00   242.53 252.73
2020-05-02   242.91 253.11   242.88 253.08    20.39  30.59   242.34 252.54   247.92 258.12   241.66 251.86
2020-05-03   242.03 252.23   242.01 252.21    19.52  29.72   241.46 251.66   247.05 257.25   240.78 250.98
2020-05-04   241.16 251.36   241.13 251.33    18.65  28.85   240.59 250.79   246.17 256.37   239.91 250.11
2020-05-05   240.28 250.49   240.26 250.46    17.77  27.97   239.71 249.92   245.30 255.50   239.03 249.23
2020-05-06   239.41 249.61   239.38 249.59    16.90  27.10   238.84 249.04   244.43 254.63   238.16 248.36
2020-05-07   238.54 248.74   238.51 248.71    16.02  26.23   237.97 248.17   243.55 253.76   237.28 247.49
2020-05-08   237.66 247.87   237.63 247.84    15.15  25.36   237.09 247.30   242.68 252.88   236.41 246.62
2020-05-09   236.79 247.00   236.76 246.97    14.27  24.48   236.22 246.43   241.80 252.01   235.53 245.75
2020-05-10   235.91 246.12   235.88 246.10    13.40  23.61   235.34 245.55   240.92 251.14   234.66 244.87
2020-05-11   235.03 245.25   235.01 245.22    12.52  22.74   234.46 244.68   240.05 250.27   233.78 244.00
2020-05-12   234.16 244.38   234.13 244.35    11.64  21.87   233.59 243.81   239.17 249.39   232.90 243.13
2020-05-13   233.28 243.51   233.25 243.48    10.76  20.99   232.71 242.94   238.29 248.52   232.03 242.25
2020-05-14   232.40 242.63   232.37 242.61     9.89  20.12   231.83 242.06   237.41 247.65   231.15 241.38
2020-05-15   231.52 241.76   231.49 241.73     9.01  19.24   230.95 241.19   236.53 246.77   230.27 240.51
2020-05-16   230.64 240.88   230.61 240.86     8.12  18.37   230.07 240.31   235.65 245.90   229.39 239.63
2020-05-17   229.75 240.01   229.73 239.98     7.24  17.49   229.18 239.44   234.77 245.02   228.50 238.76
2020-05-18   228.87 239.13   228.84 239.10     6.36  16.62   228.30 238.56   233.89 244.15   227.62 237.88
2020-05-19   227.99 238.25   227.96 238.23     5.47  15.74   227.42 237.68   233.00 243.27   226.73 237.00
2020-05-20   227.10 237.37   227.07 237.35     4.59  14.86   226.53 236.80   232.11 242.39   225.85 236.12
2020-05-21   226.21 236.50   226.18 236.47     3.70  13.98   225.64 235.93   231.23 241.51   224.96 235.24
2020-05-22   225.32 235.61   225.29 235.59     2.81  13.10   224.75 235.04   230.34 240.63   224.07 234.36
2020-05-23   224.43 234.73   224.40 234.71     1.92  12.22   223.86 234.16   229.44 239.75   223.18 233.48
2020-05-24   223.54 233.85   223.51 233.82     1.02  11.34   222.97 233.28   228.55 238.86   222.28 232.60
2020-05-25   222.64 232.96   222.61 232.94     0.13  10.45   222.07 232.39   227.66 237.98   221.39 231.71
2020-05-26   221.74 232.08   221.72 232.05   359.23   9.56   221.17 231.51   226.76 237.09   220.49 230.83
2020-05-27   220.84 231.19   220.82 231.16   358.33   8.68   220.27 230.62   225.86 236.20   219.59 229.94
2020-05-28   219.94 230.30   219.91 230.27   357.43   7.79   219.37 229.73   224.96 235.31   218.69 229.05
2020-05-29   219.04 229.41   219.01 229.38   356.52   6.89   218.47 228.84   224.05 234.42   217.79 228.16
2020-05-30   218.13 228.51   218.10 228.49   355.62   6.00   217.56 227.94   223.15 233.53   216.88 227.26
2020-05-31   217.22 227.62   217.20 227.59   354.71   5.11   216.65 227.05   222.24 232.63   215.97 226.37
2020-06-01   216.31 226.72   216.29 226.69   353.80   4.21   215.74 226.15   221.33 231.74   215.06 225.47
2020-06-02   215.40 225.82   215.37 225.79   352.89   3.31   214.83 225.25   220.41 230.84   214.15 224.57
2020-06-03   214.48 224.92   214.46 224.89   351.97   2.41   213.91 224.35   219.50 229.93   213.23 223.67
2020-06-04   213.56 224.01   213.54 223.99   351.05   1.50   212.99 223.44   218.58 229.03   212.31 222.76
2020-06-05   212.64 223.11   212.62 223.08   350.13   0.59   212.07 222.54   217.66 228.12   211.39 221.86
2020-06-06   211.72 222.20   211.69 222.17   349.21 359.68   211.15 221.63   216.73 227.21   210.47 220.95
2020-06-07   210.79 221.29   210.76 221.26   348.28 358.77   210.22 220.72   215.81 226.30   209.54 220.03
2020-06-08   209.86 220.37   209.84 220.34   347.35 357.86   209.29 219.80   214.88 225.39   208.61 219.12
2020-06-09   208.93 219.45   208.90 219.43   346.42 356.94   208.36 218.88   213.94 224.47   207.68 218.20
2020-06-10   207.99 218.53   207.97 218.51   345.48 356.02   207.42 217.96   213.01 223.55   206.74 217.28
2020-06-11   207.05 217.61   207.03 217.58   344.54 355.10   206.48 217.04   212.07 222.63   205.80 216.36
2020-06-12   206.11 216.69   206.09 216.66   343.60 354.17   205.54 216.12   211.13 221.70   204.86 215.43
2020-06-13   205.17 215.76   205.14 215.73   342.66 353.24   204.60 215.19   210.18 220.77   203.92 214.51
2020-06-14   204.22 214.83   204.19 214.80   341.71 352.31   203.65 214.26   209.24 219.84   202.97 213.58
2020-06-15   203.27 213.89   203.24 213.86   340.76 351.38   202.70 213.32   208.28 218.91   202.02 212.64
2020-06-16   202.31 212.95   202.29 212.93   339.80 350.44   201.74 212.38   207.33 217.97   201.06 211.70
2020-06-17   201.36 212.01   201.33 211.99   338.84 349.50   200.79 211.44   206.37 217.03   200.11 210.76
2020-06-18   200.40 211.07   200.37 211.04   337.88 348.56   199.83 210.50   205.41 216.09   199.15 209.82
2020-06-19   199.43 210.12   199.41 210.10   336.92 347.61   198.86 209.55   204.45 215.14   198.18 208.87
2020-06-20   198.46 209.17   198.44 209.15   335.95 346.66   197.89 208.60   203.48 214.19   197.21 207.92
2020-06-21   197.49 208.22   197.47 208.19   334.98 345.71   196.92 207.65   202.51 213.23   196.24 206.97
2020-06-22   196.52 207.26   196.49 207.24   334.01 344.75   195.95 206.69   201.54 212.28   195.27 206.01
2020-06-23   195.54 206.30   195.52 206.28   333.03 343.79   194.97 205.73   200.56 211.32   194.29 205.05
2020-06-24   194.56 205.34   194.54 205.31   332.05 342.83   193.99 204.77   199.58 210.35   193.31 204.09
2020-06-25   193.58 204.37   193.55 204.35   331.07 341.86   193.01 203.80   198.59 209.39   192.33 203.12
2020-06-26   192.59 203.40   192.56 203.38   330.08 340.89   192.02 202.83   197.61 208.42   191.34 202.15
2020-06-27   191.60 202.43   191.57 202.40   329.09 339.92   191.03 201.86   196.62 207.44   190.35 201.18
2020-06-28   190.61 201.45   190.58 201.43   328.09 338.94   190.04 200.88   195.62 206.47   189.36 200.20
2020-06-29   189.61 200.47   189.58 200.45   327.10 337.96   189.04 199.90   194.62 205.49   188.36 199.22
2020-06-30   188.61 199.49   188.58 199.46   326.10 336.98   188.04 198.92   193.62 204.50   187.36 198.24
2020-07-01   187.60 198.50   187.58 198.48   325.09 335.99   187.03 197.93   192.62 203.52   186.35 197.25
2020-07-02   186.60 197.51   186.57 197.49   324.09 335.00   186.03 196.94   191.61 202.53   185.35 196.26
2020-07-03   185.59 196.52   185.56 196.49   323.08 334.01   185.02 195.95   190.60 201.53   184.34 195.27
2020-07-04   184.57 195.52   184.55 195.50   322.06 333.01   184.00 194.95   189.59 200.54   183.32 194.27
2020-07-05   183.56 194.52   183.53 194.50   321.05 332.01   182.99 193.95   188.57 199.54   182.31 193.27
2020-07-06   182.54 193.52   182.51 193.49   320.03 331.01   181.97 192.95   187.55 198.53   181.29 192.27
2020-07-07   181.52 192.51   181.49 192.49   319.01 330.00   180.95 191.94   186.53 197.53   180.27 191.26
2020-07-08   180.49 191.50   180.47 191.48   317.98 328.99   179.92 190.93   185.51 196.52   179.24 190.25
2020-07-09   179.47 190.49   179.44 190.46   316.95 327.98   178.90 189.92   184.48 195.50   178.21 189.24
2020-07-10   178.44 189.47   178.41 189.45   315.92 326.96   177.87 188.90   183.45 194.49   177.18 188.22
2020-07-11   177.40 188.45   177.38 188.43   314.89 325.94   176.83 187.88   182.42 193.47   176.15 187.20
2020-07-12   176.37 187.43   176.34 187.41   313.85 324.92   175.80 186.86   181.38 192.45   175.12 186.18
2020-07-13   175.33 186.41   175.30 186.38   312.82 323.89   174.76 185.84   180.34 191.42   174.08 185.16
2020-07-14   174.29 185.38   174.26 185.35   311.78 322.87   173.72 184.81   179.30 190.40   173.04 184.13
2020-07-15   173.25 184.35   173.22 184.32   310.73 321.84   172.68 183.78   178.26 189.36   172.00 183.10
2020-07-16   172.20 183.32   172.17 183.29   309.69 320.80   171.63 182.75   177.22 188.33   170.95 182.07
2020-07-17   171.15 182.28   171.13 182.25   308.64 319.77   170.58 181.71   176.17 187.30   169.90 181.03
2020-07-18   170.11 181.24   170.08 181.22   307.59 318.73   169.54 180.67   175.12 186.26   168.86 179.99
2020-07-19   169.06 180.20   169.03 180.18   306.54 317.69   168.49 179.63   174.07 185.22   167.81 178.95
2020-07-20   168.00 179.16   167.98 179.13   305.49 316.65   167.43 178.59   173.02 184.18   166.75 177.91
2020-07-21   166.95 178.12   166.92 178.09   304.44 315.60   166.38 177.55   171.97 183.13   165.70 176.87
2020-07-22   165.90 177.07   165.87 177.04   303.38 314.56   165.33 176.50   170.91 182.08   164.64 175.82
2020-07-23   164.84 176.02   164.81 175.99   302.33 313.51   164.27 175.45   169.85 181.04   163.59 174.77
2020-07-24   163.78 174.97   163.75 174.94   301.27 312.46   163.21 174.40   168.80 179.99   162.53 173.72
2020-07-25   162.72 173.92   162.70 173.89   300.21 311.41   162.15 173.35   167.74 178.93   161.47 172.67
2020-07-26   161.66 172.87   161.64 172.84   299.15 310.35   161.09 172.30   166.68 177.88   160.41 171.61
2020-07-27   160.60 171.81   160.58 171.78   298.09 309.30   160.03 171.24   165.62 176.83   159.35 170.56
2020-07-28   159.54 170.75   159.51 170.73   297.03 308.24   158.97 170.18   164.56 175.77   158.29 169.50
2020-07-29   158.48 169.70   158.45 169.67   295.97 307.18   157.91 169.13   163.49 174.71   157.23 168.45
2020-07-30   157.42 168.64   157.39 168.61   294.90 306.12   156.85 168.07   162.43 173.65   156.17 167.39
2020-07-31   156.36 167.58   156.33 167.55   293.84 305.07   155.79 167.01   161.37 172.59   155.10 166.33
2020-08-01   155.29 166.52   155.27 166.49   292.78 304.00   154.72 165.95   160.31 171.53   154.04 165.27
2020-08-02   154.23 165.46   154.20 165.43   291.72 302.94   153.66 164.89   159.25 170.47   152.98 164.21
2020-08-03   153.17 164.39   153.14 164.37   290.66 301.88   152.60 163.82   158.18 169.41   151.92 163.14
2020-08-04   152.11 163.33   152.08 163.31   289.59 300.82   151.54 162.76   157.12 168.35   150.86 162.08
2020-08-05   151.04 162.27   151.02 162.24   288.53 299.76   150.47 161.70   156.06 167.29   149.79 161.02
2020-08-06   149.98 161.21   149.96 161.18   287.47 298.70   149.41 160.64   155.00 166.22   148.73 159.96
2020-08-07   148.92 160.15   148.90 160.12   286.41 297.63   148.35 159.58   153.94 165.16   147.67 158.89
2020-08-08   147.86 159.08   147.84 159.06   285.35 296.57   147.29 158.51   152.88 164.10   146.61 157.83
2020-08-09   146.80 158.02   146.78 157.99   284.29 295.51   146.23 157.45   151.82 163.04   145.55 156.77
2020-08-10   145.75 156.96   145.72 156.93   283.23 294.45   145.18 156.39   150.76 161.97   144.49 155.71
2020-08-11   144.69 155.90   144.66 155.87   282.18 293.38   144.12 155.33   149.70 160.91   143.44 154.65
2020-08-12   143.63 154.84   143.61 154.81   281.12 292.32   143.06 154.27   148.65 159.85   142.38 153.59
2020-08-13   142.58 153.78   142.55 153.75   280.07 291.26   142.01 153.21   147.59 158.79   141.33 152.53
2020-08-14   141.53 152.72   141.50 152.69   279.01 290.20   140.96 152.15   146.54 157.73   140.28 151.47
2020-08-15   140.48 151.66   140.45 151.63   277.96 289.15   139.91 151.09   145.49 156.67   139.22 150.41
2020-08-16   139.43 150.60   139.40 150.57   276.91 288.09   138.86 150.03   144.44 155.62   138.17 149.35
2020-08-17   138.38 149.54   138.35 149.52   275.87 287.03   137.81 148.97   143.39 154.56   137.13 148.29
2020-08-18   137.33 148.49   137.31 148.46   274.82 285.98   136.76 147.92   142.35 153.50   136.08 147.24
2020-08-19   136.29 147.44   136.26 147.41   273.78 284.92   135.72 146.87   141.30 152.45   135.04 146.19
2020-08-20   135.25 146.38   135.22 146.36   272.73 283.87   134.68 145.81   140.26 151.40   134.00 145.13
2020-08-21   134.21 145.33   134.18 145.31   271.69 282.82   133.64 144.76   139.22 150.35   132.96 144.08
2020-08-22   133.17 144.29   133.14 144.26   270.66 281.77   132.60 143.72   138.18 149.30   131.92 143.03
2020-08-23   132.13 143.24   132.11 143.21   269.62 280.73   131.56 142.67   137.15 148.25   130.88 141.99
2020-08-24   131.10 142.19   131.07 142.17   268.59 279.68   130.53 141.62   136.12 147.21   129.85 140.94
2020-08-25   130.07 141.15   130.04 141.12   267.56 278.64   129.50 140.58   135.09 146.17   128.82 139.90
2020-08-26   129.04 140.11   129.02 140.08   266.53 277.60   128.47 139.54   134.06 145.12   127.79 138.86
2020-08-27   128.02 139.07   127.99 139.04   265.50 276.56   127.45 138.50   133.03 144.09   126.77 137.82
2020-08-28   126.99 138.03   126.97 138.01   264.48 275.52   126.42 137.46   132.01 143.05   125.74 136.78
2020-08-29   125.97 137.00   125.95 136.97   263.46 274.49   125.40 136.43   130.99 142.01   124.72 135.75
2020-08-30   124.96 135.97   124.93 135.94   262.44 273.45   124.39 135.40   129.97 140.98   123.71 134.72
2020-08-31   123.94 134.94   123.92 134.91   261.43 272.43   123.37 134.37   128.96 139.95   122.69 133.69
2020-09-01   122.93 133.91   122.90 133.88   260.42 271.40   122.36 133.34   127.95 138.93   121.68 132.66
2020-09-02   121.92 132.89   121.89 132.86   259.41 270.37   121.35 132.32   126.94 137.90   120.67 131.64
2020-09-03   120.91 131.86   120.89 131.84   258.40 269.35   120.34 131.29   125.93 136.88   119.66 130.61
2020-09-04   119.91 130.85   119.88 130.82   257.40 268.33   119.34 130.28   124.93 135.86   118.66 129.59
2020-09-05   118.91 129.83   118.88 129.80   256.40 267.32   118.34 129.26   123.93 134.84   117.66 128.58
2020-09-06   117.91 128.81   117.89 128.79   255.40 266.30   117.34 128.24   122.93 133.83   116.66 127.56
2020-09-07   116.92 127.80   116.89 127.78   254.41 265.29   116.35 127.23   121.93 132.82   115.67 126.55
2020-09-08   115.93 126.80   115.90 126.77   253.42 264.28   115.36 126.23   120.94 131.81   114.68 125.54
2020-09-09   114.94 125.79   114.91 125.76   252.43 263.28   114.37 125.22   119.95 130.80   113.69 124.54
2020-09-10   113.95 124.79   113.93 124.76   251.44 262.27   113.38 124.22   118.97 129.80   112.70 123.54
2020-09-11   112.97 123.79   112.94 123.76   250.46 261.27   112.40 123.22   117.99 128.80   111.72 122.54
2020-09-12   111.99 122.79   111.96 122.76   249.48 260.28   111.42 122.22   117.01 127.81   110.74 121.54
2020-09-13   111.01 121.80   110.99 121.77   248.50 259.28   110.44 121.23   116.03 126.81   109.76 120.55
2020-09-14   110.04 120.80   110.01 120.78   247.53 258.29   109.47 120.23   115.06 125.82   108.79 119.55
2020-09-15   109.07 119.82   109.04 119.79   246.56 257.30   108.50 119.25   114.09 124.83   107.82 118.57
2020-09-16   108.10 118.83   108.08 118.80   245.59 256.32   107.53 118.26   113.12 123.85   106.85 117.58
2020-09-17   107.14 117.85   107.11 117.82   244.62 255.34   106.57 117.28   112.15 122.86   105.89 116.60
2020-09-18   106.17 116.87   106.15 116.84   243.66 254.36   105.60 116.30   111.19 121.88   104.92 115.62
2020-09-19   105.22 115.89   105.19 115.87   242.70 253.38   104.65 115.32   110.23 120.91   103.96 114.64
2020-09-20   104.26 114.92   104.23 114.89   241.75 252.41   103.69 114.35   109.27 119.93   103.01 113.67
2020-09-21   103.30 113.95   103.28 113.92   240.79 251.43   102.73 113.38   108.32 118.96   102.05 112.70
2020-09-22   102.35 112.98   102.33 112.95   239.84 250.47   101.78 112.41   107.37 117.99   101.10 111.73
2020-09-23   101.41 112.01   101.38 111.99   238.89 249.50   100.84 111.44   106.42 117.03   100.15 110.76
2020-09-24   100.46 111.05   100.43 111.02   237.95 248.54    99.89 110.48   105.47 116.07    99.21 109.80
2020-09-25    99.52 110.09    99.49 110.06   237.00 247.58    98.95 109.52   104.53 115.11    98.26 108.84
2020-09-26    98.57 109.13    98.55 109.11   236.06 246.62    98.00 108.56   103.59 114.15    97.32 107.88
2020-09-27    97.64 108.18    97.61 108.15   235.12 245.67    97.07 107.61   102.65 113.19    96.39 106.93
2020-09-28    96.70 107.23    96.67 107.20   234.19 244.71    96.13 106.66   101.72 112.24    95.45 105.98
2020-09-29    95.77 106.28    95.74 106.25   233.25 243.76    95.20 105.71   100.78 111.29    94.52 105.03
2020-09-30    94.83 105.33    94.81 105.30   232.32 242.82    94.26 104.76    99.85 110.35    93.58 104.08
2020-10-01    93.91 104.39    93.88 104.36   231.39 241.87    93.34 103.82    98.92 109.40    92.65 103.14
2020-10-02    92.98 103.44    92.95 103.42   230.47 240.93    92.41 102.87    97.99 108.46    91.73 102.19
2020-10-03    92.05 102.50    92.03 102.48   229.54 239.99    91.48 101.93    97.07 107.52    90.80 101.25
2020-10-04    91.13 101.57    91.10 101.54   228.62 239.05    90.56 101.00    96.15 106.58    89.88 100.32
2020-10-05    90.21 100.63    90.18 100.61   227.70 238.12    89.64 100.06    95.22 105.65    88.96  99.38
2020-10-06    89.29  99.70    89.26  99.67   226.78 237.19    88.72  99.13    94.30 104.71    88.04  98.45
2020-10-07    88.37  98.77    88.35  98.74   225.86 236.25    87.80  98.20    93.39 103.78    87.12  97.52
2020-10-08    87.46  97.84    87.43  97.81   224.94 235.33    86.89  97.27    92.47 102.85    86.20  96.59
2020-10-09    86.54  96.91    86.51  96.89   224.03 234.40    85.97  96.34    91.56 101.93    85.29  95.66
2020-10-10    85.63  95.99    85.60  95.96   223.12 233.47    85.06  95.42    90.64 101.00    84.38  94.74
2020-10-11    84.72  95.06    84.69  95.04   222.20 232.55    84.15  94.49    89.73 100.08    83.47  93.81
2020-10-12    83.81  94.14    83.78  94.12   221.29 231.63    83.24  93.57    88.82  99.16    82.56  92.89
2020-10-13    82.90  93.22    82.87  93.20   220.39 230.71    82.33  92.65    87.91  98.24    81.65  91.97
2020-10-14    81.99  92.30    81.96  92.28   219.48 229.79    81.42  91.73    87.01  97.32    80.74  91.05
2020-10-15    81.08  91.39    81.06  91.36   218.57 228.87    80.51  90.82    86.10  96.40    79.83  90.14
2020-10-16    80.18  90.47    80.15  90.45   217.67 227.96    79.61  89.90    85.19  95.49    78.93  89.22
2020-10-17    79.27  89.56    79.25  89.53   216.76 227.05    78.70  88.99    84.29  94.57    78.02  88.31
2020-10-18    78.37  88.65    78.34  88.62   215.86 226.13    77.80  88.08    83.39  93.66    77.12  87.39
2020-10-19    77.47  87.73    77.44  87.71   214.95 225.22    76.90  87.16    82.48  92.75    76.22  86.48
2020-10-20    76.56  86.82    76.54  86.80   214.05 224.31    75.99  86.25    81.58  91.84    75.31  85.57
2020-10-21    75.66  85.91    75.64  85.89   213.15 223.40    75.09  85.34    80.68  90.93    74.41  84.66
2020-10-22    74.76  85.01    74.73  84.98   212.25 222.49    74.19  84.44    79.78  90.02    73.51  83.76
2020-10-23    73.86  84.10    73.83  84.07   211.35 221.59    73.29  83.53    78.88  89.11    72.61  82.85
2020-10-24    72.96  83.19    72.93  83.17   210.45 220.68    72.39  82.62    77.97  88.21    71.71  81.94
2020-10-25    72.06  82.29    72.03  82.26   209.55 219.77    71.49  81.72    77.07  87.30    70.81  81.03
2020-10-26    71.16  81.38    71.13  81.35   208.65 218.87    70.59  80.81    76.17  86.40    69.91  80.13
2020-10-27    70.26  80.47    70.23  80.45   207.74 217.96    69.69  79.90    75.27  85.49    69.01  79.22
2020-10-28    69.36  79.57    69.33  79.54   206.84 217.06    68.79  79.00    74.37  84.59    68.11  78.32
2020-10-29    68.46  78.67    68.43  78.64   205.94 216.15    67.89  78.10    73.47  83.68    67.21  77.41
2020-10-30    67.55  77.76    67.53  77.73   205.04 215.25    66.98  77.19    72.57  82.78    66.30  76.51
2020-10-31    66.65  76.86    66.63  76.83   204.14 214.34    66.08  76.29    71.67  81.87    65.40  75.61
2020-11-01    65.75  75.95    65.72  75.93   203.24 213.44    65.18  75.38    70.77  80.97    64.50  74.70
2020-11-02    64.85  75.05    64.82  75.02   202.34 212.54    64.28  74.48    69.86  80.06    63.60  73.80
2020-11-03    63.94  74.14    63.92  74.12   201.43 211.63    63.37  73.57    68.96  79.16    62.69  72.89
2020-11-04    63.04  73.24    63.01  73.21   200.53 210.73    62.47  72.67    68.05  78.25    61.79  71.99
2020-11-05    62.13  72.33    62.11  72.31   199.62 209.82    61.56  71.76    67.15  77.35    60.88  71.08
2020-11-06    61.23  71.43    61.20  71.40   198.72 208.92    60.66  70.86    66.24  76.44    59.98  70.18
2020-11-07    60.32  70.52    60.29  70.50   197.81 208.01    59.75  69.95    65.34  75.54    59.07  69.27
2020-11-08    59.41  69.62    59.39  69.59   196.90 207.10    58.84  69.05    64.43  74.63    58.16  68.37
2020-11-09    58.50  68.71    58.48  68.68   195.99 206.20    57.93  68.14    63.52  73.72    57.25  67.46
2020-11-10    57.59  67.80    57.56  67.77   195.08 205.29    57.02  67.23    62.61  72.81    56.34  66.55
2020-11-11    56.90  66.67    56.87  66.64   194.38 204.16    56.33  66.10    61.91  71.69    55.65  65.42
2020-11-12    56.24  65.50    56.22  65.47   193.73 202.99    55.67  64.93    61.26  70.52    54.99  64.25
2020-11-13    55.58  64.33    55.56  64.30   193.07 201.82    55.01  63.76    60.60  69.35    54.33  63.08
2020-11-14    54.93  63.16    54.90  63.13   192.41 200.65    54.36  62.59    59.94  68.17    53.68  61.91
2020-11-15    54.26  61.99    54.24  61.96   191.75 199.47    53.69  61.42    59.28  67.00    53.01  60.73
2020-11-16    53.60  60.81    53.57  60.79   191.09 198.30    53.03  60.24    58.62  65.83    52.35  59.56

2021-04-20   255.36 262.28   255.33 262.25    32.85  39.76   254.79 261.71   260.37 267.29   254.11 261.03
2021-04-21   254.23 261.64   254.20 261.61    31.71  39.13   253.66 261.07   259.24 266.66   252.97 260.39
2021-04-22   253.09 261.01   253.07 260.98    30.58  38.49   252.52 260.44   258.11 266.02   251.84 259.75
2021-04-23   251.96 260.37   251.93 260.35    29.45  37.86   251.39 259.80   256.98 265.39   250.71 259.12
2021-04-24   250.83 259.74   250.80 259.71    28.32  37.23   250.26 259.17   255.84 264.76   249.58 258.49
2021-04-25   249.70 259.11   249.67 259.09    27.18  36.60   249.13 258.54   254.71 264.13   248.45 257.86
2021-04-26   248.57 258.48   248.54 258.46    26.05  35.97   248.00 257.91   253.58 263.50   247.32 257.23
2021-04-27   247.54 257.75   247.52 257.73    25.03  35.24   246.97 257.18   252.56 262.77   246.29 256.50
2021-04-28   246.67 256.87   246.64 256.85    24.15  34.36   246.10 256.30   251.68 261.89   245.42 255.62
2021-04-29   245.79 256.00   245.77 255.97    23.28  33.48   245.22 255.43   250.81 261.01   244.54 254.74
2021-04-30   244.92 255.12   244.89 255.09    22.40  32.61   244.35 254.55   249.93 260.13   243.67 253.87
2021-05-01   244.04 254.24   244.02 254.22    21.53  31.73   243.47 253.67   249.06 259.26   242.79 252.99
2021-05-02   243.17 253.37   243.14 253.34    20.65  30.85   242.60 252.80   248.18 258.38   241.92 252.12
2021-05-03   242.29 252.49   242.27 252.47    19.78  29.98   241.72 251.92   247.31 257.51   241.04 251.24
2021-05-04   241.42 251.62   241.39 251.59    18.91  29.11   240.85 251.05   246.43 256.63   240.17 250.37
2021-05-05   240.54 250.74   240.52 250.72    18.03  28.23   239.97 250.17   245.56 255.76   239.29 249.49
2021-05-06   239.67 249.87   239.64 249.84    17.16  27.36   239.10 249.30   244.68 254.89   238.42 248.62
2021-05-07   238.79 249.00   238.77 248.97    16.28  26.49   238.22 248.43   243.81 254.01   237.54 247.75
2021-05-08   237.92 248.12   237.89 248.10    15.41  25.61   237.35 247.55   242.93 253.14   236.67 246.87
2021-05-09   237.04 247.25   237.02 247.23    14.53  24.74   236.47 246.68   242.06 252.27   235.79 246.00
2021-05-10   236.17 246.38   236.14 246.35    13.65  23.87   235.60 245.81   241.18 251.39   234.91 245.13
2021-05-11   235.29 245.51   235.26 245.48    12.78  22.99   234.72 244.94   240.30 250.52   234.04 244.25
2021-05-12   234.41 244.63   234.38 244.60    11.90  22.12   233.84 244.06   239.43 249.65   233.16 243.38
2021-05-13   233.53 243.76   233.50 243.73    11.02  21.24   232.96 243.19   238.55 248.77   232.28 242.51
2021-05-14   232.65 242.88   232.62 242.86    10.14  20.37   232.08 242.31   237.67 247.90   231.40 241.63
2021-05-15   231.77 242.01   231.74 241.98     9.26  19.50   231.20 241.44   236.79 247.02   230.52 240.76
2021-05-16   230.89 241.13   230.86 241.11     8.38  18.62   230.32 240.56   235.90 246.15   229.64 239.88
2021-05-17   230.00 240.26   229.98 240.23     7.49  17.74   229.43 239.69   235.02 245.27   228.75 239.00
2021-05-18   229.12 239.38   229.09 239.35     6.61  16.87   228.55 238.81   234.14 244.39   227.87 238.13
2021-05-19   228.23 238.50   228.21 238.47     5.72  15.99   227.66 237.93   233.25 243.52   226.98 237.25
2021-05-20   227.35 237.62   227.32 237.59     4.83  15.11   226.78 237.05   232.36 242.64   226.10 236.37
2021-05-21   226.46 236.74   226.43 236.71     3.95  14.23   225.89 236.17   231.47 241.76   225.21 235.49
2021-05-22   225.57 235.86   225.54 235.83     3.05  13.35   225.00 235.29   230.58 240.87   224.32 234.61
2021-05-23   224.67 234.98   224.65 234.95     2.16  12.46   224.10 234.41   229.69 239.99   223.42 233.72
2021-05-24   223.78 234.09   223.75 234.06     1.27  11.58   223.21 233.52   228.80 239.11   222.53 232.84
2021-05-25   222.88 233.21   222.86 233.18     0.37  10.69   222.31 232.64   227.90 238.22   221.63 231.95
2021-05-26   221.99 232.32   221.96 232.29   359.47   9.81   221.42 231.75   227.00 237.33   220.73 231.07
2021-05-27   221.09 231.43   221.06 231.40   358.57   8.92   220.52 230.86   226.10 236.44   219.83 230.18
2021-05-28   220.18 230.54   220.16 230.51   357.67   8.03   219.61 229.97   225.20 235.55   218.93 229.29
2021-05-29   219.28 229.65   219.25 229.62   356.77   7.13   218.71 229.08   224.29 234.66   218.03 228.39
2021-05-30   218.37 228.75   218.34 228.72   355.86   6.24   217.80 228.18   223.39 233.77   217.12 227.50
2021-05-31   217.46 227.85   217.44 227.83   354.95   5.34   216.89 227.28   222.48 232.87   216.21 226.60
2021-06-01   216.55 226.96   216.52 226.93   354.04   4.44   215.98 226.39   221.57 231.97   215.30 225.70
2021-06-02   215.64 226.05   215.61 226.03   353.12   3.54   215.07 225.48   220.65 231.07   214.39 224.80
2021-06-03   214.72 225.15   214.69 225.12   352.21   2.64   214.15 224.58   219.73 230.17   213.47 223.90
2021-06-04   213.80 224.25   213.77 224.22   351.29   1.73   213.23 223.68   218.81 229.26   212.55 223.00
2021-06-05   212.88 223.34   212.85 223.31   350.36   0.83   212.31 222.77   217.89 228.35   211.63 222.09
2021-06-06   211.95 222.43   211.93 222.40   349.44 359.92   211.38 221.86   216.97 227.44   210.70 221.18
2021-06-07   211.02 221.52   211.00 221.49   348.51 359.00   210.45 220.95   216.04 226.53   209.77 220.26
2021-06-08   210.09 220.60   210.07 220.57   347.58 358.09   209.52 220.03   215.11 225.62   208.84 219.35
2021-06-09   209.16 219.68   209.13 219.66   346.65 357.17   208.59 219.11   214.18 224.70   207.91 218.43
2021-06-10   208.22 218.76   208.20 218.73   345.71 356.25   207.65 218.19   213.24 223.78   206.97 217.51
2021-06-11   207.28 217.84   207.26 217.81   344.77 355.33   206.71 217.27   212.30 222.85   206.03 216.59
2021-06-12   206.34 216.91   206.32 216.88   343.83 354.40   205.77 216.34   211.36 221.93   205.09 215.66
2021-06-13   205.40 215.98   205.37 215.96   342.88 353.47   204.83 215.41   210.41 221.00   204.15 214.73
2021-06-14   204.45 215.05   204.42 215.02   341.93 352.54   203.88 214.48   209.46 220.07   203.20 213.80
2021-06-15   203.50 214.11   203.47 214.09   340.98 351.60   202.93 213.54   208.51 219.13   202.24 212.86
2021-06-16   202.54 213.18   202.51 213.15   340.03 350.66   201.97 212.61   207.56 218.19   201.29 211.93
2021-06-17   201.58 212.23   201.55 212.21   339.07 349.72   201.01 211.66   206.60 217.25   200.33 210.98
2021-06-18   200.62 211.29   200.59 211.26   338.11 348.78   200.05 210.72   205.63 216.31   199.37 210.04
2021-06-19   199.65 210.34   199.63 210.32   337.14 347.83   199.08 209.77   204.67 215.36   198.40 209.09
2021-06-20   198.69 209.39   198.66 209.37   336.17 346.88   198.12 208.82   203.70 214.41   197.44 208.14
2021-06-21   197.71 208.44   197.69 208.41   335.20 345.93   197.14 207.87   202.73 213.45   196.46 207.19
2021-06-22   196.74 207.48   196.71 207.45   334.23 344.97   196.17 206.91   201.76 212.50   195.49 206.23
2021-06-23   195.76 206.52   195.74 206.49   333.25 344.01   195.19 205.95   200.78 211.53   194.51 205.27
2021-06-24   194.78 205.56   194.75 205.53   332.27 343.04   194.21 204.99   199.80 210.57   193.53 204.30
2021-06-25   193.80 204.59   193.77 204.56   331.28 342.08   193.23 204.02   198.81 209.60   192.54 203.34
2021-06-26   192.81 203.62   192.78 203.59   330.29 341.10   192.24 203.05   197.82 208.63   191.56 202.37
2021-06-27   191.82 202.64   191.79 202.62   329.30 340.13   191.25 202.07   196.83 207.66   190.57 201.39
2021-06-28   190.82 201.67   190.80 201.64   328.31 339.15   190.25 201.10   195.84 206.68   189.57 200.42
2021-06-29   189.82 200.69   189.80 200.66   327.31 338.17   189.25 200.12   194.84 205.70   188.57 199.43
2021-06-30   188.82 199.70   188.80 199.67   326.31 337.19   188.25 199.13   193.84 204.72   187.57 198.45
2021-07-01   187.82 198.71   187.79 198.69   325.31 336.20   187.25 198.14   192.83 203.73   186.57 197.46
2021-07-02   186.81 197.72   186.78 197.70   324.30 335.21   186.24 197.15   191.83 202.74   185.56 196.47
2021-07-03   185.80 196.73   185.77 196.70   323.29 334.22   185.23 196.16   190.82 201.74   184.55 195.48
2021-07-04   184.79 195.73   184.76 195.71   322.27 333.22   184.22 195.16   189.80 200.75   183.54 194.48
2021-07-05   183.77 194.73   183.74 194.71   321.26 332.22   183.20 194.16   188.79 199.75   182.52 193.48
2021-07-06   182.75 193.73   182.73 193.70   320.24 331.22   182.18 193.16   187.77 198.74   181.50 192.48
2021-07-07   181.73 192.72   181.70 192.69   319.22 330.21   181.16 192.15   186.74 197.74   180.48 191.47
2021-07-08   180.70 191.71   180.68 191.68   318.19 329.20   180.13 191.14   185.72 196.73   179.45 190.46
2021-07-09   179.68 190.70   179.65 190.67   317.16 328.19   179.11 190.13   184.69 195.71   178.43 189.45
2021-07-10   178.65 189.68   178.62 189.66   316.13 327.17   178.08 189.11   183.66 194.70   177.40 188.43
2021-07-11   177.61 188.66   177.59 188.64   315.10 326.15   177.04 188.09   182.63 193.68   176.36 187.41
2021-07-12   176.58 187.64   176.55 187.62   314.07 325.13   176.01 187.07   181.59 192.66   175.33 186.39
2021-07-13   175.54 186.62   175.51 186.59   313.03 324.10   174.97 186.05   180.56 191.63   174.29 185.37
2021-07-14   174.50 185.59   174.47 185.56   311.99 323.08   173.93 185.02   179.52 190.61   173.25 184.34
2021-07-15   173.46 184.56   173.43 184.53   310.95 322.05   172.89 183.99   178.47 189.58   172.21 183.31
2021-07-16   172.42 183.53   172.39 183.50   309.90 321.02   171.85 182.96   177.43 188.54   171.16 182.28
2021-07-17   171.37 182.49   171.34 182.47   308.86 319.98   170.80 181.92   176.38 187.51   170.12 181.24
2021-07-18   170.32 181.46   170.29 181.43   307.81 318.94   169.75 180.89   175.34 186.47   169.07 180.21
2021-07-19   169.27 180.42   169.24 180.39   306.76 317.90   168.70 179.85   174.29 185.43   168.02 179.17
2021-07-20   168.22 179.38   168.19 179.35   305.71 316.86   167.65 178.81   173.24 184.39   166.97 178.12
2021-07-21   167.17 178.33   167.14 178.31   304.65 315.82   166.60 177.76   172.18 183.35   165.92 177.08
2021-07-22   166.11 177.29   166.09 177.26   303.60 314.77   165.54 176.72   171.13 182.30   164.86 176.04
2021-07-23   165.06 176.24   165.03 176.21   302.55 313.73   164.49 175.67   170.07 181.25   163.81 174.99
2021-07-24   164.00 175.19   163.97 175.16   301.49 312.68   163.43 174.62   169.02 180.20   162.75 173.94
2021-07-25   162.94 174.14   162.92 174.11   300.43 311.63   162.37 173.57   167.96 179.15   161.69 172.89
2021-07-26   161.89 173.09   161.86 173.06   299.37 310.57   161.32 172.52   166.90 178.10   160.63 171.84
2021-07-27   160.83 172.03   160.80 172.01   298.31 309.52   160.26 171.46   165.84 177.05   159.58 170.78
2021-07-28   159.77 170.98   159.74 170.95   297.25 308.46   159.20 170.41   164.78 175.99   158.52 169.73
2021-07-29   158.71 169.92   158.68 169.89   296.19 307.41   158.14 169.35   163.72 174.94   157.46 168.67
2021-07-30   157.65 168.86   157.62 168.84   295.13 306.35   157.08 168.29   162.66 173.88   156.39 167.61
2021-07-31   156.58 167.81   156.56 167.78   294.07 305.29   156.01 167.24   161.60 172.82   155.33 166.56
2021-08-01   155.52 166.75   155.50 166.72   293.01 304.23   154.95 166.18   160.54 171.76   154.27 165.50
2021-08-02   154.46 165.69   154.44 165.66   291.95 303.18   153.89 165.12   159.48 170.70   153.21 164.44
2021-08-03   153.40 164.63   153.38 164.60   290.89 302.12   152.83 164.06   158.42 169.64   152.15 163.38
2021-08-04   152.34 163.57   152.32 163.54   289.83 301.05   151.77 163.00   157.36 168.58   151.09 162.32
2021-08-05   151.28 162.51   151.25 162.48   288.77 299.99   150.71 161.94   156.30 167.52   150.03 161.26
2021-08-06   150.22 161.45   150.20 161.42   287.71 298.93   149.65 160.88   155.24 166.46   148.97 160.20
2021-08-07   149.16 160.38   149.14 160.36   286.65 297.87   148.59 159.81   154.18 165.40   147.91 159.13
2021-08-08   148.10 159.32   148.08 159.30   285.59 296.81   147.53 158.75   153.12 164.34   146.85 158.07
2021-08-09   147.05 158.26   147.02 158.24   284.53 295.75   146.48 157.69   152.06 163.28   145.80 157.01
2021-08-10   145.99 157.20   145.96 157.18   283.48 294.69   145.42 156.63   151.01 162.22   144.74 155.95
2021-08-11   144.94 156.14   144.91 156.12   282.42 293.63   144.37 155.57   149.95 161.16   143.68 154.89
2021-08-12   143.88 155.08   143.86 155.06   281.37 292.57   143.31 154.51   148.90 160.10   142.63 153.83
2021-08-13   142.83 154.03   142.80 154.00   280.32 291.51   142.26 153.46   147.84 159.04   141.58 152.78
2021-08-14   141.78 152.97   141.75 152.94   279.27 290.46   141.21 152.40   146.79 157.98   140.53 151.72
2021-08-15   140.73 151.91   140.70 151.88   278.22 289.40   140.16 151.34   145.74 156.93   139.48 150.66
2021-08-16   139.68 150.86   139.65 150.83   277.17 288.34   139.11 150.29   144.70 155.87   138.43 149.60
2021-08-17   138.63 149.80   138.61 149.77   276.12 287.29   138.06 149.23   143.65 154.82   137.38 148.55
2021-08-18   137.59 148.75   137.56 148.72   275.08 286.24   137.02 148.18   142.60 153.76   136.34 147.50
2021-08-19   136.55 147.70   136.52 147.67   274.03 285.18   135.98 147.13   141.56 152.71   135.30 146.45
2021-08-20   135.51 146.65   135.48 146.62   272.99 284.13   134.94 146.08   140.52 151.66   134.26 145.39
2021-08-21   134.47 145.60   134.44 145.57   271.96 283.08   133.90 145.03   139.48 150.61   133.22 144.35
2021-08-22   133.43 144.55   133.41 144.52   270.92 282.04   132.86 143.98   138.45 149.56   132.18 143.30
2021-08-23   132.40 143.50   132.37 143.48   269.89 280.99   131.83 142.93   137.41 148.52   131.15 142.25
2021-08-24   131.37 142.46   131.34 142.43   268.85 279.95   130.80 141.89   136.38 147.48   130.12 141.21
2021-08-25   130.34 141.42   130.31 141.39   267.82 278.91   129.77 140.85   135.35 146.43   129.09 140.17
2021-08-26   129.31 140.38   129.28 140.35   266.80 277.87   128.74 139.81   134.33 145.39   128.06 139.13
2021-08-27   128.29 139.34   128.26 139.32   265.77 276.83   127.72 138.77   133.30 144.36   127.04 138.09
2021-08-28   127.26 138.31   127.24 138.28   264.75 275.79   126.69 137.74   132.28 143.32   126.01 137.06
2021-08-29   126.25 137.27   126.22 137.25   263.73 274.76   125.68 136.70   131.26 142.29   124.99 136.02
2021-08-30   125.23 136.24   125.20 136.22   262.72 273.73   124.66 135.67   130.24 141.26   123.98 134.99
2021-08-31   124.22 135.21   124.19 135.19   261.70 272.70   123.65 134.64   129.23 140.23   122.96 133.96
2021-09-01   123.20 134.19   123.18 134.16   260.69 271.68   122.63 133.62   128.22 139.20   121.95 132.94
2021-09-02   122.20 133.16   122.17 133.14   259.68 270.65   121.63 132.59   127.21 138.18   120.95 131.91
2021-09-03   121.19 132.14   121.16 132.12   258.68 269.63   120.62 131.57   126.21 137.16   119.94 130.89
2021-09-04   120.19 131.13   120.16 131.10   257.68 268.61   119.62 130.56   125.20 136.14   118.94 129.87
2021-09-05   119.19 130.11   119.16 130.08   256.68 267.60   118.62 129.54   124.20 135.12   117.94 128.86
2021-09-06   118.19 129.10   118.17 129.07   255.68 266.58   117.62 128.53   123.21 134.11   116.94 127.85
2021-09-07   117.20 128.09   117.17 128.06   254.69 265.57   116.63 127.52   122.21 133.10   115.95 126.84
2021-09-08   116.21 127.08   116.18 127.05   253.70 264.57   115.64 126.51   121.22 132.09   114.96 125.83
2021-09-09   115.22 126.07   115.19 126.05   252.71 263.56   114.65 125.50   120.24 131.09   113.97 124.82
2021-09-10   114.24 125.07   114.21 125.05   251.72 262.56   113.67 124.50   119.25 130.09   112.98 123.82
2021-09-11   113.25 124.07   113.23 124.05   250.74 261.56   112.68 123.50   118.27 129.09   112.00 122.82
2021-09-12   112.27 123.08   112.25 123.05   249.76 260.56   111.70 122.51   117.29 128.09   111.02 121.83
2021-09-13   111.30 122.08   111.27 122.06   248.79 259.57   110.73 121.51   116.31 127.10   110.05 120.83
2021-09-14   110.32 121.09   110.30 121.07   247.81 258.58   109.75 120.52   115.34 126.11   109.07 119.84
2021-09-15   109.35 120.10   109.33 120.08   246.84 257.59   108.78 119.53   114.37 125.12   108.10 118.85
2021-09-16   108.39 119.12   108.36 119.09   245.87 256.61   107.82 118.55   113.40 124.13   107.14 117.87
2021-09-17   107.42 118.14   107.39 118.11   244.91 255.62   106.85 117.57   112.44 123.15   106.17 116.89
2021-09-18   106.46 117.16   106.43 117.13   243.95 254.65   105.89 116.59   111.47 122.17   105.21 115.91
2021-09-19   105.50 116.18   105.47 116.15   242.99 253.67   104.93 115.61   110.52 121.20   104.25 114.93
2021-09-20   104.54 115.21   104.52 115.18   242.03 252.69   103.97 114.64   109.56 120.22   103.29 113.96
2021-09-21   103.59 114.24   103.56 114.21   241.08 251.72   103.02 113.67   108.61 119.25   102.34 112.99
2021-09-22   102.64 113.27   102.61 113.24   240.13 250.76   102.07 112.70   107.65 118.28   101.39 112.02
2021-09-23   101.69 112.30   101.66 112.28   239.18 249.79   101.12 111.73   106.71 117.32   100.44 111.05
2021-09-24   100.74 111.34   100.72 111.31   238.23 248.83   100.17 110.77   105.76 116.36    99.49 110.09
2021-09-25    99.80 110.38    99.77 110.35   237.29 247.87    99.23 109.81   104.82 115.40    98.55 109.13
2021-09-26    98.86 109.42    98.83 109.40   236.35 246.91    98.29 108.85   103.87 114.44    97.61 108.17
2021-09-27    97.92 108.47    97.89 108.44   235.41 245.96    97.35 107.90   102.94 113.48    96.67 107.22
2021-09-28    96.98 107.52    96.96 107.49   234.47 245.00    96.41 106.95   102.00 112.53    95.73 106.27
2021-09-29    96.05 106.57    96.02 106.54   233.54 244.05    95.48 106.00   101.07 111.58    94.80 105.32
2021-09-30    95.12 105.62    95.09 105.59   232.61 243.11    94.55 105.05   100.13 110.63    93.87 104.37
2021-10-01    94.19 104.67    94.16 104.65   231.68 242.16    93.62 104.10    99.20 109.69    92.94 103.42
2021-10-02    93.26 103.73    93.24 103.71   230.75 241.22    92.69 103.16    98.28 108.75    92.01 102.48
2021-10-03    92.34 102.79    92.31 102.77   229.82 240.28    91.77 102.22    97.35 107.81    91.09 101.54
2021-10-04    91.41 101.85    91.39 101.83   228.90 239.34    90.84 101.28    96.43 106.87    90.16 100.60
2021-10-05    90.49 100.92    90.46 100.89   227.98 238.41    89.92 100.35    95.51 105.93    89.24  99.67
2021-10-06    89.57  99.98    89.54  99.96   227.06 237.47    89.00  99.41    94.59 105.00    88.32  98.73
2021-10-07    88.65  99.05    88.63  99.03   226.14 236.54    88.08  98.48    93.67 104.07    87.40  97.80
2021-10-08    87.74  98.12    87.71  98.10   225.22 235.61    87.17  97.55    92.75 103.14    86.49  96.87
2021-10-09    86.82  97.20    86.80  97.17   224.31 234.68    86.25  96.63    91.84 102.21    85.57  95.95
2021-10-10    85.91  96.27    85.88  96.24   223.40 233.76    85.34  95.70    90.92 101.29    84.66  95.02
2021-10-11    85.00  95.35    84.97  95.32   222.48 232.83    84.43  94.78    90.01 100.36    83.75  94.10
2021-10-12    84.09  94.42    84.06  94.40   221.57 231.91    83.52  93.85    89.10  99.44    82.84  93.17
2021-10-13    83.18  93.50    83.15  93.48   220.66 230.99    82.61  92.93    88.19  98.52    81.93  92.25
2021-10-14    82.27  92.58    82.24  92.56   219.76 230.07    81.70  92.01    87.28  97.60    81.02  91.33
2021-10-15    81.36  91.67    81.33  91.64   218.85 229.15    80.79  91.10    86.38  96.68    80.11  90.42
2021-10-16    80.45  90.75    80.43  90.72   217.94 228.24    79.88  90.18    85.47  95.77    79.20  89.50
2021-10-17    79.55  89.84    79.52  89.81   217.04 227.32    78.98  89.27    84.56  94.85    78.30  88.59
2021-10-18    78.64  88.92    78.62  88.90   216.13 226.41    78.07  88.35    83.66  93.94    77.39  87.67
2021-10-19    77.74  88.01    77.71  87.98   215.23 225.50    77.17  87.44    82.76  93.03    76.49  86.76
2021-10-20    76.84  87.10    76.81  87.07   214.33 224.59    76.27  86.53    81.85  92.11    75.59  85.85
2021-10-21    75.94  86.19    75.91  86.16   213.42 223.68    75.37  85.62    80.95  91.20    74.68  84.94
2021-10-22    75.03  85.28    75.01  85.25   212.52 222.77    74.46  84.71    80.05  90.29    73.78  84.03
2021-10-23    74.13  84.37    74.10  84.34   211.62 221.86    73.56  83.80    79.15  89.39    72.88  83.12
2021-10-24    73.23  83.46    73.20  83.44   210.72 220.95    72.66  82.89    78.24  88.48    71.98  82.21
2021-10-25    72.33  82.56    72.30  82.53   209.82 220.04    71.76  81.99    77.34  87.57    71.08  81.31
2021-10-26    71.43  81.65    71.40  81.62   208.91 219.14    70.86  81.08    76.44  86.66    70.18  80.40
2021-10-27    70.52  80.74    70.50  80.72   208.01 218.23    69.95  80.17    75.54  85.76    69.27  79.49
2021-10-28    69.62  79.84    69.60  79.81   207.11 217.32    69.05  79.27    74.64  84.85    68.37  78.59
2021-10-29    68.72  78.93    68.69  78.91   206.21 216.42    68.15  78.36    73.74  83.95    67.47  77.68
2021-10-30    67.82  78.03    67.79  78.00   205.31 215.51    67.25  77.46    72.83  83.04    66.57  76.78
2021-10-31    66.92  77.12    66.89  77.09   204.40 214.61    66.35  76.55    71.93  82.14    65.67  75.87
2021-11-01    66.01  76.22    65.99  76.19   203.50 213.70    65.44  75.65    71.03  81.23    64.76  74.97
2021-11-02    65.11  75.31    65.08  75.28   202.60 212.80    64.54  74.74    70.12  80.33    63.86  74.06
2021-11-03    64.20  74.41    64.18  74.38   201.69 211.89    63.63  73.84    69.22  79.42    62.95  73.15
2021-11-04    63.30  73.50    63.27  73.47   200.79 210.99    62.73  72.93    68.31  78.51    62.05  72.25
2021-11-05    62.39  72.59    62.37  72.57   199.88 210.08    61.82  72.02    67.41  77.61    61.14  71.34
2021-11-06    61.49  71.69    61.46  71.66   198.97 209.17    60.92  71.12    66.50  76.70    60.23  70.44
2021-11-07    60.58  70.78    60.55  70.75   198.06 208.27    60.01  70.21    65.59  75.79    59.33  69.53
2021-11-08    59.67  69.87    59.64  69.84   197.15 207.36    59.10  69.30    64.68  74.89    58.42  68.62
2021-11-09    58.76  68.96    58.73  68.94   196.24 206.45    58.19  68.39    63.77  73.98    57.51  67.71
2021-11-10    57.84  68.05    57.82  68.03   195.33 205.54    57.27  67.48    62.86  73.07    56.59  66.80
2021-11-11    57.07  67.00    57.04  66.98   194.56 204.49    56.50  66.43    62.09  72.02    55.82  65.75
2021-11-12    56.41  65.83    56.39  65.80   193.90 203.32    55.84  65.26    61.43  70.85    55.16  64.58
2021-11-13    55.76  64.66    55.73  64.63   193.24 202.15    55.19  64.09    60.77  69.67    54.51  63.41
2021-11-14    55.10  63.49    55.07  63.46   192.58 200.97    54.53  62.92    60.11  68.50    53.85  62.23
2021-11-15    54.43  62.31    54.41  62.28   191.92 199.80    53.86  61.74    59.45  67.33    53.18  61.06
2021-11-16    53.77  61.14    53.74  61.11   191.26 198.62    53.20  60.57    58.79  66.15    52.52  59.89
2021-11-17    53.10  59.96    53.08  59.93   190.59 197.45    52.53  59.39    58.12  64.97    51.85  58.71

2022-04-21   254.57 261.83   254.54 261.81    32.05  39.32   254.00 261.26   259.58 266.85   253.31 260.58
2022-04-22   253.43 261.20   253.40 261.17    30.92  38.68   252.86 260.63   258.45 266.21   252.18 259.95
2022-04-23   252.30 260.56   252.27 260.54    29.78  38.05   251.73 259.99   257.31 265.58   251.05 259.31
2022-04-24   251.16 259.93   251.14 259.91    28.65  37.42   250.59 259.36   256.18 264.95   249.91 258.68
2022-04-25   250.03 259.30   250.01 259.28    27.52  36.79   249.46 258.73   255.05 264.32   248.78 258.05
2022-04-26   248.90 258.67   248.87 258.65    26.39  36.16   248.33 258.10   253.91 263.69   247.65 257.42
2022-04-27   247.80 258.01   247.78 257.99    25.29  35.50   247.23 257.44   252.82 263.03   246.55 256.76
2022-04-28   246.93 257.13   246.90 257.11    24.41  34.62   246.36 256.56   251.94 262.15   245.68 255.88
2022-04-29   246.05 256.25   246.02 256.23    23.54  33.74   245.48 255.68   251.06 261.27   244.80 255.00
2022-04-30   245.17 255.38   245.15 255.35    22.66  32.86   244.60 254.81   250.19 260.39   243.92 254.13
2022-05-01   244.30 254.50   244.27 254.47    21.79  31.99   243.73 253.93   249.31 259.51   243.05 253.25
2022-05-02   243.42 253.62   243.40 253.60    20.91  31.11   242.85 253.05   248.44 258.64   242.17 252.37
2022-05-03   242.55 252.75   242.52 252.72    20.03  30.23   241.98 252.18   247.56 257.76   241.30 251.50
2022-05-04   241.67 251.87   241.64 251.84    19.16  29.36   241.10 251.30   246.69 256.89   240.42 250.62
2022-05-05   240.80 251.00   240.77 250.97    18.28  28.48   240.23 250.43   245.81 256.01   239.54 249.75
2022-05-06   239.92 250.12   239.89 250.10    17.41  27.61   239.35 249.55   244.93 255.14   238.67 248.87
2022-05-07   239.04 249.25   239.02 249.22    16.53  26.73   238.47 248.68   244.06 254.26   237.79 248.00
2022-05-08   238.17 248.37   238.14 248.35    15.65  25.86   237.60 247.80   243.18 253.39   236.92 247.12
2022-05-09   237.29 247.50   237.26 247.47    14.78  24.99   236.72 246.93   242.30 252.51   236.04 246.25
2022-05-10   236.41 246.62   236.39 246.60    13.90  24.11   235.84 246.05   241.43 251.64   235.16 245.37
2022-05-11   235.53 245.75   235.51 245.72    13.02  23.24   234.96 245.18   240.55 250.77   234.28 244.50
2022-05-12   234.65 244.88   234.63 244.85    12.14  22.36   234.08 244.31   239.67 249.89   233.40 243.62
2022-05-13   233.77 244.00   233.75 243.97    11.26  21.49   233.20 243.43   238.79 249.02   232.52 242.75
2022-05-14   232.89 243.12   232.87 243.10    10.38  20.61   232.32 242.55   237.91 248.14   231.64 241.87
2022-05-15   232.01 242.25   231.99 242.22     9.50  19.74   231.44 241.68   237.03 247.26   230.76 241.00
2022-05-16   231.13 241.37   231.10 241.34     8.62  18.86   230.56 240.80   236.14 246.39   229.88 240.12
2022-05-17   230.24 240.49   230.22 240.47     7.73  17.98   229.67 239.92   235.26 245.51   228.99 239.24
2022-05-18   229.36 239.62   229.33 239.59     6.85  17.10   228.79 239.05   234.37 244.63   228.11 238.36
2022-05-19   228.47 238.74   228.45 238.71     5.96  16.22   227.90 238.17   233.49 243.75   227.22 237.48
2022-05-20   227.58 237.86   227.56 237.83     5.07  15.34   227.01 237.29   232.60 242.87   226.33 236.60
2022-05-21   226.69 236.97   226.67 236.95     4.18  14.46   226.12 236.40   231.71 241.99   225.44 235.72
2022-05-22   225.80 236.09   225.77 236.06     3.29  13.58   225.23 235.52   230.82 241.11   224.55 234.84
2022-05-23   224.91 235.21   224.88 235.18     2.39  12.69   224.34 234.64   229.92 240.22   223.66 233.96
2022-05-24   224.01 234.32   223.99 234.29     1.50  11.81   223.44 233.75   229.03 239.34   222.76 233.07
2022-05-25   223.11 233.43   223.09 233.41     0.60  10.92   222.54 232.86   228.13 238.45   221.86 232.18
2022-05-26   222.22 232.55   222.19 232.52   359.70  10.03   221.65 231.98   227.23 237.56   220.96 231.29
2022-05-27   221.31 231.66   221.29 231.63   358.80   9.14   220.74 231.09   226.33 236.67   220.06 230.40
2022-05-28   220.41 230.76   220.38 230.74   357.90   8.25   219.84 230.19   225.43 235.78   219.16 229.51
2022-05-29   219.50 229.87   219.48 229.84   356.99   7.36   218.93 229.30   224.52 234.88   218.25 228.62
2022-05-30   218.60 228.97   218.57 228.95   356.08   6.46   218.03 228.40   223.61 233.99   217.35 227.72
2022-05-31   217.69 228.08   217.66 228.05   355.17   5.56   217.12 227.51   222.70 233.09   216.44 226.83
2022-06-01   216.77 227.18   216.75 227.15   354.26   4.66   216.20 226.61   221.79 232.19   215.52 225.93
2022-06-02   215.86 226.27   215.83 226.25   353.35   3.76   215.29 225.70   220.87 231.29   214.61 225.02
2022-06-03   214.94 225.37   214.91 225.34   352.43   2.86   214.37 224.80   219.96 230.39   213.69 224.12
2022-06-04   214.02 224.46   213.99 224.44   351.51   1.95   213.45 223.89   219.03 229.48   212.77 223.21
2022-06-05   213.10 223.55   213.07 223.53   350.58   1.04   212.53 222.98   218.11 228.57   211.85 222.30
2022-06-06   212.17 222.64   212.14 222.62   349.66   0.13   211.60 222.07   217.19 227.66   210.92 221.39
2022-06-07   211.24 221.73   211.21 221.70   348.73 359.22   210.67 221.16   216.26 226.74   209.99 220.48
2022-06-08   210.31 220.81   210.28 220.79   347.80 358.30   209.74 220.24   215.32 225.83   209.06 219.56
2022-06-09   209.38 219.89   209.35 219.87   346.86 357.38   208.81 219.32   214.39 224.91   208.12 218.64
2022-06-10   208.44 218.97   208.41 218.95   345.92 356.46   207.87 218.40   213.45 223.99   207.19 217.72
2022-06-11   207.50 218.05   207.47 218.02   344.98 355.54   206.93 217.48   212.51 223.06   206.25 216.80
2022-06-12   206.55 217.12   206.53 217.09   344.04 354.61   205.98 216.55   211.57 222.14   205.30 215.87
2022-06-13   205.61 216.19   205.58 216.16   343.09 353.68   205.04 215.62   210.62 221.21   204.36 214.94
2022-06-14   204.66 215.26   204.63 215.23   342.14 352.74   204.09 214.69   209.67 220.27   203.41 214.01
2022-06-15   203.70 214.32   203.68 214.29   341.19 351.81   203.13 213.75   208.72 219.34   202.45 213.07
2022-06-16   202.75 213.38   202.72 213.35   340.23 350.87   202.18 212.81   207.76 218.40   201.50 212.13
2022-06-17   201.79 212.44   201.76 212.41   339.28 349.93   201.22 211.87   206.80 217.45   200.54 211.19
2022-06-18   200.83 211.49   200.80 211.47   338.31 348.98   200.26 210.92   205.84 216.51   199.57 210.24
2022-06-19   199.86 210.55   199.83 210.52   337.35 348.03   199.29 209.98   204.87 215.56   198.61 209.29
2022-06-20   198.89 209.59   198.86 209.57   336.38 347.08   198.32 209.02   203.91 214.61   197.64 208.34
2022-06-21   197.92 208.64   197.89 208.61   335.41 346.13   197.35 208.07   202.93 213.65   196.67 207.39
2022-06-22   196.94 207.68   196.92 207.65   334.43 345.17   196.37 207.11   201.96 212.70   195.69 206.43
2022-06-23   195.96 206.72   195.94 206.69   333.45 344.21   195.39 206.15   200.98 211.73   194.71 205.47
2022-06-24   194.98 205.75   194.95 205.73   332.47 343.24   194.41 205.18   200.00 210.77   193.73 204.50
2022-06-25   194.00 204.79   193.97 204.76   331.48 342.27   193.43 204.22   199.01 209.80   192.75 203.54
2022-06-26   193.01 203.81   192.98 203.79   330.49 341.30   192.44 203.24   198.02 208.83   191.76 202.56
2022-06-27   192.02 202.84   191.99 202.81   329.50 340.33   191.45 202.27   197.03 207.86   190.76 201.59
2022-06-28   191.02 201.86   190.99 201.84   328.51 339.35   190.45 201.29   196.04 206.88   189.77 200.61
2022-06-29   190.02 200.88   190.00 200.85   327.51 338.37   189.45 200.31   195.04 205.90   188.77 199.63
2022-06-30   189.02 199.90   188.99 199.87   326.51 337.38   188.45 199.33   194.04 204.91   187.77 198.65
2022-07-01   188.02 198.91   187.99 198.88   325.50 336.40   187.45 198.34   193.03 203.92   186.77 197.66
2022-07-02   187.01 197.92   186.98 197.89   324.50 335.41   186.44 197.35   192.02 202.93   185.76 196.67
2022-07-03   186.00 196.92   185.97 196.90   323.49 334.41   185.43 196.35   191.01 201.94   184.75 195.67
2022-07-04   184.98 195.93   184.96 195.90   322.47 333.41   184.41 195.36   190.00 200.94   183.73 194.68
2022-07-05   183.97 194.93   183.94 194.90   321.46 332.41   183.40 194.36   188.98 199.94   182.72 193.68
2022-07-06   182.95 193.92   182.92 193.90   320.44 331.41   182.38 193.35   187.96 198.94   181.70 192.67
2022-07-07   181.93 192.92   181.90 192.89   319.41 330.40   181.36 192.35   186.94 197.93   180.68 191.67
2022-07-08   180.90 191.91   180.88 191.88   318.39 329.39   180.33 191.34   185.92 196.92   179.65 190.66
2022-07-09   179.88 190.89   179.85 190.87   317.36 328.38   179.31 190.32   184.89 195.91   178.62 189.64
2022-07-10   178.85 189.88   178.82 189.85   316.33 327.37   178.28 189.31   183.86 194.89   177.59 188.63
2022-07-11   177.81 188.86   177.79 188.83   315.30 326.35   177.24 188.29   182.83 193.88   176.56 187.61
2022-07-12   176.78 187.84   176.75 187.81   314.27 325.33   176.21 187.27   181.79 192.85   175.53 186.59
2022-07-13   175.74 186.82   175.71 186.79   313.23 324.30   175.17 186.25   180.76 191.83   174.49 185.56
2022-07-14   174.70 185.79   174.68 185.76   312.19 323.28   174.13 185.22   179.72 190.80   173.45 184.54
2022-07-15   173.66 184.76   173.63 184.73   311.15 322.25   173.09 184.19   178.68 189.78   172.41 183.51
2022-07-16   172.62 183.73   172.59 183.70   310.11 321.22   172.05 183.16   177.63 188.74   171.37 182.48
2022-07-17   171.57 182.70   171.55 182.67   309.06 320.18   171.00 182.13   176.59 187.71   170.32 181.44
2022-07-18   170.53 181.66   170.50 181.63   308.01 319.15   169.96 181.09   175.54 186.67   169.28 180.41
2022-07-19   169.48 180.62   169.45 180.59   306.97 318.11   168.91 180.05   174.49 185.64   168.23 179.37
2022-07-20   168.43 179.58   168.40 179.55   305.92 317.07   167.86 179.01   173.44 184.60   167.18 178.33
2022-07-21   167.38 178.54   167.35 178.51   304.86 316.03   166.81 177.97   172.39 183.55   166.13 177.29
2022-07-22   166.32 177.49   166.30 177.47   303.81 314.98   165.75 176.92   171.34 182.51   165.07 176.24
2022-07-23   165.27 176.45   165.24 176.42   302.76 313.94   164.70 175.88   170.29 181.46   164.02 175.20
2022-07-24   164.22 175.40   164.19 175.37   301.70 312.89   163.65 174.83   169.23 180.42   162.96 174.15
2022-07-25   163.16 174.35   163.13 174.33   300.65 311.84   162.59 173.78   168.17 179.37   161.91 173.10
2022-07-26   162.10 173.30   162.08 173.27   299.59 310.79   161.53 172.73   167.12 178.32   160.85 172.05
2022-07-27   161.05 172.25   161.02 172.22   298.53 309.74   160.48 171.68   166.06 177.26   159.79 171.00
2022-07-28   159.99 171.20   159.96 171.17   297.47 308.68   159.42 170.63   165.00 176.21   158.74 169.95
2022-07-29   158.93 170.14   158.90 170.12   296.42 307.63   158.36 169.57   163.94 175.16   157.68 168.89
2022-07-30   157.87 169.09   157.84 169.06   295.36 306.57   157.30 168.52   162.89 174.10   156.62 167.84
2022-07-31   156.81 168.03   156.78 168.00   294.30 305.52   156.24 167.46   161.83 173.05   155.56 166.78
2022-08-01   155.75 166.97   155.73 166.95   293.24 304.46   155.18 166.40   160.77 171.99   154.50 165.72
2022-08-02   154.69 165.92   154.67 165.89   292.18 303.40   154.12 165.35   159.71 170.93   153.44 164.67
2022-08-03   153.63 164.86   153.61 164.83   291.12 302.35   153.06 164.29   158.65 169.87   152.38 163.61
2022-08-04   152.58 163.80   152.55 163.77   290.06 301.29   152.01 163.23   157.59 168.82   151.32 162.55
2022-08-05   151.52 162.74   151.49 162.71   289.00 300.23   150.95 162.17   156.53 167.76   150.27 161.49
2022-08-06   150.46 161.68   150.43 161.66   287.95 299.17   149.89 161.11   155.47 166.70   149.21 160.43
2022-08-07   149.40 160.62   149.38 160.60   286.89 298.11   148.83 160.05   154.42 165.64   148.15 159.37
2022-08-08   148.35 159.56   148.32 159.54   285.83 297.05   147.78 158.99   153.36 164.58   147.10 158.31
2022-08-09   147.29 158.51   147.26 158.48   284.78 295.99   146.72 157.94   152.31 163.52   146.04 157.26
2022-08-10   146.24 157.45   146.21 157.42   283.72 294.94   145.67 156.88   151.25 162.46   144.99 156.20
2022-08-11   145.18 156.39   145.16 156.36   282.67 293.88   144.61 155.82   150.20 161.41   143.93 155.14
2022-08-12   144.13 155.33   144.10 155.31   281.62 292.82   143.56 154.76   149.15 160.35   142.88 154.08
2022-08-13   143.08 154.28   143.05 154.25   280.57 291.76   142.51 153.71   148.09 159.29   141.83 153.03
2022-08-14   142.03 153.22   142.00 153.19   279.52 290.71   141.46 152.65   147.05 158.24   140.78 151.97
2022-08-15   140.98 152.17   140.96 152.14   278.47 289.65   140.41 151.60   146.00 157.18   139.73 150.91
2022-08-16   139.94 151.11   139.91 151.09   277.42 288.60   139.37 150.54   144.95 156.13   138.69 149.86
2022-08-17   138.89 150.06   138.86 150.03   276.38 287.55   138.32 149.49   143.91 155.07   137.64 148.81
2022-08-18   137.85 149.01   137.82 148.98   275.34 286.50   137.28 148.44   142.86 154.02   136.60 147.76
2022-08-19   136.81 147.96   136.78 147.93   274.30 285.45   136.24 147.39   141.82 152.97   135.56 146.71
2022-08-20   135.77 146.91   135.74 146.88   273.26 284.40   135.20 146.34   140.78 151.92   134.52 145.66
2022-08-21   134.73 145.86   134.71 145.84   272.22 283.35   134.16 145.29   139.75 150.88   133.48 144.61
2022-08-22   133.70 144.82   133.67 144.79   271.18 282.30   133.13 144.25   138.71 149.83   132.45 143.57
2022-08-23   132.66 143.77   132.64 143.75   270.15 281.26   132.09 143.20   137.68 148.79   131.41 142.52
2022-08-24   131.63 142.73   131.61 142.70   269.12 280.22   131.06 142.16   136.65 147.75   130.38 141.48
2022-08-25   130.61 141.69   130.58 141.66   268.09 279.18   130.04 141.12   135.62 146.71   129.36 140.44
2022-08-26   129.58 140.65   129.55 140.63   267.07 278.14   129.01 140.08   134.60 145.67   128.33 139.40
2022-08-27   128.56 139.62   128.53 139.59   266.05 277.10   127.99 139.05   133.57 144.63   127.31 138.37
2022-08-28   127.54 138.58   127.51 138.56   265.03 276.07   126.97 138.01   132.55 143.60   126.29 137.33
2022-08-29   126.52 137.55   126.49 137.52   264.01 275.04   125.95 136.98   131.54 142.57   125.27 136.30
2022-08-30   125.50 136.52   125.48 136.49   262.99 274.01   124.93 135.95   130.52 141.54   124.25 135.27
2022-08-31   124.49 135.49   124.47 135.47   261.98 272.98   123.92 134.92   129.51 140.51   123.24 134.24
2022-09-01   123.48 134.47   123.46 134.44   260.97 271.96   122.91 133.90   128.50 139.48   122.23 133.22
2022-09-02   122.48 133.45   122.45 133.42   259.96 270.93   121.91 132.88   127.49 138.46   121.22 132.20
2022-09-03   121.47 132.43   121.44 132.40   258.96 269.91   120.90 131.86   126.49 137.44   120.22 131.18
2022-09-04   120.47 131.41   120.44 131.38   257.96 268.90   119.90 130.84   125.48 136.42   119.22 130.16
2022-09-05   119.47 130.39   119.44 130.37   256.96 267.88   118.90 129.82   124.49 135.41   118.22 129.14
2022-09-06   118.48 129.38   118.45 129.36   255.96 266.87   117.91 128.81   123.49 134.40   117.22 128.13
2022-09-07   117.48 128.37   117.46 128.35   254.97 265.86   116.91 127.80   122.50 133.39   116.23 127.12
2022-09-08   116.49 127.37   116.47 127.34   253.98 264.85   115.92 126.80   121.51 132.38   115.24 126.12
2022-09-09   115.50 126.36   115.48 126.34   252.99 263.85   114.93 125.79   120.52 131.38   114.25 125.11
2022-09-10   114.52 125.36   114.49 125.33   252.01 262.85   113.95 124.79   119.54 130.38   113.27 124.11
2022-09-11   113.54 124.36   113.51 124.34   251.03 261.85   112.97 123.79   118.55 129.38   112.29 123.11
2022-09-12   112.56 123.37   112.53 123.34   250.05 260.85   111.99 122.80   117.58 128.38   111.31 122.12
2022-09-13   111.58 122.37   111.56 122.35   249.07 259.86   111.01 121.80   116.60 127.39   110.33 121.12
2022-09-14   110.61 121.38   110.58 121.36   248.10 258.87   110.04 120.81   115.63 126.40   109.36 120.13
2022-09-15   109.64 120.40   109.61 120.37   247.13 257.88   109.07 119.83   114.66 125.41   108.39 119.14
2022-09-16   108.67 119.41   108.65 119.38   246.16 256.90   108.10 118.84   113.69 124.43   107.42 118.16
2022-09-17   107.71 118.43   107.68 118.40   245.20 255.92   107.14 117.86   112.72 123.44   106.46 117.18
2022-09-18   106.75 117.45   106.72 117.42   244.23 254.94   106.18 116.88   111.76 122.47   105.50 116.20
2022-09-19   105.79 116.47   105.76 116.45   243.28 253.96   105.22 115.90   110.80 121.49   104.54 115.22
2022-09-20   104.83 115.50   104.81 115.47   242.32 252.99   104.26 114.93   109.85 120.52   103.58 114.25
2022-09-21   103.88 114.53   103.85 114.50   241.37 252.02   103.31 113.96   108.89 119.54   102.63 113.28
2022-09-22   102.93 113.56   102.90 113.53   240.41 251.05   102.36 112.99   107.94 118.58   101.68 112.31
2022-09-23   101.98 112.60   101.95 112.57   239.47 250.08   101.41 112.03   106.99 117.61   100.73 111.34
2022-09-24   101.03 111.63   101.01 111.61   238.52 249.12   100.46 111.06   106.05 116.65    99.78 110.38
2022-09-25   100.09 110.67   100.06 110.65   237.58 248.16    99.52 110.10   105.10 115.69    98.84 109.42
2022-09-26    99.15 109.72    99.12 109.69   236.63 247.20    98.58 109.15   104.16 114.73    97.90 108.46
2022-09-27    98.21 108.76    98.18 108.73   235.70 246.25    97.64 108.19   103.22 113.78    96.96 107.51
2022-09-28    97.27 107.81    97.25 107.78   234.76 245.29    96.70 107.24   102.29 112.82    96.02 106.56
2022-09-29    96.34 106.86    96.31 106.83   233.82 244.34    95.77 106.29   101.35 111.87    95.09 105.61
2022-09-30    95.41 105.91    95.38 105.88   232.89 243.40    94.84 105.34   100.42 110.92    94.15 104.66
2022-10-01    94.48 104.96    94.45 104.94   231.96 242.45    93.91 104.39    99.49 109.98    93.22 103.71
2022-10-02    93.55 104.02    93.52 103.99   231.03 241.51    92.98 103.45    98.56 109.04    92.30 102.77
2022-10-03    92.62 103.08    92.59 103.05   230.11 240.57    92.05 102.51    97.64 108.10    91.37 101.83
2022-10-04    91.70 102.14    91.67 102.12   229.18 239.63    91.13 101.57    96.71 107.16    90.45 100.89
2022-10-05    90.78 101.21    90.75 101.18   228.26 238.69    90.21 100.64    95.79 106.22    89.52  99.95
2022-10-06    89.85 100.27    89.83 100.24   227.34 237.76    89.28  99.70    94.87 105.29    88.60  99.02
2022-10-07    88.94  99.34    88.91  99.31   226.42 236.83    88.37  98.77    93.95 104.35    87.68  98.09
2022-10-08    88.02  98.41    87.99  98.38   225.51 235.90    87.45  97.84    93.03 103.42    86.77  97.16
2022-10-09    87.10  97.48    87.08  97.45   224.59 234.97    86.53  96.91    92.12 102.50    85.85  96.23
2022-10-10    86.19  96.55    86.16  96.53   223.68 234.04    85.62  95.98    91.20 101.57    84.94  95.30
2022-10-11    85.28  95.63    85.25  95.60   222.76 233.12    84.71  95.06    90.29 100.64    84.03  94.38
2022-10-12    84.36  94.71    84.34  94.68   221.85 232.19    83.79  94.14    89.38  99.72    83.11  93.46
2022-10-13    83.45  93.78    83.43  93.76   220.94 231.27    82.88  93.21    88.47  98.80    82.20  92.53
2022-10-14    82.55  92.86    82.52  92.84   220.03 230.35    81.98  92.29    87.56  97.88    81.29  91.61
2022-10-15    81.64  91.95    81.61  91.92   219.12 229.43    81.07  91.38    86.65  96.96    80.39  90.70
2022-10-16    80.73  91.03    80.70  91.00   218.22 228.52    80.16  90.46    85.74  96.04    79.48  89.78
2022-10-17    79.82  90.11    79.80  90.09   217.31 227.60    79.25  89.54    84.84  95.13    78.57  88.86
2022-10-18    78.92  89.20    78.89  89.17   216.41 226.69    78.35  88.63    83.93  94.21    77.67  87.95
2022-10-19    78.01  88.28    77.99  88.26   215.50 225.77    77.44  87.71    83.03  93.30    76.76  87.03
2022-10-20    77.11  87.37    77.08  87.35   214.60 224.86    76.54  86.80    82.12  92.39    75.86  86.12
2022-10-21    76.21  86.46    76.18  86.43   213.69 223.95    75.64  85.89    81.22  91.48    74.95  85.21
2022-10-22    75.30  85.55    75.28  85.52   212.79 223.04    74.73  84.98    80.32  90.57    74.05  84.30
2022-10-23    74.40  84.64    74.37  84.61   211.89 222.13    73.83  84.07    79.41  89.66    73.15  83.39
2022-10-24    73.50  83.73    73.47  83.71   210.98 221.22    72.93  83.16    78.51  88.75    72.25  82.48
2022-10-25    72.59  82.82    72.57  82.80   210.08 220.31    72.02  82.25    77.61  87.84    71.34  81.57
2022-10-26    71.69  81.92    71.66  81.89   209.18 219.40    71.12  81.35    76.71  86.93    70.44  80.66
2022-10-27    70.79  81.01    70.76  80.98   208.28 218.50    70.22  80.44    75.80  86.02    69.54  79.76
2022-10-28    69.89  80.10    69.86  80.07   207.37 217.59    69.32  79.53    74.90  85.12    68.63  78.85
2022-10-29    68.98  79.19    68.96  79.17   206.47 216.68    68.41  78.62    74.00  84.21    67.73  77.94
2022-10-30    68.08  78.29    68.05  78.26   205.57 215.77    67.51  77.72    73.09  83.30    66.83  77.04
2022-10-31    67.17  77.38    67.15  77.35   204.66 214.87    66.60  76.81    72.19  82.40    65.92  76.13
2022-11-01    66.27  76.47    66.24  76.45   203.76 213.96    65.70  75.90    71.29  81.49    65.02  75.22
2022-11-02    65.37  75.57    65.34  75.54   202.85 213.05    64.80  75.00    70.38  80.58    64.11  74.32
2022-11-03    64.46  74.66    64.43  74.63   201.95 212.15    63.89  74.09    69.47  79.68    63.21  73.41
2022-11-04    63.55  73.75    63.53  73.73   201.04 211.24    62.98  73.18    68.57  78.77    62.30  72.50
2022-11-05    62.65  72.85    62.62  72.82   200.13 210.33    62.08  72.28    67.66  77.86    61.39  71.59
2022-11-06    61.74  71.94    61.71  71.91   199.22 209.42    61.17  71.37    66.75  76.95    60.49  70.69
2022-11-07    60.83  71.03    60.80  71.00   198.31 208.52    60.26  70.46    65.84  76.04    59.58  69.78
2022-11-08    59.92  70.12    59.89  70.09   197.40 207.61    59.35  69.55    64.93  75.13    58.67  68.87
2022-11-09    59.00  69.21    58.98  69.18   196.49 206.70    58.43  68.64    64.02  74.22    57.75  67.96
2022-11-10    58.09  68.30    58.06  68.27   195.58 205.79    57.52  67.73    63.11  73.31    56.84  67.05
2022-11-11    57.24  67.32    57.21  67.30   194.72 204.81    56.67  66.75    62.25  72.34    55.99  66.07
2022-11-12    56.58  66.15    56.55  66.13   194.07 203.64    56.01  65.58    61.60  71.17    55.33  64.90
2022-11-13    55.92  64.98    55.89  64.95   193.41 202.47    55.35  64.41    60.94  69.99    54.67  63.73
2022-11-14    55.26  63.80    55.23  63.78   192.75 201.29    54.69  63.23    60.28  68.82    54.01  62.55
2022-11-15    54.60  62.63    54.57  62.60   192.08 200.12    54.03  62.06    59.61  67.64    53.35  61.38
2022-11-16    53.93  61.45    53.91  61.43   191.42 198.94    53.36  60.88    58.95  66.47    52.68  60.20
2022-11-17    53.26  60.27    53.24  60.25   190.75 197.76    52.69  59.70    58.28  65.29    52.01  59.02

2023-04-21   254.91 262.03   254.88 262.00    32.39  39.52   254.34 261.46   259.92 267.05   253.66 260.78
2023-04-22   253.77 261.39   253.74 261.37    31.26  38.88   253.20 260.82   258.79 266.41   252.52 260.14
2023-04-23   252.64 260.76   252.61 260.73    30.12  38.25   252.07 260.19   257.65 265.78   251.39 259.51
2023-04-24   251.50 260.13   251.47 260.10    28.99  37.62   250.93 259.56   256.52 265.14   250.25 258.88
2023-04-25   250.37 259.50   250.34 259.47    27.85  36.98   249.80 258.93   255.38 264.51   249.12 258.25
2023-04-26   249.23 258.87   249.21 258.84    26.72  36.36   248.66 258.30   254.25 263.88   247.98 257.62
2023-04-27   248.10 258.24   248.07 258.21    25.59  35.73   247.53 257.67   253.12 263.26   246.85 256.99
2023-04-28   247.19 257.39   247.16 257.37    24.67  34.88   246.62 256.82   252.20 262.41   245.94 256.14
2023-04-29   246.31 256.51   246.28 256.49    23.80  34.00   245.74 255.94   251.32 261.53   245.06 255.26
2023-04-30   245.43 255.64   245.41 255.61    22.92  33.12   244.86 255.07   250.45 260.65   244.18 254.38
2023-05-01   244.56 254.76   244.53 254.73    22.04  32.24   243.99 254.19   249.57 259.77   243.30 253.51
2023-05-02   243.68 253.88   243.65 253.85    21.17  31.37   243.11 253.31   248.69 258.89   242.43 252.63
2023-05-03   242.80 253.00   242.78 252.98    20.29  30.49   242.23 252.43   247.82 258.02   241.55 251.75
2023-05-04   241.93 252.13   241.90 252.10    19.41  29.61   241.36 251.56   246.94 257.14   240.67 250.87
2023-05-05   241.05 251.25   241.02 251.22    18.54  28.74   240.48 250.68   246.06 256.26   239.80 250.00
2023-05-06   240.17 250.37   240.15 250.35    17.66  27.86   239.60 249.80   245.19 255.39   238.92 249.12
2023-05-07   239.29 249.50   239.27 249.47    16.78  26.99   238.72 248.93   244.31 254.51   238.04 248.25
2023-05-08   238.42 248.62   238.39 248.60    15.90  26.11   237.85 248.05   243.43 253.64   237.17 247.37
2023-05-09   237.54 247.75   237.51 247.72    15.03  25.23   236.97 247.18   242.55 252.76   236.29 246.50
2023-05-10   236.66 246.87   236.63 246.84    14.15  24.36   236.09 246.30   241.67 251.89   235.41 245.62
2023-05-11   235.78 246.00   235.75 245.97    13.27  23.48   235.21 245.43   240.80 251.01   234.53 244.74
2023-05-12   234.90 245.12   234.87 245.09    12.39  22.61   234.33 244.55   239.91 250.13   233.65 243.87
2023-05-13   234.02 244.24   233.99 244.22    11.51  21.73   233.45 243.67   239.03 249.26   232.77 242.99
2023-05-14   233.14 243.37   233.11 243.34    10.62  20.85   232.57 242.80   238.15 248.38   231.89 242.11
2023-05-15   232.25 242.49   232.23 242.46     9.74  19.98   231.68 241.92   237.27 247.50   231.00 241.24
2023-05-16   231.37 241.61   231.34 241.58     8.86  19.10   230.80 241.04   236.38 246.63   230.12 240.36
2023-05-17   230.48 240.73   230.46 240.70     7.97  18.22   229.91 240.16   235.50 245.75   229.23 239.48
2023-05-18   229.60 239.85   229.57 239.82     7.08  17.34   229.03 239.28   234.61 244.87   228.35 238.60
2023-05-19   228.71 238.97   228.68 238.94     6.20  16.46   228.14 238.40   233.72 243.99   227.46 237.72
2023-05-20   227.82 238.09   227.79 238.06     5.31  15.58   227.25 237.52   232.83 243.10   226.57 236.84
2023-05-21   226.93 237.21   226.90 237.18     4.41  14.69   226.36 236.64   231.94 242.22   225.68 235.96
2023-05-22   226.03 236.32   226.01 236.30     3.52  13.81   225.46 235.75   231.05 241.34   224.78 235.07
2023-05-23   225.14 235.44   225.11 235.41     2.63  12.92   224.57 234.87   230.15 240.45   223.89 234.19
2023-05-24   224.24 234.55   224.22 234.52     1.73  12.04   223.67 233.98   229.26 239.56   222.99 233.30
2023-05-25   223.34 233.66   223.32 233.64     0.83  11.15   222.77 233.09   228.36 238.68   222.09 232.41
2023-05-26   222.44 232.77   222.42 232.75   359.93  10.26   221.87 232.20   227.46 237.79   221.19 231.52
2023-05-27   221.54 231.88   221.51 231.85   359.03   9.37   220.97 231.31   226.56 236.90   220.29 230.63
2023-05-28   220.64 230.99   220.61 230.96   358.12   8.47   220.07 230.42   225.65 236.00   219.39 229.74
2023-05-29   219.73 230.09   219.70 230.07   357.22   7.58   219.16 229.52   224.74 235.11   218.48 228.84
2023-05-30   218.82 229.20   218.79 229.17   356.31   6.68   218.25 228.63   223.84 234.21   217.57 227.94
2023-05-31   217.91 228.30   217.88 228.27   355.40   5.78   217.34 227.73   222.92 233.31   216.66 227.05
2023-06-01   216.99 227.40   216.97 227.37   354.48   4.88   216.42 226.83   222.01 232.41   215.74 226.14
2023-06-02   216.08 226.49   216.05 226.47   353.57   3.98   215.51 225.92   221.09 231.51   214.83 225.24
2023-06-03   215.16 225.59   215.13 225.56   352.65   3.07   214.59 225.02   220.17 230.60   213.91 224.34
2023-06-04   214.24 224.68   214.21 224.65   351.72   2.17   213.67 224.11   219.25 229.69   212.99 223.43
2023-06-05   213.31 223.77   213.29 223.74   350.80   1.26   212.74 223.20   218.33 228.78   212.06 222.52
2023-06-06   212.39 222.86   212.36 222.83   349.87   0.34   211.82 222.29   217.40 227.87   211.14 221.61
2023-06-07   211.46 221.94   211.43 221.92   348.94 359.43   210.89 221.37   216.47 226.96   210.21 220.69
2023-06-08   210.52 221.02   210.50 221.00   348.01 358.51   209.95 220.45   215.54 226.04   209.27 219.77
2023-06-09   209.59 220.10   209.56 220.08   347.07 357.59   209.02 219.53   214.60 225.12   208.34 218.85
2023-06-10   208.65 219.18   208.62 219.15   346.14 356.67   208.08 218.61   213.66 224.20   207.40 217.93
2023-06-11   207.71 218.26   207.68 218.23   345.19 355.74   207.14 217.69   212.72 223.27   206.46 217.00
2023-06-12   206.76 217.33   206.74 217.30   344.25 354.81   206.19 216.76   211.78 222.34   205.51 216.08
2023-06-13   205.81 216.40   205.79 216.37   343.30 353.88   205.24 215.83   210.83 221.41   204.56 215.14
2023-06-14   204.86 215.46   204.84 215.44   342.35 352.95   204.29 214.89   209.88 220.48   203.61 214.21
2023-06-15   203.91 214.52   203.88 214.50   341.40 352.01   203.34 213.95   208.93 219.54   202.66 213.27
2023-06-16   202.95 213.58   202.93 213.56   340.44 351.07   202.38 213.01   207.97 218.60   201.70 212.33
2023-06-17   201.99 212.64   201.97 212.61   339.48 350.13   201.42 212.07   207.01 217.66   200.74 211.39
2023-06-18   201.03 211.69   201.00 211.67   338.52 349.18   200.46 211.12   206.04 216.71   199.78 210.44
2023-06-19   200.06 210.75   200.04 210.72   337.55 348.23   199.49 210.18   205.08 215.76   198.81 209.49
2023-06-20   199.09 209.79   199.07 209.77   336.58 347.28   198.52 209.22   204.11 214.81   197.84 208.54
2023-06-21   198.12 208.84   198.09 208.81   335.61 346.32   197.55 208.27   203.14 213.85   196.87 207.59
2023-06-22   197.14 207.88   197.12 207.85   334.63 345.37   196.57 207.31   202.16 212.89   195.89 206.63
2023-06-23   196.16 206.92   196.14 206.89   333.65 344.40   195.59 206.35   201.18 211.93   194.91 205.67
2023-06-24   195.18 205.95   195.16 205.93   332.67 343.44   194.61 205.38   200.20 210.97   193.93 204.70
2023-06-25   194.20 204.98   194.17 204.96   331.68 342.47   193.63 204.41   199.21 210.00   192.95 203.73
2023-06-26   193.21 204.01   193.18 203.98   330.69 341.50   192.64 203.44   198.22 209.03   191.96 202.76
2023-06-27   192.21 203.04   192.19 203.01   329.70 340.52   191.64 202.47   197.23 208.05   190.96 201.79
2023-06-28   191.22 202.06   191.19 202.03   328.71 339.55   190.65 201.49   196.23 207.07   189.97 200.81
2023-06-29   190.22 201.08   190.19 201.05   327.71 338.56   189.65 200.51   195.24 206.09   188.97 199.83
2023-06-30   189.22 200.09   189.19 200.07   326.71 337.58   188.65 199.52   194.24 205.11   187.97 198.84
2023-07-01   188.22 199.11   188.19 199.08   325.70 336.59   187.65 198.54   193.23 204.12   186.96 197.85
2023-07-02   187.21 198.11   187.18 198.09   324.70 335.60   186.64 197.54   192.22 203.13   185.96 196.86
2023-07-03   186.20 197.12   186.17 197.09   323.69 334.61   185.63 196.55   191.21 202.14   184.95 195.87
2023-07-04   185.18 196.12   185.16 196.10   322.67 333.61   184.61 195.55   190.20 201.14   183.93 194.87
2023-07-05   184.17 195.12   184.14 195.10   321.66 332.61   183.60 194.55   189.18 200.14   182.92 193.87
2023-07-06   183.15 194.12   183.12 194.09   320.64 331.61   182.58 193.55   188.17 199.14   181.90 192.87
2023-07-07   182.13 193.12   182.10 193.09   319.62 330.60   181.56 192.55   187.14 198.13   180.88 191.86
2023-07-08   181.11 192.11   181.08 192.08   318.59 329.59   180.54 191.54   186.12 197.12   179.85 190.86
2023-07-09   180.08 191.09   180.05 191.07   317.57 328.58   179.51 190.52   185.09 196.11   178.83 189.84
2023-07-10   179.05 190.08   179.02 190.05   316.54 327.57   178.48 189.51   184.07 195.10   177.80 188.83
2023-07-11   178.02 189.06   177.99 189.04   315.51 326.55   177.45 188.49   183.03 194.08   176.77 187.81
2023-07-12   176.99 188.04   176.96 188.02   314.47 325.53   176.42 187.47   182.00 193.06   175.73 186.79
2023-07-13   175.95 187.02   175.92 186.99   313.44 324.51   175.38 186.45   180.97 192.04   174.70 185.77
2023-07-14   174.91 186.00   174.89 185.97   312.40 323.48   174.34 185.43   179.93 191.01   173.66 184.75
2023-07-15   173.87 184.97   173.85 184.94   311.36 322.46   173.30 184.40   178.89 189.98   172.62 183.72
2023-07-16   172.83 183.94   172.80 183.91   310.32 321.43   172.26 183.37   177.85 188.95   171.58 182.69
2023-07-17   171.79 182.91   171.76 182.88   309.28 320.39   171.22 182.34   176.80 187.92   170.54 181.66
2023-07-18   170.74 181.87   170.72 181.85   308.23 319.36   170.17 181.30   175.76 186.89   169.49 180.62
2023-07-19   169.70 180.84   169.67 180.81   307.18 318.32   169.13 180.27   174.71 185.85   168.45 179.59
2023-07-20   168.65 179.80   168.62 179.77   306.14 317.28   168.08 179.23   173.66 184.81   167.40 178.55
2023-07-21   167.60 178.76   167.57 178.73   305.09 316.24   167.03 178.19   172.61 183.77   166.35 177.51
2023-07-22   166.55 177.72   166.52 177.69   304.03 315.20   165.98 177.15   171.56 182.73   165.30 176.46
2023-07-23   165.50 176.67   165.47 176.64   302.98 314.16   164.93 176.10   170.51 181.69   164.24 175.42
2023-07-24   164.44 175.63   164.42 175.60   301.93 313.11   163.87 175.06   169.46 180.64   163.19 174.37
2023-07-25   163.39 174.58   163.36 174.55   300.88 312.07   162.82 174.01   168.40 179.59   162.14 173.33
2023-07-26   162.33 173.53   162.31 173.50   299.82 311.02   161.76 172.96   167.35 178.55   161.08 172.28
2023-07-27   161.28 172.48   161.25 172.45   298.77 309.97   160.71 171.91   166.29 177.50   160.03 171.23
2023-07-28   160.22 171.43   160.20 171.40   297.71 308.92   159.65 170.86   165.24 176.44   158.97 170.18
2023-07-29   159.17 170.38   159.14 170.35   296.65 307.86   158.60 169.81   164.18 175.39   157.92 169.13
2023-07-30   158.11 169.32   158.08 169.30   295.60 306.81   157.54 168.75   163.12 174.34   156.86 168.07
2023-07-31   157.05 168.27   157.03 168.24   294.54 305.76   156.48 167.70   162.07 173.29   155.80 167.02
2023-08-01   156.00 167.22   155.97 167.19   293.48 304.70   155.43 166.65   161.01 172.23   154.74 165.96
2023-08-02   154.94 166.16   154.91 166.13   292.43 303.65   154.37 165.59   159.95 171.18   153.69 164.91
2023-08-03   153.88 165.10   153.86 165.08   291.37 302.59   153.31 164.53   158.90 170.12   152.63 163.85
2023-08-04   152.83 164.05   152.80 164.02   290.31 301.54   152.26 163.48   157.84 169.06   151.57 162.80
2023-08-05   151.77 162.99   151.74 162.97   289.26 300.48   151.20 162.42   156.78 168.01   150.52 161.74
2023-08-06   150.71 161.94   150.69 161.91   288.20 299.42   150.14 161.37   155.73 166.95   149.46 160.68
2023-08-07   149.66 160.88   149.63 160.85   287.15 298.37   149.09 160.31   154.67 165.89   148.41 159.63
2023-08-08   148.60 159.82   148.58 159.80   286.09 297.31   148.03 159.25   153.62 164.84   147.35 158.57
2023-08-09   147.55 158.77   147.52 158.74   285.04 296.25   146.98 158.20   152.57 163.78   146.30 157.51
2023-08-10   146.50 157.71   146.47 157.68   283.99 295.20   145.93 157.14   151.51 162.72   145.25 156.46
2023-08-11   145.45 156.65   145.42 156.63   282.93 294.14   144.88 156.08   150.46 161.67   144.20 155.40
2023-08-12   144.40 155.60   144.37 155.57   281.88 293.09   143.83 155.03   149.41 160.61   143.15 154.35
2023-08-13   143.35 154.54   143.32 154.52   280.83 292.03   142.78 153.97   148.36 159.56   142.10 153.29
2023-08-14   142.30 153.49   142.27 153.46   279.79 290.98   141.73 152.92   147.31 158.51   141.05 152.24
2023-08-15   141.25 152.44   141.23 152.41   278.74 289.92   140.68 151.87   146.27 157.45   140.00 151.19
2023-08-16   140.21 151.39   140.18 151.36   277.70 288.87   139.64 150.82   145.22 156.40   138.96 150.13
2023-08-17   139.17 150.33   139.14 150.31   276.65 287.82   138.60 149.76   144.18 155.35   137.92 149.08
2023-08-18   138.12 149.28   138.10 149.26   275.61 286.77   137.55 148.71   143.14 154.30   136.87 148.03
2023-08-19   137.09 148.24   137.06 148.21   274.57 285.72   136.52 147.67   142.10 153.25   135.83 146.99
2023-08-20   136.05 147.19   136.02 147.16   273.54 284.68   135.48 146.62   141.06 152.20   134.80 145.94
2023-08-21   135.01 146.14   134.99 146.12   272.50 283.63   134.44 145.57   140.03 151.16   133.76 144.89
2023-08-22   133.98 145.10   133.95 145.07   271.47 282.59   133.41 144.53   138.99 150.12   132.73 143.85
2023-08-23   132.95 144.06   132.92 144.03   270.44 281.55   132.38 143.49   137.96 149.07   131.70 142.81
2023-08-24   131.92 143.02   131.89 142.99   269.41 280.50   131.35 142.45   136.93 148.03   130.67 141.77
2023-08-25   130.89 141.98   130.87 141.95   268.38 279.47   130.32 141.41   135.91 146.99   129.64 140.73
2023-08-26   129.87 140.94   129.84 140.92   267.36 278.43   129.30 140.37   134.88 145.96   128.62 139.69
2023-08-27   128.85 139.91   128.82 139.88   266.33 277.39   128.28 139.34   133.86 144.92   127.60 138.66
2023-08-28   127.83 138.87   127.80 138.85   265.32 276.36   127.26 138.30   132.84 143.89   126.58 137.62
2023-08-29   126.81 137.84   126.78 137.82   264.30 275.33   126.24 137.27   131.83 142.86   125.56 136.59
2023-08-30   125.80 136.82   125.77 136.79   263.28 274.30   125.23 136.25   130.81 141.83   124.55 135.56
2023-08-31   124.79 135.79   124.76 135.76   262.27 273.28   124.22 135.22   129.80 140.80   123.53 134.54
2023-09-01   123.78 134.77   123.75 134.74   261.26 272.25   123.21 134.20   128.79 139.78   122.53 133.51
2023-09-02   122.77 133.74   122.74 133.72   260.26 271.23   122.20 133.17   127.79 138.76   121.52 132.49
2023-09-03   121.77 132.73   121.74 132.70   259.25 270.21   121.20 132.16   126.78 137.74   120.52 131.47
2023-09-04   120.77 131.71   120.74 131.68   258.25 269.20   120.20 131.14   125.78 136.72   119.51 130.46
2023-09-05   119.77 130.69   119.74 130.67   257.26 268.18   119.20 130.12   124.78 135.71   118.52 129.44
2023-09-06   118.77 129.68   118.75 129.66   256.26 267.17   118.20 129.11   123.79 134.70   117.52 128.43
2023-09-07   117.78 128.67   117.75 128.65   255.27 266.16   117.21 128.10   122.80 133.69   116.53 127.42
2023-09-08   116.79 127.67   116.76 127.64   254.28 265.16   116.22 127.10   121.81 132.68   115.54 126.42
2023-09-09   115.80 126.66   115.78 126.64   253.29 264.15   115.23 126.09   120.82 131.68   114.55 125.41
2023-09-10   114.82 125.66   114.79 125.64   252.31 263.15   114.25 125.09   119.83 130.68   113.57 124.41
2023-09-11   113.84 124.67   113.81 124.64   251.33 262.15   113.27 124.10   118.85 129.68   112.59 123.41
2023-09-12   112.86 123.67   112.83 123.64   250.35 261.16   112.29 123.10   117.87 128.69   111.61 122.42
2023-09-13   111.88 122.68   111.86 122.65   249.37 260.16   111.31 122.11   116.90 127.69   110.63 121.43
2023-09-14   110.91 121.69   110.88 121.66   248.40 259.17   110.34 121.12   115.93 126.70   109.66 120.44
2023-09-15   109.94 120.70   109.91 120.67   247.43 258.19   109.37 120.13   114.96 125.72   108.69 119.45
2023-09-16   108.97 119.72   108.95 119.69   246.46 257.20   108.40 119.15   113.99 124.73   107.72 118.46
2023-09-17   108.01 118.73   107.98 118.71   245.50 256.22   107.44 118.16   113.02 123.75   106.76 117.48
2023-09-18   107.05 117.75   107.02 117.73   244.53 255.24   106.48 117.18   112.06 122.77   105.80 116.50
2023-09-19   106.09 116.78   106.06 116.75   243.58 254.27   105.52 116.21   111.10 121.79   104.84 115.53
2023-09-20   105.13 115.80   105.10 115.78   242.62 253.29   104.56 115.23   110.15 120.82   103.88 114.55
2023-09-21   104.18 114.83   104.15 114.81   241.66 252.32   103.61 114.26   109.19 119.85   102.93 113.58
2023-09-22   103.23 113.86   103.20 113.84   240.71 251.35   102.66 113.29   108.24 118.88   101.97 112.61
2023-09-23   102.28 112.90   102.25 112.87   239.76 250.39   101.71 112.33   107.29 117.91   101.03 111.65
2023-09-24   101.33 111.94   101.30 111.91   238.82 249.42   100.76 111.37   106.34 116.95   100.08 110.68
2023-09-25   100.39 110.97   100.36 110.95   237.87 248.46    99.82 110.40   105.40 115.99    99.13 109.72
2023-09-26    99.44 110.02    99.42 109.99   236.93 247.50    98.87 109.45   104.46 115.03    98.19 108.77
2023-09-27    98.50 109.06    98.48 109.03   235.99 246.55    97.93 108.49   103.52 114.08    97.25 107.81
2023-09-28    97.57 108.11    97.54 108.08   235.05 245.59    97.00 107.54   102.58 113.12    96.32 106.86
2023-09-29    96.63 107.16    96.61 107.13   234.12 244.64    96.06 106.59   101.65 112.17    95.38 105.91
2023-09-30    95.70 106.21    95.67 106.18   233.19 243.70    95.13 105.64   100.71 111.22    94.45 104.96
2023-10-01    94.77 105.26    94.74 105.24   232.26 242.75    94.20 104.69    99.78 110.28    93.52 104.01
2023-10-02    93.84 104.32    93.81 104.29   231.33 241.81    93.27 103.75    98.85 109.33    92.59 103.07
2023-10-03    92.91 103.38    92.89 103.35   230.40 240.86    92.34 102.81    97.93 108.39    91.66 102.13
2023-10-04    91.99 102.44    91.96 102.41   229.47 239.92    91.42 101.87    97.00 107.45    90.74 101.19
2023-10-05    91.06 101.50    91.04 101.47   228.55 238.99    90.49 100.93    96.08 106.51    89.81 100.25
2023-10-06    90.14 100.56    90.12 100.54   227.63 238.05    89.57  99.99    95.16 105.58    88.89  99.31
2023-10-07    89.22  99.63    89.20  99.60   226.71 237.12    88.65  99.06    94.24 104.65    87.97  98.38
2023-10-08    88.30  98.70    88.28  98.67   225.79 236.19    87.73  98.13    93.32 103.71    87.05  97.45
2023-10-09    87.39  97.77    87.36  97.74   224.88 235.26    86.82  97.20    92.40 102.78    86.14  96.52
2023-10-10    86.47  96.84    86.45  96.82   223.96 234.33    85.90  96.27    91.49 101.86    85.22  95.59
2023-10-11    85.56  95.92    85.53  95.89   223.05 233.40    84.99  95.35    90.57 100.93    84.31  94.66
2023-10-12    84.65  94.99    84.62  94.96   222.13 232.48    84.08  94.42    89.66 100.01    83.40  93.74
2023-10-13    83.73  94.07    83.71  94.04   221.22 231.56    83.16  93.50    88.75  99.08    82.48  92.82
2023-10-14    82.82  93.15    82.80  93.12   220.31 230.63    82.25  92.58    87.84  98.16    81.57  91.90
2023-10-15    81.91  92.23    81.89  92.20   219.40 229.71    81.34  91.66    86.93  97.24    80.66  90.98
2023-10-16    81.01  91.31    80.98  91.28   218.49 228.80    80.44  90.74    86.02  96.32    79.76  90.06
2023-10-17    80.10  90.39    80.07  90.36   217.59 227.88    79.53  89.82    85.11  95.41    78.85  89.14
2023-10-18    79.19  89.47    79.17  89.45   216.68 226.96    78.62  88.90    84.21  94.49    77.94  88.22
2023-10-19    78.29  88.56    78.26  88.53   215.77 226.05    77.72  87.99    83.30  93.58    77.03  87.31
2023-10-20    77.38  87.65    77.35  87.62   214.87 225.13    76.81  87.08    82.39  92.66    76.13  86.40
2023-10-21    76.47  86.73    76.45  86.71   213.96 224.22    75.90  86.16    81.49  91.75    75.22  85.48
2023-10-22    75.57  85.82    75.54  85.79   213.06 223.31    75.00  85.25    80.59  90.84    74.32  84.57
2023-10-23    74.67  84.91    74.64  84.88   212.15 222.40    74.10  84.34    79.68  89.92    73.41  83.66
2023-10-24    73.76  84.00    73.73  83.97   211.25 221.49    73.19  83.43    78.78  89.01    72.51  82.75
2023-10-25    72.86  83.09    72.83  83.06   210.34 220.58    72.29  82.52    77.87  88.10    71.61  81.84
2023-10-26    71.95  82.18    71.93  82.15   209.44 219.67    71.38  81.61    76.97  87.19    70.70  80.93
2023-10-27    71.05  81.27    71.02  81.24   208.54 218.76    70.48  80.70    76.06  86.29    69.80  80.02
2023-10-28    70.14  80.36    70.12  80.33   207.63 217.85    69.57  79.79    75.16  85.38    68.89  79.11
2023-10-29    69.24  79.45    69.21  79.43   206.73 216.94    68.67  78.88    74.26  84.47    67.99  78.20
2023-10-30    68.33  78.54    68.31  78.52   205.82 216.03    67.76  77.97    73.35  83.56    67.08  77.29
2023-10-31    67.43  77.64    67.40  77.61   204.92 215.12    66.86  77.07    72.44  82.65    66.18  76.39
2023-11-01    66.52  76.73    66.50  76.70   204.01 214.22    65.95  76.16    71.54  81.74    65.27  75.48
2023-11-02    65.62  75.82    65.59  75.79   203.10 213.31    65.05  75.25    70.63  80.83    64.37  74.57
2023-11-03    64.71  74.91    64.68  74.88   202.20 212.40    64.14  74.34    69.73  79.93    63.46  73.66
2023-11-04    63.80  74.00    63.78  73.98   201.29 211.49    63.23  73.43    68.82  79.02    62.55  72.75
2023-11-05    62.89  73.09    62.87  73.07   200.38 210.58    62.32  72.52    67.91  78.11    61.64  71.84
2023-11-06    61.98  72.18    61.96  72.16   199.47 209.67    61.41  71.61    67.00  77.20    60.73  70.93
2023-11-07    61.07  71.27    61.05  71.25   198.56 208.76    60.50  70.70    66.09  76.29    59.82  70.02
2023-11-08    60.16  70.36    60.13  70.34   197.65 207.85    59.59  69.79    65.17  75.38    58.91  69.11
2023-11-09    59.25  69.45    59.22  69.42   196.73 206.94    58.68  68.88    64.26  74.47    58.00  68.20
2023-11-10    58.33  68.54    58.30  68.51   195.82 206.02    57.76  67.97    63.35  73.55    57.08  67.29
2023-11-11    57.41  67.62    57.39  67.60   194.90 205.11    56.84  67.05    62.43  72.64    56.16  66.37
2023-11-12    56.74  66.47    56.71  66.44   194.23 203.95    56.17  65.90    61.75  71.48    55.49  65.22
2023-11-13    56.08  65.29    56.05  65.26   193.57 202.78    55.51  64.72    61.09  70.31    54.83  64.04
2023-11-14    55.42  64.11    55.39  64.09   192.90 201.60    54.85  63.54    60.43  69.13    54.17  62.86
2023-11-15    54.75  62.94    54.73  62.91   192.24 200.42    54.18  62.37    59.77  67.95    53.50  61.69
2023-11-16    54.09  61.76    54.06  61.73   191.57 199.25    53.52  61.19    59.10  66.77    52.84  60.51
2023-11-17    53.42  60.58    53.39  60.55   190.91 198.07    52.85  60.01    58.43  65.59    52.17  59.33
