
       Target
                ecliptic
RA      Dec     latitude
203.106 -42.475 -30.292

Checked interval [2020-01-01, 2023-12-31]
|           Window [days]                 |    Normal V3 PA [deg]    |
   Start           End         Duration         Start         End         RA            Dec     
 2020-01-23      2020-03-23        60.00     292.56796     331.16403     203.10602     -42.47527 
 2020-06-03      2020-08-06        63.95      79.32208     118.34321     203.10602     -42.47527 
 2021-01-22      2021-03-23        60.00     292.45439     330.85250     203.10602     -42.47527 
 2021-06-04      2021-08-06        63.00      79.97072     118.24408     203.10602     -42.47527 
 2022-01-22      2022-03-23        60.03     292.33453     330.56432     203.10602     -42.47527 
 2022-06-04      2022-08-06        63.00      79.73223     118.14738     203.10602     -42.47527 
 2023-01-22      2023-03-24        61.00     292.21092     331.21540     203.10602     -42.47527 
 2023-06-04      2023-08-07        64.00      79.49504     118.53710     203.10602     -42.47527 


                V3PA          NIRCam           NIRSpec         NIRISS           MIRI          FGS
   Date      min    max      min    max       min    max     min    max      min    max      min    max

2020-01-24   288.68 296.56   288.65 296.54    66.16  74.05   288.11 295.99   293.69 301.58   287.43 295.31
2020-01-25   288.64 297.64   288.61 297.61    66.13  75.13   288.07 297.07   293.66 302.65   287.39 296.39
2020-01-26   288.60 298.71   288.58 298.69    66.09  76.20   288.03 298.14   293.62 303.73   287.35 297.46
2020-01-27   289.07 299.28   289.05 299.25    66.56  76.76   288.50 298.71   294.09 304.29   287.82 298.03
2020-01-28   289.59 299.79   289.56 299.76    67.08  77.28   289.02 299.22   294.61 304.81   288.34 298.54
2020-01-29   290.11 300.31   290.08 300.28    67.59  77.79   289.54 299.74   295.12 305.32   288.86 299.06
2020-01-30   290.62 300.82   290.60 300.80    68.11  78.31   290.05 300.25   295.64 305.84   289.37 299.57
2020-01-31   291.14 301.34   291.11 301.31    68.62  78.83   290.57 300.77   296.15 306.36   289.88 300.09
2020-02-01   291.65 301.86   291.62 301.83    69.13  79.35   291.08 301.29   296.66 306.87   290.40 300.61
2020-02-02   292.16 302.38   292.13 302.35    69.65  79.87   291.59 301.81   297.17 307.39   290.91 301.13
2020-02-03   292.67 302.90   292.64 302.88    70.16  80.39   292.10 302.33   297.69 307.92   291.42 301.65
2020-02-04   293.18 303.43   293.15 303.40    70.67  80.91   292.61 302.86   298.20 308.44   291.93 302.18
2020-02-05   293.69 303.95   293.66 303.93    71.18  81.44   293.12 303.38   298.71 308.97   292.44 302.70
2020-02-06   294.20 304.48   294.18 304.46    71.69  81.97   293.63 303.91   299.22 309.50   292.95 303.23
2020-02-07   294.71 305.02   294.69 304.99    72.20  82.50   294.14 304.45   299.73 310.03   293.46 303.76
2020-02-08   295.23 305.55   295.20 305.52    72.71  83.04   294.66 304.98   300.24 310.57   293.97 304.30
2020-02-09   295.74 306.09   295.71 306.06    73.23  83.58   295.17 305.52   300.75 311.10   294.49 304.84
2020-02-10   296.25 306.63   296.23 306.61    73.74  84.12   295.68 306.06   301.27 311.65   295.00 305.38
2020-02-11   296.77 307.18   296.74 307.15    74.25  84.67   296.20 306.61   301.78 312.19   295.52 305.93
2020-02-12   297.28 307.73   297.26 307.70    74.77  85.22   296.71 307.16   302.30 312.74   296.03 306.48
2020-02-13   297.80 308.28   297.78 308.26    75.29  85.77   297.23 307.71   302.82 313.30   296.55 307.03
2020-02-14   298.32 308.84   298.30 308.82    75.81  86.33   297.75 308.27   303.34 313.86   297.07 307.59
2020-02-15   298.85 309.41   298.82 309.38    76.33  86.90   298.28 308.84   303.86 314.43   297.60 308.16
2020-02-16   299.37 309.98   299.35 309.95    76.86  87.47   298.80 309.41   304.39 315.00   298.12 308.73
2020-02-17   299.90 310.56   299.88 310.53    77.39  88.04   299.33 309.99   304.92 315.57   298.65 309.31
2020-02-18   300.43 311.14   300.41 311.11    77.92  88.63   299.86 310.57   305.45 316.15   299.18 309.89
2020-02-19   300.97 311.73   300.94 311.70    78.46  89.21   300.40 311.16   305.99 316.74   299.72 310.48
2020-02-20   301.51 312.32   301.48 312.30    79.00  89.81   300.94 311.75   306.52 317.34   300.26 311.07
2020-02-21   302.05 312.92   302.03 312.90    79.54  90.41   301.48 312.35   307.07 317.94   300.80 311.67
2020-02-22   302.60 313.53   302.57 313.51    80.09  91.02   302.03 312.96   307.62 318.55   301.35 312.28
2020-02-23   303.15 314.15   303.13 314.12    80.64  91.64   302.58 313.58   308.17 319.17   301.90 312.90
2020-02-24   303.71 314.78   303.69 314.75    81.20  92.26   303.14 314.21   308.73 319.79   302.46 313.53
2020-02-25   304.28 315.41   304.25 315.38    81.76  92.90   303.71 314.84   309.29 320.43   303.02 314.16
2020-02-26   304.84 316.05   304.82 316.03    82.33  93.54   304.27 315.48   309.86 321.07   303.59 314.80
2020-02-27   305.42 316.70   305.39 316.68    82.91  94.19   304.85 316.13   310.43 321.72   304.17 315.45
2020-02-28   306.00 317.37   305.97 317.34    83.49  94.85   305.43 316.80   311.02 322.38   304.75 316.11
2020-02-29   306.59 318.04   306.56 318.01    84.08  95.52   306.02 317.47   311.60 323.05   305.34 316.79
2020-03-01   307.18 318.72   307.16 318.69    84.67  96.21   306.61 318.15   312.20 323.73   305.93 317.47
2020-03-02   307.79 319.41   307.76 319.38    85.28  96.90   307.22 318.84   312.80 324.43   306.54 318.16
2020-03-03   308.40 320.12   308.37 320.09    85.89  97.60   307.83 319.55   313.41 325.13   307.15 318.86
2020-03-04   309.02 320.83   308.99 320.80    86.51  98.32   308.45 320.26   314.03 325.85   307.77 319.58
2020-03-05   309.65 321.56   309.62 321.53    87.13  99.05   309.08 320.99   314.66 326.58   308.40 320.31
2020-03-06   310.28 322.30   310.26 322.27    87.77  99.79   309.71 321.73   315.30 327.32   309.03 321.05
2020-03-07   310.93 323.06   310.91 323.03    88.42 100.54   310.36 322.49   315.95 328.07   309.68 321.81
2020-03-08   311.59 323.83   311.56 323.80    89.08 101.31   311.02 323.26   316.61 328.84   310.34 322.57
2020-03-09   312.26 324.61   312.23 324.58    89.75 102.10   311.69 324.04   317.27 329.62   311.01 323.36
2020-03-10   312.94 325.41   312.91 325.38    90.43 102.89   312.37 324.84   317.95 330.42   311.69 324.16
2020-03-11   313.63 326.22   313.60 326.19    91.12 103.71   313.06 325.65   318.65 331.24   312.38 324.97
2020-03-12   314.33 327.05   314.31 327.03    91.82 104.54   313.76 326.48   319.35 332.07   313.08 325.80
2020-03-13   315.05 327.90   315.02 327.87    92.54 105.39   314.48 327.33   320.07 332.91   313.80 326.65
2020-03-14   315.78 328.76   315.76 328.74    93.27 106.25   315.21 328.19   320.80 333.78   314.53 327.51
2020-03-15   316.53 329.65   316.50 329.62    94.01 107.14   315.96 329.08   321.54 334.66   315.28 328.40
2020-03-16   317.29 330.55   317.26 330.52    94.77 108.04   316.72 329.98   322.30 335.57   316.04 329.30
2020-03-17   318.06 331.47   318.04 331.45    95.55 108.96   317.49 330.90   323.08 336.49   316.81 330.22
2020-03-18   318.85 332.42   318.83 332.39    96.34 109.90   318.28 331.85   323.87 337.43   317.60 331.17
2020-03-19   319.66 333.38   319.64 333.35    97.15 110.87   319.09 332.81   324.68 338.40   318.41 332.13
2020-03-20   320.49 334.37   320.46 334.34    97.98 111.85   319.92 333.80   325.50 339.38   319.24 333.12
2020-03-21   321.33 335.37   321.31 335.35    98.82 112.86   320.76 334.80   326.35 340.39   320.08 334.12
2020-03-22   322.20 336.41   322.17 336.38    99.68 113.89   321.63 335.84   327.21 341.42   320.95 335.16
2020-03-23   323.08 337.46   323.05 337.44   100.57 114.95   322.51 336.89   328.10 342.48   321.83 336.21

2020-06-04    72.15  86.58    72.12  86.56   209.64 224.07    71.58  86.01    77.16  91.60    70.90  85.33
2020-06-05    73.18  87.45    73.16  87.43   210.67 224.94    72.61  86.88    78.20  92.47    71.93  86.20
2020-06-06    74.20  88.30    74.17  88.27   211.68 225.79    73.63  87.73    79.21  93.31    72.94  87.05
2020-06-07    75.18  89.13    75.16  89.10   212.67 226.61    74.61  88.56    80.20  94.14    73.93  87.88
2020-06-08    76.15  89.94    76.12  89.91   213.64 227.42    75.58  89.37    81.17  94.95    74.90  88.69
2020-06-09    77.09  90.73    77.07  90.70   214.58 228.22    76.52  90.16    82.11  95.74    75.84  89.48
2020-06-10    78.02  91.50    77.99  91.48   215.51 228.99    77.45  90.93    83.03  96.52    76.77  90.25
2020-06-11    78.92  92.26    78.90  92.24   216.41 229.75    78.35  91.69    83.94  97.28    77.67  91.01
2020-06-12    79.81  93.01    79.78  92.98   217.29 230.50    79.24  92.44    84.82  98.02    78.56  91.76
2020-06-13    80.67  93.74    80.65  93.71   218.16 231.22    80.10  93.17    85.69  98.75    79.42  92.49
2020-06-14    81.52  94.45    81.49  94.43   219.01 231.94    80.95  93.88    86.54  99.47    80.27  93.20
2020-06-15    82.35  95.15    82.32  95.13   219.84 232.64    81.78  94.58    87.37 100.17    81.10  93.90
2020-06-16    83.16  95.84    83.14  95.82   220.65 233.33    82.59  95.27    88.18 100.86    81.91  94.59
2020-06-17    83.96  96.52    83.94  96.49   221.45 234.01    83.39  95.95    88.98 101.54    82.71  95.27
2020-06-18    84.74  97.19    84.72  97.16   222.23 234.67    84.17  96.62    89.76 102.20    83.49  95.94
2020-06-19    85.51  97.84    85.48  97.81   223.00 235.33    84.94  97.27    90.53 102.85    84.26  96.59
2020-06-20    86.26  98.48    86.24  98.46   223.75 235.97    85.69  97.91    91.28 103.50    85.01  97.23
2020-06-21    87.00  99.12    86.98  99.09   224.49 236.60    86.43  98.55    92.02 104.13    85.75  97.86
2020-06-22    87.73  99.74    87.70  99.71   225.22 237.23    87.16  99.17    92.74 104.75    86.48  98.49
2020-06-23    88.44 100.35    88.42 100.33   225.93 237.84    87.87  99.78    93.46 105.37    87.19  99.10
2020-06-24    89.14 100.96    89.12 100.93   226.63 238.44    88.57 100.39    94.16 105.97    87.89  99.71
2020-06-25    89.83 101.55    89.81 101.53   227.32 239.04    89.26 100.98    94.85 106.57    88.58 100.30
2020-06-26    90.51 102.14    90.48 102.12   228.00 239.63    89.94 101.57    95.52 107.16    89.26 100.89
2020-06-27    91.18 102.72    91.15 102.70   228.66 240.21    90.61 102.15    96.19 107.74    89.93 101.47
2020-06-28    91.83 103.30    91.81 103.27   229.32 240.78    91.26 102.73    96.85 108.31    90.58 102.05
2020-06-29    92.48 103.86    92.45 103.84   229.97 241.35    91.91 103.29    97.49 108.88    91.23 102.61
2020-06-30    93.12 104.42    93.09 104.40   230.60 241.91    92.55 103.85    98.13 109.44    91.87 103.17
2020-07-01    93.74 104.98    93.72 104.95   231.23 242.46    93.17 104.41    98.76 109.99    92.49 103.73
2020-07-02    94.36 105.52    94.34 105.50   231.85 243.01    93.79 104.95    99.38 110.54    93.11 104.27
2020-07-03    94.97 106.07    94.95 106.04   232.46 243.55    94.40 105.50    99.99 111.08    93.72 104.82
2020-07-04    95.58 106.60    95.55 106.58   233.06 244.09    95.01 106.03   100.59 111.62    94.32 105.35
2020-07-05    96.17 107.14    96.14 107.11   233.66 244.62    95.60 106.57   101.19 112.15    94.92 105.88
2020-07-06    96.76 107.66    96.73 107.64   234.25 245.15    96.19 107.09   101.77 112.68    95.51 106.41
2020-07-07    97.34 108.19    97.31 108.16   234.83 245.67    96.77 107.62   102.35 113.20    96.09 106.94
2020-07-08    97.91 108.70    97.88 108.68   235.40 246.19    97.34 108.13   102.93 113.72    96.66 107.45
2020-07-09    98.48 109.22    98.45 109.19   235.97 246.71    97.91 108.65   103.49 114.24    97.23 107.97
2020-07-10    99.04 109.73    99.01 109.71   236.53 247.22    98.47 109.16   104.05 114.75    97.79 108.48
2020-07-11    99.59 110.24    99.57 110.21   237.08 247.73    99.02 109.67   104.61 115.26    98.34 108.99
2020-07-12   100.14 110.74   100.12 110.72   237.63 248.23    99.57 110.17   105.16 115.76    98.89 109.49
2020-07-13   100.69 111.25   100.66 111.22   238.18 248.73   100.12 110.68   105.70 116.26    99.44 110.00
2020-07-14   101.23 111.75   101.20 111.72   238.71 249.23   100.66 111.18   106.24 116.76    99.98 110.50
2020-07-15   101.76 112.24   101.73 112.22   239.25 249.73   101.19 111.67   106.78 117.26   100.51 110.99
2020-07-16   102.29 112.74   102.26 112.71   239.78 250.23   101.72 112.17   107.31 117.75   101.04 111.49
2020-07-17   102.82 113.23   102.79 113.21   240.30 250.72   102.25 112.66   107.83 118.25   101.57 111.98
2020-07-18   103.34 113.72   103.31 113.70   240.83 251.21   102.77 113.15   108.35 118.74   102.09 112.47
2020-07-19   103.86 114.21   103.83 114.19   241.34 251.70   103.29 113.64   108.87 119.23   102.61 112.96
2020-07-20   104.37 114.70   104.34 114.68   241.86 252.19   103.80 114.13   109.39 119.72   103.12 113.45
2020-07-21   104.88 115.19   104.85 115.16   242.37 252.68   104.31 114.62   109.90 120.21   103.63 113.94
2020-07-22   105.39 115.68   105.36 115.65   242.88 253.17   104.82 115.11   110.40 120.69   104.14 114.43
2020-07-23   105.89 116.16   105.87 116.14   243.38 253.65   105.32 115.59   110.91 121.18   104.64 114.91
2020-07-24   106.40 116.65   106.37 116.62   243.88 254.14   105.83 116.08   111.41 121.67   105.15 115.40
2020-07-25   106.90 117.14   106.87 117.11   244.38 254.62   106.33 116.57   111.91 122.15   105.65 115.89
2020-07-26   107.39 117.62   107.37 117.60   244.88 255.11   106.82 117.05   112.41 122.64   106.14 116.37
2020-07-27   107.89 118.11   107.86 118.08   245.38 255.59   107.32 117.54   112.90 123.12   106.64 116.86
2020-07-28   108.38 118.59   108.36 118.57   245.87 256.08   107.81 118.02   113.40 123.61   107.13 117.34
2020-07-29   108.88 119.08   108.85 119.05   246.36 256.57   108.31 118.51   113.89 124.10   107.62 117.83
2020-07-30   109.37 119.57   109.34 119.54   246.85 257.06   108.80 119.00   114.38 124.58   108.12 118.32
2020-07-31   109.86 120.06   109.83 120.03   247.34 257.54   109.29 119.49   114.87 125.07   108.61 118.81
2020-08-01   110.34 120.55   110.32 120.52   247.83 258.03   109.77 119.98   115.36 125.56   109.09 119.29
2020-08-02   110.83 121.04   110.81 121.01   248.32 258.52   110.26 120.47   115.85 126.05   109.58 119.79
2020-08-03   111.32 121.53   111.29 121.50   248.81 259.02   110.75 120.96   116.33 126.54   110.07 120.28
2020-08-04   112.30 121.53   112.27 121.50   249.79 259.02   111.73 120.96   117.32 126.54   111.05 120.28
2020-08-05   113.31 121.50   113.29 121.47   250.80 258.99   112.74 120.93   118.33 126.52   112.06 120.25
2020-08-06   114.33 121.47   114.30 121.45   251.81 258.96   113.76 120.90   119.34 126.49   113.07 120.22

2021-01-23   288.68 296.33   288.65 296.31    66.17  73.82   288.11 295.76   293.69 301.35   287.43 295.08
2021-01-24   288.64 297.41   288.61 297.38    66.13  74.90   288.07 296.84   293.66 302.42   287.39 296.16
2021-01-25   288.60 298.48   288.58 298.45    66.09  75.97   288.03 297.91   293.62 303.50   287.35 297.23
2021-01-26   288.96 299.16   288.93 299.13    66.44  76.65   288.39 298.59   293.97 304.18   287.70 297.91
2021-01-27   289.47 299.67   289.45 299.65    66.96  77.16   288.90 299.10   294.49 304.69   288.22 298.42
2021-01-28   289.99 300.19   289.96 300.16    67.48  77.68   289.42 299.62   295.00 305.20   288.74 298.94
2021-01-29   290.50 300.70   290.48 300.68    67.99  78.19   289.93 300.13   295.52 305.72   289.25 299.45
2021-01-30   291.01 301.22   290.99 301.19    68.50  78.71   290.44 300.65   296.03 306.23   289.76 299.97
2021-01-31   291.53 301.74   291.50 301.71    69.01  79.22   290.96 301.17   296.54 306.75   290.27 300.48
2021-02-01   292.04 302.25   292.01 302.23    69.52  79.74   291.47 301.68   297.05 307.27   290.79 301.00
2021-02-02   292.55 302.78   292.52 302.75    70.03  80.26   291.98 302.21   297.56 307.79   291.30 301.52
2021-02-03   293.06 303.30   293.03 303.27    70.54  80.79   292.49 302.73   298.07 308.31   291.80 302.05
2021-02-04   293.56 303.82   293.54 303.80    71.05  81.31   292.99 303.25   298.58 308.84   292.31 302.57
2021-02-05   294.07 304.35   294.05 304.32    71.56  81.84   293.50 303.78   299.09 309.37   292.82 303.10
2021-02-06   294.58 304.88   294.56 304.85    72.07  82.37   294.01 304.31   299.60 309.90   293.33 303.63
2021-02-07   295.09 305.41   295.07 305.39    72.58  82.90   294.52 304.84   300.11 310.43   293.84 304.16
2021-02-08   295.61 305.95   295.58 305.92    73.09  83.44   295.04 305.38   300.62 310.97   294.35 304.70
2021-02-09   296.12 306.49   296.09 306.47    73.61  83.98   295.55 305.92   301.13 311.51   294.87 305.24
2021-02-10   296.63 307.04   296.61 307.01    74.12  84.52   296.06 306.47   301.65 312.05   295.38 305.79
2021-02-11   297.15 307.58   297.12 307.56    74.63  85.07   296.58 307.01   302.16 312.60   295.90 306.33
2021-02-12   297.66 308.14   297.64 308.11    75.15  85.62   297.09 307.57   302.68 313.15   296.41 306.89
2021-02-13   298.18 308.70   298.16 308.67    75.67  86.18   297.61 308.13   303.20 313.71   296.93 307.44
2021-02-14   298.70 309.26   298.68 309.23    76.19  86.75   298.13 308.69   303.72 314.27   297.45 308.01
2021-02-15   299.23 309.83   299.20 309.80    76.72  87.31   298.66 309.26   304.24 314.84   297.98 308.57
2021-02-16   299.76 310.40   299.73 310.37    77.24  87.89   299.19 309.83   304.77 315.41   298.50 309.15
2021-02-17   300.29 310.98   300.26 310.95    77.77  88.47   299.72 310.41   305.30 315.99   299.03 309.73
2021-02-18   300.82 311.56   300.79 311.54    78.31  89.05   300.25 310.99   305.83 316.58   299.57 310.31
2021-02-19   301.36 312.16   301.33 312.13    78.84  89.64   300.79 311.59   306.37 317.17   300.11 310.91
2021-02-20   301.90 312.76   301.87 312.73    79.39  90.24   301.33 312.19   306.91 317.77   300.65 311.50
2021-02-21   302.44 313.36   302.42 313.34    79.93  90.85   301.87 312.79   307.46 318.38   301.19 312.11
2021-02-22   302.99 313.98   302.97 313.95    80.48  91.46   302.42 313.41   308.01 318.99   301.74 312.73
2021-02-23   303.55 314.60   303.52 314.57    81.04  92.09   302.98 314.03   308.57 319.61   302.30 313.35
2021-02-24   304.11 315.23   304.08 315.20    81.60  92.72   303.54 314.66   309.13 320.24   302.86 313.98
2021-02-25   304.68 315.87   304.65 315.84    82.16  93.35   304.11 315.30   309.69 320.88   303.43 314.62
2021-02-26   305.25 316.51   305.22 316.49    82.74  94.00   304.68 315.94   310.26 321.53   304.00 315.26
2021-02-27   305.83 317.17   305.80 317.15    83.32  94.66   305.26 316.60   310.84 322.19   304.58 315.92
2021-02-28   306.41 317.84   306.39 317.81    83.90  95.33   305.84 317.27   311.43 322.86   305.16 316.59
2021-03-01   307.01 318.52   306.98 318.49    84.49  96.01   306.44 317.95   312.02 323.53   305.76 317.27
2021-03-02   307.61 319.21   307.58 319.18    85.09  96.69   307.04 318.64   312.62 324.22   306.36 317.96
2021-03-03   308.21 319.91   308.19 319.88    85.70  97.39   307.64 319.34   313.23 324.92   306.96 318.66
2021-03-04   308.83 320.62   308.80 320.59    86.32  98.11   308.26 320.05   313.85 325.63   307.58 319.37
2021-03-05   309.46 321.34   309.43 321.32    86.94  98.83   308.89 320.77   314.47 326.36   308.20 320.09
2021-03-06   310.09 322.08   310.06 322.05    87.58  99.57   309.52 321.51   315.10 327.09   308.84 320.83
2021-03-07   310.73 322.83   310.71 322.80    88.22 100.32   310.16 322.26   315.75 327.84   309.48 321.58
2021-03-08   311.39 323.59   311.36 323.57    88.87 101.08   310.82 323.02   316.40 328.61   310.14 322.34
2021-03-09   312.05 324.37   312.03 324.34    89.54 101.86   311.48 323.80   317.07 329.39   310.80 323.12
2021-03-10   312.73 325.16   312.70 325.14    90.21 102.65   312.16 324.59   317.74 330.18   311.48 323.91
2021-03-11   313.41 325.97   313.39 325.95    90.90 103.46   312.84 325.40   318.43 330.99   312.16 324.72
2021-03-12   314.11 326.80   314.09 326.77    91.60 104.29   313.54 326.23   319.13 331.81   312.86 325.55
2021-03-13   314.83 327.64   314.80 327.61    92.31 105.13   314.26 327.07   319.84 332.66   313.58 326.39
2021-03-14   315.55 328.50   315.53 328.47    93.04 105.99   314.98 327.93   320.57 333.51   314.30 327.25
2021-03-15   316.29 329.38   316.27 329.35    93.78 106.86   315.72 328.81   321.31 334.39   315.04 328.13
2021-03-16   317.05 330.27   317.02 330.25    94.53 107.76   316.48 329.70   322.06 335.29   315.80 329.02
2021-03-17   317.82 331.19   317.79 331.16    95.30 108.68   317.25 330.62   322.83 336.20   316.57 329.94
2021-03-18   318.60 332.12   318.58 332.10    96.09 109.61   318.03 331.55   323.62 337.14   317.35 330.87
2021-03-19   319.41 333.08   319.38 333.05    96.89 110.57   318.84 332.51   324.42 338.10   318.16 331.83
2021-03-20   320.23 334.06   320.20 334.03    97.71 111.55   319.66 333.49   325.24 339.07   318.98 332.81
2021-03-21   321.07 335.06   321.04 335.03    98.55 112.55   320.50 334.49   326.08 340.08   319.81 333.81
2021-03-22   321.92 336.09   321.90 336.06    99.41 113.57   321.35 335.52   326.94 341.10   320.67 334.83
2021-03-23   322.80 337.13   322.77 337.11   100.29 114.62   322.23 336.56   327.82 342.15   321.55 335.88

2021-06-05    72.91  87.22    72.89  87.19   210.40 224.71    72.34  86.65    77.93  92.23    71.66  85.97
2021-06-06    73.93  88.07    73.90  88.04   211.42 225.56    73.36  87.50    78.95  93.09    72.68  86.82
2021-06-07    74.93  88.91    74.90  88.88   212.41 226.39    74.36  88.34    79.94  93.92    73.68  87.65
2021-06-08    75.90  89.72    75.87  89.69   213.39 227.21    75.33  89.15    80.92  94.74    74.65  88.47
2021-06-09    76.85  90.52    76.82  90.49   214.34 228.01    76.28  89.95    81.87  95.53    75.60  89.27
2021-06-10    77.78  91.30    77.75  91.27   215.27 228.79    77.21  90.73    82.80  96.31    76.53  90.05
2021-06-11    78.69  92.06    78.66  92.04   216.18 229.55    78.12  91.49    83.71  97.08    77.44  90.81
2021-06-12    79.58  92.81    79.56  92.79   217.07 230.30    79.01  92.24    84.60  97.83    78.33  91.56
2021-06-13    80.45  93.55    80.43  93.52   217.94 231.03    79.88  92.98    85.47  98.56    79.20  92.30
2021-06-14    81.31  94.27    81.28  94.24   218.79 231.75    80.74  93.70    86.32  99.28    80.06  93.02
2021-06-15    82.14  94.97    82.12  94.95   219.63 232.46    81.57  94.40    87.16  99.99    80.89  93.72
2021-06-16    82.96  95.67    82.93  95.64   220.45 233.15    82.39  95.10    87.98 100.68    81.71  94.42
2021-06-17    83.76  96.35    83.74  96.32   221.25 233.84    83.19  95.78    88.78 101.36    82.51  95.10
2021-06-18    84.55  97.02    84.52  96.99   222.04 234.50    83.98  96.45    89.57 102.03    83.30  95.77
2021-06-19    85.32  97.67    85.30  97.65   222.81 235.16    84.75  97.10    90.34 102.69    84.07  96.42
2021-06-20    86.08  98.32    86.05  98.29   223.57 235.81    85.51  97.75    91.10 103.34    84.83  97.07
2021-06-21    86.82  98.96    86.80  98.93   224.31 236.44    86.25  98.39    91.84 103.97    85.57  97.71
2021-06-22    87.55  99.58    87.53  99.56   225.04 237.07    86.98  99.01    92.57 104.60    86.30  98.33
2021-06-23    88.27 100.20    88.24 100.17   225.76 237.69    87.70  99.63    93.29 105.22    87.02  98.95
2021-06-24    88.98 100.81    88.95 100.78   226.46 238.30    88.41 100.24    93.99 105.82    87.72  99.56
2021-06-25    89.67 101.41    89.64 101.38   227.16 238.90    89.10 100.84    94.68 106.42    88.42 100.16
2021-06-26    90.35 102.00    90.32 101.97   227.84 239.49    89.78 101.43    95.36 107.02    89.10 100.75
2021-06-27    91.02 102.58    90.99 102.56   228.51 240.07    90.45 102.01    96.04 107.60    89.77 101.33
2021-06-28    91.68 103.16    91.65 103.13   229.17 240.65    91.11 102.59    96.70 108.17    90.43 101.91
2021-06-29    92.33 103.73    92.30 103.70   229.82 241.22    91.76 103.16    97.35 108.74    91.08 102.48
2021-06-30    92.97 104.29    92.94 104.26   230.46 241.78    92.40 103.72    97.99 109.31    91.72 103.04
2021-07-01    93.60 104.85    93.57 104.82   231.09 242.33    93.03 104.28    98.62 109.86    92.35 103.60
2021-07-02    94.22 105.40    94.20 105.37   231.71 242.89    93.65 104.83    99.24 110.41    92.97 104.15
2021-07-03    94.84 105.94    94.81 105.92   232.32 243.43    94.27 105.37    99.85 110.96    93.59 104.69
2021-07-04    95.44 106.48    95.41 106.45   232.93 243.97    94.87 105.91   100.46 111.50    94.19 105.23
2021-07-05    96.04 107.02    96.01 106.99   233.53 244.50    95.47 106.45   101.05 112.03    94.79 105.76
2021-07-06    96.63 107.55    96.60 107.52   234.12 245.03    96.06 106.98   101.64 112.56    95.38 106.29
2021-07-07    97.21 108.07    97.18 108.04   234.70 245.56    96.64 107.50   102.23 113.09    95.96 106.82
2021-07-08    97.79 108.59    97.76 108.56   235.27 246.08    97.22 108.02   102.80 113.61    96.54 107.34
2021-07-09    98.36 109.11    98.33 109.08   235.84 246.60    97.79 108.54   103.37 114.12    97.10 107.86
2021-07-10    98.92 109.62    98.89 109.59   236.41 247.11    98.35 109.05   103.93 114.64    97.67 108.37
2021-07-11    99.48 110.13    99.45 110.10   236.96 247.62    98.91 109.56   104.49 115.15    98.22 108.88
2021-07-12   100.03 110.64   100.00 110.61   237.51 248.12    99.46 110.07   105.04 115.65    98.78 109.39
2021-07-13   100.57 111.14   100.55 111.11   238.06 248.63   100.00 110.57   105.59 116.16    99.32 109.89
2021-07-14   101.11 111.64   101.09 111.62   238.60 249.13   100.54 111.07   106.13 116.66    99.86 110.39
2021-07-15   101.65 112.14   101.62 112.11   239.14 249.63   101.08 111.57   106.67 117.16   100.40 110.89
2021-07-16   102.18 112.64   102.15 112.61   239.67 250.12   101.61 112.07   107.20 117.65   100.93 111.39
2021-07-17   102.71 113.13   102.68 113.10   240.20 250.62   102.14 112.56   107.72 118.15   101.46 111.88
2021-07-18   103.23 113.62   103.21 113.60   240.72 251.11   102.66 113.05   108.25 118.64   101.98 112.37
2021-07-19   103.75 114.11   103.72 114.09   241.24 251.60   103.18 113.54   108.77 119.13   102.50 112.86
2021-07-20   104.27 114.60   104.24 114.58   241.75 252.09   103.70 114.03   109.28 119.62   103.02 113.35
2021-07-21   104.78 115.09   104.75 115.07   242.27 252.58   104.21 114.52   109.79 120.11   103.53 113.84
2021-07-22   105.29 115.58   105.26 115.55   242.77 253.07   104.72 115.01   110.30 120.60   104.04 114.33
2021-07-23   105.79 116.07   105.77 116.04   243.28 253.55   105.22 115.50   110.81 121.08   104.54 114.82
2021-07-24   106.30 116.55   106.27 116.53   243.78 254.04   105.73 115.98   111.31 121.57   105.05 115.30
2021-07-25   106.80 117.04   106.77 117.01   244.28 254.53   106.23 116.47   111.81 122.05   105.55 115.79
2021-07-26   107.30 117.53   107.27 117.50   244.78 255.01   106.73 116.96   112.31 122.54   106.04 116.27
2021-07-27   107.79 118.01   107.76 117.98   245.28 255.50   107.22 117.44   112.81 123.03   106.54 116.76
2021-07-28   108.29 118.50   108.26 118.47   245.77 255.98   107.72 117.93   113.30 123.51   107.03 117.25
2021-07-29   108.78 118.98   108.75 118.96   246.27 256.47   108.21 118.41   113.79 124.00   107.53 117.73
2021-07-30   109.27 119.47   109.24 119.44   246.76 256.96   108.70 118.90   114.28 124.49   108.02 118.22
2021-07-31   109.76 119.96   109.73 119.93   247.25 257.45   109.19 119.39   114.77 124.97   108.51 118.71
2021-08-01   110.25 120.45   110.22 120.42   247.74 257.94   109.68 119.88   115.26 125.46   109.00 119.20
2021-08-02   110.74 120.94   110.71 120.91   248.22 258.43   110.17 120.37   115.75 125.95   109.49 119.69
2021-08-03   111.22 121.43   111.20 121.40   248.71 258.92   110.65 120.86   116.24 126.45   109.97 120.18
2021-08-04   112.08 121.55   112.06 121.52   249.57 259.04   111.51 120.98   117.10 126.57   110.83 120.30
2021-08-05   113.09 121.52   113.07 121.50   250.58 259.01   112.52 120.95   118.11 126.54   111.84 120.27
2021-08-06   114.11 121.49   114.08 121.47   251.59 258.98   113.54 120.92   119.12 126.51   112.85 120.24

2022-01-23   288.68 296.10   288.65 296.07    66.16  73.58   288.11 295.53   293.69 301.11   287.43 294.85
2022-01-24   288.64 297.17   288.61 297.14    66.13  74.66   288.07 296.60   293.65 302.18   287.39 295.92
2022-01-25   288.60 298.24   288.57 298.21    66.09  75.73   288.03 297.67   293.62 303.26   287.35 296.99
2022-01-26   288.83 299.04   288.81 299.01    66.32  76.53   288.26 298.47   293.85 304.05   287.58 297.79
2022-01-27   289.35 299.55   289.32 299.52    66.84  77.04   288.78 298.98   294.36 304.57   288.10 298.30
2022-01-28   289.86 300.06   289.84 300.04    67.35  77.55   289.29 299.49   294.88 305.08   288.61 298.81
2022-01-29   290.38 300.58   290.35 300.55    67.86  78.06   289.81 300.01   295.39 305.59   289.12 299.32
2022-01-30   290.89 301.09   290.86 301.06    68.37  78.58   290.32 300.52   295.90 306.11   289.64 299.84
2022-01-31   291.40 301.61   291.37 301.58    68.88  79.09   290.83 301.04   296.41 306.62   290.15 300.35
2022-02-01   291.91 302.12   291.88 302.10    69.39  79.61   291.34 301.55   296.92 307.14   290.66 300.87
2022-02-02   292.41 302.64   292.39 302.62    69.90  80.13   291.84 302.07   297.43 307.66   291.16 301.39
2022-02-03   292.92 303.16   292.90 303.14    70.41  80.65   292.35 302.59   297.94 308.18   291.67 301.91
2022-02-04   293.43 303.69   293.40 303.66    70.92  81.17   292.86 303.12   298.45 308.70   292.18 302.43
2022-02-05   293.94 304.21   293.91 304.18    71.43  81.70   293.37 303.64   298.95 309.23   292.69 302.96
2022-02-06   294.45 304.74   294.42 304.71    71.94  82.23   293.88 304.17   299.46 309.76   293.20 303.49
2022-02-07   294.96 305.27   294.93 305.24    72.44  82.76   294.39 304.70   299.97 310.29   293.71 304.02
2022-02-08   295.47 305.81   295.44 305.78    72.95  83.29   294.90 305.24   300.48 310.82   294.22 304.56
2022-02-09   295.98 306.34   295.95 306.32    73.46  83.83   295.41 305.77   300.99 311.36   294.73 305.09
2022-02-10   296.49 306.89   296.46 306.86    73.98  84.37   295.92 306.32   301.50 311.90   295.24 305.64
2022-02-11   297.00 307.43   296.98 307.41    74.49  84.92   296.43 306.86   302.02 312.45   295.75 306.18
2022-02-12   297.52 307.98   297.49 307.96    75.01  85.47   296.95 307.41   302.53 313.00   296.27 306.73
2022-02-13   298.04 308.54   298.01 308.51    75.52  86.03   297.47 307.97   303.05 313.55   296.79 307.29
2022-02-14   298.56 309.10   298.53 309.07    76.04  86.59   297.99 308.53   303.57 314.11   297.30 307.85
2022-02-15   299.08 309.66   299.05 309.64    76.57  87.15   298.51 309.09   304.09 314.68   297.83 308.41
2022-02-16   299.60 310.24   299.58 310.21    77.09  87.72   299.03 309.67   304.62 315.25   298.35 308.98
2022-02-17   300.13 310.81   300.10 310.79    77.62  88.30   299.56 310.24   305.15 315.83   298.88 309.56
2022-02-18   300.66 311.39   300.64 311.37    78.15  88.88   300.09 310.82   305.68 316.41   299.41 310.14
2022-02-19   301.20 311.98   301.17 311.96    78.69  89.47   300.63 311.41   306.21 317.00   299.95 310.73
2022-02-20   301.74 312.58   301.71 312.55    79.22  90.07   301.17 312.01   306.75 317.60   300.49 311.33
2022-02-21   302.28 313.18   302.25 313.16    79.77  90.67   301.71 312.61   307.30 318.20   301.03 311.93
2022-02-22   302.83 313.79   302.80 313.77    80.32  91.28   302.26 313.22   307.84 318.81   301.58 312.54
2022-02-23   303.38 314.41   303.36 314.39    80.87  91.90   302.81 313.84   308.40 319.43   302.13 313.16
2022-02-24   303.94 315.04   303.91 315.01    81.43  92.53   303.37 314.47   308.96 320.05   302.69 313.79
2022-02-25   304.50 315.68   304.48 315.65    81.99  93.16   303.93 315.11   309.52 320.69   303.25 314.42
2022-02-26   305.07 316.32   305.05 316.29    82.56  93.81   304.50 315.75   310.09 321.33   303.82 315.07
2022-02-27   305.65 316.97   305.62 316.95    83.14  94.46   305.08 316.40   310.67 321.99   304.40 315.72
2022-02-28   306.23 317.64   306.21 317.61    83.72  95.12   305.66 317.07   311.25 322.65   304.98 316.39
2022-03-01   306.82 318.31   306.80 318.28    84.31  95.80   306.25 317.74   311.84 323.33   305.57 317.06
2022-03-02   307.42 319.00   307.39 318.97    84.91  96.48   306.85 318.43   312.43 324.01   306.17 317.75
2022-03-03   308.02 319.69   308.00 319.67    85.51  97.18   307.45 319.12   313.04 324.71   306.77 318.44
2022-03-04   308.64 320.40   308.61 320.37    86.12  97.89   308.07 319.83   313.65 325.41   307.39 319.15
2022-03-05   309.26 321.12   309.23 321.09    86.75  98.61   308.69 320.55   314.27 326.13   308.01 319.87
2022-03-06   309.89 321.85   309.86 321.82    87.38  99.34   309.32 321.28   314.90 326.87   308.64 320.60
2022-03-07   310.53 322.60   310.50 322.57    88.02 100.08   309.96 322.03   315.54 327.61   309.28 321.35
2022-03-08   311.18 323.36   311.15 323.33    88.67 100.84   310.61 322.79   316.19 328.37   309.93 322.10
2022-03-09   311.84 324.13   311.81 324.10    89.33 101.62   311.27 323.56   316.86 329.14   310.59 322.88
2022-03-10   312.51 324.92   312.49 324.89    90.00 102.40   311.94 324.35   317.53 329.93   311.26 323.67
2022-03-11   313.20 325.72   313.17 325.69    90.68 103.21   312.63 325.15   318.21 330.73   311.94 324.47
2022-03-12   313.89 326.54   313.86 326.51    91.38 104.03   313.32 325.97   318.91 331.55   312.64 325.29
2022-03-13   314.60 327.38   314.57 327.35    92.09 104.86   314.03 326.81   319.61 332.39   313.35 326.12
2022-03-14   315.32 328.23   315.29 328.20    92.81 105.72   314.75 327.66   320.34 333.24   314.07 326.98
2022-03-15   316.06 329.10   316.03 329.07    93.54 106.59   315.49 328.53   321.07 334.12   314.80 327.85
2022-03-16   316.80 329.99   316.78 329.96    94.29 107.48   316.23 329.42   321.82 335.01   315.55 328.74
2022-03-17   317.57 330.90   317.54 330.87    95.06 108.39   317.00 330.33   322.58 335.91   316.32 329.65
2022-03-18   318.35 331.83   318.32 331.80    95.84 109.32   317.78 331.26   323.37 336.84   317.10 330.58
2022-03-19   319.15 332.78   319.12 332.75    96.64 110.27   318.58 332.21   324.16 337.79   317.90 331.53
2022-03-20   319.96 333.75   319.94 333.72    97.45 111.24   319.39 333.18   324.98 338.77   318.71 332.50
2022-03-21   320.79 334.74   320.77 334.72    98.28 112.23   320.22 334.17   325.81 339.76   319.54 333.49
2022-03-22   321.65 335.76   321.62 335.73    99.13 113.25   321.08 335.19   326.66 340.78   320.40 334.51
2022-03-23   322.52 336.80   322.49 336.77   100.00 114.29   321.95 336.23   327.53 341.82   321.27 335.55

2022-06-05    72.66  87.00    72.63  86.97   210.14 224.49    72.09  86.43    77.67  92.01    71.41  85.75
2022-06-06    73.68  87.86    73.66  87.83   211.17 225.34    73.11  87.29    78.70  92.87    72.43  86.61
2022-06-07    74.69  88.70    74.66  88.67   212.17 226.18    74.12  88.13    79.70  93.71    73.43  87.45
2022-06-08    75.67  89.52    75.64  89.49   213.15 227.01    75.10  88.95    80.68  94.53    74.41  88.27
2022-06-09    76.62  90.32    76.60  90.29   214.11 227.81    76.05  89.75    81.64  95.34    75.37  89.07
2022-06-10    77.56  91.11    77.53  91.08   215.05 228.59    76.99  90.54    82.57  96.12    76.31  89.86
2022-06-11    78.48  91.88    78.45  91.85   215.96 229.36    77.91  91.31    83.49  96.89    77.22  90.63
2022-06-12    79.37  92.63    79.35  92.60   216.86 230.12    78.80  92.06    84.39  97.65    78.12  91.38
2022-06-13    80.25  93.37    80.22  93.34   217.74 230.86    79.68  92.80    85.26  98.38    79.00  92.12
2022-06-14    81.11  94.09    81.08  94.07   218.59 231.58    80.54  93.52    86.12  99.11    79.86  92.84
2022-06-15    81.95  94.80    81.92  94.78   219.44 232.29    81.38  94.23    86.96  99.82    80.70  93.55
2022-06-16    82.77  95.50    82.75  95.48   220.26 232.99    82.20  94.93    87.79 100.52    81.52  94.25
2022-06-17    83.58  96.19    83.55  96.16   221.07 233.67    83.01  95.62    88.60 101.20    82.33  94.94
2022-06-18    84.37  96.86    84.35  96.83   221.86 234.35    83.80  96.29    89.39 101.88    83.12  95.61
2022-06-19    85.15  97.52    85.12  97.50   222.64 235.01    84.58  96.95    90.16 102.54    83.90  96.27
2022-06-20    85.91  98.17    85.88  98.15   223.40 235.66    85.34  97.60    90.93 103.19    84.66  96.92
2022-06-21    86.66  98.81    86.63  98.79   224.15 236.30    86.09  98.24    91.67 103.83    85.41  97.56
2022-06-22    87.39  99.44    87.37  99.42   224.88 236.93    86.82  98.87    92.41 104.46    86.14  98.19
2022-06-23    88.11 100.06    88.09 100.04   225.60 237.55    87.54  99.49    93.13 105.08    86.86  98.81
2022-06-24    88.82 100.67    88.79 100.65   226.31 238.16    88.25 100.10    93.84 105.69    87.57  99.42
2022-06-25    89.52 101.28    89.49 101.25   227.01 238.76    88.95 100.71    94.53 106.29    88.27 100.02
2022-06-26    90.20 101.87    90.18 101.84   227.69 239.36    89.63 101.30    95.22 106.88    88.95 100.62
2022-06-27    90.88 102.46    90.85 102.43   228.36 239.94    90.31 101.89    95.89 107.47    89.63 101.21
2022-06-28    91.54 103.03    91.51 103.01   229.03 240.52    90.97 102.46    96.55 108.05    90.29 101.78
2022-06-29    92.19 103.61    92.17 103.58   229.68 241.09    91.62 103.04    97.21 108.62    90.94 102.36
2022-06-30    92.84 104.17    92.81 104.14   230.32 241.66    92.27 103.60    97.85 109.19    91.58 102.92
2022-07-01    93.47 104.73    93.44 104.70   230.96 242.22    92.90 104.16    98.48 109.75    92.22 103.48
2022-07-02    94.09 105.28    94.07 105.26   231.58 242.77    93.52 104.71    99.11 110.30    92.84 104.03
2022-07-03    94.71 105.83    94.68 105.80   232.20 243.32    94.14 105.26    99.73 110.84    93.46 104.58
2022-07-04    95.32 106.37    95.29 106.34   232.81 243.86    94.75 105.80   100.33 111.39    94.07 105.12
2022-07-05    95.92 106.91    95.89 106.88   233.40 244.39    95.35 106.34   100.93 111.92    94.67 105.66
2022-07-06    96.51 107.44    96.48 107.41   234.00 244.93    95.94 106.87   101.52 112.45    95.26 106.19
2022-07-07    97.09 107.96    97.07 107.94   234.58 245.45    96.52 107.39   102.11 112.98    95.84 106.71
2022-07-08    97.67 108.49    97.65 108.46   235.16 245.97    97.10 107.92   102.69 113.50    96.42 107.24
2022-07-09    98.24 109.01    98.22 108.98   235.73 246.49    97.67 108.44   103.26 114.02    96.99 107.75
2022-07-10    98.81 109.52    98.78 109.49   236.30 247.01    98.24 108.95   103.82 114.53    97.56 108.27
2022-07-11    99.37 110.03    99.34 110.00   236.85 247.52    98.80 109.46   104.38 115.05    98.12 108.78
2022-07-12    99.92 110.54    99.89 110.51   237.41 248.03    99.35 109.97   104.94 115.55    98.67 109.29
2022-07-13   100.47 111.04   100.44 111.02   237.96 248.53    99.90 110.47   105.48 116.06    99.22 109.79
2022-07-14   101.01 111.55   100.98 111.52   238.50 249.03   100.44 110.98   106.03 116.56    99.76 110.29
2022-07-15   101.55 112.05   101.52 112.02   239.04 249.53   100.98 111.48   106.56 117.06   100.30 110.79
2022-07-16   102.08 112.54   102.05 112.52   239.57 250.03   101.51 111.97   107.10 117.56   100.83 111.29
2022-07-17   102.61 113.04   102.58 113.01   240.10 250.52   102.04 112.47   107.62 118.05   101.36 111.79
2022-07-18   103.13 113.53   103.11 113.50   240.62 251.02   102.56 112.96   108.15 118.55   101.88 112.28
2022-07-19   103.65 114.02   103.63 114.00   241.14 251.51   103.08 113.45   108.67 119.04   102.40 112.77
2022-07-20   104.17 114.51   104.14 114.49   241.66 252.00   103.60 113.94   109.18 119.53   102.92 113.26
2022-07-21   104.68 115.00   104.66 114.97   242.17 252.49   104.11 114.43   109.70 120.02   103.43 113.75
2022-07-22   105.19 115.49   105.17 115.46   242.68 252.98   104.62 114.92   110.21 120.50   103.94 114.24
2022-07-23   105.70 115.98   105.67 115.95   243.19 253.46   105.13 115.41   110.71 120.99   104.45 114.73
2022-07-24   106.20 116.46   106.18 116.44   243.69 253.95   105.63 115.89   111.22 121.48   104.95 115.21
2022-07-25   106.70 116.95   106.68 116.92   244.19 254.44   106.13 116.38   111.72 121.96   105.45 115.70
2022-07-26   107.20 117.43   107.18 117.41   244.69 254.92   106.63 116.86   112.22 122.45   105.95 116.18
2022-07-27   107.70 117.92   107.67 117.89   245.19 255.41   107.13 117.35   112.71 122.94   106.45 116.67
2022-07-28   108.19 118.41   108.17 118.38   245.68 255.89   107.62 117.84   113.21 123.42   106.94 117.16
2022-07-29   108.69 118.89   108.66 118.87   246.17 256.38   108.12 118.32   113.70 123.91   107.43 117.64
2022-07-30   109.18 119.38   109.15 119.35   246.66 256.87   108.61 118.81   114.19 124.39   107.93 118.13
2022-07-31   109.67 119.87   109.64 119.84   247.15 257.35   109.10 119.30   114.68 124.88   108.42 118.62
2022-08-01   110.16 120.36   110.13 120.33   247.64 257.84   109.59 119.79   115.17 125.37   108.90 119.10
2022-08-02   110.64 120.85   110.62 120.82   248.13 258.33   110.07 120.28   115.66 125.86   109.39 119.59
2022-08-03   111.13 121.34   111.10 121.31   248.62 258.82   110.56 120.77   116.14 126.35   109.88 120.09
2022-08-04   111.87 121.58   111.84 121.55   249.36 259.06   111.30 121.01   116.89 126.59   110.62 120.32
2022-08-05   112.88 121.55   112.85 121.52   250.37 259.03   112.31 120.98   117.89 126.56   111.63 120.30
2022-08-06   113.89 121.52   113.86 121.49   251.38 259.01   113.32 120.95   118.90 126.54   112.64 120.27

2023-01-23   288.67 295.86   288.64 295.83    66.16  73.34   288.10 295.29   293.68 300.87   287.42 294.61
2023-01-24   288.63 296.93   288.61 296.90    66.12  74.41   288.06 296.36   293.65 301.94   287.38 295.68
2023-01-25   288.59 298.00   288.57 297.97    66.08  75.48   288.02 297.43   293.61 303.01   287.34 296.74
2023-01-26   288.70 298.91   288.68 298.89    66.19  76.40   288.13 298.34   293.72 303.93   287.45 297.66
2023-01-27   289.22 299.42   289.19 299.40    66.71  76.91   288.65 298.85   294.23 304.44   287.97 298.17
2023-01-28   289.73 299.93   289.71 299.91    67.22  77.42   289.16 299.36   294.75 304.95   288.48 298.68
2023-01-29   290.24 300.45   290.22 300.42    67.73  77.93   289.67 299.88   295.26 305.46   288.99 299.19
2023-01-30   290.76 300.96   290.73 300.93    68.24  78.45   290.19 300.39   295.77 305.97   289.50 299.71
2023-01-31   291.26 301.47   291.24 301.45    68.75  78.96   290.69 300.90   296.28 306.49   290.01 300.22
2023-02-01   291.77 301.99   291.75 301.96    69.26  79.47   291.20 301.42   296.79 307.00   290.52 300.74
2023-02-02   292.28 302.50   292.25 302.48    69.77  79.99   291.71 301.93   297.30 307.52   291.03 301.25
2023-02-03   292.79 303.02   292.76 303.00    70.27  80.51   292.22 302.45   297.80 308.04   291.54 301.77
2023-02-04   293.29 303.55   293.27 303.52    70.78  81.03   292.72 302.98   298.31 308.56   292.04 302.29
2023-02-05   293.80 304.07   293.77 304.04    71.29  81.56   293.23 303.50   298.82 309.08   292.55 302.82
2023-02-06   294.31 304.60   294.28 304.57    71.80  82.08   293.74 304.03   299.32 309.61   293.06 303.34
2023-02-07   294.82 305.12   294.79 305.10    72.30  82.61   294.25 304.55   299.83 310.14   293.57 303.87
2023-02-08   295.32 305.66   295.30 305.63    72.81  83.15   294.75 305.09   300.34 310.67   294.07 304.41
2023-02-09   295.83 306.19   295.81 306.17    73.32  83.68   295.26 305.62   300.85 311.21   294.58 304.94
2023-02-10   296.34 306.73   296.32 306.71    73.83  84.22   295.77 306.16   301.36 311.75   295.09 305.48
2023-02-11   296.86 307.28   296.83 307.25    74.34  84.77   296.29 306.71   301.87 312.29   295.61 306.03
2023-02-12   297.37 307.83   297.34 307.80    74.86  85.31   296.80 307.26   302.39 312.84   296.12 306.58
2023-02-13   297.89 308.38   297.86 308.35    75.37  85.87   297.32 307.81   302.90 313.39   296.63 307.13
2023-02-14   298.40 308.94   298.38 308.91    75.89  86.42   297.83 308.37   303.42 313.95   297.15 307.69
2023-02-15   298.92 309.50   298.90 309.47    76.41  86.99   298.35 308.93   303.94 314.51   297.67 308.25
2023-02-16   299.45 310.07   299.42 310.04    76.93  87.56   298.88 309.50   304.46 315.08   298.20 308.82
2023-02-17   299.97 310.64   299.95 310.62    77.46  88.13   299.40 310.07   304.99 315.66   298.72 309.39
2023-02-18   300.50 311.22   300.48 311.20    77.99  88.71   299.93 310.65   305.52 316.24   299.25 309.97
2023-02-19   301.04 311.81   301.01 311.78    78.52  89.30   300.47 311.24   306.05 316.82   299.79 310.56
2023-02-20   301.57 312.40   301.55 312.38    79.06  89.89   301.00 311.83   306.59 317.42   300.32 311.15
2023-02-21   302.12 313.00   302.09 312.98    79.60  90.49   301.55 312.43   307.13 318.02   300.86 311.75
2023-02-22   302.66 313.61   302.63 313.58    80.15  91.10   302.09 313.04   307.68 318.62   301.41 312.36
2023-02-23   303.21 314.23   303.19 314.20    80.70  91.71   302.64 313.66   308.23 319.24   301.96 312.97
2023-02-24   303.77 314.85   303.74 314.82    81.26  92.34   303.20 314.28   308.78 319.86   302.52 313.60
2023-02-25   304.33 315.48   304.30 315.45    81.82  92.97   303.76 314.91   309.34 320.50   303.08 314.23
2023-02-26   304.90 316.12   304.87 316.10    82.38  93.61   304.33 315.55   309.91 321.14   303.65 314.87
2023-02-27   305.47 316.77   305.44 316.75    82.96  94.26   304.90 316.20   310.48 321.79   304.22 315.52
2023-02-28   306.05 317.43   306.02 317.41    83.54  94.92   305.48 316.86   311.06 322.45   304.80 316.18
2023-03-01   306.64 318.10   306.61 318.08    84.12  95.59   306.07 317.53   311.65 323.12   305.39 316.85
2023-03-02   307.23 318.78   307.20 318.76    84.72  96.27   306.66 318.21   312.25 323.80   305.98 317.53
2023-03-03   307.83 319.47   307.81 319.45    85.32  96.96   307.26 318.90   312.85 324.49   306.58 318.22
2023-03-04   308.44 320.18   308.42 320.15    85.93  97.66   307.87 319.61   313.46 325.19   307.19 318.93
2023-03-05   309.06 320.89   309.03 320.87    86.55  98.38   308.49 320.32   314.08 325.91   307.81 319.64
2023-03-06   309.69 321.62   309.66 321.59    87.17  99.11   309.12 321.05   314.70 326.64   308.44 320.37
2023-03-07   310.32 322.36   310.30 322.33    87.81  99.85   309.75 321.79   315.34 327.38   309.07 321.11
2023-03-08   310.97 323.11   310.94 323.09    88.46 100.60   310.40 322.54   315.99 328.13   309.72 321.86
2023-03-09   311.63 323.88   311.60 323.86    89.11 101.37   311.06 323.31   316.64 328.90   310.38 322.63
2023-03-10   312.30 324.67   312.27 324.64    89.78 102.15   311.73 324.10   317.31 329.68   311.04 323.42
2023-03-11   312.97 325.46   312.95 325.44    90.46 102.95   312.40 324.89   317.99 330.48   311.72 324.21
2023-03-12   313.67 326.28   313.64 326.25    91.15 103.77   313.10 325.71   318.68 331.29   312.41 325.03
2023-03-13   314.37 327.11   314.34 327.08    91.86 104.60   313.80 326.54   319.38 332.12   313.12 325.86
2023-03-14   315.09 327.96   315.06 327.93    92.57 105.44   314.52 327.39   320.10 332.97   313.84 326.71
2023-03-15   315.82 328.82   315.79 328.79    93.30 106.31   315.25 328.25   320.83 333.84   314.57 327.57
2023-03-16   316.56 329.70   316.53 329.68    94.05 107.19   315.99 329.13   321.58 334.72   315.31 328.45
2023-03-17   317.32 330.61   317.29 330.58    94.81 108.09   316.75 330.04   322.34 335.62   316.07 329.36
2023-03-18   318.10 331.53   318.07 331.50    95.58 109.02   317.53 330.96   323.11 336.55   316.85 330.28
2023-03-19   318.89 332.47   318.86 332.45    96.38 109.96   318.32 331.90   323.90 337.49   317.64 331.22
2023-03-20   319.70 333.44   319.67 333.41    97.18 110.93   319.13 332.87   324.71 338.45   318.45 332.19
2023-03-21   320.52 334.42   320.50 334.40    98.01 111.91   319.95 333.85   325.54 339.44   319.27 333.17
2023-03-22   321.37 335.43   321.34 335.41    98.86 112.92   320.80 334.86   326.38 340.45   320.12 334.18
2023-03-23   322.23 336.47   322.21 336.44    99.72 113.95   321.66 335.90   327.25 341.48   320.98 335.22
2023-03-24   323.12 337.52   323.09 337.50   100.61 115.01   322.55 336.95   328.13 342.54   321.87 336.27

2023-06-05    72.40  86.78    72.38  86.75   209.89 224.27    71.83  86.21    77.42  91.79    71.15  85.53
2023-06-06    73.44  87.64    73.41  87.62   210.92 225.13    72.87  87.07    78.45  92.66    72.19  86.39
2023-06-07    74.45  88.49    74.42  88.46   211.93 225.98    73.88  87.92    79.46  93.51    73.20  87.24
2023-06-08    75.43  89.32    75.41  89.29   212.92 226.80    74.86  88.75    80.45  94.33    74.18  88.07
2023-06-09    76.40  90.13    76.37  90.10   213.88 227.61    75.83  89.56    81.41  95.14    75.15  88.87
2023-06-10    77.34  90.92    77.31  90.89   214.83 228.40    76.77  90.35    82.35  95.93    76.09  89.67
2023-06-11    78.26  91.69    78.24  91.67   215.75 229.18    77.69  91.12    83.28  96.71    77.01  90.44
2023-06-12    79.16  92.45    79.14  92.42   216.65 229.94    78.59  91.88    84.18  97.47    77.91  91.20
2023-06-13    80.05  93.19    80.02  93.17   217.53 230.68    79.48  92.62    85.06  98.21    78.80  91.94
2023-06-14    80.91  93.92    80.88  93.90   218.40 231.41    80.34  93.35    85.93  98.94    79.66  92.67
2023-06-15    81.76  94.64    81.73  94.61   219.24 232.13    81.19  94.07    86.77  99.65    80.51  93.39
2023-06-16    82.59  95.34    82.56  95.31   220.07 232.83    82.02  94.77    87.60 100.36    81.34  94.09
2023-06-17    83.40  96.03    83.37  96.00   220.89 233.52    82.83  95.46    88.41 101.04    82.15  94.78
2023-06-18    84.20  96.71    84.17  96.68   221.68 234.19    83.63  96.14    89.21 101.72    82.94  95.46
2023-06-19    84.98  97.37    84.95  97.35   222.46 234.86    84.41  96.80    89.99 102.39    83.73  96.12
2023-06-20    85.74  98.03    85.72  98.00   223.23 235.51    85.17  97.46    90.76 103.04    84.49  96.77
2023-06-21    86.49  98.67    86.47  98.64   223.98 236.16    85.92  98.10    91.51 103.68    85.24  97.42
2023-06-22    87.23  99.30    87.21  99.28   224.72 236.79    86.66  98.73    92.25 104.32    85.98  98.05
2023-06-23    87.96  99.93    87.93  99.90   225.45 237.41    87.39  99.36    92.97 104.94    86.71  98.67
2023-06-24    88.67 100.54    88.64 100.51   226.16 238.03    88.10  99.97    93.69 105.56    87.42  99.29
2023-06-25    89.37 101.15    89.34 101.12   226.86 238.63    88.80 100.58    94.39 106.16    88.12  99.89
2023-06-26    90.06 101.74    90.03 101.72   227.55 239.23    89.49 101.17    95.07 106.76    88.81 100.49
2023-06-27    90.74 102.33    90.71 102.31   228.22 239.82    90.17 101.76    95.75 107.35    89.48 101.08
2023-06-28    91.40 102.91    91.38 102.89   228.89 240.40    90.83 102.34    96.42 107.93    90.15 101.66
2023-06-29    92.06 103.49    92.03 103.46   229.55 240.97    91.49 102.92    97.07 108.50    90.81 102.24
2023-06-30    92.70 104.05    92.68 104.03   230.19 241.54    92.13 103.48    97.72 109.07    91.45 102.80
2023-07-01    93.34 104.62    93.31 104.59   230.83 242.10    92.77 104.05    98.36 109.63    92.09 103.36
2023-07-02    93.97 105.17    93.94 105.14   231.46 242.66    93.40 104.60    98.98 110.18    92.72 103.92
2023-07-03    94.59 105.72    94.56 105.69   232.07 243.21    94.02 105.15    99.60 110.73    93.34 104.47
2023-07-04    95.20 106.26    95.17 106.24   232.68 243.75    94.63 105.69   100.21 111.28    93.95 105.01
2023-07-05    95.80 106.80    95.77 106.77   233.29 244.29    95.23 106.23   100.81 111.81    94.55 105.55
2023-07-06    96.39 107.33    96.37 107.31   233.88 244.82    95.82 106.76   101.41 112.35    95.14 106.08
2023-07-07    96.98 107.86    96.95 107.83   234.47 245.35    96.41 107.29   101.99 112.88    95.73 106.61
2023-07-08    97.56 108.38    97.53 108.36   235.05 245.87    96.99 107.81   102.57 113.40    96.31 107.13
2023-07-09    98.13 108.90    98.11 108.88   235.62 246.39    97.56 108.33   103.15 113.92    96.88 107.65
2023-07-10    98.70 109.42    98.67 109.39   236.19 246.91    98.13 108.85   103.71 114.44    97.45 108.17
2023-07-11    99.26 109.93    99.23 109.91   236.75 247.42    98.69 109.36   104.27 114.95    98.01 108.68
2023-07-12    99.81 110.44    99.79 110.41   237.30 247.93    99.24 109.87   104.83 115.46    98.56 109.19
2023-07-13   100.36 110.95   100.34 110.92   237.85 248.43    99.79 110.38   105.38 115.96    99.11 109.70
2023-07-14   100.91 111.45   100.88 111.42   238.39 248.94   100.34 110.88   105.92 116.46    99.66 110.20
2023-07-15   101.44 111.95   101.42 111.92   238.93 249.44   100.87 111.38   106.46 116.96   100.19 110.70
2023-07-16   101.98 112.45   101.95 112.42   239.47 249.93   101.41 111.88   106.99 117.46   100.73 111.20
2023-07-17   102.51 112.94   102.48 112.92   239.99 250.43   101.94 112.37   107.52 117.96   101.26 111.69
2023-07-18   103.03 113.44   103.01 113.41   240.52 250.92   102.46 112.87   108.05 118.45   101.78 112.19
2023-07-19   103.55 113.93   103.53 113.90   241.04 251.42   102.98 113.36   108.57 118.94   102.30 112.68
2023-07-20   104.07 114.42   104.04 114.39   241.56 251.91   103.50 113.85   109.09 119.43   102.82 113.17
2023-07-21   104.58 114.91   104.56 114.88   242.07 252.40   104.01 114.34   109.60 119.92   103.33 113.66
2023-07-22   105.09 115.40   105.07 115.37   242.58 252.88   104.52 114.83   110.11 120.41   103.84 114.14
2023-07-23   105.60 115.88   105.57 115.86   243.09 253.37   105.03 115.31   110.62 120.90   104.35 114.63
2023-07-24   106.10 116.37   106.08 116.34   243.59 253.86   105.53 115.80   111.12 121.38   104.85 115.12
2023-07-25   106.61 116.85   106.58 116.83   244.09 254.34   106.04 116.28   111.62 121.87   105.35 115.60
2023-07-26   107.10 117.34   107.08 117.31   244.59 254.83   106.53 116.77   112.12 122.36   105.85 116.09
2023-07-27   107.60 117.83   107.57 117.80   245.09 255.31   107.03 117.26   112.62 122.84   106.35 116.57
2023-07-28   108.10 118.31   108.07 118.28   245.58 255.80   107.53 117.74   113.11 123.33   106.84 117.06
2023-07-29   108.59 118.80   108.56 118.77   246.08 256.28   108.02 118.23   113.60 123.81   107.34 117.55
2023-07-30   109.08 119.28   109.05 119.26   246.57 256.77   108.51 118.71   114.09 124.30   107.83 118.03
2023-07-31   109.57 119.77   109.54 119.74   247.06 257.26   109.00 119.20   114.58 124.78   108.32 118.52
2023-08-01   110.06 120.26   110.03 120.23   247.54 257.74   109.49 119.69   115.07 125.27   108.81 119.01
2023-08-02   110.54 120.75   110.52 120.72   248.03 258.23   109.97 120.18   115.56 125.76   109.29 119.50
2023-08-03   111.03 121.24   111.00 121.21   248.52 258.72   110.46 120.67   116.05 126.25   109.78 119.99
2023-08-04   111.64 121.60   111.62 121.58   249.13 259.09   111.07 121.03   116.66 126.62   110.39 120.35
2023-08-05   112.65 121.57   112.62 121.55   250.14 259.06   112.08 121.00   117.66 126.59   111.40 120.32
2023-08-06   113.66 121.55   113.63 121.52   251.14 259.04   113.09 120.98   118.67 126.56   112.41 120.30
2023-08-07   114.67 121.52   114.64 121.50   252.15 259.01   114.10 120.95   119.68 126.54   113.41 120.27
